0 6.92307692 13.8461538 20.7692308 27.6923077
532 1618 1618 1618 1618 1618
532 1635 1635 1635 1635 1635
532 1678 1678 1678 1678 1678
532 1751 1751 1751 1751 1751
532 1785 1785 1785 1785 1785
532 1877 1877 1877 1877 1877
532 1962 1962 1962 1962 1962
532 2176 2176 2176 2176 2176
532 2577 2577 2577 2577 2577
532 4029 4029 4029 4029 4029
532 12735 12735 12735 12735 12735
532 59272 59272 59272 59272 59272
532 111914 111914 111914 111914 111914
532 64330 64330 64330 64330 64330
532 64053 64053 64053 64053 64053
532 63585 63585 63585 63585 63585
532 63397 63397 63397 63397 63397
532 62839 62839 62839 62839 62839
532 62024 62024 62024 62024 62024
532 50710 50710 50710 50710 50710
532 18987 18987 18987 18987 18987
532 2739 2739 2739 2739 2739
532 2175 2175 2175 2175 2175
532 2023 2023 2023 2023 2023
532 1873 1873 1873 1873 1873
532 1838 1838 1838 1838 1838
532 1799 1799 1799 1799 1799
532 1742 1742 1742 1742 1742
532 1716 1716 1716 1716 1716
532 1714 1714 1714 1714 1714
532 1721 1721 1721 1721 1721
532 1692 1692 1692 1692 1692
532 1690 1690 1690 1690 1690
532 1729 1729 1729 1729 1729
532 1694 1694 1694 1694 1694
532 1678 1678 1678 1678 1678
532 1668 1668 1668 1668 1668
532 1654 1654 1654 1654 1654
532 1638 1638 1638 1638 1638
532 1605 1605 1605 1605 1605
532 1578 1578 1578 1578 1578
532 1538 1538 1538 1538 1538
532 1512 1512 1512 1512 1512
532 1513 1513 1513 1513 1513
532 1491 1491 1491 1491 1491
532 1488 1488 1488 1488 1488
532 1462 1462 1462 1462 1462
532 1429 1429 1429 1429 1429
532 1418 1418 1418 1418 1418
532 1415 1415 1415 1415 1415
532 1406 1406 1406 1406 1406
532 1389 1389 1389 1389 1389
532 1383 1383 1383 1383 1383
532 1386 1386 1386 1386 1386
532 1378 1378 1378 1378 1378
532 1365 1365 1365 1365 1365
532 1373 1373 1373 1373 1373
532 1369 1369 1369 1369 1369
532 1359 1359 1359 1359 1359
532 1355 1355 1355 1355 1355
532 1357 1357 1357 1357 1357
532 1351 1351 1351 1351 1351
532 1356 1356 1356 1356 1356
532 1353 1353 1353 1353 1353
532 1344 1344 1344 1344 1344
532 1357 1357 1357 1357 1357
532 1351 1351 1351 1351 1351
532 1354 1354 1354 1354 1354
532 1353 1353 1353 1353 1353
532 1355 1355 1355 1355 1355
533 1356 1356 1356 1356 1356
533 1354 1354 1354 1354 1354
533 1353 1353 1353 1353 1353
533 1342 1342 1342 1342 1342
533 1350 1350 1350 1350 1350
533 1357 1357 1357 1357 1357
533 1364 1364 1364 1364 1364
533 1351 1351 1351 1351 1351
533 1347 1347 1347 1347 1347
533 1351 1351 1351 1351 1351
533 1353 1353 1353 1353 1353
533 1340 1340 1340 1340 1340
533 1343 1343 1343 1343 1343
533 1338 1338 1338 1338 1338
533 1345 1345 1345 1345 1345
533 1351 1351 1351 1351 1351
533 1348 1348 1348 1348 1348
533 1341 1341 1341 1341 1341
533 1330 1330 1330 1330 1330
533 1339 1339 1339 1339 1339
533 1358 1358 1358 1358 1358
533 1344 1344 1344 1344 1344
533 1339 1339 1339 1339 1339
533 1354 1354 1354 1354 1354
533 1337 1337 1337 1337 1337
533 1338 1338 1338 1338 1338
533 1333 1333 1333 1333 1333
533 1332 1332 1332 1332 1332
533 1338 1338 1338 1338 1338
533 1348 1348 1348 1348 1348
533 1367 1367 1367 1367 1367
533 1394 1394 1394 1394 1394
533 1450 1450 1450 1450 1450
533 1630 1630 1630 1630 1630
533 1985 1985 1985 1985 1985
533 2432 2432 2432 2432 2432
533 2306 2306 2306 2306 2306
533 2226 2226 2226 2226 2226
533 2041 2041 2041 2041 2041
533 2052 2052 2052 2052 2052
533 2123 2123 2123 2123 2123
533 2206 2206 2206 2206 2206
533 2151 2151 2151 2151 2151
533 2091 2091 2091 2091 2091
533 2038 2038 2038 2038 2038
533 2016 2016 2016 2016 2016
533 1959 1959 1959 1959 1959
533 1893 1893 1893 1893 1893
533 1875 1875 1875 1875 1875
533 1918 1918 1918 1918 1918
533 1913 1913 1913 1913 1913
533 1894 1894 1894 1894 1894
533 1885 1885 1885 1885 1885
533 1938 1938 1938 1938 1938
533 1985 1985 1985 1985 1985
533 2166 2166 2166 2166 2166
533 2214 2214 2214 2214 2214
533 2258 2258 2258 2258 2258
533 2444 2444 2444 2444 2444
533 2060 2060 2060 2060 2060
533 1600 1600 1600 1600 1600
533 1420 1420 1420 1420 1420
533 1373 1373 1373 1373 1373
533 1339 1339 1339 1339 1339
533 1333 1333 1333 1333 1333
533 1332 1332 1332 1332 1332
533 1330 1330 1330 1330 1330
533 1325 1325 1325 1325 1325
533 1325 1325 1325 1325 1325
533 1326 1326 1326 1326 1326
533 1316 1316 1316 1316 1316
533 1325 1325 1325 1325 1325
533 1314 1314 1314 1314 1314
534 1319 1319 1319 1319 1319
534 1309 1309 1309 1309 1309
534 1317 1317 1317 1317 1317
534 1311 1311 1311 1311 1311
534 1326 1326 1326 1326 1326
534 1316 1316 1316 1316 1316
534 1313 1313 1313 1313 1313
534 1320 1320 1320 1320 1320
534 1318 1318 1318 1318 1318
534 1313 1313 1313 1313 1313
534 1323 1323 1323 1323 1323
534 1315 1315 1315 1315 1315
534 1318 1318 1318 1318 1318
534 1319 1319 1319 1319 1319
534 1319 1319 1319 1319 1319
534 1322 1322 1322 1322 1322
534 1321 1321 1321 1321 1321
534 1316 1316 1316 1316 1316
534 1320 1320 1320 1320 1320
534 1315 1315 1315 1315 1315
534 1312 1312 1312 1312 1312
534 1312 1312 1312 1312 1312
534 1310 1310 1310 1310 1310
534 1320 1320 1320 1320 1320
534 1315 1315 1315 1315 1315
534 1318 1318 1318 1318 1318
534 1323 1323 1323 1323 1323
534 1317 1317 1317 1317 1317
534 1324 1324 1324 1324 1324
534 1319 1319 1319 1319 1319
534 1319 1319 1319 1319 1319
534 1324 1324 1324 1324 1324
534 1311 1311 1311 1311 1311
534 1323 1323 1323 1323 1323
534 1323 1323 1323 1323 1323
534 1316 1316 1316 1316 1316
534 1314 1314 1314 1314 1314
534 1317 1317 1317 1317 1317
534 1316 1316 1316 1316 1316
534 1318 1318 1318 1318 1318
534 1324 1324 1324 1324 1324
534 1311 1311 1311 1311 1311
534 1314 1314 1314 1314 1314
534 1314 1314 1314 1314 1314
534 1313 1313 1313 1313 1313
534 1312 1312 1312 1312 1312
534 1315 1315 1315 1315 1315
534 1323 1323 1323 1323 1323
534 1326 1326 1326 1326 1326
534 1324 1324 1324 1324 1324
534 1316 1316 1316 1316 1316
534 1323 1323 1323 1323 1323
534 1322 1322 1322 1322 1322
534 1319 1319 1319 1319 1319
534 1315 1315 1315 1315 1315
534 1311 1311 1311 1311 1311
534 1323 1323 1323 1323 1323
534 1318 1318 1318 1318 1318
534 1328 1328 1328 1328 1328
534 1323 1323 1323 1323 1323
534 1318 1318 1318 1318 1318
534 1320 1320 1320 1320 1320
534 1316 1316 1316 1316 1316
534 1318 1318 1318 1318 1318
534 1319 1319 1319 1319 1319
534 1312 1312 1312 1312 1312
534 1324 1324 1324 1324 1324
534 1312 1312 1312 1312 1312
534 1316 1316 1316 1316 1316
534 1312 1312 1312 1312 1312
534 1314 1314 1314 1314 1314
534 1320 1320 1320 1320 1320
534 1317 1317 1317 1317 1317
535 1320 1320 1320 1320 1320
535 1319 1319 1319 1319 1319
535 1320 1320 1320 1320 1320
535 1307 1307 1307 1307 1307
535 1317 1317 1317 1317 1317
535 1317 1317 1317 1317 1317
535 1314 1314 1314 1314 1314
535 1316 1316 1316 1316 1316
535 1320 1320 1320 1320 1320
535 1315 1315 1315 1315 1315
535 1319 1319 1319 1319 1319
535 1319 1319 1319 1319 1319
535 1318 1318 1318 1318 1318
535 1314 1314 1314 1314 1314
535 1318 1318 1318 1318 1318
535 1317 1317 1317 1317 1317
535 1314 1314 1314 1314 1314
535 1320 1320 1320 1320 1320
535 1317 1317 1317 1317 1317
535 1316 1316 1316 1316 1316
535 1323 1323 1323 1323 1323
535 1320 1320 1320 1320 1320
535 1319 1319 1319 1319 1319
535 1315 1315 1315 1315 1315
535 1311 1311 1311 1311 1311
535 1314 1314 1314 1314 1314
535 1307 1307 1307 1307 1307
535 1318 1318 1318 1318 1318
535 1312 1312 1312 1312 1312
535 1319 1319 1319 1319 1319
535 1311 1311 1311 1311 1311
535 1321 1321 1321 1321 1321
535 1324 1324 1324 1324 1324
535 1323 1323 1323 1323 1323
535 1322 1322 1322 1322 1322
535 1318 1318 1318 1318 1318
535 1315 1315 1315 1315 1315
535 1319 1319 1319 1319 1319
535 1322 1322 1322 1322 1322
535 1324 1324 1324 1324 1324
535 1331 1331 1331 1331 1331
535 1324 1324 1324 1324 1324
535 1331 1331 1331 1331 1331
535 1330 1330 1330 1330 1330
535 1319 1319 1319 1319 1319
535 1331 1331 1331 1331 1331
535 1323 1323 1323 1323 1323
535 1333 1333 1333 1333 1333
535 1330 1330 1330 1330 1330
535 1333 1333 1333 1333 1333
535 1342 1342 1342 1342 1342
535 1333 1333 1333 1333 1333
535 1336 1336 1336 1336 1336
535 1341 1341 1341 1341 1341
535 1338 1338 1338 1338 1338
535 1346 1346 1346 1346 1346
535 1334 1334 1334 1334 1334
535 1352 1352 1352 1352 1352
535 1351 1351 1351 1351 1351
535 1360 1360 1360 1360 1360
535 1358 1358 1358 1358 1358
535 1362 1362 1362 1362 1362
535 1376 1376 1376 1376 1376
535 1388 1388 1388 1388 1388
535 1404 1404 1404 1404 1404
535 1362 1362 1362 1362 1362
535 1359 1359 1359 1359 1359
535 1374 1374 1374 1374 1374
535 1368 1368 1368 1368 1368
535 1364 1364 1364 1364 1364
535 1373 1373 1373 1373 1373
535 1388 1388 1388 1388 1388
535 1383 1383 1383 1383 1383
535 1405 1405 1405 1405 1405
536 1403 1403 1403 1403 1403
536 1412 1412 1412 1412 1412
536 1414 1414 1414 1414 1414
536 1419 1419 1419 1419 1419
536 1425 1425 1425 1425 1425
536 1434 1434 1434 1434 1434
536 1415 1415 1415 1415 1415
536 1412 1412 1412 1412 1412
536 1409 1409 1409 1409 1409
536 1409 1409 1409 1409 1409
536 1405 1405 1405 1405 1405
536 1405 1405 1405 1405 1405
536 1398 1398 1398 1398 1398
536 1397 1397 1397 1397 1397
536 1408 1408 1408 1408 1408
536 1402 1402 1402 1402 1402
536 1413 1413 1413 1413 1413
536 1410 1410 1410 1410 1410
536 1420 1420 1420 1420 1420
536 1418 1418 1418 1418 1418
536 1424 1424 1424 1424 1424
536 1421 1421 1421 1421 1421
536 1429 1429 1429 1429 1429
536 1423 1423 1423 1423 1423
536 1416 1416 1416 1416 1416
536 1411 1411 1411 1411 1411
536 1420 1420 1420 1420 1420
536 1415 1415 1415 1415 1415
536 1421 1421 1421 1421 1421
536 1416 1416 1416 1416 1416
536 1403 1403 1403 1403 1403
536 1403 1403 1403 1403 1403
536 1419 1419 1419 1419 1419
536 1423 1423 1423 1423 1423
536 1410 1410 1410 1410 1410
536 1419 1419 1419 1419 1419
536 1409 1409 1409 1409 1409
536 1419 1419 1419 1419 1419
536 1419 1419 1419 1419 1419
536 1411 1411 1411 1411 1411
536 1436 1436 1436 1436 1436
536 1437 1437 1437 1437 1437
536 1408 1408 1408 1408 1408
536 1405 1405 1405 1405 1405
536 1423 1423 1423 1423 1423
536 1428 1428 1428 1428 1428
536 1417 1417 1417 1417 1417
536 1421 1421 1421 1421 1421
536 1423 1423 1423 1423 1423
536 1413 1413 1413 1413 1413
536 1429 1429 1429 1429 1429
536 1423 1423 1423 1423 1423
536 1421 1421 1421 1421 1421
536 1435 1435 1435 1435 1435
536 1424 1424 1424 1424 1424
536 1423 1423 1423 1423 1423
536 1435 1435 1435 1435 1435
536 1428 1428 1428 1428 1428
536 1426 1426 1426 1426 1426
536 1413 1413 1413 1413 1413
536 1430 1430 1430 1430 1430
536 1416 1416 1416 1416 1416
536 1420 1420 1420 1420 1420
536 1419 1419 1419 1419 1419
536 1420 1420 1420 1420 1420
536 1412 1412 1412 1412 1412
536 1424 1424 1424 1424 1424
536 1428 1428 1428 1428 1428
536 1439 1439 1439 1439 1439
536 1456 1456 1456 1456 1456
536 1434 1434 1434 1434 1434
536 1448 1448 1448 1448 1448
536 1439 1439 1439 1439 1439
537 1443 1443 1443 1443 1443
537 1430 1430 1430 1430 1430
537 1433 1433 1433 1433 1433
537 1430 1430 1430 1430 1430
537 1432 1432 1432 1432 1432
537 1434 1434 1434 1434 1434
537 1450 1450 1450 1450 1450
537 1434 1434 1434 1434 1434
537 1440 1440 1440 1440 1440
537 1433 1433 1433 1433 1433
537 1458 1458 1458 1458 1458
537 1450 1450 1450 1450 1450
537 1451 1451 1451 1451 1451
537 1464 1464 1464 1464 1464
537 1456 1456 1456 1456 1456
537 1465 1465 1465 1465 1465
537 1448 1448 1448 1448 1448
537 1467 1467 1467 1467 1467
537 1459 1459 1459 1459 1459
537 1480 1480 1480 1480 1480
537 1478 1478 1478 1478 1478
537 1460 1460 1460 1460 1460
537 1488 1488 1488 1488 1488
537 1499 1499 1499 1499 1499
537 1505 1505 1505 1505 1505
537 1520 1520 1520 1520 1520
537 1533 1533 1533 1533 1533
537 1568 1568 1568 1568 1568
537 1581 1581 1581 1581 1581
537 1554 1554 1554 1554 1554
537 1546 1546 1546 1546 1546
537 1536 1536 1536 1536 1536
537 1515 1515 1515 1515 1515
537 1487 1487 1487 1487 1487
537 1475 1475 1475 1475 1475
537 1448 1448 1448 1448 1448
537 1453 1453 1453 1453 1453
537 1436 1436 1436 1436 1436
537 1467 1467 1467 1467 1467
537 1443 1443 1443 1443 1443
537 1442 1442 1442 1442 1442
537 1447 1447 1447 1447 1447
537 1437 1437 1437 1437 1437
537 1461 1461 1461 1461 1461
537 1448 1448 1448 1448 1448
537 1438 1438 1438 1438 1438
537 1445 1445 1445 1445 1445
537 1455 1455 1455 1455 1455
537 1452 1452 1452 1452 1452
537 1457 1457 1457 1457 1457
537 1462 1462 1462 1462 1462
537 1437 1437 1437 1437 1437
537 1455 1455 1455 1455 1455
537 1451 1451 1451 1451 1451
537 1479 1479 1479 1479 1479
537 1460 1460 1460 1460 1460
537 1468 1468 1468 1468 1468
537 1454 1454 1454 1454 1454
537 1465 1465 1465 1465 1465
537 1482 1482 1482 1482 1482
537 1476 1476 1476 1476 1476
537 1469 1469 1469 1469 1469
537 1461 1461 1461 1461 1461
537 1464 1464 1464 1464 1464
537 1485 1485 1485 1485 1485
537 1472 1472 1472 1472 1472
537 1484 1484 1484 1484 1484
537 1473 1473 1473 1473 1473
537 1473 1473 1473 1473 1473
537 1468 1468 1468 1468 1468
537 1484 1484 1484 1484 1484
537 1482 1482 1482 1482 1482
537 1470 1470 1470 1470 1470
537 1474 1474 1474 1474 1474
538 1490 1490 1490 1490 1490
538 1489 1489 1489 1489 1489
538 1487 1487 1487 1487 1487
538 1486 1486 1486 1486 1486
538 1481 1481 1481 1481 1481
538 1479 1479 1479 1479 1479
538 1484 1484 1484 1484 1484
538 1491 1491 1491 1491 1491
538 1494 1494 1494 1494 1494
538 1475 1475 1475 1475 1475
538 1485 1485 1485 1485 1485
538 1489 1489 1489 1489 1489
538 1505 1505 1505 1505 1505
538 1488 1488 1488 1488 1488
538 1500 1500 1500 1500 1500
538 1504 1504 1504 1504 1504
538 1507 1507 1507 1507 1507
538 1492 1492 1492 1492 1492
538 1495 1495 1495 1495 1495
538 1516 1516 1516 1516 1516
538 1505 1505 1505 1505 1505
538 1504 1504 1504 1504 1504
538 1514 1514 1514 1514 1514
538 1506 1506 1506 1506 1506
538 1527 1527 1527 1527 1527
538 1512 1512 1512 1512 1512
538 1523 1523 1523 1523 1523
538 1517 1517 1517 1517 1517
538 1528 1528 1528 1528 1528
538 1565 1565 1565 1565 1565
538 1529 1529 1529 1529 1529
538 1539 1539 1539 1539 1539
538 1542 1542 1542 1542 1542
538 1540 1540 1540 1540 1540
538 1551 1551 1551 1551 1551
538 1552 1552 1552 1552 1552
538 1546 1546 1546 1546 1546
538 1533 1533 1533 1533 1533
538 1554 1554 1554 1554 1554
538 1545 1545 1545 1545 1545
538 1561 1561 1561 1561 1561
538 1555 1555 1555 1555 1555
538 1538 1538 1538 1538 1538
538 1532 1532 1532 1532 1532
538 1525 1525 1525 1525 1525
538 1497 1497 1497 1497 1497
538 1511 1511 1511 1511 1511
538 1507 1507 1507 1507 1507
538 1523 1523 1523 1523 1523
538 1506 1506 1506 1506 1506
538 1517 1517 1517 1517 1517
538 1510 1510 1510 1510 1510
538 1492 1492 1492 1492 1492
538 1499 1499 1499 1499 1499
538 1518 1518 1518 1518 1518
538 1492 1492 1492 1492 1492
538 1501 1501 1501 1501 1501
538 1496 1496 1496 1496 1496
538 1494 1494 1494 1494 1494
538 1487 1487 1487 1487 1487
538 1499 1499 1499 1499 1499
538 1500 1500 1500 1500 1500
538 1496 1496 1496 1496 1496
538 1494 1494 1494 1494 1494
538 1501 1501 1501 1501 1501
538 1500 1500 1500 1500 1500
538 1502 1502 1502 1502 1502
538 1502 1502 1502 1502 1502
538 1498 1498 1498 1498 1498
538 1483 1483 1483 1483 1483
538 1506 1506 1506 1506 1506
538 1515 1515 1515 1515 1515
538 1498 1498 1498 1498 1498
538 1510 1510 1510 1510 1510
539 1481 1481 1481 1481 1481
539 1476 1476 1476 1476 1476
539 1482 1482 1482 1482 1482
539 1483 1483 1483 1483 1483
539 1505 1505 1505 1505 1505
539 1510 1510 1510 1510 1510
539 1502 1502 1502 1502 1502
539 1494 1494 1494 1494 1494
539 1493 1493 1493 1493 1493
539 1488 1488 1488 1488 1488
539 1498 1498 1498 1498 1498
539 1494 1494 1494 1494 1494
539 1488 1488 1488 1488 1488
539 1507 1507 1507 1507 1507
539 1497 1497 1497 1497 1497
539 1485 1485 1485 1485 1485
539 1479 1479 1479 1479 1479
539 1498 1498 1498 1498 1498
539 1477 1477 1477 1477 1477
539 1476 1476 1476 1476 1476
539 1482 1482 1482 1482 1482
539 1483 1483 1483 1483 1483
539 1478 1478 1478 1478 1478
539 1480 1480 1480 1480 1480
539 1490 1490 1490 1490 1490
539 1472 1472 1472 1472 1472
539 1474 1474 1474 1474 1474
539 1489 1489 1489 1489 1489
539 1487 1487 1487 1487 1487
539 1474 1474 1474 1474 1474
539 1506 1506 1506 1506 1506
539 1482 1482 1482 1482 1482
539 1493 1493 1493 1493 1493
539 1482 1482 1482 1482 1482
539 1477 1477 1477 1477 1477
539 1486 1486 1486 1486 1486
539 1473 1473 1473 1473 1473
539 1489 1489 1489 1489 1489
539 1489 1489 1489 1489 1489
539 1493 1493 1493 1493 1493
539 1491 1491 1491 1491 1491
539 1510 1510 1510 1510 1510
539 1483 1483 1483 1483 1483
539 1493 1493 1493 1493 1493
539 1491 1491 1491 1491 1491
539 1499 1499 1499 1499 1499
539 1495 1495 1495 1495 1495
539 1487 1487 1487 1487 1487
539 1509 1509 1509 1509 1509
539 1501 1501 1501 1501 1501
539 1523 1523 1523 1523 1523
539 1526 1526 1526 1526 1526
539 1519 1519 1519 1519 1519
539 1539 1539 1539 1539 1539
539 1505 1505 1505 1505 1505
539 1516 1516 1516 1516 1516
539 1501 1501 1501 1501 1501
539 1503 1503 1503 1503 1503
539 1506 1506 1506 1506 1506
539 1478 1478 1478 1478 1478
539 1493 1493 1493 1493 1493
539 1495 1495 1495 1495 1495
539 1486 1486 1486 1486 1486
539 1493 1493 1493 1493 1493
539 1493 1493 1493 1493 1493
539 1492 1492 1492 1492 1492
539 1481 1481 1481 1481 1481
539 1496 1496 1496 1496 1496
539 1486 1486 1486 1486 1486
539 1524 1524 1524 1524 1524
539 1487 1487 1487 1487 1487
539 1493 1493 1493 1493 1493
539 1491 1491 1491 1491 1491
539 1491 1491 1491 1491 1491
539 1494 1494 1494 1494 1494
540 1495 1495 1495 1495 1495
540 1481 1481 1481 1481 1481
540 1500 1500 1500 1500 1500
540 1499 1499 1499 1499 1499
540 1500 1500 1500 1500 1500
540 1487 1487 1487 1487 1487
540 1523 1523 1523 1523 1523
540 1496 1496 1496 1496 1496
540 1500 1500 1500 1500 1500
540 1501 1501 1501 1501 1501
540 1501 1501 1501 1501 1501
540 1481 1481 1481 1481 1481
540 1497 1497 1497 1497 1497
540 1513 1513 1513 1513 1513
540 1511 1511 1511 1511 1511
540 1504 1504 1504 1504 1504
540 1508 1508 1508 1508 1508
540 1497 1497 1497 1497 1497
540 1493 1493 1493 1493 1493
540 1496 1496 1496 1496 1496
540 1510 1510 1510 1510 1510
540 1500 1500 1500 1500 1500
540 1489 1489 1489 1489 1489
540 1498 1498 1498 1498 1498
540 1499 1499 1499 1499 1499
540 1501 1501 1501 1501 1501
540 1496 1496 1496 1496 1496
540 1510 1510 1510 1510 1510
540 1512 1512 1512 1512 1512
540 1512 1512 1512 1512 1512
540 1521 1521 1521 1521 1521
540 1520 1520 1520 1520 1520
540 1507 1507 1507 1507 1507
540 1524 1524 1524 1524 1524
540 1533 1533 1533 1533 1533
540 1520 1520 1520 1520 1520
540 1518 1518 1518 1518 1518
540 1519 1519 1519 1519 1519
540 1526 1526 1526 1526 1526
540 1536 1536 1536 1536 1536
540 1528 1528 1528 1528 1528
540 1528 1528 1528 1528 1528
540 1526 1526 1526 1526 1526
540 1529 1529 1529 1529 1529
540 1528 1528 1528 1528 1528
540 1540 1540 1540 1540 1540
540 1514 1514 1514 1514 1514
540 1515 1515 1515 1515 1515
540 1508 1508 1508 1508 1508
540 1532 1532 1532 1532 1532
540 1529 1529 1529 1529 1529
540 1527 1527 1527 1527 1527
540 1526 1526 1526 1526 1526
540 1524 1524 1524 1524 1524
540 1532 1532 1532 1532 1532
540 1525 1525 1525 1525 1525
540 1539 1539 1539 1539 1539
540 1541 1541 1541 1541 1541
540 1531 1531 1531 1531 1531
540 1506 1506 1506 1506 1506
540 1510 1510 1510 1510 1510
540 1552 1552 1552 1552 1552
540 1544 1544 1544 1544 1544
540 1535 1535 1535 1535 1535
540 1541 1541 1541 1541 1541
540 1540 1540 1540 1540 1540
540 1535 1535 1535 1535 1535
540 1531 1531 1531 1531 1531
540 1529 1529 1529 1529 1529
540 1544 1544 1544 1544 1544
540 1531 1531 1531 1531 1531
540 1537 1537 1537 1537 1537
540 1532 1532 1532 1532 1532
540 1546 1546 1546 1546 1546
540 1534 1534 1534 1534 1534
541 1531 1531 1531 1531 1531
541 1547 1547 1547 1547 1547
541 1525 1525 1525 1525 1525
541 1546 1546 1546 1546 1546
541 1551 1551 1551 1551 1551
541 1543 1543 1543 1543 1543
541 1529 1529 1529 1529 1529
541 1555 1555 1555 1555 1555
541 1528 1528 1528 1528 1528
541 1517 1517 1517 1517 1517
541 1538 1538 1538 1538 1538
541 1528 1528 1528 1528 1528
541 1532 1532 1532 1532 1532
541 1539 1539 1539 1539 1539
541 1541 1541 1541 1541 1541
541 1510 1510 1510 1510 1510
541 1547 1547 1547 1547 1547
541 1535 1535 1535 1535 1535
541 1525 1525 1525 1525 1525
541 1531 1531 1531 1531 1531
541 1544 1544 1544 1544 1544
541 1538 1538 1538 1538 1538
541 1532 1532 1532 1532 1532
541 1526 1526 1526 1526 1526
541 1523 1523 1523 1523 1523
541 1540 1540 1540 1540 1540
541 1523 1523 1523 1523 1523
541 1515 1515 1515 1515 1515
541 1525 1525 1525 1525 1525
541 1526 1526 1526 1526 1526
541 1526 1526 1526 1526 1526
541 1523 1523 1523 1523 1523
541 1523 1523 1523 1523 1523
541 1517 1517 1517 1517 1517
541 1542 1542 1542 1542 1542
541 1549 1549 1549 1549 1549
541 1514 1514 1514 1514 1514
541 1509 1509 1509 1509 1509
541 1505 1505 1505 1505 1505
541 1513 1513 1513 1513 1513
541 1521 1521 1521 1521 1521
541 1518 1518 1518 1518 1518
541 1511 1511 1511 1511 1511
541 1512 1512 1512 1512 1512
541 1517 1517 1517 1517 1517
541 1516 1516 1516 1516 1516
541 1513 1513 1513 1513 1513
541 1513 1513 1513 1513 1513
541 1519 1519 1519 1519 1519
541 1529 1529 1529 1529 1529
541 1517 1517 1517 1517 1517
541 1512 1512 1512 1512 1512
541 1526 1526 1526 1526 1526
541 1515 1515 1515 1515 1515
541 1494 1494 1494 1494 1494
541 1512 1512 1512 1512 1512
541 1529 1529 1529 1529 1529
541 1519 1519 1519 1519 1519
541 1507 1507 1507 1507 1507
541 1508 1508 1508 1508 1508
541 1523 1523 1523 1523 1523
541 1514 1514 1514 1514 1514
541 1505 1505 1505 1505 1505
541 1484 1484 1484 1484 1484
541 1501 1501 1501 1501 1501
541 1508 1508 1508 1508 1508
541 1506 1506 1506 1506 1506
541 1513 1513 1513 1513 1513
541 1495 1495 1495 1495 1495
541 1494 1494 1494 1494 1494
541 1502 1502 1502 1502 1502
541 1506 1506 1506 1506 1506
541 1515 1515 1515 1515 1515
541 1479 1479 1479 1479 1479
541 1500 1500 1500 1500 1500
542 1494 1494 1494 1494 1494
542 1506 1506 1506 1506 1506
542 1483 1483 1483 1483 1483
542 1489 1489 1489 1489 1489
542 1504 1504 1504 1504 1504
542 1477 1477 1477 1477 1477
542 1486 1486 1486 1486 1486
542 1498 1498 1498 1498 1498
542 1501 1501 1501 1501 1501
542 1511 1511 1511 1511 1511
542 1501 1501 1501 1501 1501
542 1490 1490 1490 1490 1490
542 1485 1485 1485 1485 1485
542 1486 1486 1486 1486 1486
542 1476 1476 1476 1476 1476
542 1470 1470 1470 1470 1470
542 1488 1488 1488 1488 1488
542 1482 1482 1482 1482 1482
542 1482 1482 1482 1482 1482
542 1489 1489 1489 1489 1489
542 1496 1496 1496 1496 1496
542 1478 1478 1478 1478 1478
542 1488 1488 1488 1488 1488
542 1480 1480 1480 1480 1480
542 1482 1482 1482 1482 1482
542 1484 1484 1484 1484 1484
542 1477 1477 1477 1477 1477
542 1486 1486 1486 1486 1486
542 1471 1471 1471 1471 1471
542 1475 1475 1475 1475 1475
542 1468 1468 1468 1468 1468
542 1480 1480 1480 1480 1480
542 1497 1497 1497 1497 1497
542 1476 1476 1476 1476 1476
542 1458 1458 1458 1458 1458
542 1484 1484 1484 1484 1484
542 1492 1492 1492 1492 1492
542 1486 1486 1486 1486 1486
542 1478 1478 1478 1478 1478
542 1480 1480 1480 1480 1480
542 1465 1465 1465 1465 1465
542 1465 1465 1465 1465 1465
542 1457 1457 1457 1457 1457
542 1481 1481 1481 1481 1481
542 1471 1471 1471 1471 1471
542 1475 1475 1475 1475 1475
542 1471 1471 1471 1471 1471
542 1485 1485 1485 1485 1485
542 1478 1478 1478 1478 1478
542 1478 1478 1478 1478 1478
542 1478 1478 1478 1478 1478
542 1473 1473 1473 1473 1473
542 1463 1463 1463 1463 1463
542 1478 1478 1478 1478 1478
542 1459 1459 1459 1459 1459
542 1465 1465 1465 1465 1465
542 1474 1474 1474 1474 1474
542 1487 1487 1487 1487 1487
542 1469 1469 1469 1469 1469
542 1479 1479 1479 1479 1479
542 1479 1479 1479 1479 1479
542 1462 1462 1462 1462 1462
542 1464 1464 1464 1464 1464
542 1472 1472 1472 1472 1472
542 1461 1461 1461 1461 1461
542 1461 1461 1461 1461 1461
542 1457 1457 1457 1457 1457
542 1476 1476 1476 1476 1476
542 1465 1465 1465 1465 1465
542 1458 1458 1458 1458 1458
542 1470 1470 1470 1470 1470
542 1462 1462 1462 1462 1462
542 1474 1474 1474 1474 1474
542 1452 1452 1452 1452 1452
542 1463 1463 1463 1463 1463
542 1478 1478 1478 1478 1478
543 1473 1473 1473 1473 1473
543 1460 1460 1460 1460 1460
543 1465 1465 1465 1465 1465
543 1467 1467 1467 1467 1467
543 1467 1467 1467 1467 1467
543 1492 1492 1492 1492 1492
543 1462 1462 1462 1462 1462
543 1478 1478 1478 1478 1478
543 1462 1462 1462 1462 1462
543 1474 1474 1474 1474 1474
543 1462 1462 1462 1462 1462
543 1475 1475 1475 1475 1475
543 1489 1489 1489 1489 1489
543 1492 1492 1492 1492 1492
543 1483 1483 1483 1483 1483
543 1488 1488 1488 1488 1488
543 1498 1498 1498 1498 1498
543 1482 1482 1482 1482 1482
543 1485 1485 1485 1485 1485
543 1496 1496 1496 1496 1496
543 1475 1475 1475 1475 1475
543 1493 1493 1493 1493 1493
543 1482 1482 1482 1482 1482
543 1493 1493 1493 1493 1493
543 1492 1492 1492 1492 1492
543 1478 1478 1478 1478 1478
543 1478 1478 1478 1478 1478
543 1483 1483 1483 1483 1483
543 1476 1476 1476 1476 1476
543 1484 1484 1484 1484 1484
543 1476 1476 1476 1476 1476
543 1493 1493 1493 1493 1493
543 1481 1481 1481 1481 1481
543 1484 1484 1484 1484 1484
543 1496 1496 1496 1496 1496
543 1491 1491 1491 1491 1491
543 1512 1512 1512 1512 1512
543 1518 1518 1518 1518 1518
543 1516 1516 1516 1516 1516
543 1521 1521 1521 1521 1521
543 1528 1528 1528 1528 1528
543 1555 1555 1555 1555 1555
543 1532 1532 1532 1532 1532
543 1551 1551 1551 1551 1551
543 1536 1536 1536 1536 1536
543 1535 1535 1535 1535 1535
543 1498 1498 1498 1498 1498
543 1491 1491 1491 1491 1491
543 1477 1477 1477 1477 1477
543 1501 1501 1501 1501 1501
543 1490 1490 1490 1490 1490
543 1469 1469 1469 1469 1469
543 1486 1486 1486 1486 1486
543 1485 1485 1485 1485 1485
543 1454 1454 1454 1454 1454
543 1461 1461 1461 1461 1461
543 1462 1462 1462 1462 1462
543 1459 1459 1459 1459 1459
543 1452 1452 1452 1452 1452
543 1455 1455 1455 1455 1455
543 1469 1469 1469 1469 1469
543 1470 1470 1470 1470 1470
543 1463 1463 1463 1463 1463
543 1458 1458 1458 1458 1458
543 1464 1464 1464 1464 1464
543 1451 1451 1451 1451 1451
543 1443 1443 1443 1443 1443
543 1440 1440 1440 1440 1440
543 1451 1451 1451 1451 1451
543 1450 1450 1450 1450 1450
543 1439 1439 1439 1439 1439
543 1449 1449 1449 1449 1449
543 1443 1443 1443 1443 1443
543 1448 1448 1448 1448 1448
543 1452 1452 1452 1452 1452
544 1450 1450 1450 1450 1450
544 1447 1447 1447 1447 1447
544 1455 1455 1455 1455 1455
544 1436 1436 1436 1436 1436
544 1453 1453 1453 1453 1453
544 1442 1442 1442 1442 1442
544 1458 1458 1458 1458 1458
544 1450 1450 1450 1450 1450
544 1473 1473 1473 1473 1473
544 1458 1458 1458 1458 1458
544 1455 1455 1455 1455 1455
544 1430 1430 1430 1430 1430
544 1451 1451 1451 1451 1451
544 1429 1429 1429 1429 1429
544 1453 1453 1453 1453 1453
544 1445 1445 1445 1445 1445
544 1437 1437 1437 1437 1437
544 1441 1441 1441 1441 1441
544 1455 1455 1455 1455 1455
544 1449 1449 1449 1449 1449
544 1442 1442 1442 1442 1442
544 1443 1443 1443 1443 1443
544 1435 1435 1435 1435 1435
544 1464 1464 1464 1464 1464
544 1445 1445 1445 1445 1445
544 1439 1439 1439 1439 1439
544 1461 1461 1461 1461 1461
544 1446 1446 1446 1446 1446
544 1470 1470 1470 1470 1470
544 1433 1433 1433 1433 1433
544 1452 1452 1452 1452 1452
544 1437 1437 1437 1437 1437
544 1441 1441 1441 1441 1441
544 1436 1436 1436 1436 1436
544 1449 1449 1449 1449 1449
544 1436 1436 1436 1436 1436
544 1435 1435 1435 1435 1435
544 1452 1452 1452 1452 1452
544 1441 1441 1441 1441 1441
544 1443 1443 1443 1443 1443
544 1447 1447 1447 1447 1447
544 1427 1427 1427 1427 1427
544 1442 1442 1442 1442 1442
544 1446 1446 1446 1446 1446
544 1445 1445 1445 1445 1445
544 1438 1438 1438 1438 1438
544 1447 1447 1447 1447 1447
544 1438 1438 1438 1438 1438
544 1449 1449 1449 1449 1449
544 1434 1434 1434 1434 1434
544 1443 1443 1443 1443 1443
544 1432 1432 1432 1432 1432
544 1430 1430 1430 1430 1430
544 1441 1441 1441 1441 1441
544 1446 1446 1446 1446 1446
544 1446 1446 1446 1446 1446
544 1431 1431 1431 1431 1431
544 1448 1448 1448 1448 1448
544 1438 1438 1438 1438 1438
544 1438 1438 1438 1438 1438
544 1455 1455 1455 1455 1455
544 1434 1434 1434 1434 1434
544 1443 1443 1443 1443 1443
544 1437 1437 1437 1437 1437
544 1442 1442 1442 1442 1442
544 1420 1420 1420 1420 1420
544 1449 1449 1449 1449 1449
544 1440 1440 1440 1440 1440
544 1441 1441 1441 1441 1441
544 1438 1438 1438 1438 1438
544 1430 1430 1430 1430 1430
544 1433 1433 1433 1433 1433
544 1440 1440 1440 1440 1440
544 1424 1424 1424 1424 1424
544 1437 1437 1437 1437 1437
544 1456 1456 1456 1456 1456
544 1443 1443 1443 1443 1443
545 1470 1470 1470 1470 1470
545 1445 1445 1445 1445 1445
545 1436 1436 1436 1436 1436
545 1441 1441 1441 1441 1441
545 1454 1454 1454 1454 1454
545 1437 1437 1437 1437 1437
545 1438 1438 1438 1438 1438
545 1444 1444 1444 1444 1444
545 1437 1437 1437 1437 1437
545 1442 1442 1442 1442 1442
545 1456 1456 1456 1456 1456
545 1438 1438 1438 1438 1438
545 1449 1449 1449 1449 1449
545 1450 1450 1450 1450 1450
545 1447 1447 1447 1447 1447
545 1446 1446 1446 1446 1446
545 1453 1453 1453 1453 1453
545 1422 1422 1422 1422 1422
545 1441 1441 1441 1441 1441
545 1440 1440 1440 1440 1440
545 1425 1425 1425 1425 1425
545 1442 1442 1442 1442 1442
545 1427 1427 1427 1427 1427
545 1447 1447 1447 1447 1447
545 1443 1443 1443 1443 1443
545 1431 1431 1431 1431 1431
545 1437 1437 1437 1437 1437
545 1427 1427 1427 1427 1427
545 1446 1446 1446 1446 1446
545 1440 1440 1440 1440 1440
545 1442 1442 1442 1442 1442
545 1409 1409 1409 1409 1409
545 1422 1422 1422 1422 1422
545 1432 1432 1432 1432 1432
545 1428 1428 1428 1428 1428
545 1439 1439 1439 1439 1439
545 1430 1430 1430 1430 1430
545 1422 1422 1422 1422 1422
545 1430 1430 1430 1430 1430
545 1422 1422 1422 1422 1422
545 1419 1419 1419 1419 1419
545 1417 1417 1417 1417 1417
545 1447 1447 1447 1447 1447
545 1422 1422 1422 1422 1422
545 1432 1432 1432 1432 1432
545 1404 1404 1404 1404 1404
545 1422 1422 1422 1422 1422
545 1428 1428 1428 1428 1428
545 1430 1430 1430 1430 1430
545 1425 1425 1425 1425 1425
545 1413 1413 1413 1413 1413
545 1438 1438 1438 1438 1438
545 1424 1424 1424 1424 1424
545 1429 1429 1429 1429 1429
545 1408 1408 1408 1408 1408
545 1424 1424 1424 1424 1424
545 1432 1432 1432 1432 1432
545 1417 1417 1417 1417 1417
545 1425 1425 1425 1425 1425
545 1431 1431 1431 1431 1431
