0 11.25 22.5 33.75 45 56.25 67.5 78.75 90
535.080017 1270 1268 1269 1270 1268 1267 1268 1269 1268
535.093994 1270 1266 1267 1266 1268 1267 1268 1268 1268
535.106995 1267 1270 1265 1268 1267 1270 1270 1266 1267
535.120972 1269 1268 1266 1264 1265 1269 1267 1266 1267
535.13501 1266 1267 1268 1267 1267 1266 1268 1268 1266
535.148987 1266 1271 1266 1266 1266 1266 1265 1266 1267
535.161987 1268 1264 1269 1266 1267 1266 1264 1265 1268
535.176025 1265 1263 1266 1265 1269 1267 1264 1267 1265
535.190002 1266 1265 1263 1266 1268 1268 1266 1267 1268
535.203003 1268 1268 1264 1265 1265 1267 1265 1268 1267
535.21698 1263 1267 1263 1268 1265 1264 1266 1266 1270
535.231018 1263 1265 1267 1267 1267 1267 1268 1265 1265
535.244995 1266 1265 1269 1264 1268 1264 1267 1267 1266
535.257996 1264 1263 1265 1264 1267 1264 1264 1266 1266
535.271973 1264 1263 1266 1265 1263 1267 1265 1266 1264
535.286011 1263 1263 1267 1268 1262 1266 1269 1268 1270
535.299011 1263 1263 1265 1267 1265 1267 1266 1262 1266
535.312988 1268 1267 1267 1267 1267 1267 1267 1265 1264
535.327026 1266 1264 1266 1263 1263 1263 1266 1265 1265
535.341003 1266 1267 1265 1265 1265 1267 1265 1266 1267
535.354004 1266 1264 1265 1266 1266 1265 1267 1268 1268
535.367981 1266 1263 1267 1267 1266 1266 1266 1266 1265
535.382019 1266 1266 1266 1265 1266 1265 1265 1267 1265
535.39502 1267 1269 1265 1268 1265 1267 1265 1267 1267
535.408997 1264 1268 1263 1264 1264 1264 1266 1267 1269
535.422974 1264 1269 1266 1265 1263 1265 1264 1265 1266
535.435974 1264 1265 1266 1264 1263 1266 1265 1266 1268
535.450012 1264 1269 1267 1266 1263 1264 1265 1270 1268
535.463989 1262 1265 1268 1264 1266 1266 1264 1266 1264
535.478027 1263 1264 1265 1267 1263 1263 1264 1260 1262
535.491028 1266 1265 1263 1265 1265 1265 1263 1266 1267
535.505005 1268 1266 1262 1264 1265 1263 1263 1266 1265
535.518982 1265 1267 1265 1266 1263 1263 1267 1264 1266
535.531982 1265 1266 1265 1266 1265 1264 1266 1266 1268
535.546021 1267 1266 1263 1266 1266 1264 1266 1266 1269
535.559998 1264 1264 1266 1266 1265 1267 1261 1266 1264
535.572998 1267 1267 1267 1262 1268 1267 1266 1267 1265
535.586975 1266 1264 1265 1265 1267 1266 1268 1267 1268
535.601013 1265 1264 1264 1266 1265 1269 1269 1264 1264
535.61499 1267 1267 1264 1267 1264 1264 1266 1266 1266
535.627991 1264 1262 1266 1264 1266 1267 1267 1266 1264
535.642029 1266 1261 1266 1263 1263 1266 1264 1265 1265
535.656006 1264 1266 1266 1264 1264 1268 1267 1264 1262
535.669006 1265 1266 1265 1267 1261 1266 1263 1261 1264
535.682983 1263 1264 1261 1265 1263 1265 1264 1267 1263
535.697021 1266 1263 1263 1266 1264 1266 1268 1266 1265
535.710022 1265 1266 1266 1265 1262 1264 1266 1266 1265
535.723999 1267 1266 1266 1262 1265 1267 1265 1263 1268
535.737976 1263 1262 1263 1264 1267 1265 1267 1265 1267
535.750977 1266 1263 1269 1263 1268 1267 1266 1264 1261
535.765015 1266 1266 1264 1265 1264 1267 1267 1267 1262
535.778992 1263 1267 1261 1267 1264 1262 1265 1265 1265
535.791992 1266 1268 1265 1265 1262 1267 1266 1264 1263
535.80603 1266 1266 1264 1265 1263 1263 1269 1262 1267
535.820007 1264 1265 1266 1267 1266 1264 1267 1265 1266
535.833984 1265 1262 1266 1264 1263 1265 1265 1263 1264
535.846985 1266 1262 1269 1267 1264 1266 1262 1267 1265
535.861023 1265 1262 1265 1263 1265 1267 1265 1264 1264
535.875 1264 1264 1263 1267 1264 1268 1264 1266 1264
535.888 1266 1266 1265 1265 1266 1267 1267 1265 1263
535.901978 1265 1265 1266 1265 1265 1266 1268 1266 1267
535.916016 1264 1267 1265 1265 1264 1265 1264 1262 1262
535.929016 1263 1264 1267 1262 1266 1263 1263 1266 1265
535.942993 1265 1266 1265 1264 1263 1264 1263 1264 1265
535.95697 1265 1263 1265 1264 1266 1265 1265 1267 1265
535.969971 1266 1269 1266 1265 1266 1265 1264 1264 1264
535.984009 1263 1266 1265 1265 1262 1267 1268 1265 1266
535.997986 1263 1266 1265 1266 1266 1264 1267 1267 1264
536.010986 1265 1266 1265 1264 1265 1263 1265 1268 1267
536.025024 1261 1266 1265 1262 1264 1266 1266 1266 1266
536.039001 1266 1265 1265 1264 1265 1265 1265 1264 1264
536.052002 1268 1267 1263 1265 1267 1266 1265 1268 1263
536.065979 1264 1265 1263 1265 1268 1268 1263 1265 1266
536.080017 1268 1263 1262 1263 1264 1265 1265 1268 1265
536.093018 1265 1263 1265 1266 1265 1265 1263 1265 1264
536.106995 1264 1266 1266 1266 1265 1268 1263 1266 1267
536.120972 1266 1264 1268 1263 1265 1264 1265 1269 1264
536.133972 1266 1263 1267 1266 1265 1265 1266 1265 1264
536.14801 1266 1268 1262 1268 1265 1267 1265 1265 1264
536.161987 1267 1262 1267 1265 1261 1266 1264 1263 1263
536.174988 1265 1265 1264 1265 1266 1268 1267 1266 1261
536.189026 1263 1263 1266 1267 1266 1264 1265 1269 1266
536.203003 1267 1263 1262 1264 1264 1264 1264 1263 1265
536.216003 1265 1264 1267 1265 1266 1267 1265 1268 1268
536.22998 1264 1264 1264 1268 1267 1264 1263 1267 1267
536.244019 1265 1263 1267 1261 1264 1264 1264 1263 1265
536.257019 1265 1264 1265 1264 1266 1266 1266 1265 1268
536.270996 1266 1266 1263 1267 1261 1266 1266 1266 1265
536.284973 1265 1265 1263 1267 1262 1265 1267 1264 1267
536.297974 1263 1267 1265 1263 1267 1265 1262 1268 1265
536.312012 1268 1267 1265 1267 1264 1261 1262 1267 1269
536.325989 1265 1264 1264 1264 1264 1266 1263 1264 1264
536.338989 1266 1266 1263 1264 1263 1266 1264 1267 1266
536.353027 1264 1269 1263 1267 1263 1266 1264 1264 1266
536.367004 1266 1268 1264 1264 1268 1263 1264 1263 1264
536.380005 1267 1265 1263 1268 1264 1264 1265 1266 1266
536.393982 1265 1266 1263 1266 1268 1269 1265 1267 1266
536.40802 1267 1265 1263 1268 1265 1264 1265 1263 1265
536.421021 1265 1267 1267 1262 1264 1261 1266 1267 1266
536.434998 1263 1261 1264 1263 1264 1266 1263 1266 1265
536.448975 1265 1266 1263 1266 1264 1264 1267 1267 1264
536.461975 1265 1268 1265 1263 1263 1267 1266 1265 1264
536.476013 1264 1264 1261 1267 1264 1267 1266 1267 1264
536.48999 1265 1261 1266 1263 1264 1264 1264 1265 1264
536.502991 1265 1263 1266 1266 1268 1266 1264 1263 1265
536.517029 1265 1266 1264 1265 1266 1266 1262 1266 1268
536.530029 1266 1266 1265 1263 1267 1266 1266 1265 1266
536.544006 1265 1265 1266 1263 1264 1264 1263 1265 1264
536.557983 1265 1266 1266 1269 1266 1264 1264 1267 1264
536.570984 1267 1265 1264 1266 1264 1265 1265 1265 1266
536.585022 1265 1265 1264 1266 1266 1262 1266 1265 1267
536.598999 1264 1268 1264 1263 1268 1265 1265 1265 1265
536.612 1263 1264 1265 1263 1266 1266 1261 1266 1266
536.625977 1262 1269 1265 1263 1267 1266 1266 1266 1267
536.640015 1267 1266 1268 1265 1264 1265 1264 1263 1266
536.653015 1264 1266 1268 1261 1265 1268 1268 1265 1268
536.666992 1265 1266 1267 1263 1263 1263 1267 1262 1265
536.68103 1266 1266 1262 1265 1265 1267 1264 1265 1265
536.69397 1264 1264 1266 1263 1268 1265 1261 1264 1265
536.708008 1264 1263 1267 1265 1267 1265 1263 1264 1270
536.721008 1264 1268 1265 1265 1263 1264 1265 1263 1264
536.734985 1262 1266 1267 1264 1265 1269 1264 1267 1266
536.749023 1263 1265 1263 1268 1263 1265 1271 1268 1267
536.762024 1265 1264 1267 1268 1260 1262 1265 1263 1264
536.776001 1266 1265 1265 1266 1266 1262 1267 1266 1264
536.789978 1264 1265 1266 1266 1268 1263 1265 1268 1266
536.802979 1264 1262 1263 1264 1267 1264 1264 1265 1267
536.817017 1266 1263 1264 1264 1266 1265 1264 1263 1264
536.830994 1264 1266 1269 1264 1264 1266 1265 1265 1268
536.843994 1264 1265 1265 1268 1262 1267 1267 1265 1265
536.857971 1266 1266 1265 1267 1266 1269 1266 1267 1268
536.870972 1265 1264 1268 1269 1265 1265 1267 1268 1268
536.88501 1265 1269 1264 1265 1266 1265 1267 1265 1268
536.898987 1261 1270 1268 1265 1268 1265 1265 1267 1265
536.911987 1261 1268 1265 1267 1265 1267 1264 1268 1265
536.926025 1265 1265 1266 1267 1265 1267 1267 1265 1265
536.940002 1267 1267 1265 1265 1266 1267 1267 1265 1269
536.953003 1264 1266 1263 1267 1261 1266 1266 1266 1264
536.96698 1264 1266 1267 1267 1267 1268 1265 1268 1264
536.97998 1266 1264 1266 1265 1265 1266 1263 1268 1267
536.994019 1262 1267 1270 1264 1266 1263 1268 1266 1265
537.007996 1263 1266 1266 1268 1266 1268 1266 1264 1267
537.020996 1266 1264 1264 1266 1264 1267 1265 1261 1263
537.034973 1264 1265 1265 1263 1264 1264 1266 1266 1266
537.049011 1266 1267 1263 1267 1269 1267 1267 1266 1266
537.062012 1266 1267 1263 1264 1267 1268 1266 1266 1267
537.075989 1267 1267 1264 1265 1267 1267 1268 1268 1269
537.088989 1268 1269 1266 1264 1266 1265 1265 1269 1267
537.103027 1263 1264 1266 1266 1266 1266 1266 1265 1266
537.117004 1270 1267 1268 1266 1267 1268 1266 1265 1264
537.130005 1268 1267 1267 1268 1272 1267 1268 1267 1265
537.143982 1268 1267 1266 1263 1264 1267 1270 1265 1266
537.15802 1268 1266 1267 1270 1268 1267 1265 1268 1266
537.171021 1267 1267 1266 1266 1270 1265 1267 1273 1267
537.184998 1264 1265 1268 1267 1269 1267 1265 1268 1268
537.197998 1265 1269 1269 1265 1264 1265 1263 1265 1267
537.211975 1269 1267 1268 1268 1269 1268 1266 1268 1270
537.226013 1264 1265 1269 1270 1268 1268 1266 1266 1268
537.239014 1269 1274 1273 1273 1277 1270 1272 1272 1272
537.252991 1267 1265 1272 1271 1271 1272 1267 1266 1266
537.265991 1267 1269 1271 1270 1269 1269 1268 1270 1269
537.280029 1270 1267 1272 1270 1271 1268 1268 1272 1269
537.294006 1271 1273 1274 1270 1275 1269 1269 1274 1273
537.307007 1273 1271 1277 1271 1274 1275 1277 1269 1272
537.320984 1273 1272 1275 1272 1271 1277 1272 1271 1270
537.333984 1270 1271 1273 1271 1275 1271 1274 1273 1275
537.348022 1273 1275 1272 1274 1272 1270 1276 1275 1272
537.362 1274 1274 1275 1274 1273 1274 1273 1271 1273
537.375 1271 1270 1270 1268 1276 1272 1271 1271 1273
537.388977 1271 1275 1275 1271 1270 1271 1276 1269 1271
537.403015 1270 1270 1272 1269 1272 1272 1271 1266 1267
537.416016 1268 1268 1269 1273 1267 1271 1271 1269 1270
537.429993 1268 1268 1268 1271 1270 1270 1271 1268 1271
537.442993 1268 1270 1269 1268 1269 1272 1267 1265 1268
537.45697 1267 1271 1269 1270 1272 1265 1267 1271 1267
537.471008 1267 1267 1271 1267 1272 1266 1267 1269 1266
537.484009 1271 1268 1271 1273 1267 1268 1269 1267 1268
537.497986 1269 1267 1269 1271 1267 1271 1267 1268 1267
537.510986 1269 1270 1269 1268 1271 1273 1270 1272 1270
537.525024 1267 1268 1267 1272 1273 1268 1268 1271 1270
537.539001 1272 1270 1270 1270 1272 1272 1270 1271 1271
537.552002 1269 1272 1268 1268 1272 1269 1267 1269 1267
537.565979 1266 1272 1272 1269 1267 1272 1266 1270 1268
537.578979 1270 1271 1274 1274 1271 1273 1272 1271 1270
537.593018 1268 1272 1272 1268 1271 1272 1269 1265 1270
537.606995 1271 1269 1273 1274 1278 1271 1271 1265 1271
537.619995 1267 1268 1274 1268 1275 1269 1271 1269 1267
537.633972 1272 1274 1271 1273 1271 1274 1271 1269 1270
537.646973 1266 1269 1271 1273 1274 1278 1268 1268 1270
537.661011 1271 1273 1274 1270 1270 1273 1274 1272 1271
537.674011 1271 1271 1278 1277 1272 1272 1271 1272 1269
537.687988 1273 1272 1279 1274 1276 1272 1279 1272 1272
537.702026 1268 1271 1274 1274 1269 1274 1271 1272 1272
537.715027 1270 1267 1265 1274 1276 1271 1272 1268 1267
537.729004 1273 1277 1279 1276 1277 1274 1271 1274 1271
537.742004 1272 1273 1277 1275 1279 1275 1274 1275 1268
537.755981 1269 1275 1272 1278 1274 1275 1275 1275 1277
537.77002 1276 1277 1274 1276 1278 1274 1276 1272 1275
537.78302 1270 1281 1277 1276 1274 1275 1275 1270 1271
537.796997 1273 1275 1279 1278 1277 1276 1277 1274 1274
537.809998 1272 1274 1279 1282 1276 1282 1275 1277 1271
537.823975 1272 1275 1277 1277 1275 1274 1271 1271 1271
537.836975 1274 1276 1273 1282 1281 1280 1278 1274 1269
537.851013 1273 1272 1278 1283 1279 1277 1278 1275 1274
537.86499 1276 1272 1281 1283 1281 1278 1274 1277 1278
537.877991 1274 1276 1282 1286 1279 1284 1278 1274 1278
537.892029 1275 1278 1281 1284 1279 1278 1278 1278 1273
537.905029 1279 1275 1280 1284 1283 1280 1282 1278 1276
537.919006 1274 1278 1280 1285 1288 1279 1275 1276 1278
537.932007 1278 1276 1282 1283 1288 1284 1284 1282 1274
537.945984 1276 1280 1284 1290 1287 1284 1277 1279 1282
537.960022 1278 1278 1284 1284 1284 1281 1279 1281 1277
537.973022 1276 1283 1282 1282 1285 1282 1282 1275 1280
537.987 1278 1278 1285 1285 1290 1284 1282 1282 1282
538 1275 1279 1282 1284 1289 1290 1280 1274 1280
538.013977 1281 1281 1281 1290 1287 1283 1280 1282 1275
538.028015 1276 1280 1281 1288 1286 1284 1282 1285 1277
538.041016 1278 1282 1287 1289 1288 1289 1281 1284 1280
538.054993 1280 1283 1285 1294 1288 1285 1285 1284 1283
538.067993 1281 1287 1287 1283 1290 1290 1285 1285 1283
538.08197 1281 1285 1297 1292 1297 1286 1280 1285 1281
538.094971 1279 1280 1289 1297 1296 1291 1283 1284 1287
538.109009 1281 1288 1287 1299 1299 1289 1287 1289 1285
538.122009 1287 1289 1291 1294 1298 1291 1288 1289 1293
538.135986 1285 1291 1299 1290 1297 1287 1290 1286 1284
538.150024 1282 1290 1301 1297 1291 1283 1287 1286 1286
538.163025 1285 1289 1295 1302 1298 1287 1290 1281 1293
538.177002 1284 1289 1296 1299 1301 1287 1293 1288 1289
538.190002 1288 1292 1294 1302 1296 1293 1295 1293 1284
538.203979 1288 1296 1295 1301 1308 1297 1289 1289 1292
538.21698 1288 1290 1292 1308 1305 1296 1291 1287 1288
538.231018 1288 1294 1303 1309 1296 1297 1291 1287 1288
538.244995 1295 1298 1294 1301 1295 1302 1295 1287 1291
538.257996 1294 1296 1305 1303 1298 1299 1292 1288 1292
538.271973 1288 1294 1307 1303 1300 1304 1293 1293 1289
538.284973 1294 1302 1309 1310 1301 1298 1294 1297 1300
538.299011 1301 1309 1312 1310 1306 1294 1302 1303 1296
538.312012 1302 1305 1316 1310 1317 1309 1305 1300 1295
538.325989 1311 1309 1320 1313 1307 1313 1305 1298 1301
538.338989 1308 1314 1315 1322 1318 1316 1309 1308 1299
538.353027 1312 1309 1315 1314 1319 1318 1306 1296 1310
538.367004 1308 1318 1313 1317 1318 1325 1310 1304 1306
538.380005 1302 1313 1325 1325 1320 1313 1306 1311 1307
538.393982 1317 1317 1318 1331 1323 1324 1307 1309 1303
538.406982 1304 1316 1319 1322 1325 1325 1312 1307 1306
538.421021 1315 1311 1327 1336 1318 1320 1313 1302 1310
538.434021 1308 1320 1317 1335 1328 1321 1311 1314 1317
538.447998 1316 1318 1320 1326 1329 1323 1321 1314 1311
538.460999 1310 1322 1335 1321 1314 1322 1318 1307 1313
538.474976 1312 1320 1324 1319 1330 1323 1315 1310 1316
538.489014 1318 1331 1321 1332 1325 1328 1308 1319 1306
538.502014 1309 1319 1318 1325 1321 1319 1315 1308 1308
538.515991 1309 1317 1325 1330 1324 1329 1314 1301 1311
538.528992 1309 1316 1328 1324 1333 1319 1310 1309 1313
538.54303 1312 1313 1324 1332 1324 1320 1306 1312 1310
538.55603 1317 1317 1323 1325 1329 1321 1312 1303 1310
538.570007 1312 1309 1319 1325 1325 1320 1310 1311 1304
538.583008 1311 1317 1329 1323 1329 1319 1316 1306 1308
538.596985 1304 1310 1332 1334 1326 1327 1312 1307 1308
538.609985 1309 1317 1314 1332 1327 1325 1310 1307 1308
538.624023 1308 1318 1325 1329 1336 1324 1310 1309 1309
538.638 1311 1316 1332 1335 1332 1326 1317 1307 1314
538.651001 1310 1315 1334 1327 1344 1320 1307 1303 1311
538.664978 1304 1319 1335 1328 1331 1325 1318 1310 1310
538.677979 1311 1317 1322 1339 1337 1334 1310 1312 1312
538.692017 1306 1321 1328 1333 1330 1328 1320 1309 1312
538.705017 1313 1319 1328 1334 1338 1324 1313 1310 1310
538.718994 1320 1328 1329 1341 1337 1328 1323 1307 1321
538.731995 1306 1316 1326 1336 1336 1327 1316 1304 1310
538.745972 1321 1330 1333 1342 1336 1327 1317 1314 1305
538.758972 1308 1324 1345 1334 1340 1326 1310 1315 1299
538.77301 1317 1325 1344 1348 1334 1330 1315 1313 1315
538.786011 1319 1322 1332 1336 1338 1341 1317 1307 1310
538.799988 1311 1321 1323 1333 1334 1328 1318 1302 1313
538.812988 1314 1326 1338 1334 1334 1329 1316 1315 1317
538.827026 1319 1322 1341 1334 1331 1336 1322 1314 1317
538.841003 1320 1322 1339 1335 1344 1323 1321 1320 1315
538.854004 1318 1321 1333 1342 1351 1339 1314 1313 1313
538.867981 1321 1323 1341 1346 1338 1333 1321 1316 1318
538.880981 1319 1335 1329 1346 1343 1325 1317 1316 1316
538.89502 1315 1330 1337 1348 1345 1332 1318 1317 1314
538.90802 1316 1333 1330 1346 1331 1333 1321 1317 1309
538.921997 1314 1326 1339 1351 1337 1327 1322 1317 1321
538.934998 1309 1326 1330 1353 1342 1330 1325 1315 1312
538.948975 1311 1325 1343 1337 1347 1332 1316 1313 1315
538.961975 1316 1335 1333 1351 1358 1335 1324 1315 1317
538.976013 1322 1323 1345 1355 1351 1332 1326 1315 1325
538.989014 1316 1332 1340 1346 1349 1338 1330 1318 1318
539.002991 1315 1329 1334 1350 1336 1332 1329 1323 1314
539.015991 1313 1339 1343 1351 1332 1330 1321 1320 1316
539.030029 1311 1331 1332 1349 1348 1340 1325 1312 1314
539.04303 1317 1326 1337 1352 1334 1335 1319 1311 1319
539.057007 1322 1332 1334 1347 1352 1337 1330 1315 1320
539.070007 1325 1328 1332 1349 1341 1340 1323 1316 1322
539.083984 1322 1326 1332 1341 1352 1337 1317 1318 1315
539.096985 1320 1321 1333 1345 1345 1329 1317 1313 1316
539.111023 1314 1326 1347 1338 1351 1344 1324 1310 1314
539.125 1318 1327 1346 1352 1349 1332 1324 1314 1321
539.138 1314 1322 1342 1336 1340 1344 1322 1322 1312
539.151978 1318 1318 1334 1347 1343 1332 1317 1313 1310
539.164978 1309 1325 1338 1343 1349 1328 1323 1311 1317
539.179016 1326 1331 1341 1345 1346 1337 1326 1321 1322
539.192017 1313 1338 1346 1343 1335 1330 1328 1317 1317
539.205994 1313 1321 1338 1346 1337 1327 1319 1315 1309
539.218994 1318 1326 1330 1351 1346 1335 1317 1315 1316
539.232971 1313 1327 1333 1344 1336 1331 1311 1312 1311
539.245972 1315 1323 1342 1341 1331 1334 1330 1306 1315
539.26001 1315 1322 1331 1339 1344 1330 1316 1307 1316
539.27301 1316 1328 1338 1336 1348 1334 1327 1308 1310
539.286987 1314 1327 1340 1345 1347 1340 1321 1316 1318
539.299988 1318 1329 1331 1346 1342 1336 1330 1311 1316
539.314026 1314 1319 1339 1341 1349 1337 1317 1313 1315
539.327026 1328 1324 1340 1338 1344 1339 1315 1320 1322
539.341003 1325 1321 1337 1344 1341 1331 1321 1314 1311
539.354004 1316 1323 1325 1353 1342 1333 1313 1308 1311
539.367981 1323 1323 1333 1327 1347 1333 1317 1310 1317
539.380981 1308 1320 1337 1342 1340 1327 1331 1306 1320
539.39502 1317 1327 1335 1340 1338 1329 1321 1320 1322
539.40802 1321 1330 1345 1341 1342 1332 1320 1313 1320
539.421997 1318 1319 1348 1349 1341 1338 1313 1310 1311
539.434998 1307 1327 1335 1347 1340 1336 1324 1310 1311
539.448975 1316 1326 1347 1347 1336 1333 1315 1315 1311
539.461975 1320 1331 1333 1349 1331 1332 1318 1310 1307
539.476013 1317 1320 1338 1340 1343 1330 1323 1314 1314
539.489014 1315 1327 1339 1349 1342 1340 1312 1316 1309
539.502991 1314 1324 1343 1346 1353 1335 1313 1312 1319
539.515991 1307 1326 1339 1350 1352 1347 1310 1314 1320
539.530029 1308 1323 1346 1348 1358 1351 1318 1312 1313
539.54303 1315 1318 1351 1358 1357 1343 1319 1319 1319
539.557007 1314 1340 1367 1379 1360 1356 1321 1308 1315
539.570007 1320 1332 1364 1374 1360 1363 1332 1314 1314
539.583984 1319 1334 1366 1386 1371 1362 1329 1317 1325
539.596985 1312 1341 1364 1386 1378 1360 1338 1320 1320
539.611023 1317 1344 1374 1387 1399 1372 1324 1314 1314
539.624023 1322 1348 1375 1390 1389 1371 1340 1325 1314
539.638 1319 1344 1385 1407 1403 1361 1344 1317 1323
539.651001 1310 1344 1375 1403 1402 1371 1343 1320 1326
539.664001 1320 1345 1373 1388 1382 1359 1339 1311 1321
539.677979 1319 1347 1369 1393 1370 1361 1339 1310 1325
539.690979 1307 1326 1359 1365 1376 1355 1333 1307 1324
539.705017 1318 1336 1349 1360 1368 1349 1324 1315 1315
539.718018 1323 1327 1353 1358 1376 1342 1317 1311 1319
539.731995 1321 1332 1347 1361 1345 1337 1323 1321 1317
539.744995 1307 1336 1346 1355 1366 1336 1318 1316 1311
539.758972 1321 1334 1348 1355 1363 1344 1317 1321 1312
539.771973 1315 1336 1343 1362 1349 1338 1331 1319 1313
539.786011 1313 1321 1339 1360 1345 1334 1322 1320 1323
539.799011 1316 1334 1340 1358 1356 1333 1316 1320 1315
539.812988 1306 1331 1341 1354 1351 1333 1318 1319 1314
539.825989 1313 1323 1343 1350 1361 1340 1322 1312 1314
539.840027 1320 1329 1343 1347 1348 1345 1328 1310 1321
539.853027 1310 1324 1349 1351 1351 1344 1323 1313 1322
539.867004 1314 1319 1344 1357 1338 1336 1330 1308 1322
539.880005 1319 1313 1347 1356 1336 1335 1325 1316 1315
539.893982 1313 1327 1345 1348 1350 1335 1319 1316 1316
539.906982 1311 1324 1351 1347 1348 1338 1325 1308 1320
539.921021 1321 1330 1346 1354 1341 1339 1319 1315 1311
539.934021 1320 1331 1332 1356 1353 1334 1324 1320 1312
539.947998 1316 1333 1335 1352 1354 1339 1326 1314 1320
539.960999 1318 1319 1335 1350 1342 1338 1319 1320 1325
539.973999 1319 1333 1346 1359 1348 1338 1323 1315 1315
539.987976 1323 1328 1347 1352 1351 1340 1320 1309 1312
540.000977 1320 1329 1346 1351 1346 1340 1322 1304 1319
540.015015 1314 1329 1351 1353 1353 1337 1330 1317 1314
540.028015 1319 1329 1349 1344 1343 1340 1323 1314 1319
540.041992 1317 1321 1347 1350 1348 1329 1324 1325 1314
540.054993 1319 1328 1343 1352 1347 1339 1318 1309 1318
540.06897 1315 1322 1336 1348 1347 1333 1319 1313 1320
540.08197 1314 1324 1349 1348 1354 1340 1318 1314 1316
540.096008 1315 1324 1342 1343 1356 1335 1323 1311 1309
540.109009 1312 1332 1342 1353 1350 1331 1319 1319 1310
540.122986 1305 1322 1341 1352 1348 1342 1317 1311 1313
540.135986 1319 1324 1337 1359 1342 1345 1339 1316 1317
540.150024 1310 1320 1341 1346 1346 1335 1322 1316 1314
540.163025 1308 1322 1340 1344 1348 1336 1315 1315 1309
540.176025 1324 1327 1339 1349 1351 1331 1322 1314 1307
540.190002 1318 1323 1345 1362 1345 1340 1321 1308 1324
540.203003 1321 1324 1345 1354 1347 1344 1321 1308 1311
540.21698 1315 1335 1337 1339 1347 1338 1325 1314 1314
540.22998 1315 1334 1345 1354 1354 1344 1324 1310 1320
540.244019 1323 1329 1336 1339 1354 1335 1316 1308 1316
540.257019 1318 1328 1347 1348 1361 1335 1327 1319 1324
540.270996 1320 1334 1343 1358 1344 1339 1312 1319 1321
540.283997 1328 1332 1343 1336 1351 1336 1327 1317 1320
540.297974 1324 1332 1345 1362 1350 1334 1324 1323 1317
540.310974 1326 1336 1342 1359 1347 1339 1327 1319 1324
540.323975 1320 1336 1341 1363 1362 1344 1332 1321 1322
540.338013 1335 1343 1357 1348 1362 1347 1333 1321 1327
540.351013 1334 1336 1351 1364 1354 1345 1327 1323 1334
540.36499 1331 1342 1365 1360 1361 1350 1337 1327 1334
540.377991 1335 1335 1355 1358 1367 1355 1337 1331 1327
540.392029 1334 1346 1361 1368 1372 1351 1333 1332 1326
540.405029 1333 1338 1358 1371 1359 1356 1344 1334 1339
540.419006 1330 1349 1356 1373 1354 1348 1340 1327 1334
540.432007 1333 1335 1363 1364 1355 1363 1331 1329 1340
540.445007 1334 1355 1349 1360 1367 1351 1346 1323 1335
540.458984 1346 1339 1354 1363 1357 1342 1347 1319 1321
540.471985 1323 1346 1359 1370 1360 1348 1343 1325 1325
540.486023 1317 1341 1345 1356 1359 1341 1339 1320 1320
540.499023 1329 1334 1357 1358 1355 1349 1330 1329 1328
540.513 1328 1340 1342 1354 1351 1348 1329 1325 1318
540.526001 1322 1340 1354 1357 1358 1348 1329 1323 1318
540.539978 1326 1321 1341 1351 1353 1337 1335 1315 1328
540.552979 1314 1331 1348 1359 1363 1334 1330 1322 1321
540.565979 1314 1333 1349 1345 1346 1344 1329 1327 1317
540.580017 1319 1331 1347 1362 1348 1343 1320 1311 1317
540.593018 1312 1335 1344 1356 1346 1339 1322 1321 1318
540.606995 1316 1329 1350 1345 1345 1346 1322 1314 1326
540.619995 1319 1326 1356 1355 1343 1346 1321 1328 1321
540.633972 1317 1326 1339 1354 1344 1335 1329 1320 1320
540.646973 1327 1334 1343 1345 1362 1341 1327 1323 1322
540.659973 1325 1332 1353 1356 1351 1333 1318 1317 1314
540.674011 1325 1334 1340 1346 1346 1335 1324 1312 1314
540.687012 1320 1325 1342 1353 1350 1339 1323 1313 1321
540.700989 1312 1335 1337 1347 1353 1337 1319 1316 1323
540.713989 1323 1325 1333 1369 1349 1334 1325 1319 1319
540.728027 1320 1335 1344 1358 1350 1334 1326 1315 1316
540.741028 1316 1332 1347 1348 1345 1335 1329 1318 1319
540.754028 1319 1324 1346 1346 1349 1342 1324 1318 1311
540.768005 1319 1337 1353 1345 1351 1340 1321 1314 1321
540.781006 1316 1335 1352 1356 1358 1337 1325 1312 1322
540.794983 1311 1329 1338 1351 1345 1336 1321 1305 1323
540.807983 1313 1333 1348 1357 1345 1336 1324 1314 1314
540.822021 1324 1323 1342 1346 1350 1337 1325 1319 1321
540.835022 1313 1318 1337 1351 1344 1339 1320 1311 1317
540.848022 1315 1330 1337 1357 1350 1337 1318 1313 1316
540.862 1311 1329 1343 1358 1356 1339 1324 1315 1318
540.875 1321 1331 1333 1343 1343 1341 1328 1313 1315
540.888977 1320 1337 1344 1361 1359 1338 1327 1321 1321
540.901978 1316 1338 1351 1353 1342 1337 1323 1315 1319
540.916016 1323 1328 1351 1344 1346 1346 1324 1317 1321
540.929016 1315 1330 1344 1351 1355 1338 1320 1322 1313
540.942017 1317 1338 1341 1356 1356 1344 1326 1309 1316
540.955994 1324 1334 1349 1349 1355 1340 1321 1315 1316
540.968994 1321 1327 1340 1358 1362 1342 1319 1321 1312
540.982971 1307 1335 1344 1349 1349 1334 1320 1314 1314
540.995972 1318 1334 1359 1343 1364 1339 1321 1311 1318
541.008972 1320 1329 1344 1348 1352 1346 1327 1314 1322
541.02301 1324 1328 1349 1355 1353 1350 1322 1312 1319
541.036011 1315 1325 1343 1346 1351 1343 1328 1315 1319
541.049988 1314 1331 1341 1352 1357 1348 1330 1309 1321
541.062988 1318 1321 1355 1343 1350 1349 1321 1316 1312
541.075989 1319 1329 1345 1356 1362 1338 1332 1315 1316
541.090027 1318 1330 1338 1357 1350 1343 1323 1318 1319
541.103027 1309 1324 1350 1352 1342 1338 1320 1320 1320
541.117004 1319 1339 1350 1351 1345 1340 1328 1312 1314
541.130005 1326 1329 1350 1353 1354 1349 1326 1318 1312
541.143982 1320 1324 1346 1348 1342 1343 1318 1310 1319
541.156982 1322 1330 1347 1354 1355 1344 1317 1322 1320
541.169983 1324 1332 1345 1346 1354 1341 1326 1323 1315
541.184021 1323 1324 1343 1352 1350 1337 1329 1316 1317
541.197021 1318 1331 1344 1356 1359 1338 1318 1317 1323
541.210999 1321 1333 1349 1353 1352 1342 1329 1319 1318
541.223999 1317 1324 1347 1353 1354 1343 1331 1309 1323
541.237 1314 1323 1348 1352 1358 1339 1317 1313 1314
541.250977 1321 1333 1339 1359 1349 1350 1318 1316 1316
541.263977 1321 1329 1340 1353 1361 1336 1321 1317 1318
541.278015 1318 1328 1344 1366 1349 1351 1324 1311 1322
541.291016 1324 1334 1341 1349 1348 1338 1320 1329 1322
541.304016 1319 1319 1340 1352 1351 1352 1325 1317 1311
541.317993 1325 1331 1347 1361 1352 1340 1324 1314 1322
541.330994 1323 1324 1343 1356 1356 1337 1323 1315 1315
541.344971 1308 1333 1340 1341 1345 1340 1322 1313 1317
541.357971 1321 1336 1330 1360 1341 1333 1319 1320 1320
541.370972 1313 1333 1337 1342 1350 1323 1327 1316 1308
541.38501 1312 1324 1346 1349 1349 1340 1322 1318 1315
541.39801 1315 1336 1334 1353 1352 1340 1325 1324 1320
541.411011 1312 1328 1346 1356 1343 1335 1329 1312 1326
541.424988 1318 1329 1340 1353 1341 1338 1331 1312 1314
541.437988 1318 1330 1332 1348 1343 1336 1329 1312 1315
541.452026 1315 1330 1340 1346 1346 1336 1327 1316 1314
541.465027 1312 1328 1347 1352 1360 1341 1334 1315 1315
541.478027 1319 1328 1350 1351 1356 1341 1327 1312 1316
541.492004 1310 1326 1354 1349 1348 1331 1329 1308 1319
541.505005 1317 1324 1345 1358 1342 1329 1322 1313 1324
541.518982 1311 1329 1341 1355 1340 1338 1330 1315 1314
541.531982 1319 1335 1346 1348 1345 1339 1318 1309 1316
541.544983 1311 1324 1346 1351 1361 1345 1329 1318 1314
541.559021 1320 1326 1348 1344 1359 1324 1318 1309 1322
541.572021 1313 1327 1343 1348 1360 1335 1326 1316 1320
541.585999 1324 1335 1346 1353 1347 1334 1319 1319 1316
541.598999 1320 1327 1344 1355 1356 1342 1323 1315 1325
541.612 1317 1332 1345 1345 1351 1343 1326 1319 1310
541.625977 1320 1330 1344 1347 1346 1342 1331 1315 1315
541.638977 1321 1326 1344 1354 1355 1332 1325 1321 1313
541.651978 1315 1335 1336 1349 1343 1334 1322 1312 1323
541.666016 1326 1324 1344 1357 1342 1342 1319 1307 1329
541.679016 1317 1324 1337 1347 1352 1333 1315 1321 1316
541.692993 1315 1339 1340 1348 1348 1339 1322 1314 1316
541.705994 1315 1325 1339 1356 1352 1346 1326 1314 1318
541.718994 1323 1325 1347 1352 1356 1333 1318 1316 1323
541.732971 1317 1329 1338 1346 1352 1331 1319 1313 1316
541.745972 1309 1331 1335 1346 1345 1327 1318 1312 1316
541.758972 1315 1323 1331 1339 1341 1331 1310 1302 1308
541.77301 1320 1328 1346 1347 1353 1348 1325 1311 1328
541.786011 1320 1330 1336 1345 1342 1338 1324 1315 1318
541.799988 1317 1321 1337 1354 1338 1343 1325 1312 1315
541.812988 1312 1327 1344 1356 1346 1333 1320 1314 1328
541.825989 1308 1327 1348 1347 1349 1347 1322 1310 1318
541.840027 1322 1333 1342 1350 1344 1339 1325 1308 1322
541.853027 1313 1327 1343 1350 1351 1343 1315 1314 1314
541.866028 1323 1332 1345 1352 1343 1339 1329 1319 1316
541.880005 1319 1335 1343 1351 1349 1334 1325 1316 1325
541.893005 1311 1331 1348 1347 1344 1339 1324 1316 1313
541.906006 1315 1333 1339 1349 1352 1338 1326 1314 1316
541.919983 1310 1315 1346 1355 1342 1340 1323 1320 1318
541.932983 1312 1327 1347 1362 1350 1339 1318 1316 1319
541.947021 1320 1333 1348 1357 1347 1337 1330 1319 1325
541.960022 1317 1337 1340 1346 1345 1338 1330 1314 1320
541.973022 1319 1333 1338 1345 1356 1345 1322 1320 1317
541.987 1320 1331 1345 1345 1350 1341 1325 1311 1317
542 1316 1324 1347 1353 1344 1340 1318 1316 1310
542.013 1316 1332 1343 1350 1349 1337 1333 1317 1317
542.026978 1325 1326 1332 1347 1349 1332 1318 1316 1317
542.039978 1323 1330 1339 1337 1353 1337 1323 1316 1320
542.052979 1319 1324 1345 1347 1342 1334 1324 1313 1321
542.067017 1317 1326 1331 1340 1343 1332 1320 1320 1316
542.080017 1323 1336 1333 1355 1344 1333 1323 1316 1315
542.093994 1324 1330 1339 1354 1359 1331 1325 1321 1318
542.106995 1317 1333 1340 1348 1344 1340 1321 1318 1309
542.119995 1318 1331 1343 1356 1346 1331 1323 1320 1311
542.133972 1319 1326 1333 1354 1340 1339 1324 1309 1323
542.146973 1327 1328 1341 1351 1352 1338 1321 1309 1323
542.159973 1318 1328 1344 1362 1350 1346 1316 1308 1318
542.174011 1324 1331 1342 1350 1351 1341 1321 1315 1322
542.187012 1308 1331 1347 1353 1348 1342 1324 1312 1315
542.200012 1311 1331 1341 1347 1344 1334 1335 1308 1321
542.213989 1317 1330 1335 1355 1342 1340 1321 1324 1318
542.22699 1322 1334 1332 1361 1352 1340 1328 1314 1316
542.23999 1318 1331 1347 1348 1340 1343 1323 1326 1319
542.254028 1322 1325 1348 1349 1350 1351 1327 1319 1314
542.267029 1317 1330 1345 1356 1349 1330 1327 1317 1327
542.280029 1324 1326 1331 1352 1357 1345 1321 1314 1323
542.294006 1328 1330 1351 1356 1346 1336 1316 1317 1314
542.307007 1314 1332 1344 1354 1351 1333 1326 1322 1317
542.320007 1317 1340 1347 1354 1355 1337 1331 1307 1318
542.333984 1316 1336 1346 1357 1354 1342 1330 1311 1317
542.346985 1314 1331 1338 1355 1350 1344 1329 1317 1318
542.359985 1308 1329 1351 1338 1358 1336 1327 1319 1324
542.374023 1325 1331 1344 1355 1356 1331 1320 1315 1323
542.387024 1320 1341 1335 1350 1348 1331 1317 1311 1320
542.400024 1322 1330 1347 1356 1343 1337 1327 1318 1319
542.414001 1322 1331 1352 1364 1366 1341 1328 1316 1318
542.427002 1319 1334 1351 1358 1361 1343 1320 1319 1323
542.440002 1312 1335 1344 1356 1349 1332 1327 1318 1319
542.453979 1307 1332 1348 1355 1339 1347 1334 1314 1322
542.46698 1307 1335 1352 1361 1350 1349 1329 1325 1320
542.47998 1319 1331 1336 1351 1350 1347 1322 1321 1321
542.494019 1319 1336 1345 1363 1351 1345 1324 1312 1320
542.507019 1315 1331 1351 1359 1349 1339 1334 1318 1324
542.52002 1316 1328 1345 1356 1364 1341 1328 1314 1313
542.533997 1318 1335 1353 1346 1349 1340 1320 1311 1321
542.546997 1319 1334 1336 1352 1356 1337 1329 1310 1323
542.559998 1322 1332 1340 1360 1367 1341 1331 1315 1319
542.573975 1314 1331 1349 1351 1355 1343 1333 1310 1314
542.586975 1316 1332 1345 1358 1354 1352 1322 1322 1314
542.599976 1317 1334 1353 1347 1345 1347 1322 1315 1320
542.614014 1317 1328 1343 1360 1359 1329 1331 1320 1316
542.627014 1310 1332 1351 1358 1351 1346 1323 1314 1321
542.640015 1322 1329 1346 1358 1351 1349 1322 1328 1317
542.653992 1317 1328 1342 1355 1356 1337 1328 1320 1319
542.666992 1315 1330 1342 1358 1355 1346 1329 1323 1313
542.679993 1318 1338 1351 1358 1355 1339 1324 1310 1321
542.69397 1322 1329 1352 1356 1356 1335 1327 1318 1323
542.70697 1316 1341 1338 1353 1348 1343 1335 1319 1318
542.719971 1314 1343 1352 1358 1351 1343 1318 1314 1320
542.734009 1311 1336 1349 1346 1353 1344 1317 1322 1315
542.747009 1314 1326 1348 1357 1359 1340 1329 1313 1313
542.76001 1317 1325 1340 1356 1348 1337 1319 1313 1327
542.773987 1317 1329 1344 1356 1348 1349 1320 1319 1326
542.786987 1317 1326 1341 1371 1337 1339 1321 1315 1314
542.799988 1319 1333 1349 1355 1357 1342 1321 1316 1319
542.812988 1326 1324 1342 1368 1355 1345 1321 1311 1315
542.827026 1319 1323 1343 1347 1356 1335 1323 1322 1319
542.840027 1315 1340 1348 1351 1351 1334 1333 1314 1307
542.853027 1317 1323 1333 1359 1352 1342 1318 1325 1311
542.867004 1323 1330 1344 1360 1357 1342 1327 1315 1313
542.880005 1318 1329 1353 1362 1356 1334 1324 1309 1325
542.893005 1324 1323 1355 1347 1361 1341 1321 1316 1318
542.906982 1316 1328 1355 1349 1354 1347 1327 1313 1318
542.919983 1319 1335 1344 1360 1349 1343 1324 1311 1317
542.932983 1319 1312 1338 1359 1347 1344 1329 1313 1316
542.947021 1314 1329 1353 1352 1354 1347 1329 1317 1317
542.960022 1320 1339 1356 1364 1358 1339 1328 1316 1312
542.973022 1316 1343 1355 1357 1356 1346 1322 1312 1322
542.987 1321 1334 1354 1361 1351 1352 1334 1308 1314
543 1321 1331 1351 1355 1365 1340 1332 1313 1319
543.013 1310 1333 1344 1358 1355 1333 1326 1314 1320
543.026001 1321 1342 1356 1361 1357 1343 1322 1317 1322
543.039978 1320 1343 1353 1371 1372 1343 1325 1324 1323
543.052979 1317 1334 1358 1367 1366 1343 1318 1318 1323
543.065979 1316 1336 1364 1377 1369 1342 1330 1307 1320
543.080017 1323 1332 1367 1376 1366 1344 1332 1319 1317
543.093018 1313 1344 1354 1377 1370 1353 1338 1325 1313
543.106018 1326 1338 1359 1362 1369 1363 1329 1321 1319
543.119995 1322 1340 1369 1386 1381 1363 1330 1319 1322
543.132996 1327 1344 1356 1376 1369 1366 1328 1323 1322
543.145996 1324 1345 1363 1380 1377 1359 1339 1311 1319
543.158997 1324 1343 1363 1384 1385 1361 1326 1310 1319
543.172974 1316 1344 1373 1392 1377 1356 1335 1318 1324
543.185974 1319 1343 1369 1399 1380 1350 1332 1318 1318
543.198975 1313 1342 1384 1388 1386 1358 1341 1319 1319
543.213013 1323 1339 1366 1390 1389 1361 1330 1318 1322
543.226013 1323 1345 1388 1393 1394 1366 1333 1315 1317
543.239014 1327 1345 1383 1380 1380 1366 1330 1323 1316
543.252014 1317 1353 1383 1395 1393 1368 1343 1309 1326
543.265991 1323 1355 1373 1406 1376 1355 1341 1326 1326
543.278992 1324 1354 1373 1391 1378 1368 1336 1323 1321
543.291992 1327 1352 1383 1390 1394 1354 1335 1318 1320
543.30603 1320 1344 1384 1408 1388 1360 1343 1317 1319
543.31897 1322 1343 1376 1399 1395 1370 1333 1318 1315
543.33197 1322 1343 1384 1402 1394 1369 1330 1319 1318
543.344971 1328 1358 1385 1406 1402 1379 1335 1325 1324
543.359009 1330 1356 1380 1401 1400 1373 1332 1315 1330
543.372009 1327 1350 1389 1404 1398 1370 1335 1318 1325
543.38501 1321 1353 1384 1409 1406 1381 1335 1325 1324
543.398987 1329 1365 1398 1406 1408 1384 1338 1312 1323
543.411987 1331 1365 1412 1421 1413 1393 1328 1320 1319
543.424988 1320 1362 1406 1434 1435 1389 1343 1315 1328
543.437988 1321 1370 1420 1445 1436 1388 1336 1315 1319
543.452026 1330 1367 1426 1455 1443 1395 1349 1314 1332
543.465027 1328 1366 1430 1477 1451 1411 1347 1315 1326
543.478027 1338 1384 1442 1487 1459 1419 1351 1324 1332
543.491028 1333 1386 1472 1486 1456 1415 1352 1322 1327
543.505005 1330 1384 1438 1490 1482 1425 1356 1319 1326
543.518005 1331 1381 1452 1487 1468 1406 1357 1317 1318
543.531006 1324 1370 1433 1468 1457 1398 1359 1319 1326
543.544983 1325 1375 1407 1460 1443 1397 1348 1314 1321
543.557983 1333 1367 1406 1445 1428 1396 1350 1311 1328
543.570984 1318 1352 1412 1431 1420 1383 1344 1319 1332
543.583984 1322 1351 1393 1412 1412 1375 1339 1319 1315
543.598022 1321 1356 1389 1406 1392 1369 1339 1315 1327
543.611023 1327 1350 1371 1397 1394 1357 1336 1319 1327
543.624023 1320 1346 1376 1390 1391 1364 1335 1314 1322
543.637024 1317 1342 1371 1368 1379 1365 1326 1312 1325
543.651001 1316 1337 1368 1382 1374 1354 1330 1314 1326
543.664001 1322 1341 1373 1378 1380 1354 1333 1323 1322
543.677002 1312 1335 1362 1368 1373 1353 1339 1301 1320
543.690002 1319 1339 1366 1370 1371 1346 1321 1316 1319
543.703979 1323 1343 1353 1373 1368 1350 1333 1312 1327
543.71698 1325 1342 1349 1365 1351 1346 1328 1322 1319
543.72998 1319 1329 1350 1364 1369 1346 1332 1318 1318
543.744019 1325 1335 1359 1358 1351 1351 1327 1316 1321
543.757019 1320 1334 1361 1362 1358 1338 1319 1321 1318
543.77002 1313 1331 1365 1361 1369 1344 1328 1318 1319
543.78302 1318 1328 1348 1361 1362 1340 1315 1315 1318
543.796997 1315 1334 1360 1359 1346 1351 1331 1315 1314
543.809998 1321 1335 1354 1357 1349 1346 1321 1314 1317
543.822998 1314 1326 1335 1351 1358 1349 1326 1319 1316
543.835999 1309 1330 1348 1354 1355 1339 1315 1323 1322
543.849976 1318 1331 1350 1350 1352 1350 1324 1321 1316
543.862976 1320 1327 1349 1357 1361 1332 1319 1318 1313
543.875977 1313 1327 1340 1359 1356 1334 1328 1311 1321
543.888977 1321 1334 1349 1360 1354 1343 1323 1318 1313
543.903015 1319 1329 1351 1362 1357 1335 1318 1313 1320
543.916016 1320 1338 1352 1365 1356 1349 1329 1319 1316
543.929016 1324 1339 1353 1358 1358 1342 1326 1311 1312
543.942017 1319 1336 1339 1353 1346 1347 1317 1307 1314
543.955994 1321 1330 1348 1364 1353 1338 1324 1315 1322
543.968994 1312 1325 1344 1356 1362 1342 1332 1311 1317
543.981995 1319 1332 1340 1355 1356 1342 1323 1314 1318
543.994995 1321 1330 1346 1356 1346 1343 1326 1317 1310
544.008972 1321 1334 1344 1360 1353 1342 1323 1309 1314
544.021973 1320 1326 1358 1361 1346 1336 1323 1314 1316
544.034973 1314 1330 1345 1352 1355 1331 1322 1317 1311
544.047974 1311 1325 1350 1360 1350 1338 1325 1318 1315
544.062012 1313 1331 1338 1350 1354 1340 1326 1313 1312
544.075012 1315 1328 1334 1356 1357 1337 1318 1316 1315
544.088013 1307 1323 1336 1355 1350 1340 1316 1313 1316
544.101013 1318 1322 1349 1354 1350 1343 1317 1311 1313
544.11499 1315 1328 1342 1357 1348 1332 1321 1316 1321
544.127991 1311 1328 1342 1359 1360 1331 1326 1311 1317
544.140991 1324 1318 1341 1357 1355 1336 1317 1305 1320
544.153992 1318 1320 1348 1349 1356 1339 1328 1313 1316
544.166992 1319 1335 1342 1366 1352 1340 1320 1306 1312
544.18103 1318 1333 1349 1354 1358 1339 1316 1308 1315
544.19397 1315 1328 1337 1361 1347 1332 1313 1310 1313
544.20697 1317 1323 1343 1364 1364 1337 1328 1308 1317
544.219971 1319 1334 1340 1359 1358 1326 1325 1319 1316
544.234009 1322 1327 1342 1355 1350 1336 1319 1322 1308
544.247009 1311 1327 1342 1360 1353 1338 1328 1316 1312
544.26001 1308 1335 1339 1344 1354 1335 1321 1309 1308
544.27301 1310 1329 1335 1359 1356 1338 1322 1313 1319
544.286987 1317 1331 1341 1350 1348 1337 1320 1315 1315
544.299988 1320 1335 1335 1353 1347 1336 1321 1307 1318
544.312988 1318 1325 1340 1348 1351 1328 1320 1309 1317
544.325989 1313 1324 1335 1348 1360 1338 1315 1309 1315
544.338989 1317 1326 1352 1348 1353 1339 1324 1319 1315
544.353027 1311 1331 1354 1356 1353 1340 1324 1307 1314
544.366028 1320 1332 1345 1354 1345 1336 1323 1312 1316
544.379028 1318 1329 1334 1359 1355 1332 1328 1322 1306
544.392029 1317 1331 1343 1349 1351 1330 1325 1310 1310
544.406006 1302 1329 1344 1356 1351 1345 1314 1313 1312
544.419006 1310 1328 1340 1359 1346 1347 1329 1310 1310
544.432007 1315 1329 1343 1357 1353 1333 1319 1309 1318
544.445007 1312 1327 1345 1351 1356 1347 1325 1312 1308
544.458008 1314 1331 1343 1353 1340 1328 1320 1303 1310
544.471985 1312 1322 1339 1348 1358 1342 1325 1318 1318
544.484985 1309 1322 1344 1359 1358 1339 1321 1311 1318
544.497986 1319 1341 1336 1356 1345 1346 1322 1309 1319
544.510986 1310 1322 1339 1347 1349 1336 1326 1310 1314
544.525024 1318 1330 1338 1357 1360 1349 1312 1320 1309
544.538025 1311 1319 1344 1358 1356 1339 1320 1314 1311
544.551025 1317 1329 1334 1353 1371 1344 1330 1311 1308
544.564026 1310 1324 1349 1367 1345 1336 1318 1313 1317
544.577026 1312 1329 1333 1357 1337 1332 1317 1316 1306
544.591003 1316 1346 1343 1361 1362 1338 1314 1307 1317
544.604004 1325 1338 1342 1352 1366 1334 1327 1306 1315
544.617004 1313 1325 1357 1355 1361 1337 1319 1320 1317
544.630005 1318 1335 1360 1365 1341 1341 1317 1311 1322
544.643005 1315 1329 1344 1350 1351 1334 1328 1317 1313
544.656982 1311 1329 1353 1360 1356 1342 1328 1310 1310
544.669983 1306 1327 1344 1357 1344 1334 1328 1310 1309
544.682983 1317 1329 1344 1357 1352 1347 1327 1313 1315
544.695984 1318 1330 1346 1349 1355 1334 1318 1309 1319
544.710022 1309 1329 1341 1353 1352 1337 1322 1301 1316
544.723022 1311 1331 1340 1349 1358 1335 1326 1315 1316
544.736023 1313 1323 1346 1356 1352 1339 1326 1310 1310
544.749023 1317 1332 1342 1344 1356 1346 1320 1315 1319
544.762024 1313 1328 1338 1352 1346 1339 1322 1316 1314
544.776001 1313 1335 1338 1348 1341 1336 1317 1313 1308
544.789001 1311 1324 1343 1360 1349 1335 1319 1309 1316
544.802002 1326 1328 1338 1348 1347 1339 1322 1313 1316
544.815002 1316 1333 1356 1356 1341 1332 1321 1310 1322
544.828003 1318 1335 1334 1358 1347 1339 1313 1311 1317
544.84198 1319 1325 1348 1360 1349 1331 1320 1313 1318
544.85498 1316 1337 1350 1347 1347 1333 1319 1318 1314
544.867981 1312 1323 1357 1364 1359 1341 1319 1313 1319
544.880981 1318 1339 1347 1360 1357 1351 1329 1304 1316
544.893982 1310 1329 1358 1367 1350 1338 1331 1315 1311
544.90802 1320 1333 1345 1356 1357 1342 1322 1322 1321
544.921021 1323 1341 1348 1375 1360 1344 1319 1315 1313
544.934021 1319 1337 1349 1359 1367 1334 1320 1311 1318
544.947021 1310 1328 1351 1348 1367 1340 1330 1307 1307
544.960022 1317 1335 1346 1354 1353 1344 1323 1311 1316
544.973022 1314 1325 1350 1353 1361 1340 1328 1312 1317
544.987 1320 1339 1360 1364 1348 1340 1330 1310 1318
545 1322 1327 1345 1364 1356 1334 1323 1315 1317
545.013 1309 1327 1341 1354 1354 1344 1317 1311 1313
545.026001 1317 1326 1342 1355 1360 1340 1322 1304 1315
545.039001 1311 1330 1355 1367 1355 1336 1322 1306 1310
545.052979 1311 1339 1349 1360 1360 1337 1312 1308 1307
545.065979 1317 1329 1359 1348 1362 1340 1313 1313 1310
545.078979 1312 1330 1348 1361 1353 1341 1324 1310 1314
545.09198 1311 1327 1364 1356 1350 1344 1322 1305 1318
545.10498 1316 1327 1351 1366 1355 1339 1319 1307 1309
545.117981 1310 1321 1349 1363 1353 1357 1324 1314 1309
545.132019 1313 1328 1343 1361 1350 1340 1317 1312 1309
545.14502 1311 1333 1349 1348 1358 1348 1316 1305 1312
545.15802 1317 1336 1359 1356 1353 1342 1320 1316 1313
545.171021 1311 1331 1345 1364 1360 1345 1324 1305 1311
545.184021 1319 1329 1348 1359 1351 1339 1321 1305 1317
545.197998 1309 1322 1354 1362 1353 1336 1318 1303 1315
545.210999 1317 1321 1342 1359 1365 1351 1315 1313 1313
545.223999 1311 1319 1339 1355 1348 1335 1315 1313 1306
545.237 1303 1322 1342 1355 1362 1347 1313 1309 1321
545.25 1312 1323 1348 1358 1359 1339 1319 1309 1309
545.263 1305 1335 1340 1357 1353 1333 1315 1309 1315
545.276978 1316 1333 1350 1354 1348 1338 1332 1313 1316
545.289978 1307 1326 1340 1360 1344 1340 1327 1307 1313
545.302979 1315 1328 1338 1350 1356 1339 1323 1312 1310
545.315979 1311 1324 1333 1357 1353 1331 1323 1305 1308
545.328979 1309 1327 1344 1358 1349 1335 1319 1308 1310
545.34198 1313 1328 1342 1350 1348 1337 1316 1304 1311
545.356018 1312 1322 1343 1363 1351 1329 1314 1306 1306
545.369019 1307 1335 1350 1345 1339 1326 1314 1304 1317
545.382019 1309 1323 1342 1354 1325 1334 1323 1311 1308
545.39502 1314 1323 1335 1339 1340 1336 1312 1308 1301
545.40802 1316 1322 1337 1347 1340 1338 1317 1309 1305
545.421021 1303 1326 1344 1345 1348 1334 1315 1305 1312
545.434998 1302 1324 1331 1345 1343 1328 1314 1301 1307
545.447998 1310 1321 1332 1343 1346 1331 1315 1301 1310
545.460999 1306 1325 1340 1342 1347 1333 1313 1308 1307
545.473999 1308 1325 1336 1349 1329 1335 1310 1306 1306
545.487 1308 1320 1327 1337 1340 1331 1316 1314 1308
545.5 1310 1323 1331 1352 1334 1324 1310 1311 1303
545.513977 1308 1315 1335 1349 1337 1326 1315 1311 1308
545.526978 1313 1328 1337 1350 1330 1331 1309 1307 1306
545.539978 1318 1320 1339 1343 1337 1340 1320 1307 1314
545.552979 1310 1325 1334 1349 1335 1329 1314 1314 1314
545.565979 1312 1323 1342 1351 1344 1328 1316 1307 1308
545.578979 1307 1317 1332 1342 1340 1329 1310 1314 1314
545.593018 1311 1317 1342 1346 1335 1334 1305 1307 1308
545.606018 1313 1316 1334 1341 1332 1326 1322 1302 1304
545.619019 1309 1326 1332 1347 1334 1333 1312 1299 1309
545.632019 1315 1321 1326 1345 1331 1327 1307 1304 1310
545.64502 1313 1322 1334 1339 1342 1322 1319 1304 1302
545.65802 1313 1317 1328 1341 1346 1326 1318 1303 1314
545.671021 1310 1324 1330 1338 1339 1319 1308 1304 1312
545.684998 1313 1322 1331 1341 1338 1325 1312 1306 1300
545.697998 1306 1325 1322 1338 1331 1328 1318 1315 1310
545.710999 1302 1318 1336 1341 1343 1338 1317 1303 1304
545.723999 1313 1334 1340 1339 1341 1325 1317 1304 1312
545.737 1304 1313 1335 1339 1343 1319 1318 1305 1301
545.75 1311 1323 1324 1346 1331 1320 1321 1307 1314
545.763 1308 1309 1331 1336 1336 1323 1318 1313 1306
545.776978 1312 1319 1331 1352 1342 1325 1319 1307 1299
545.789978 1313 1321 1337 1340 1330 1319 1313 1303 1303
545.802979 1300 1319 1325 1335 1343 1331 1316 1302 1313
545.815979 1306 1323 1327 1339 1335 1327 1324 1308 1315
545.828979 1314 1306 1328 1338 1329 1328 1309 1309 1309
545.84198 1310 1314 1335 1347 1340 1324 1318 1313 1309
545.85498 1312 1318 1331 1346 1328 1323 1316 1299 1309
545.869019 1309 1316 1327 1338 1337 1318 1315 1297 1306
545.882019 1310 1313 1326 1349 1331 1320 1310 1307 1309
545.89502 1304 1318 1325 1341 1342 1325 1308 1305 1306
545.90802 1308 1315 1327 1339 1322 1330 1313 1307 1304
545.921021 1304 1315 1326 1342 1332 1324 1313 1309 1311
545.934021 1307 1322 1328 1335 1324 1322 1310 1307 1303
545.947021 1302 1318 1332 1336 1337 1330 1314 1312 1305
545.960022 1309 1315 1327 1338 1337 1318 1312 1305 1302
545.973999 1303 1314 1329 1332 1328 1324 1314 1312 1308
545.987 1313 1316 1328 1327 1328 1317 1306 1312 1306
546 1309 1321 1333 1336 1335 1337 1318 1300 1317
546.013 1309 1318 1327 1338 1337 1323 1320 1307 1314
546.026001 1307 1325 1328 1332 1322 1329 1313 1310 1302
546.039001 1308 1316 1332 1338 1317 1321 1304 1305 1308
546.052002 1298 1320 1317 1338 1335 1323 1310 1302 1307
546.065002 1302 1310 1323 1335 1328 1323 1317 1294 1304
546.078979 1309 1320 1327 1333 1331 1329 1314 1302 1305
546.09198 1310 1322 1327 1332 1332 1329 1308 1297 1316
546.10498 1304 1312 1326 1337 1335 1318 1312 1307 1305
546.117981 1301 1313 1326 1326 1332 1333 1311 1302 1301
546.130981 1309 1316 1328 1328 1330 1324 1311 1309 1301
546.143982 1304 1312 1324 1329 1331 1317 1309 1300 1308
546.156982 1316 1315 1320 1325 1328 1314 1314 1308 1303
546.169983 1308 1315 1329 1336 1327 1328 1310 1302 1307
546.184021 1314 1315 1324 1336 1324 1317 1308 1305 1314
546.197021 1305 1318 1331 1327 1326 1319 1320 1301 1303
546.210022 1307 1316 1324 1337 1334 1325 1312 1301 1312
546.223022 1303 1316 1327 1326 1329 1325 1309 1304 1305
546.236023 1297 1318 1322 1332 1334 1325 1308 1306 1304
546.249023 1316 1312 1329 1330 1329 1326 1309 1300 1305
546.262024 1308 1318 1324 1339 1326 1320 1307 1303 1302
546.275024 1307 1313 1322 1339 1333 1324 1302 1307 1302
546.289001 1311 1314 1324 1330 1325 1326 1312 1301 1307
546.302002 1303 1312 1329 1333 1328 1313 1313 1303 1309
546.315002 1301 1307 1330 1327 1327 1315 1309 1307 1305
546.328003 1308 1313 1328 1323 1330 1318 1309 1302 1313
546.341003 1302 1311 1327 1335 1342 1325 1307 1302 1305
546.354004 1305 1323 1319 1334 1324 1322 1302 1307 1303
546.367004 1307 1311 1331 1333 1335 1316 1313 1301 1303
546.380005 1302 1324 1325 1325 1325 1320 1307 1305 1311
546.393005 1297 1311 1317 1334 1335 1320 1309 1306 1312
546.406006 1311 1319 1319 1336 1325 1317 1304 1308 1303
546.419983 1301 1316 1320 1330 1323 1326 1310 1300 1305
546.432983 1310 1313 1314 1324 1325 1317 1309 1301 1301
546.445984 1306 1317 1311 1335 1327 1321 1308 1306 1306
546.458984 1300 1313 1315 1323 1317 1328 1310 1306 1303
546.471985 1306 1315 1328 1330 1324 1316 1306 1312 1307
546.484985 1310 1306 1319 1336 1331 1320 1310 1303 1307
546.497986 1304 1305 1325 1326 1320 1316 1314 1306 1304
546.510986 1308 1315 1329 1323 1322 1330 1304 1307 1303
546.523987 1304 1316 1325 1333 1324 1318 1311 1302 1299
546.536987 1304 1307 1319 1337 1324 1316 1311 1304 1305
546.551025 1309 1307 1318 1329 1329 1320 1308 1308 1298
546.564026 1301 1318 1327 1329 1327 1324 1302 1306 1305
546.577026 1296 1319 1322 1331 1320 1316 1308 1305 1296
546.590027 1305 1317 1319 1322 1333 1315 1307 1302 1306
546.603027 1311 1311 1321 1327 1322 1324 1315 1299 1307
546.616028 1301 1308 1320 1327 1326 1319 1313 1301 1308
546.629028 1304 1317 1323 1337 1327 1320 1301 1297 1306
546.642029 1302 1311 1333 1325 1326 1315 1307 1306 1303
546.655029 1309 1323 1326 1329 1328 1313 1312 1311 1308
546.66803 1304 1307 1329 1332 1324 1316 1312 1297 1302
546.682007 1316 1307 1319 1332 1325 1328 1303 1308 1309
546.695007 1302 1308 1317 1322 1327 1323 1308 1303 1299
546.708008 1305 1319 1319 1329 1333 1316 1306 1302 1304
546.721008 1308 1316 1323 1325 1322 1312 1304 1305 1304
546.734009 1305 1314 1324 1330 1321 1317 1306 1298 1304
546.747009 1304 1310 1315 1323 1326 1320 1315 1307 1305
546.76001 1300 1309 1314 1330 1329 1313 1307 1301 1305
546.77301 1297 1314 1322 1327 1322 1318 1309 1309 1302
546.786011 1298 1320 1320 1323 1330 1320 1297 1296 1296
546.799011 1306 1314 1322 1328 1326 1322 1306 1310 1306
546.812012 1302 1315 1316 1332 1326 1320 1304 1297 1302
546.825012 1307 1312 1327 1322 1319 1314 1306 1298 1308
546.838989 1305 1307 1328 1338 1324 1313 1310 1310 1302
546.85199 1304 1309 1307 1325 1328 1319 1300 1305 1303
546.86499 1300 1316 1315 1325 1315 1325 1304 1310 1304
546.877991 1307 1312 1313 1321 1320 1313 1306 1301 1300
546.890991 1311 1314 1326 1323 1329 1319 1313 1295 1302
546.903992 1306 1309 1320 1323 1325 1317 1308 1305 1308
546.916992 1299 1314 1322 1324 1323 1316 1311 1304 1308
546.929993 1300 1310 1312 1319 1322 1316 1313 1305 1309
546.942993 1313 1306 1318 1326 1316 1309 1302 1314 1307
546.955994 1307 1314 1321 1330 1319 1312 1309 1306 1301
546.968994 1297 1306 1307 1320 1320 1326 1309 1301 1305
546.981995 1314 1313 1320 1330 1320 1322 1303 1300 1310
546.994995 1299 1311 1320 1323 1329 1317 1308 1301 1307
547.007996 1307 1315 1317 1322 1320 1318 1312 1304 1304
547.020996 1308 1316 1315 1333 1321 1323 1309 1310 1307
547.034973 1308 1310 1318 1324 1319 1315 1300 1305 1305
547.047974 1307 1310 1314 1330 1325 1320 1301 1305 1307
547.060974 1304 1312 1311 1323 1324 1315 1303 1304 1306
547.073975 1303 1313 1324 1325 1323 1315 1310 1309 1309
547.086975 1315 1310 1317 1319 1332 1324 1312 1307 1309
547.099976 1309 1316 1322 1317 1326 1317 1322 1305 1300
547.112976 1319 1316 1312 1311 1325 1319 1316 1309 1303
547.125977 1307 1315 1322 1325 1324 1320 1314 1314 1306
547.138977 1317 1309 1314 1320 1324 1318 1316 1310 1310
547.151978 1314 1307 1312 1317 1311 1315 1314 1312 1316
547.164978 1315 1313 1321 1323 1316 1318 1309 1312 1308
547.177979 1309 1310 1318 1323 1320 1318 1316 1308 1305
547.190979 1314 1313 1318 1330 1316 1320 1311 1306 1306
547.203979 1315 1308 1315 1316 1319 1320 1311 1307 1316
547.21698 1309 1310 1310 1317 1314 1314 1310 1309 1307
547.22998 1304 1321 1316 1321 1320 1319 1313 1314 1307
547.244019 1306 1312 1322 1321 1313 1321 1314 1306 1309
547.257019 1316 1308 1323 1326 1309 1319 1310 1311 1308
547.27002 1314 1311 1314 1328 1315 1315 1311 1317 1311
547.28302 1310 1314 1312 1319 1319 1325 1310 1315 1311
547.296021 1316 1317 1323 1318 1319 1320 1313 1312 1308
547.309021 1312 1317 1321 1329 1327 1317 1311 1313 1316
547.322021 1312 1320 1325 1323 1323 1321 1308 1316 1311
547.335022 1309 1316 1316 1323 1324 1323 1318 1311 1316
547.348022 1312 1312 1327 1318 1317 1324 1319 1314 1315
547.361023 1316 1315 1321 1323 1316 1324 1323 1316 1321
547.374023 1312 1318 1323 1325 1324 1315 1326 1318 1319
547.387024 1335 1312 1312 1325 1328 1324 1331 1320 1314
547.400024 1327 1321 1328 1330 1325 1313 1320 1322 1322
547.413025 1322 1322 1321 1313 1323 1317 1312 1331 1329
547.426025 1320 1319 1320 1319 1325 1317 1327 1345 1334
547.439026 1328 1328 1313 1326 1320 1323 1329 1338 1327
547.452026 1327 1324 1319 1318 1318 1324 1338 1337 1338
547.465027 1347 1341 1323 1322 1326 1325 1340 1345 1342
547.478027 1343 1346 1319 1321 1323 1329 1339 1355 1351
547.491028 1349 1341 1329 1324 1326 1326 1360 1349 1363
547.504028 1363 1333 1337 1322 1324 1343 1368 1361 1366
547.518005 1368 1345 1342 1320 1334 1348 1368 1385 1381
547.531006 1389 1369 1331 1320 1320 1353 1364 1394 1390
547.544006 1401 1367 1337 1321 1334 1341 1403 1414 1409
547.557007 1419 1384 1343 1326 1327 1363 1425 1443 1436
547.570007 1453 1405 1353 1328 1331 1388 1462 1494 1481
547.583008 1483 1429 1365 1322 1338 1401 1486 1523 1503
547.596008 1522 1443 1379 1326 1341 1417 1524 1571 1573
547.609009 1585 1478 1389 1326 1352 1443 1570 1612 1598
547.622009 1612 1500 1395 1323 1359 1475 1598 1677 1652
547.63501 1672 1545 1406 1329 1354 1492 1632 1719 1678
547.64801 1698 1546 1408 1335 1363 1479 1648 1704 1707
547.661011 1687 1563 1411 1321 1361 1495 1628 1721 1685
547.674011 1691 1559 1415 1326 1363 1491 1621 1713 1671
547.687012 1669 1563 1398 1328 1360 1498 1617 1692 1660
547.700012 1632 1546 1394 1331 1351 1463 1576 1635 1637
547.713013 1609 1506 1391 1320 1351 1449 1543 1603 1574
547.726013 1551 1484 1381 1324 1336 1420 1504 1563 1545
547.739014 1503 1441 1372 1329 1328 1402 1486 1517 1499
547.752014 1464 1425 1365 1312 1332 1372 1456 1471 1458
547.765015 1436 1402 1351 1332 1326 1370 1432 1443 1428
547.778015 1417 1390 1336 1321 1327 1358 1405 1424 1411
547.791016 1401 1369 1337 1330 1324 1357 1393 1406 1386
547.804016 1401 1363 1330 1319 1323 1340 1365 1379 1373
547.817017 1381 1348 1337 1317 1322 1343 1358 1373 1374
547.830017 1360 1343 1321 1315 1314 1330 1352 1363 1346
547.843018 1354 1341 1328 1324 1320 1334 1352 1360 1345
547.856018 1347 1335 1321 1319 1318 1329 1342 1346 1337
547.869019 1334 1335 1323 1311 1319 1327 1331 1346 1342
547.882019 1339 1327 1327 1314 1322 1325 1324 1348 1333
547.89502 1338 1327 1322 1312 1319 1317 1329 1331 1334
547.90802 1323 1326 1320 1319 1312 1316 1326 1328 1328
547.921021 1331 1323 1320 1314 1312 1319 1320 1327 1324
547.934021 1327 1318 1313 1324 1322 1319 1323 1325 1320
547.947021 1323 1311 1314 1313 1323 1315 1318 1322 1328
547.960022 1317 1327 1320 1316 1320 1316 1318 1328 1315
547.973022 1310 1320 1311 1314 1312 1324 1311 1314 1317
547.986023 1319 1312 1315 1317 1319 1317 1307 1313 1317
547.999023 1315 1320 1322 1313 1310 1321 1315 1326 1306
548.012024 1306 1320 1307 1318 1312 1323 1319 1318 1315
548.025024 1321 1313 1307 1321 1309 1321 1310 1319 1310
548.038025 1317 1316 1316 1309 1314 1308 1309 1312 1314
548.051025 1316 1317 1311 1317 1317 1313 1316 1300 1308
548.064026 1308 1320 1304 1315 1315 1318 1311 1313 1313
548.077026 1311 1322 1316 1318 1305 1313 1309 1306 1303
548.090027 1307 1304 1319 1315 1314 1309 1308 1310 1315
548.103027 1300 1311 1309 1320 1323 1314 1312 1304 1301
548.116028 1314 1309 1306 1319 1313 1307 1310 1303 1309
548.129028 1306 1310 1317 1310 1318 1315 1310 1307 1304
548.142029 1313 1305 1318 1321 1318 1305 1310 1297 1301
548.155029 1308 1308 1311 1311 1313 1308 1306 1306 1306
548.16803 1306 1313 1309 1311 1309 1310 1310 1303 1304
548.18103 1305 1309 1309 1320 1314 1316 1303 1308 1304
548.19397 1311 1314 1307 1310 1314 1306 1306 1305 1305
548.20697 1308 1308 1319 1307 1315 1311 1310 1305 1307
548.219971 1305 1304 1312 1312 1321 1310 1312 1306 1302
548.232971 1300 1305 1306 1314 1315 1317 1302 1296 1300
548.245972 1305 1312 1313 1310 1315 1307 1302 1301 1309
548.258972 1305 1313 1311 1313 1318 1306 1305 1303 1309
548.271973 1301 1303 1307 1308 1314 1311 1310 1294 1306
548.284973 1303 1310 1310 1318 1307 1311 1297 1301 1309
548.297974 1297 1301 1304 1315 1318 1303 1308 1298 1302
548.310974 1303 1304 1313 1306 1318 1314 1303 1302 1299
548.323975 1299 1298 1311 1317 1318 1313 1311 1296 1300
548.336975 1308 1312 1310 1319 1308 1302 1299 1303 1297
548.349976 1296 1314 1316 1312 1314 1305 1306 1301 1304
548.362976 1297 1310 1315 1312 1315 1314 1308 1294 1298
548.375977 1296 1305 1303 1315 1320 1304 1303 1300 1294
548.388977 1302 1306 1309 1317 1314 1308 1310 1304 1298
548.401978 1300 1304 1315 1310 1313 1307 1308 1298 1308
548.414978 1304 1306 1317 1320 1303 1304 1307 1302 1300
548.427979 1302 1303 1306 1316 1314 1307 1310 1306 1306
548.440979 1301 1298 1311 1307 1314 1306 1309 1304 1297
548.453979 1302 1298 1307 1320 1308 1308 1307 1294 1295
548.46698 1294 1306 1307 1318 1319 1307 1301 1305 1298
548.47998 1297 1308 1312 1316 1311 1307 1296 1301 1303
548.492981 1301 1299 1307 1306 1316 1306 1300 1299 1296
548.505981 1306 1316 1312 1314 1310 1301 1303 1295 1295
548.518982 1298 1305 1314 1315 1313 1306 1306 1292 1303
548.531982 1301 1304 1310 1316 1309 1312 1297 1297 1297
548.544983 1299 1306 1311 1301 1319 1310 1299 1295 1299
548.557983 1298 1308 1312 1314 1309 1304 1292 1295 1298
548.570984 1298 1306 1311 1314 1314 1306 1304 1303 1293
548.583984 1299 1307 1309 1310 1310 1308 1306 1299 1297
548.596985 1297 1310 1313 1310 1309 1305 1299 1302 1303
548.609985 1298 1303 1315 1309 1311 1312 1307 1297 1296
548.622986 1303 1304 1312 1310 1321 1303 1299 1303 1296
548.635986 1297 1305 1308 1311 1310 1311 1308 1297 1303
548.648987 1301 1305 1312 1314 1315 1309 1302 1298 1301
548.661987 1307 1306 1310 1315 1315 1307 1299 1301 1300
548.674988 1301 1309 1311 1307 1313 1308 1300 1299 1299
548.687988 1311 1307 1315 1317 1316 1316 1303 1299 1301
548.700989 1306 1305 1316 1319 1318 1312 1304 1303 1298
548.713989 1303 1308 1310 1318 1315 1314 1304 1295 1299
548.72699 1296 1309 1321 1325 1314 1305 1304 1306 1302
548.739014 1303 1308 1320 1313 1317 1310 1305 1306 1306
