0 11.25 22.5 33.75 45 56.25 67.5 78.75 90
535.080017 1270 1267 1270 1266 1270 1268 1265 1267 1268
535.093994 1266 1264 1268 1265 1267 1266 1269 1263 1270
535.106995 1261 1267 1266 1270 1269 1267 1267 1263 1267
535.120972 1264 1270 1263 1264 1270 1269 1268 1267 1264
535.13501 1264 1265 1264 1267 1268 1269 1267 1266 1265
535.148987 1268 1269 1265 1264 1266 1266 1266 1262 1263
535.161987 1267 1263 1265 1268 1267 1267 1264 1267 1264
535.176025 1264 1263 1266 1267 1265 1270 1268 1260 1265
535.190002 1263 1263 1269 1266 1264 1270 1267 1262 1266
535.203003 1263 1268 1265 1261 1267 1266 1268 1263 1265
535.21698 1265 1268 1265 1265 1267 1261 1267 1261 1265
535.231018 1265 1267 1264 1262 1269 1264 1265 1265 1265
535.244995 1266 1268 1265 1264 1265 1262 1267 1265 1266
535.257996 1266 1267 1268 1267 1265 1266 1265 1263 1265
535.271973 1264 1263 1267 1267 1265 1266 1266 1262 1267
535.286011 1265 1263 1267 1265 1268 1266 1266 1260 1267
535.299011 1264 1265 1264 1263 1266 1267 1268 1263 1266
535.312988 1264 1267 1267 1264 1263 1265 1265 1269 1265
535.327026 1265 1264 1262 1264 1264 1265 1263 1263 1266
535.341003 1266 1263 1266 1266 1265 1266 1262 1268 1265
535.354004 1265 1265 1265 1263 1262 1262 1264 1264 1268
535.367981 1263 1264 1266 1266 1267 1264 1267 1265 1268
535.382019 1264 1264 1264 1265 1264 1266 1266 1263 1267
535.39502 1264 1264 1268 1264 1268 1263 1264 1265 1266
535.408997 1265 1268 1264 1265 1264 1263 1262 1265 1264
535.422974 1266 1266 1266 1265 1262 1264 1263 1264 1265
535.435974 1266 1268 1266 1267 1263 1263 1264 1266 1266
535.450012 1264 1263 1265 1263 1262 1263 1263 1266 1264
535.463989 1262 1259 1266 1267 1266 1268 1267 1264 1261
535.478027 1262 1266 1266 1265 1265 1265 1266 1265 1264
535.491028 1262 1265 1264 1263 1265 1264 1264 1265 1268
535.505005 1262 1266 1266 1266 1265 1265 1264 1265 1261
535.518982 1263 1263 1264 1265 1266 1268 1264 1265 1264
535.531982 1265 1263 1264 1265 1262 1263 1263 1265 1266
535.546021 1266 1265 1264 1266 1264 1268 1262 1264 1267
535.559998 1264 1263 1264 1265 1265 1264 1264 1264 1265
535.572998 1265 1260 1263 1264 1263 1266 1266 1265 1266
535.586975 1261 1269 1267 1265 1264 1263 1267 1267 1264
535.601013 1265 1265 1264 1265 1266 1263 1265 1264 1264
535.61499 1263 1264 1264 1265 1264 1264 1264 1264 1264
535.627991 1265 1263 1264 1262 1265 1266 1264 1268 1266
535.642029 1263 1263 1269 1268 1266 1266 1267 1264 1268
535.656006 1265 1262 1265 1265 1266 1263 1267 1262 1263
535.669006 1261 1261 1264 1262 1263 1267 1267 1261 1266
535.682983 1261 1263 1266 1261 1265 1264 1265 1260 1266
535.697021 1265 1266 1264 1263 1265 1265 1265 1266 1266
535.710022 1263 1266 1265 1264 1264 1266 1262 1266 1265
535.723999 1265 1262 1266 1264 1267 1266 1261 1263 1263
535.737976 1266 1261 1263 1267 1266 1264 1264 1263 1265
535.750977 1268 1263 1263 1266 1264 1266 1264 1264 1265
535.765015 1267 1264 1263 1266 1265 1265 1261 1265 1265
535.778992 1267 1264 1265 1266 1267 1263 1265 1263 1265
535.791992 1267 1265 1261 1264 1266 1261 1264 1266 1265
535.80603 1261 1267 1261 1262 1263 1263 1264 1264 1264
535.820007 1264 1265 1264 1265 1264 1261 1263 1266 1264
535.833984 1264 1264 1266 1264 1262 1267 1265 1267 1266
535.846985 1264 1264 1265 1265 1263 1264 1262 1263 1264
535.861023 1265 1264 1262 1265 1264 1261 1266 1261 1265
535.875 1263 1264 1264 1264 1264 1264 1265 1264 1262
535.888 1266 1265 1263 1264 1266 1263 1264 1264 1263
535.901978 1265 1267 1266 1267 1267 1266 1264 1264 1264
535.916016 1264 1263 1265 1265 1265 1267 1265 1264 1265
535.929016 1267 1264 1261 1266 1266 1265 1261 1263 1263
535.942993 1264 1266 1263 1267 1264 1264 1263 1262 1263
535.95697 1267 1267 1266 1265 1264 1264 1265 1264 1265
535.969971 1264 1265 1264 1264 1266 1263 1266 1265 1267
535.984009 1262 1267 1265 1261 1263 1265 1263 1267 1265
535.997986 1263 1263 1265 1268 1265 1263 1262 1266 1261
536.010986 1264 1264 1267 1268 1262 1263 1262 1268 1264
536.025024 1266 1263 1264 1266 1265 1264 1262 1268 1265
536.039001 1266 1263 1265 1264 1266 1265 1264 1262 1266
536.052002 1265 1264 1266 1264 1264 1264 1266 1263 1267
536.065979 1259 1265 1263 1266 1266 1263 1266 1264 1263
536.080017 1262 1266 1266 1265 1263 1264 1264 1268 1265
536.093018 1265 1267 1265 1265 1269 1266 1262 1266 1267
536.106995 1265 1268 1263 1266 1263 1268 1264 1267 1268
536.120972 1265 1264 1264 1266 1266 1265 1267 1265 1265
536.133972 1266 1264 1266 1267 1263 1263 1260 1261 1262
536.14801 1263 1265 1267 1264 1262 1265 1263 1263 1262
536.161987 1261 1266 1263 1262 1264 1263 1264 1265 1263
536.174988 1263 1264 1264 1264 1265 1265 1265 1264 1266
536.189026 1265 1266 1263 1266 1264 1263 1261 1264 1264
536.203003 1263 1262 1265 1265 1263 1263 1264 1266 1266
536.216003 1266 1265 1264 1264 1260 1265 1268 1265 1265
536.22998 1264 1263 1265 1266 1264 1267 1264 1264 1267
536.244019 1262 1265 1262 1266 1265 1264 1265 1266 1266
536.257019 1262 1262 1263 1263 1262 1263 1264 1263 1264
536.270996 1269 1262 1264 1263 1264 1264 1263 1266 1268
536.284973 1263 1266 1262 1266 1267 1264 1265 1263 1264
536.297974 1269 1264 1263 1267 1262 1267 1264 1264 1266
536.312012 1267 1265 1266 1266 1265 1263 1264 1265 1267
536.325989 1264 1262 1267 1264 1265 1264 1265 1262 1263
536.338989 1265 1267 1265 1261 1266 1263 1264 1266 1261
536.353027 1263 1267 1265 1264 1264 1262 1261 1264 1267
536.367004 1265 1263 1264 1263 1264 1262 1264 1264 1264
536.380005 1263 1266 1266 1265 1266 1262 1263 1263 1267
536.393982 1264 1265 1266 1265 1265 1262 1262 1263 1264
536.40802 1268 1266 1264 1266 1264 1267 1265 1264 1266
536.421021 1268 1264 1264 1263 1264 1265 1265 1264 1265
536.434998 1266 1264 1266 1265 1262 1262 1265 1263 1263
536.448975 1265 1262 1266 1264 1261 1263 1265 1263 1262
536.461975 1263 1264 1263 1263 1262 1265 1264 1264 1260
536.476013 1264 1262 1269 1266 1267 1266 1260 1264 1264
536.48999 1265 1265 1265 1266 1266 1265 1262 1264 1262
536.502991 1267 1266 1264 1266 1264 1263 1265 1264 1266
536.517029 1265 1265 1264 1265 1265 1265 1267 1264 1264
536.530029 1264 1263 1263 1265 1263 1265 1267 1263 1265
536.544006 1261 1267 1265 1264 1265 1264 1266 1262 1265
536.557983 1263 1264 1264 1264 1264 1263 1261 1266 1263
536.570984 1266 1265 1263 1264 1265 1267 1264 1264 1264
536.585022 1266 1264 1264 1267 1262 1266 1260 1266 1263
536.598999 1266 1265 1264 1266 1264 1266 1264 1263 1264
536.612 1263 1263 1265 1268 1263 1269 1267 1265 1261
536.625977 1263 1264 1264 1262 1263 1265 1262 1263 1264
536.640015 1264 1266 1263 1263 1266 1268 1264 1263 1261
536.653015 1263 1264 1263 1267 1266 1263 1264 1264 1265
536.666992 1263 1266 1262 1264 1267 1264 1262 1264 1268
536.68103 1267 1264 1265 1262 1267 1265 1265 1266 1265
536.69397 1267 1264 1263 1266 1264 1265 1262 1264 1267
536.708008 1264 1261 1264 1269 1263 1263 1266 1266 1262
536.721008 1260 1265 1265 1267 1263 1263 1266 1259 1264
536.734985 1262 1266 1263 1261 1263 1264 1265 1261 1263
536.749023 1263 1262 1265 1262 1265 1261 1264 1265 1264
536.762024 1263 1266 1262 1263 1265 1266 1260 1262 1265
536.776001 1266 1264 1261 1265 1261 1267 1266 1265 1266
536.789978 1269 1264 1262 1262 1265 1264 1265 1265 1263
536.802979 1264 1265 1263 1263 1265 1266 1263 1265 1264
536.817017 1266 1265 1264 1264 1263 1263 1264 1265 1265
536.830994 1261 1266 1268 1263 1263 1265 1262 1262 1263
536.843994 1263 1265 1265 1265 1268 1265 1265 1265 1266
536.857971 1265 1265 1265 1263 1264 1264 1264 1267 1265
536.870972 1266 1263 1266 1265 1265 1265 1263 1264 1266
536.88501 1265 1264 1264 1263 1263 1265 1264 1265 1266
536.898987 1265 1265 1267 1265 1265 1264 1270 1261 1264
536.911987 1263 1264 1266 1265 1265 1265 1265 1264 1266
536.926025 1264 1265 1263 1264 1264 1265 1264 1265 1262
536.940002 1265 1263 1264 1264 1266 1264 1265 1264 1266
536.953003 1263 1265 1269 1266 1266 1265 1265 1264 1265
536.96698 1266 1267 1265 1268 1267 1265 1264 1263 1263
536.97998 1267 1268 1268 1262 1263 1265 1261 1263 1264
536.994019 1265 1261 1265 1263 1266 1263 1263 1264 1263
537.007996 1265 1263 1261 1265 1261 1266 1265 1260 1265
537.020996 1263 1266 1264 1265 1264 1266 1264 1263 1261
537.034973 1265 1266 1265 1265 1263 1264 1265 1264 1263
537.049011 1265 1267 1264 1267 1265 1266 1263 1264 1262
537.062012 1266 1267 1263 1265 1267 1266 1263 1265 1266
537.075989 1264 1266 1262 1267 1262 1266 1265 1262 1266
537.088989 1264 1264 1267 1265 1264 1266 1269 1263 1266
537.103027 1268 1261 1268 1266 1268 1261 1264 1264 1267
537.117004 1263 1267 1264 1268 1266 1265 1265 1265 1265
537.130005 1262 1266 1265 1265 1264 1265 1263 1267 1263
537.143982 1262 1267 1265 1267 1265 1268 1265 1265 1266
537.15802 1267 1267 1267 1269 1267 1265 1266 1266 1270
537.171021 1268 1266 1265 1264 1267 1265 1267 1265 1265
537.184998 1268 1266 1268 1263 1266 1270 1264 1268 1266
537.197998 1263 1265 1266 1268 1265 1266 1265 1267 1263
537.211975 1264 1266 1265 1267 1269 1266 1268 1263 1264
537.226013 1261 1266 1267 1266 1268 1268 1266 1264 1269
537.239014 1272 1273 1273 1272 1271 1271 1270 1274 1273
537.252991 1270 1268 1268 1268 1264 1268 1267 1268 1270
537.265991 1267 1263 1264 1264 1267 1273 1270 1269 1266
537.280029 1265 1266 1265 1266 1267 1270 1268 1267 1266
537.294006 1270 1267 1269 1269 1267 1269 1270 1267 1267
537.307007 1268 1270 1268 1271 1266 1273 1267 1270 1265
537.320984 1268 1268 1275 1271 1272 1272 1269 1267 1270
537.333984 1273 1272 1271 1275 1273 1274 1272 1269 1274
537.348022 1272 1274 1274 1272 1273 1274 1273 1274 1276
537.362 1271 1271 1274 1273 1273 1274 1269 1271 1277
537.375 1278 1274 1274 1279 1276 1274 1277 1276 1276
537.388977 1273 1274 1275 1278 1276 1274 1275 1273 1268
537.403015 1273 1267 1273 1273 1271 1278 1272 1270 1270
537.416016 1267 1272 1276 1273 1275 1273 1270 1271 1271
537.429993 1269 1273 1277 1270 1271 1271 1271 1271 1272
537.442993 1272 1269 1272 1276 1275 1275 1269 1269 1271
537.45697 1271 1271 1271 1271 1267 1272 1267 1266 1270
537.471008 1269 1269 1268 1269 1268 1268 1273 1264 1264
537.484009 1266 1271 1272 1268 1269 1272 1268 1267 1271
537.497986 1265 1270 1266 1269 1271 1271 1267 1266 1267
537.510986 1267 1268 1271 1272 1268 1272 1267 1269 1266
537.525024 1267 1268 1271 1270 1269 1269 1268 1271 1266
537.539001 1267 1269 1273 1271 1270 1266 1270 1266 1267
537.552002 1268 1270 1270 1269 1269 1268 1270 1269 1269
537.565979 1267 1268 1268 1274 1271 1275 1269 1267 1268
537.578979 1266 1266 1269 1271 1270 1269 1270 1267 1268
537.593018 1266 1271 1269 1270 1273 1271 1269 1268 1264
537.606995 1270 1268 1267 1274 1274 1271 1270 1267 1269
537.619995 1268 1270 1274 1269 1272 1270 1268 1267 1268
537.633972 1270 1268 1272 1272 1271 1271 1270 1269 1271
537.646973 1269 1271 1274 1276 1270 1271 1272 1273 1273
537.661011 1267 1276 1269 1274 1272 1271 1268 1268 1270
537.674011 1268 1270 1273 1272 1273 1273 1270 1270 1268
537.687988 1273 1271 1272 1276 1272 1271 1272 1271 1268
537.702026 1270 1274 1275 1271 1275 1275 1273 1275 1270
537.715027 1267 1269 1269 1270 1271 1271 1270 1270 1269
537.729004 1269 1267 1270 1276 1273 1277 1274 1270 1272
537.742004 1273 1274 1277 1275 1274 1273 1271 1271 1273
537.755981 1272 1276 1275 1274 1277 1277 1272 1267 1274
537.77002 1273 1271 1274 1274 1274 1278 1272 1270 1271
537.78302 1273 1274 1272 1276 1276 1272 1276 1272 1272
537.796997 1273 1272 1276 1277 1275 1274 1273 1267 1273
537.809998 1273 1271 1276 1282 1279 1272 1267 1273 1268
537.823975 1274 1273 1272 1282 1275 1277 1274 1276 1274
537.836975 1272 1275 1277 1275 1278 1275 1272 1273 1274
537.851013 1277 1278 1275 1282 1283 1276 1276 1277 1276
537.86499 1273 1273 1280 1280 1278 1277 1276 1274 1270
537.877991 1274 1274 1278 1281 1277 1278 1275 1280 1273
537.892029 1278 1277 1284 1283 1284 1279 1274 1271 1271
537.905029 1274 1277 1281 1280 1284 1276 1281 1274 1275
537.919006 1276 1273 1279 1283 1282 1280 1275 1274 1276
537.932007 1276 1277 1281 1285 1274 1281 1274 1278 1281
537.945984 1276 1279 1289 1290 1284 1281 1282 1273 1275
537.960022 1275 1276 1278 1278 1288 1277 1281 1273 1275
537.973022 1278 1281 1282 1285 1289 1281 1280 1276 1281
537.987 1278 1276 1283 1287 1284 1282 1283 1277 1281
538 1276 1280 1286 1286 1286 1284 1281 1277 1280
538.013977 1277 1277 1293 1291 1283 1283 1282 1279 1282
538.028015 1280 1282 1286 1282 1285 1285 1278 1281 1276
538.041016 1282 1283 1285 1289 1287 1282 1283 1280 1278
538.054993 1278 1289 1285 1290 1290 1289 1282 1280 1274
538.067993 1280 1281 1294 1288 1287 1288 1280 1282 1278
538.08197 1279 1282 1288 1290 1292 1288 1280 1281 1284
538.094971 1285 1284 1283 1296 1287 1286 1286 1286 1284
538.109009 1285 1280 1281 1289 1289 1292 1287 1280 1285
538.122009 1284 1286 1291 1291 1293 1286 1283 1281 1280
538.135986 1285 1289 1288 1291 1293 1285 1285 1280 1279
538.150024 1279 1290 1294 1295 1293 1292 1283 1284 1286
538.163025 1281 1294 1281 1290 1291 1286 1279 1287 1286
538.177002 1293 1289 1295 1304 1298 1293 1289 1283 1283
538.190002 1283 1289 1297 1298 1291 1292 1287 1284 1288
538.203979 1293 1292 1297 1298 1298 1292 1291 1291 1284
538.21698 1287 1295 1295 1298 1305 1301 1291 1285 1291
538.231018 1284 1292 1295 1306 1297 1289 1291 1292 1287
538.244995 1296 1293 1300 1304 1302 1297 1292 1284 1288
538.257996 1293 1303 1303 1302 1306 1300 1294 1293 1296
538.271973 1291 1294 1303 1302 1302 1301 1293 1286 1294
538.284973 1293 1301 1308 1313 1307 1304 1295 1297 1295
538.299011 1293 1297 1295 1310 1312 1308 1294 1293 1298
538.312012 1301 1307 1307 1309 1305 1304 1299 1294 1292
538.325989 1305 1300 1309 1323 1313 1310 1303 1296 1299
538.338989 1299 1303 1309 1316 1317 1313 1303 1301 1299
538.353027 1304 1308 1320 1308 1314 1315 1305 1305 1312
538.367004 1303 1315 1316 1315 1312 1318 1313 1299 1311
538.380005 1314 1308 1320 1318 1321 1316 1309 1306 1309
538.393982 1302 1322 1313 1319 1317 1315 1310 1305 1312
538.406982 1315 1313 1320 1324 1327 1320 1313 1308 1308
538.421021 1305 1318 1322 1323 1315 1327 1308 1308 1305
538.434021 1314 1318 1319 1320 1325 1321 1316 1305 1311
538.447998 1313 1315 1325 1325 1329 1328 1309 1308 1307
538.460999 1310 1322 1330 1324 1323 1323 1325 1311 1305
538.474976 1309 1325 1328 1323 1327 1325 1317 1308 1312
538.489014 1309 1313 1317 1330 1315 1320 1310 1316 1314
538.502014 1311 1319 1326 1326 1321 1323 1318 1311 1307
538.515991 1310 1307 1320 1323 1323 1323 1315 1319 1307
538.528992 1317 1319 1321 1323 1324 1318 1319 1307 1312
538.54303 1306 1317 1321 1328 1319 1318 1315 1302 1307
538.55603 1306 1312 1317 1319 1328 1320 1307 1300 1310
538.570007 1299 1312 1320 1331 1320 1310 1313 1303 1303
538.583008 1303 1309 1321 1331 1330 1314 1315 1302 1298
538.596985 1307 1317 1325 1332 1320 1322 1310 1305 1309
538.609985 1306 1316 1324 1327 1326 1316 1318 1297 1304
538.624023 1308 1318 1325 1329 1325 1321 1311 1310 1301
538.638 1313 1315 1334 1335 1329 1323 1316 1305 1305
538.651001 1304 1310 1321 1327 1323 1325 1320 1303 1315
538.664978 1309 1304 1317 1332 1332 1321 1306 1311 1311
538.677979 1308 1314 1331 1329 1321 1323 1314 1306 1303
538.692017 1307 1314 1324 1344 1330 1322 1312 1313 1314
538.705017 1307 1316 1328 1336 1328 1326 1309 1306 1308
538.718994 1307 1316 1327 1335 1335 1327 1316 1307 1320
538.731995 1315 1322 1328 1324 1336 1320 1312 1310 1313
538.745972 1311 1312 1331 1329 1336 1335 1318 1310 1308
538.758972 1305 1313 1325 1346 1335 1321 1313 1306 1316
538.77301 1312 1316 1328 1335 1339 1319 1319 1309 1312
538.786011 1307 1318 1323 1341 1330 1324 1317 1312 1313
538.799988 1318 1319 1319 1330 1329 1323 1311 1315 1310
538.812988 1312 1318 1327 1333 1344 1330 1319 1313 1316
538.827026 1315 1319 1332 1335 1335 1329 1313 1313 1319
538.841003 1316 1315 1333 1333 1328 1331 1328 1308 1319
538.854004 1309 1330 1328 1339 1344 1330 1325 1315 1311
538.867981 1315 1324 1333 1344 1341 1323 1327 1314 1316
538.880981 1316 1320 1329 1334 1329 1333 1317 1314 1314
538.89502 1318 1322 1328 1339 1335 1342 1324 1314 1317
538.90802 1314 1317 1334 1339 1349 1332 1316 1315 1318
538.921997 1318 1315 1349 1336 1332 1328 1318 1310 1317
538.934998 1311 1319 1336 1343 1336 1331 1317 1320 1318
538.948975 1317 1323 1339 1337 1340 1339 1318 1319 1321
538.961975 1312 1330 1338 1350 1345 1335 1313 1317 1320
538.976013 1315 1328 1328 1340 1342 1332 1325 1317 1318
538.989014 1315 1330 1335 1349 1347 1329 1315 1314 1327
539.002991 1321 1330 1341 1338 1342 1331 1325 1321 1325
539.015991 1312 1328 1338 1350 1343 1343 1321 1310 1331
539.030029 1325 1324 1337 1350 1345 1331 1325 1318 1312
539.04303 1313 1328 1348 1351 1346 1337 1323 1320 1322
539.057007 1325 1334 1344 1347 1354 1332 1327 1321 1327
539.070007 1331 1327 1350 1360 1345 1344 1325 1321 1327
539.083984 1335 1332 1344 1352 1342 1338 1327 1319 1327
539.096985 1321 1330 1346 1340 1348 1351 1330 1328 1329
539.111023 1322 1330 1350 1356 1349 1345 1328 1325 1325
539.125 1325 1330 1335 1349 1336 1343 1328 1325 1327
539.138 1320 1323 1328 1353 1342 1340 1331 1321 1325
539.151978 1327 1330 1334 1348 1349 1335 1336 1324 1323
539.164978 1316 1326 1341 1349 1335 1338 1319 1315 1316
539.179016 1319 1322 1353 1351 1345 1350 1332 1322 1327
539.192017 1317 1326 1337 1345 1335 1336 1321 1322 1320
539.205994 1309 1325 1337 1341 1339 1331 1327 1311 1322
539.218994 1316 1328 1330 1347 1330 1331 1330 1309 1317
539.232971 1317 1325 1329 1344 1340 1329 1319 1319 1310
539.245972 1310 1327 1329 1346 1336 1319 1323 1315 1317
539.26001 1320 1311 1330 1342 1342 1330 1318 1317 1310
539.27301 1316 1327 1335 1332 1337 1331 1319 1311 1315
539.286987 1315 1321 1344 1341 1337 1334 1320 1314 1316
539.299988 1307 1332 1336 1336 1336 1327 1319 1310 1313
539.314026 1310 1330 1330 1340 1342 1341 1320 1313 1315
539.327026 1307 1329 1332 1336 1337 1337 1311 1321 1313
539.341003 1319 1329 1338 1344 1336 1334 1315 1312 1313
539.354004 1316 1329 1341 1342 1340 1329 1329 1312 1311
539.367981 1311 1314 1341 1331 1337 1332 1310 1319 1319
539.380981 1319 1319 1337 1336 1331 1323 1311 1310 1314
539.39502 1311 1323 1340 1334 1350 1334 1322 1311 1311
539.40802 1327 1320 1334 1342 1330 1333 1316 1313 1310
539.421997 1309 1319 1337 1340 1346 1337 1317 1309 1316
539.434998 1317 1328 1347 1343 1335 1329 1323 1315 1315
539.448975 1313 1326 1336 1347 1341 1330 1317 1315 1305
539.461975 1317 1318 1334 1350 1337 1330 1316 1308 1312
539.476013 1319 1319 1332 1337 1334 1322 1323 1318 1312
539.489014 1310 1325 1340 1350 1349 1335 1324 1306 1313
539.502991 1319 1333 1338 1349 1346 1340 1317 1306 1312
539.515991 1312 1322 1346 1342 1350 1336 1318 1315 1319
539.530029 1314 1327 1346 1356 1351 1340 1327 1312 1315
539.54303 1317 1322 1351 1353 1352 1338 1318 1302 1312
539.557007 1319 1337 1340 1352 1352 1351 1324 1315 1306
539.570007 1322 1325 1348 1355 1364 1347 1322 1310 1313
539.583984 1314 1342 1360 1375 1359 1350 1320 1314 1315
539.596985 1310 1341 1375 1386 1380 1359 1335 1315 1313
539.611023 1324 1358 1382 1423 1409 1373 1331 1320 1327
539.624023 1324 1363 1408 1444 1410 1394 1338 1315 1318
539.638 1334 1378 1430 1461 1435 1405 1352 1316 1320
539.651001 1327 1382 1467 1491 1471 1417 1348 1316 1326
539.664001 1325 1377 1450 1483 1473 1404 1346 1312 1330
539.677979 1323 1368 1446 1469 1468 1415 1356 1312 1316
539.690979 1333 1369 1434 1461 1464 1415 1350 1310 1326
539.705017 1324 1365 1412 1453 1425 1396 1345 1315 1325
539.718018 1318 1350 1396 1420 1416 1383 1343 1315 1322
539.731995 1320 1343 1370 1389 1390 1363 1335 1318 1321
539.744995 1321 1339 1365 1391 1377 1346 1327 1308 1322
539.758972 1321 1328 1364 1370 1364 1354 1324 1308 1327
539.771973 1313 1328 1361 1356 1353 1344 1319 1314 1321
539.786011 1318 1336 1352 1366 1354 1345 1318 1305 1318
539.799011 1314 1332 1348 1351 1347 1342 1316 1316 1320
539.812988 1316 1322 1338 1358 1361 1340 1324 1316 1313
539.825989 1316 1330 1350 1350 1353 1346 1315 1315 1319
539.840027 1326 1337 1349 1347 1345 1345 1318 1309 1314
539.853027 1321 1331 1340 1361 1348 1339 1329 1314 1318
539.867004 1316 1331 1338 1345 1345 1342 1325 1323 1324
539.880005 1316 1329 1343 1348 1345 1331 1328 1307 1309
539.893982 1317 1324 1337 1363 1344 1331 1330 1313 1315
539.906982 1312 1326 1342 1345 1353 1343 1322 1312 1313
539.921021 1318 1331 1346 1356 1359 1335 1322 1318 1319
539.934021 1326 1323 1352 1349 1345 1343 1324 1316 1310
539.947998 1322 1325 1336 1354 1348 1334 1324 1314 1323
539.960999 1322 1323 1345 1350 1340 1343 1324 1309 1313
539.973999 1310 1337 1340 1356 1339 1341 1323 1312 1321
539.987976 1321 1326 1337 1356 1349 1332 1329 1325 1308
540.000977 1317 1323 1336 1353 1347 1340 1320 1321 1318
540.015015 1311 1325 1340 1351 1336 1340 1330 1318 1312
540.028015 1314 1327 1353 1354 1345 1335 1325 1319 1326
540.041992 1327 1337 1337 1359 1344 1332 1322 1312 1320
540.054993 1317 1332 1343 1358 1342 1336 1322 1319 1321
540.06897 1319 1331 1343 1367 1363 1339 1324 1315 1318
540.08197 1320 1332 1346 1354 1346 1336 1316 1314 1327
540.096008 1308 1332 1336 1355 1356 1335 1321 1315 1320
540.109009 1318 1339 1339 1354 1357 1325 1328 1320 1315
540.122986 1316 1325 1351 1346 1346 1345 1320 1317 1311
540.135986 1319 1322 1343 1344 1340 1334 1318 1308 1319
540.150024 1314 1325 1343 1341 1351 1341 1321 1315 1314
540.163025 1318 1332 1344 1341 1350 1348 1322 1314 1327
540.176025 1317 1324 1340 1348 1350 1341 1328 1308 1316
540.190002 1314 1332 1350 1349 1339 1342 1326 1321 1320
540.203003 1328 1326 1347 1356 1348 1333 1326 1315 1317
540.21698 1320 1332 1344 1342 1340 1343 1329 1311 1325
540.22998 1322 1335 1342 1340 1349 1340 1322 1320 1321
540.244019 1321 1329 1338 1351 1349 1329 1324 1322 1315
540.257019 1318 1329 1333 1354 1352 1348 1320 1316 1324
540.270996 1314 1337 1343 1343 1357 1345 1323 1317 1321
540.283997 1317 1341 1343 1349 1348 1330 1331 1321 1313
540.297974 1321 1333 1336 1361 1338 1336 1321 1320 1316
540.310974 1319 1326 1337 1357 1355 1340 1319 1316 1318
540.323975 1317 1326 1351 1361 1340 1333 1322 1308 1316
540.338013 1315 1333 1349 1352 1343 1340 1324 1323 1315
540.351013 1319 1334 1339 1354 1359 1343 1321 1313 1316
540.36499 1324 1336 1336 1354 1345 1329 1322 1312 1318
540.377991 1326 1334 1338 1357 1352 1339 1327 1329 1321
540.392029 1333 1336 1342 1358 1356 1344 1321 1329 1322
540.405029 1327 1335 1351 1361 1363 1346 1332 1326 1329
540.419006 1327 1339 1356 1359 1348 1341 1339 1327 1325
540.432007 1336 1338 1344 1366 1362 1343 1336 1334 1332
540.445007 1334 1343 1353 1338 1347 1344 1334 1342 1330
540.458984 1336 1342 1359 1355 1362 1349 1335 1338 1328
540.471985 1337 1336 1352 1347 1364 1349 1336 1328 1331
540.486023 1330 1334 1345 1368 1350 1351 1332 1335 1331
540.499023 1320 1340 1345 1364 1358 1350 1330 1326 1324
540.513 1325 1342 1351 1356 1351 1340 1335 1328 1324
540.526001 1324 1347 1349 1354 1358 1343 1336 1326 1326
540.539978 1319 1339 1349 1348 1352 1342 1332 1325 1332
540.552979 1334 1334 1348 1360 1351 1338 1325 1324 1325
540.565979 1325 1331 1345 1349 1351 1341 1332 1314 1326
540.580017 1323 1328 1351 1355 1359 1335 1325 1322 1319
540.593018 1321 1333 1342 1362 1346 1337 1334 1318 1324
540.606995 1313 1332 1345 1348 1346 1338 1332 1314 1319
540.619995 1323 1334 1352 1356 1352 1337 1325 1314 1319
540.633972 1313 1331 1345 1346 1354 1337 1327 1316 1323
540.646973 1330 1334 1344 1357 1345 1335 1329 1325 1325
540.659973 1317 1332 1331 1348 1347 1337 1327 1327 1327
540.674011 1326 1328 1336 1347 1339 1332 1326 1323 1320
540.687012 1319 1334 1338 1343 1333 1335 1328 1322 1318
540.700989 1322 1336 1337 1343 1348 1334 1329 1320 1327
540.713989 1317 1331 1349 1350 1339 1333 1329 1319 1317
540.728027 1314 1323 1340 1353 1353 1336 1322 1313 1316
540.741028 1321 1330 1337 1343 1344 1350 1329 1318 1321
540.754028 1321 1328 1344 1348 1352 1338 1326 1314 1322
540.768005 1323 1329 1343 1348 1359 1338 1338 1322 1321
540.781006 1323 1329 1343 1344 1347 1333 1326 1317 1322
540.794983 1319 1331 1344 1348 1340 1338 1326 1323 1319
540.807983 1329 1332 1343 1352 1349 1341 1322 1315 1323
540.822021 1311 1331 1339 1345 1356 1343 1324 1316 1321
540.835022 1324 1330 1352 1345 1360 1340 1325 1314 1320
540.848022 1314 1320 1334 1339 1341 1333 1324 1316 1312
540.862 1314 1325 1353 1356 1348 1338 1324 1318 1322
540.875 1328 1330 1340 1350 1351 1339 1326 1324 1316
540.888977 1321 1333 1350 1354 1363 1342 1329 1316 1326
540.901978 1318 1329 1329 1351 1347 1336 1331 1313 1317
540.916016 1317 1333 1334 1357 1357 1341 1324 1322 1310
540.929016 1320 1334 1343 1354 1351 1334 1329 1319 1327
540.942017 1318 1326 1353 1352 1349 1339 1321 1319 1316
540.955994 1320 1341 1333 1352 1349 1343 1327 1317 1314
540.968994 1321 1323 1350 1351 1340 1346 1319 1319 1320
540.982971 1314 1330 1345 1354 1349 1337 1328 1313 1320
540.995972 1328 1323 1350 1340 1345 1343 1322 1312 1325
541.008972 1322 1331 1340 1356 1356 1336 1324 1321 1321
541.02301 1327 1333 1341 1359 1348 1336 1328 1317 1322
541.036011 1316 1334 1339 1357 1349 1339 1327 1322 1317
541.049988 1318 1325 1342 1354 1345 1333 1328 1314 1319
541.062988 1313 1333 1357 1359 1361 1348 1333 1324 1324
541.075989 1323 1329 1347 1355 1352 1334 1324 1327 1319
541.090027 1316 1329 1353 1348 1353 1335 1326 1302 1314
541.103027 1318 1332 1356 1353 1359 1331 1331 1321 1317
541.117004 1323 1327 1348 1354 1342 1346 1316 1316 1318
541.130005 1317 1330 1346 1352 1348 1344 1324 1325 1319
541.143982 1324 1325 1329 1360 1347 1347 1329 1314 1316
541.156982 1322 1334 1344 1355 1350 1345 1337 1317 1323
541.169983 1319 1338 1341 1350 1344 1343 1323 1319 1318
541.184021 1322 1339 1348 1349 1341 1340 1337 1316 1326
541.197021 1321 1333 1345 1359 1367 1341 1328 1322 1325
541.210999 1327 1330 1336 1355 1349 1342 1332 1322 1321
541.223999 1327 1334 1340 1356 1355 1334 1329 1322 1317
541.237 1321 1325 1350 1348 1355 1340 1328 1317 1330
541.250977 1319 1333 1347 1347 1352 1343 1334 1324 1329
541.263977 1333 1335 1347 1354 1351 1341 1337 1317 1318
541.278015 1322 1330 1340 1363 1353 1347 1322 1317 1317
541.291016 1319 1333 1348 1364 1347 1336 1328 1320 1316
541.304016 1316 1331 1338 1359 1355 1335 1323 1319 1320
541.317993 1318 1332 1348 1357 1356 1345 1327 1317 1327
541.330994 1321 1331 1349 1362 1353 1348 1331 1321 1320
541.344971 1323 1330 1337 1357 1349 1333 1330 1316 1323
541.357971 1328 1333 1344 1353 1353 1339 1339 1315 1319
541.370972 1324 1327 1341 1351 1347 1342 1330 1317 1317
541.38501 1318 1330 1343 1346 1345 1335 1325 1326 1317
541.39801 1315 1327 1343 1355 1349 1339 1326 1328 1329
541.411011 1313 1336 1353 1355 1350 1344 1327 1322 1315
541.424988 1326 1333 1344 1371 1352 1339 1324 1324 1332
541.437988 1326 1331 1344 1351 1348 1334 1327 1318 1326
541.452026 1325 1329 1343 1362 1345 1331 1325 1317 1316
541.465027 1327 1332 1349 1357 1346 1338 1332 1328 1318
541.478027 1310 1335 1345 1352 1355 1335 1330 1314 1320
541.492004 1322 1341 1345 1360 1347 1341 1336 1320 1323
541.505005 1316 1334 1343 1351 1355 1341 1328 1325 1326
541.518982 1320 1335 1341 1353 1349 1343 1327 1321 1323
541.531982 1321 1344 1337 1351 1352 1336 1328 1314 1320
541.544983 1323 1333 1341 1353 1357 1337 1332 1320 1322
541.559021 1314 1326 1340 1347 1340 1345 1324 1316 1311
541.572021 1324 1327 1337 1353 1358 1348 1330 1323 1318
541.585999 1323 1327 1339 1356 1357 1336 1335 1325 1328
541.598999 1320 1336 1354 1350 1355 1343 1321 1327 1324
541.612 1328 1335 1344 1355 1348 1347 1327 1320 1325
541.625977 1328 1337 1347 1355 1348 1344 1339 1322 1324
541.638977 1324 1330 1348 1358 1348 1355 1330 1331 1320
541.651978 1331 1337 1340 1358 1355 1347 1325 1322 1328
541.666016 1326 1341 1339 1346 1348 1340 1327 1325 1327
541.679016 1321 1330 1350 1363 1364 1338 1328 1319 1329
541.692993 1322 1340 1344 1362 1351 1345 1329 1320 1326
541.705994 1317 1325 1340 1358 1353 1348 1328 1318 1329
541.718994 1321 1332 1355 1359 1350 1351 1335 1321 1320
541.732971 1328 1332 1348 1344 1350 1335 1325 1314 1321
541.745972 1316 1333 1347 1347 1344 1349 1332 1321 1325
541.758972 1314 1320 1328 1334 1336 1327 1306 1309 1322
541.77301 1325 1342 1351 1352 1351 1344 1325 1321 1326
541.786011 1323 1337 1349 1354 1356 1339 1322 1321 1327
541.799988 1324 1338 1346 1355 1347 1348 1333 1319 1325
541.812988 1322 1327 1337 1351 1342 1344 1332 1318 1324
541.825989 1326 1328 1342 1358 1353 1342 1323 1326 1322
541.840027 1326 1328 1340 1343 1350 1340 1329 1320 1327
541.853027 1325 1335 1346 1357 1347 1345 1328 1313 1324
541.866028 1330 1324 1347 1350 1360 1347 1322 1314 1322
541.880005 1325 1324 1341 1348 1347 1338 1332 1320 1320
541.893005 1328 1327 1337 1341 1346 1340 1325 1320 1325
541.906006 1323 1322 1336 1348 1348 1346 1325 1314 1325
541.919983 1330 1329 1331 1360 1358 1330 1330 1327 1324
541.932983 1322 1328 1348 1360 1347 1340 1318 1320 1317
541.947021 1326 1335 1354 1357 1350 1335 1327 1323 1328
541.960022 1320 1334 1356 1354 1349 1345 1329 1319 1316
541.973022 1325 1332 1347 1356 1347 1337 1325 1319 1323
541.987 1336 1339 1336 1346 1351 1335 1330 1322 1327
542 1322 1331 1346 1359 1348 1345 1328 1316 1320
542.013 1316 1335 1353 1351 1357 1339 1322 1318 1314
542.026978 1327 1337 1334 1356 1341 1335 1317 1316 1316
542.039978 1318 1324 1342 1358 1332 1348 1332 1321 1323
542.052979 1324 1343 1348 1350 1348 1344 1324 1322 1320
542.067017 1317 1332 1341 1361 1346 1345 1336 1319 1326
542.080017 1327 1340 1354 1348 1353 1341 1324 1322 1320
542.093994 1324 1333 1348 1353 1356 1347 1326 1329 1311
542.106995 1326 1331 1346 1353 1352 1327 1332 1320 1320
542.119995 1326 1336 1342 1362 1354 1335 1329 1320 1320
542.133972 1321 1327 1347 1364 1354 1339 1323 1329 1321
542.146973 1324 1325 1347 1363 1352 1340 1329 1320 1314
542.159973 1322 1345 1351 1352 1352 1343 1327 1324 1338
542.174011 1325 1333 1347 1355 1365 1341 1340 1323 1327
542.187012 1321 1349 1345 1365 1352 1342 1329 1321 1320
542.200012 1326 1346 1354 1353 1354 1345 1326 1326 1321
542.213989 1316 1333 1352 1359 1360 1341 1328 1318 1321
542.22699 1329 1335 1345 1352 1357 1346 1334 1328 1325
542.23999 1328 1332 1344 1360 1348 1343 1331 1325 1331
542.254028 1316 1353 1347 1354 1352 1348 1331 1320 1326
542.267029 1323 1334 1346 1356 1343 1331 1325 1325 1318
542.280029 1333 1332 1348 1356 1350 1352 1327 1322 1327
542.294006 1318 1348 1342 1355 1349 1341 1320 1323 1320
542.307007 1320 1329 1340 1364 1362 1347 1334 1309 1323
542.320007 1324 1346 1349 1368 1362 1356 1326 1330 1323
542.333984 1324 1330 1361 1346 1352 1348 1334 1324 1326
542.346985 1333 1338 1354 1355 1348 1346 1333 1327 1322
542.359985 1329 1330 1350 1357 1362 1343 1328 1327 1321
542.374023 1326 1341 1344 1353 1359 1345 1326 1329 1325
542.387024 1334 1345 1340 1370 1360 1336 1333 1329 1333
542.400024 1324 1341 1354 1358 1358 1350 1329 1318 1326
542.414001 1328 1340 1353 1363 1350 1350 1330 1318 1330
542.427002 1325 1331 1355 1358 1343 1354 1332 1332 1317
542.440002 1337 1330 1340 1366 1370 1346 1340 1321 1321
542.453979 1337 1325 1360 1364 1365 1347 1335 1329 1319
542.46698 1329 1339 1350 1361 1357 1347 1331 1323 1333
542.47998 1326 1338 1354 1366 1370 1349 1327 1333 1330
542.494019 1319 1345 1350 1363 1354 1345 1331 1317 1335
542.507019 1331 1331 1348 1363 1373 1348 1334 1330 1321
542.52002 1325 1340 1356 1363 1349 1357 1337 1320 1332
542.533997 1326 1336 1349 1367 1358 1358 1340 1329 1325
542.546997 1326 1336 1359 1368 1364 1352 1338 1328 1325
542.559998 1335 1338 1361 1375 1362 1349 1326 1326 1326
542.573975 1322 1348 1349 1364 1360 1347 1330 1328 1336
542.586975 1336 1349 1343 1366 1376 1359 1339 1315 1319
542.599976 1330 1323 1350 1368 1365 1338 1323 1326 1327
542.614014 1323 1332 1361 1363 1370 1343 1335 1319 1331
542.627014 1320 1334 1346 1376 1367 1359 1334 1329 1323
542.640015 1330 1336 1349 1355 1365 1346 1333 1322 1319
542.653992 1327 1346 1351 1363 1357 1347 1334 1324 1329
542.666992 1328 1344 1357 1371 1368 1345 1329 1333 1330
542.679993 1334 1334 1352 1362 1363 1349 1322 1327 1329
542.69397 1329 1341 1368 1374 1369 1357 1335 1316 1320
542.70697 1332 1351 1360 1365 1359 1355 1341 1324 1326
542.719971 1319 1341 1350 1375 1366 1347 1340 1329 1334
542.734009 1324 1329 1353 1376 1353 1352 1328 1326 1327
542.747009 1320 1341 1356 1363 1364 1346 1337 1323 1324
542.76001 1324 1340 1356 1371 1363 1349 1339 1328 1330
542.773987 1321 1328 1359 1364 1350 1348 1325 1327 1318
542.786987 1330 1337 1355 1364 1361 1359 1328 1322 1324
542.799988 1326 1339 1361 1368 1362 1345 1332 1319 1323
542.812988 1324 1341 1351 1366 1368 1348 1330 1324 1326
542.827026 1321 1338 1360 1355 1358 1344 1333 1324 1335
542.840027 1328 1344 1350 1376 1363 1351 1327 1315 1328
542.853027 1318 1350 1356 1345 1355 1332 1326 1322 1320
542.867004 1323 1331 1362 1355 1354 1357 1332 1328 1327
542.880005 1324 1336 1352 1367 1368 1359 1345 1317 1310
542.893005 1323 1333 1350 1361 1359 1340 1337 1320 1322
542.906982 1328 1351 1347 1356 1357 1350 1330 1311 1318
542.919983 1326 1341 1351 1365 1366 1348 1339 1325 1325
542.932983 1322 1346 1352 1357 1355 1349 1329 1332 1326
542.947021 1324 1342 1355 1369 1364 1354 1328 1322 1321
542.960022 1320 1347 1360 1358 1361 1353 1332 1325 1341
542.973022 1327 1347 1352 1361 1369 1354 1345 1319 1321
542.987 1325 1336 1359 1367 1361 1351 1337 1330 1321
543 1323 1341 1357 1374 1364 1356 1338 1318 1327
543.013 1324 1349 1350 1369 1361 1351 1340 1328 1330
543.026001 1325 1344 1359 1366 1377 1348 1332 1327 1324
543.039978 1327 1337 1359 1382 1364 1355 1326 1328 1326
543.052979 1327 1348 1374 1375 1368 1359 1347 1322 1326
543.065979 1326 1344 1366 1377 1369 1366 1338 1318 1334
543.080017 1324 1333 1369 1384 1370 1354 1339 1322 1324
543.093018 1337 1356 1361 1380 1389 1362 1342 1329 1327
543.106018 1324 1353 1364 1379 1389 1358 1340 1329 1323
543.119995 1333 1358 1366 1386 1390 1363 1333 1319 1327
543.132996 1330 1346 1365 1377 1382 1359 1328 1330 1327
543.145996 1329 1357 1377 1392 1393 1365 1342 1328 1326
543.158997 1332 1353 1376 1394 1403 1372 1348 1323 1337
543.172974 1329 1352 1378 1384 1396 1361 1340 1323 1326
543.185974 1326 1344 1368 1397 1394 1372 1339 1324 1334
543.198975 1338 1359 1387 1402 1399 1375 1343 1331 1329
543.213013 1330 1356 1378 1399 1398 1367 1350 1327 1339
543.226013 1323 1358 1382 1392 1397 1386 1349 1335 1348
543.239014 1342 1359 1397 1413 1399 1375 1354 1326 1338
543.252014 1328 1358 1394 1410 1408 1380 1351 1319 1329
543.265991 1341 1359 1396 1402 1404 1390 1339 1325 1332
543.278992 1333 1370 1385 1396 1419 1375 1346 1337 1331
543.291992 1335 1349 1391 1408 1399 1370 1339 1324 1327
543.30603 1337 1357 1385 1425 1411 1371 1351 1321 1329
543.31897 1334 1360 1389 1407 1410 1373 1352 1333 1325
543.33197 1335 1360 1373 1403 1404 1381 1355 1331 1334
543.344971 1331 1352 1390 1401 1397 1384 1342 1338 1328
543.359009 1338 1349 1392 1401 1403 1380 1342 1327 1329
543.372009 1329 1351 1379 1411 1413 1379 1351 1316 1336
543.38501 1332 1355 1387 1409 1404 1373 1341 1323 1325
543.398987 1338 1362 1389 1433 1408 1362 1358 1323 1325
543.411987 1331 1356 1400 1419 1417 1385 1346 1325 1336
543.424988 1334 1366 1397 1416 1419 1404 1341 1325 1328
543.437988 1329 1369 1409 1431 1430 1402 1347 1333 1323
543.452026 1325 1374 1420 1455 1430 1400 1357 1320 1328
543.465027 1331 1376 1425 1473 1442 1407 1361 1326 1323
543.478027 1350 1383 1445 1478 1486 1422 1370 1336 1330
543.491028 1343 1399 1464 1506 1519 1437 1378 1325 1337
543.505005 1327 1395 1495 1538 1536 1466 1377 1321 1343
543.518005 1347 1425 1512 1566 1558 1483 1382 1328 1356
543.531006 1344 1423 1531 1580 1571 1484 1387 1333 1339
543.544983 1341 1432 1512 1588 1580 1508 1395 1341 1344
543.557983 1340 1431 1522 1586 1584 1494 1388 1328 1331
543.570984 1336 1433 1513 1572 1566 1475 1381 1338 1338
543.583984 1337 1414 1493 1543 1538 1465 1381 1324 1343
543.598022 1337 1392 1483 1511 1505 1457 1379 1337 1338
543.611023 1346 1381 1457 1492 1477 1425 1367 1320 1326
543.624023 1338 1378 1441 1477 1447 1412 1356 1323 1332
543.637024 1335 1378 1413 1437 1430 1394 1365 1323 1328
543.651001 1332 1366 1410 1418 1423 1380 1353 1325 1337
543.664001 1322 1359 1394 1424 1407 1388 1337 1329 1327
543.677002 1332 1350 1379 1400 1391 1379 1348 1318 1335
543.690002 1326 1353 1391 1406 1387 1381 1339 1323 1338
543.703979 1335 1362 1381 1387 1384 1364 1339 1325 1329
543.71698 1333 1347 1366 1383 1380 1372 1344 1324 1326
543.72998 1331 1346 1365 1385 1368 1369 1342 1326 1331
543.744019 1318 1340 1370 1376 1381 1366 1342 1324 1329
543.757019 1333 1359 1359 1392 1382 1351 1334 1333 1328
543.77002 1325 1347 1356 1379 1370 1358 1336 1335 1325
543.78302 1318 1342 1360 1363 1371 1356 1339 1324 1326
543.796997 1328 1349 1366 1377 1367 1355 1326 1326 1321
543.809998 1325 1338 1362 1380 1377 1358 1333 1322 1330
543.822998 1323 1351 1359 1376 1372 1356 1339 1324 1340
543.835999 1329 1340 1363 1362 1370 1359 1333 1323 1326
543.849976 1316 1344 1368 1367 1368 1360 1330 1319 1328
543.862976 1322 1350 1358 1374 1367 1356 1334 1335 1321
543.875977 1334 1351 1361 1376 1368 1360 1337 1321 1321
543.888977 1322 1330 1362 1374 1379 1355 1334 1325 1327
543.903015 1332 1345 1374 1372 1371 1355 1329 1330 1331
543.916016 1326 1335 1359 1382 1362 1353 1339 1325 1326
543.929016 1333 1343 1361 1383 1373 1351 1328 1318 1324
543.942017 1334 1338 1364 1377 1367 1346 1327 1326 1321
543.955994 1331 1344 1365 1377 1356 1359 1339 1320 1318
543.968994 1334 1336 1365 1367 1368 1353 1339 1333 1325
543.981995 1318 1347 1360 1370 1361 1347 1332 1316 1332
543.994995 1326 1339 1376 1375 1368 1357 1336 1321 1341
544.008972 1324 1348 1354 1369 1372 1351 1337 1315 1315
544.021973 1326 1344 1358 1367 1366 1353 1340 1321 1329
544.034973 1321 1348 1358 1364 1372 1349 1330 1329 1319
544.047974 1329 1345 1360 1372 1376 1350 1342 1334 1325
544.062012 1334 1342 1366 1373 1378 1359 1336 1327 1330
544.075012 1331 1338 1364 1366 1366 1361 1329 1317 1318
544.088013 1327 1337 1349 1371 1363 1358 1339 1319 1322
544.101013 1322 1338 1353 1365 1366 1355 1331 1317 1329
544.11499 1327 1346 1360 1361 1371 1353 1331 1316 1326
544.127991 1329 1337 1354 1373 1368 1346 1331 1328 1331
544.140991 1326 1343 1358 1368 1354 1359 1340 1319 1328
544.153992 1321 1343 1369 1365 1366 1359 1331 1326 1329
544.166992 1332 1345 1358 1373 1356 1351 1344 1320 1325
544.18103 1323 1344 1358 1369 1366 1343 1340 1325 1335
544.19397 1324 1337 1369 1375 1368 1347 1330 1327 1318
544.20697 1331 1344 1355 1361 1376 1353 1331 1320 1322
544.219971 1326 1345 1365 1365 1375 1356 1334 1319 1329
544.234009 1322 1343 1349 1374 1366 1344 1332 1329 1329
544.247009 1321 1342 1362 1372 1356 1347 1335 1325 1323
544.26001 1325 1344 1355 1365 1366 1343 1330 1318 1324
544.27301 1326 1339 1346 1374 1363 1350 1342 1330 1323
544.286987 1322 1349 1349 1360 1372 1351 1335 1309 1326
544.299988 1321 1336 1354 1370 1368 1355 1332 1321 1323
544.312988 1324 1340 1366 1371 1376 1344 1343 1326 1329
544.325989 1328 1338 1357 1365 1357 1348 1339 1320 1333
544.338989 1325 1336 1352 1373 1372 1351 1338 1318 1322
544.353027 1326 1342 1368 1365 1364 1356 1335 1324 1332
544.366028 1330 1340 1353 1366 1375 1363 1330 1323 1326
544.379028 1333 1337 1355 1380 1359 1358 1335 1321 1322
544.392029 1322 1347 1364 1381 1376 1361 1337 1323 1321
544.406006 1327 1332 1373 1380 1357 1351 1329 1327 1334
544.419006 1319 1342 1358 1376 1369 1344 1329 1324 1328
544.432007 1329 1349 1350 1369 1371 1355 1323 1320 1323
544.445007 1327 1349 1360 1375 1370 1354 1331 1323 1326
544.458008 1326 1331 1362 1364 1373 1353 1329 1322 1327
544.471985 1322 1333 1359 1360 1376 1351 1342 1331 1333
544.484985 1329 1346 1359 1373 1365 1354 1332 1325 1329
544.497986 1323 1337 1359 1368 1372 1358 1335 1323 1327
544.510986 1319 1335 1354 1370 1363 1354 1328 1321 1325
544.525024 1333 1337 1349 1376 1365 1355 1332 1322 1320
544.538025 1327 1340 1354 1369 1375 1356 1334 1323 1331
544.551025 1332 1337 1361 1363 1367 1360 1331 1323 1330
544.564026 1323 1345 1346 1370 1360 1350 1336 1324 1327
544.577026 1324 1347 1353 1382 1359 1348 1333 1317 1331
544.591003 1336 1337 1367 1370 1366 1350 1338 1333 1326
544.604004 1339 1344 1361 1374 1373 1356 1337 1325 1331
544.617004 1319 1349 1359 1374 1362 1360 1333 1322 1325
544.630005 1327 1335 1358 1370 1364 1349 1339 1326 1321
544.643005 1332 1348 1352 1374 1375 1353 1335 1315 1334
544.656982 1325 1344 1357 1371 1370 1351 1339 1324 1327
544.669983 1330 1341 1359 1381 1371 1350 1332 1319 1327
544.682983 1333 1356 1362 1374 1363 1351 1329 1321 1324
544.695984 1333 1348 1352 1369 1356 1352 1333 1317 1326
544.710022 1329 1336 1361 1367 1366 1350 1343 1317 1327
544.723022 1335 1338 1360 1376 1360 1343 1332 1320 1331
544.736023 1325 1336 1362 1372 1367 1351 1330 1324 1325
544.749023 1326 1345 1363 1371 1368 1361 1333 1322 1323
544.762024 1320 1337 1366 1373 1366 1345 1328 1322 1333
544.776001 1320 1334 1357 1363 1375 1358 1335 1327 1328
544.789001 1324 1335 1354 1375 1371 1350 1341 1317 1329
544.802002 1320 1347 1352 1372 1371 1349 1334 1330 1327
544.815002 1333 1335 1356 1378 1370 1346 1340 1322 1328
544.828003 1319 1348 1360 1383 1373 1358 1332 1325 1328
544.84198 1326 1336 1359 1365 1373 1348 1335 1322 1321
544.85498 1326 1348 1362 1373 1368 1356 1334 1318 1324
544.867981 1325 1337 1367 1371 1373 1356 1337 1318 1334
544.880981 1329 1337 1363 1375 1373 1373 1335 1320 1330
544.893982 1322 1356 1372 1364 1379 1363 1341 1336 1337
544.90802 1332 1357 1373 1372 1377 1363 1347 1322 1321
544.921021 1329 1347 1362 1374 1372 1356 1337 1324 1330
544.934021 1331 1340 1372 1373 1366 1365 1336 1327 1331
544.947021 1332 1346 1370 1381 1369 1356 1336 1325 1328
544.960022 1326 1340 1377 1376 1388 1357 1329 1331 1318
544.973022 1320 1346 1362 1379 1376 1360 1335 1328 1322
544.987 1336 1356 1371 1378 1373 1354 1333 1336 1327
545 1328 1337 1366 1388 1375 1371 1342 1320 1320
545.013 1330 1344 1366 1392 1367 1367 1336 1327 1325
545.026001 1329 1338 1369 1393 1370 1358 1345 1318 1330
545.039001 1328 1349 1361 1375 1375 1364 1338 1322 1331
545.052979 1331 1348 1386 1376 1378 1365 1341 1327 1333
545.065979 1320 1348 1367 1384 1380 1354 1343 1325 1327
545.078979 1338 1360 1369 1383 1382 1358 1336 1322 1332
545.09198 1335 1354 1376 1388 1377 1361 1333 1323 1326
545.10498 1325 1352 1363 1378 1378 1376 1333 1314 1325
545.117981 1327 1341 1367 1379 1379 1361 1345 1321 1322
545.132019 1320 1346 1371 1375 1379 1366 1329 1324 1335
545.14502 1328 1352 1362 1389 1386 1357 1326 1323 1318
545.15802 1324 1344 1371 1386 1385 1358 1339 1326 1326
545.171021 1323 1339 1381 1389 1376 1370 1336 1315 1325
545.184021 1329 1342 1371 1387 1377 1359 1345 1316 1336
545.197998 1328 1349 1368 1383 1387 1358 1343 1321 1327
545.210999 1322 1357 1357 1386 1381 1356 1331 1316 1323
545.223999 1318 1349 1374 1397 1380 1360 1349 1319 1326
545.237 1319 1349 1370 1380 1376 1361 1341 1324 1330
545.25 1323 1343 1368 1389 1391 1360 1343 1319 1328
545.263 1327 1355 1366 1375 1367 1365 1341 1320 1322
545.276978 1322 1342 1368 1375 1385 1364 1339 1325 1327
545.289978 1326 1348 1361 1380 1367 1356 1349 1327 1325
545.302979 1318 1341 1362 1371 1384 1364 1334 1321 1333
545.315979 1318 1346 1379 1374 1374 1361 1330 1316 1313
545.328979 1317 1349 1369 1380 1374 1354 1331 1312 1320
545.34198 1321 1339 1372 1380 1386 1349 1336 1321 1318
545.356018 1316 1336 1365 1377 1362 1358 1336 1318 1329
545.369019 1324 1343 1357 1386 1370 1353 1328 1322 1321
545.382019 1328 1341 1358 1381 1369 1355 1331 1316 1326
545.39502 1321 1348 1363 1383 1369 1351 1334 1323 1322
545.40802 1313 1341 1371 1386 1368 1347 1338 1314 1317
545.421021 1319 1333 1356 1381 1370 1353 1334 1315 1320
545.434998 1318 1341 1363 1374 1370 1357 1330 1322 1325
545.447998 1311 1336 1358 1364 1375 1356 1326 1320 1319
545.460999 1329 1331 1348 1364 1375 1356 1337 1330 1320
545.473999 1319 1343 1359 1368 1364 1345 1333 1317 1323
545.487 1322 1337 1353 1366 1354 1348 1332 1319 1316
545.5 1326 1335 1359 1364 1360 1346 1324 1312 1329
545.513977 1316 1328 1352 1366 1361 1343 1317 1315 1327
545.526978 1319 1327 1353 1366 1360 1358 1328 1317 1323
545.539978 1320 1339 1347 1358 1357 1352 1324 1318 1315
545.552979 1320 1325 1346 1355 1347 1339 1335 1320 1328
545.565979 1325 1328 1353 1366 1350 1342 1333 1321 1324
545.578979 1329 1329 1355 1349 1359 1351 1331 1316 1324
545.593018 1320 1330 1338 1368 1354 1353 1332 1312 1326
545.606018 1321 1337 1340 1354 1354 1337 1322 1318 1325
545.619019 1324 1333 1339 1352 1346 1336 1327 1320 1328
545.632019 1323 1332 1343 1356 1352 1347 1333 1322 1316
545.64502 1318 1328 1348 1371 1353 1345 1328 1309 1319
545.65802 1329 1333 1353 1359 1356 1350 1336 1319 1318
545.671021 1318 1331 1348 1360 1350 1351 1321 1321 1331
545.684998 1319 1331 1352 1368 1358 1333 1329 1318 1316
545.697998 1326 1333 1347 1369 1355 1342 1331 1318 1324
545.710999 1323 1338 1348 1348 1350 1337 1331 1321 1326
545.723999 1316 1339 1357 1362 1350 1353 1325 1321 1318
545.737 1327 1335 1343 1345 1347 1339 1321 1321 1313
545.75 1323 1331 1347 1355 1361 1340 1310 1318 1330
545.763 1320 1331 1342 1349 1354 1347 1328 1316 1318
545.776978 1324 1326 1342 1359 1347 1342 1327 1321 1320
545.789978 1326 1336 1348 1352 1346 1349 1323 1312 1324
545.802979 1315 1332 1346 1358 1352 1340 1326 1314 1310
545.815979 1323 1328 1338 1352 1353 1341 1330 1311 1322
545.828979 1320 1342 1348 1353 1351 1335 1318 1320 1317
545.84198 1325 1334 1343 1362 1350 1338 1323 1316 1318
545.85498 1316 1331 1345 1358 1352 1341 1332 1320 1312
545.869019 1317 1333 1344 1356 1365 1340 1325 1314 1321
545.882019 1323 1332 1349 1353 1348 1337 1323 1311 1322
545.89502 1319 1329 1340 1356 1348 1336 1316 1315 1314
545.90802 1323 1332 1345 1359 1349 1334 1326 1322 1319
545.921021 1323 1326 1340 1353 1343 1339 1329 1321 1321
545.934021 1320 1338 1341 1351 1352 1341 1326 1328 1325
545.947021 1315 1333 1344 1352 1343 1338 1324 1321 1319
545.960022 1313 1335 1341 1346 1348 1342 1326 1317 1323
545.973999 1321 1320 1346 1359 1353 1336 1323 1313 1317
545.987 1328 1332 1341 1342 1342 1341 1331 1318 1319
546 1323 1321 1340 1348 1356 1335 1332 1316 1326
546.013 1310 1336 1337 1343 1342 1342 1326 1314 1318
546.026001 1333 1334 1345 1347 1345 1336 1327 1316 1325
546.039001 1314 1330 1345 1335 1346 1338 1320 1316 1320
546.052002 1326 1320 1335 1347 1344 1346 1329 1310 1313
546.065002 1320 1330 1342 1357 1344 1337 1325 1310 1314
546.078979 1319 1326 1337 1349 1346 1326 1333 1323 1318
546.09198 1321 1326 1330 1344 1348 1335 1321 1312 1315
546.10498 1321 1333 1344 1346 1338 1330 1319 1316 1314
546.117981 1326 1324 1331 1341 1354 1340 1324 1321 1320
546.130981 1318 1321 1344 1332 1353 1334 1320 1314 1314
546.143982 1310 1334 1340 1356 1348 1334 1322 1324 1316
546.156982 1317 1326 1338 1350 1334 1338 1323 1314 1319
546.169983 1316 1332 1339 1344 1351 1338 1323 1313 1311
546.184021 1318 1325 1344 1345 1341 1332 1329 1319 1316
546.197021 1329 1324 1347 1342 1345 1336 1315 1317 1310
546.210022 1321 1324 1328 1349 1349 1338 1318 1320 1310
546.223022 1319 1319 1338 1351 1344 1334 1321 1319 1321
546.236023 1314 1326 1338 1346 1344 1336 1327 1316 1310
546.249023 1317 1318 1339 1345 1343 1332 1328 1316 1319
546.262024 1319 1327 1343 1341 1332 1342 1321 1314 1310
546.275024 1312 1332 1340 1351 1345 1335 1329 1320 1314
546.289001 1316 1325 1348 1354 1350 1337 1324 1314 1320
546.302002 1313 1325 1347 1351 1342 1328 1316 1312 1319
546.315002 1313 1331 1346 1351 1346 1343 1313 1313 1309
546.328003 1314 1336 1336 1349 1358 1330 1324 1317 1317
546.341003 1319 1317 1336 1358 1341 1326 1323 1308 1319
546.354004 1314 1327 1342 1341 1350 1334 1331 1314 1316
546.367004 1316 1321 1338 1343 1349 1337 1322 1309 1322
546.380005 1319 1326 1347 1353 1349 1340 1319 1317 1309
546.393005 1319 1325 1339 1353 1347 1331 1317 1324 1318
546.406006 1321 1326 1332 1345 1344 1342 1322 1317 1319
546.419983 1313 1325 1339 1349 1344 1330 1322 1310 1316
546.432983 1317 1325 1339 1340 1340 1330 1320 1321 1312
546.445984 1312 1327 1345 1342 1341 1337 1328 1319 1316
546.458984 1317 1320 1328 1345 1348 1334 1324 1317 1315
546.471985 1307 1324 1331 1351 1353 1335 1317 1311 1319
546.484985 1316 1327 1336 1344 1331 1325 1317 1316 1310
546.497986 1308 1329 1350 1346 1337 1338 1328 1320 1321
546.510986 1321 1322 1342 1340 1343 1335 1320 1322 1313
546.523987 1312 1325 1336 1346 1339 1335 1323 1303 1309
546.536987 1315 1320 1350 1339 1349 1333 1320 1316 1319
546.551025 1321 1320 1338 1338 1337 1331 1318 1315 1318
546.564026 1315 1336 1333 1340 1333 1328 1318 1311 1309
546.577026 1313 1327 1338 1345 1344 1329 1314 1315 1317
546.590027 1314 1329 1343 1341 1347 1345 1323 1315 1311
546.603027 1317 1332 1336 1343 1336 1331 1318 1312 1319
546.616028 1319 1321 1339 1340 1340 1334 1320 1317 1316
546.629028 1315 1332 1335 1345 1344 1329 1329 1312 1313
546.642029 1325 1327 1332 1347 1340 1328 1312 1310 1308
546.655029 1315 1320 1331 1344 1332 1327 1315 1308 1316
546.66803 1314 1323 1335 1336 1346 1331 1325 1312 1316
546.682007 1313 1323 1333 1340 1329 1331 1317 1311 1313
546.695007 1321 1326 1336 1342 1344 1330 1316 1315 1317
546.708008 1305 1329 1331 1343 1344 1334 1323 1317 1311
546.721008 1322 1320 1332 1334 1340 1324 1322 1310 1317
546.734009 1319 1318 1331 1344 1332 1323 1319 1311 1316
546.747009 1315 1323 1327 1350 1343 1329 1319 1315 1316
546.76001 1317 1322 1327 1340 1336 1330 1323 1307 1319
546.77301 1316 1313 1332 1338 1334 1330 1324 1319 1313
546.786011 1322 1316 1340 1341 1334 1333 1323 1308 1312
546.799011 1311 1323 1333 1343 1339 1342 1320 1312 1315
546.812012 1316 1325 1333 1337 1332 1331 1316 1315 1312
546.825012 1308 1322 1327 1340 1332 1335 1325 1315 1312
546.838989 1307 1327 1324 1337 1336 1323 1311 1309 1314
546.85199 1314 1324 1334 1338 1339 1327 1320 1316 1313
546.86499 1317 1321 1327 1338 1327 1332 1314 1315 1320
546.877991 1324 1327 1334 1338 1331 1335 1316 1305 1316
546.890991 1312 1314 1333 1342 1334 1337 1318 1313 1314
546.903992 1316 1320 1332 1347 1336 1328 1317 1304 1316
546.916992 1315 1321 1321 1341 1337 1327 1316 1314 1323
546.929993 1314 1327 1326 1345 1334 1329 1314 1311 1308
546.942993 1316 1323 1327 1328 1342 1330 1319 1315 1321
546.955994 1312 1327 1342 1341 1328 1330 1320 1315 1318
546.968994 1315 1313 1328 1345 1329 1330 1318 1313 1306
546.981995 1321 1319 1324 1329 1346 1321 1326 1314 1308
546.994995 1311 1316 1332 1332 1326 1329 1318 1317 1315
547.007996 1319 1327 1328 1331 1334 1327 1310 1309 1306
547.020996 1307 1326 1328 1329 1326 1336 1309 1315 1311
547.034973 1313 1318 1325 1337 1342 1327 1318 1308 1319
547.047974 1316 1323 1339 1332 1334 1320 1322 1311 1306
547.060974 1314 1314 1329 1338 1327 1326 1319 1313 1313
547.073975 1311 1321 1336 1331 1338 1319 1319 1307 1313
547.086975 1310 1324 1336 1332 1335 1318 1313 1308 1312
547.099976 1313 1316 1328 1329 1336 1327 1318 1310 1308
547.112976 1311 1328 1332 1352 1335 1329 1316 1308 1310
547.125977 1307 1321 1321 1326 1324 1324 1315 1309 1311
547.138977 1316 1315 1330 1334 1337 1323 1317 1304 1310
547.151978 1312 1319 1324 1333 1329 1322 1316 1312 1318
547.164978 1312 1324 1326 1333 1326 1323 1311 1306 1317
547.177979 1311 1322 1331 1328 1344 1326 1316 1312 1313
547.190979 1316 1316 1320 1329 1328 1324 1309 1315 1310
547.203979 1309 1323 1329 1329 1333 1328 1312 1307 1318
547.21698 1312 1315 1331 1340 1328 1326 1310 1316 1307
547.22998 1316 1319 1330 1330 1330 1331 1306 1308 1305
547.244019 1325 1314 1326 1338 1335 1326 1314 1310 1318
547.257019 1305 1320 1330 1329 1334 1326 1313 1310 1308
547.27002 1319 1322 1333 1327 1339 1326 1312 1318 1320
547.28302 1314 1320 1321 1334 1334 1317 1319 1314 1314
547.296021 1313 1317 1334 1333 1338 1319 1322 1312 1316
547.309021 1318 1326 1331 1339 1334 1324 1312 1315 1309
547.322021 1316 1316 1326 1335 1337 1325 1316 1306 1319
547.335022 1315 1315 1330 1325 1325 1326 1319 1303 1316
547.348022 1313 1323 1330 1326 1331 1332 1316 1309 1309
547.361023 1318 1318 1328 1333 1330 1316 1326 1310 1306
547.374023 1315 1320 1323 1330 1326 1324 1316 1304 1318
547.387024 1310 1317 1332 1329 1330 1325 1316 1310 1313
547.400024 1308 1319 1316 1332 1323 1334 1318 1313 1317
547.413025 1306 1318 1324 1333 1320 1326 1312 1313 1310
547.426025 1308 1313 1320 1329 1328 1323 1316 1307 1305
547.439026 1304 1323 1321 1329 1328 1325 1314 1305 1318
547.452026 1310 1317 1327 1335 1323 1322 1323 1313 1315
547.465027 1318 1315 1330 1333 1330 1322 1309 1312 1313
547.478027 1307 1323 1326 1322 1327 1317 1313 1314 1317
547.491028 1318 1316 1326 1329 1337 1318 1312 1315 1317
547.504028 1315 1315 1324 1330 1330 1322 1312 1313 1312
547.518005 1312 1313 1331 1321 1321 1320 1320 1320 1312
547.531006 1317 1328 1316 1327 1324 1317 1322 1313 1319
547.544006 1311 1322 1321 1327 1325 1322 1312 1320 1322
547.557007 1311 1325 1336 1327 1330 1324 1320 1312 1311
547.570007 1320 1316 1336 1334 1329 1326 1321 1321 1317
547.583008 1318 1332 1330 1332 1335 1317 1322 1318 1328
547.596008 1318 1323 1327 1336 1324 1328 1323 1323 1324
547.609009 1324 1331 1324 1326 1337 1328 1324 1325 1326
547.622009 1331 1333 1328 1324 1336 1343 1334 1338 1332
547.63501 1335 1338 1330 1333 1336 1332 1330 1327 1320
547.64801 1343 1337 1332 1328 1334 1330 1338 1351 1352
547.661011 1341 1346 1331 1340 1347 1338 1348 1347 1350
547.674011 1371 1348 1346 1332 1332 1348 1344 1368 1357
547.687012 1372 1359 1341 1333 1339 1346 1369 1372 1367
547.700012 1379 1367 1344 1325 1334 1348 1367 1388 1389
547.713013 1387 1374 1339 1335 1344 1351 1379 1397 1395
547.726013 1384 1374 1345 1330 1339 1354 1369 1389 1392
547.739014 1386 1372 1336 1329 1339 1351 1385 1389 1377
547.752014 1380 1373 1346 1329 1331 1351 1368 1391 1384
547.765015 1368 1359 1346 1328 1340 1357 1370 1379 1376
547.778015 1366 1358 1335 1338 1330 1351 1373 1366 1366
547.791016 1354 1347 1337 1330 1329 1336 1358 1356 1358
547.804016 1344 1347 1337 1335 1329 1340 1352 1348 1347
547.817017 1334 1340 1321 1326 1337 1325 1338 1334 1339
547.830017 1338 1327 1324 1331 1334 1322 1327 1335 1333
547.843018 1331 1333 1323 1325 1332 1328 1324 1322 1326
547.856018 1333 1327 1333 1326 1328 1327 1327 1326 1325
547.869019 1322 1321 1318 1332 1328 1322 1323 1324 1322
547.882019 1319 1322 1325 1328 1328 1330 1321 1323 1323
547.89502 1319 1318 1326 1317 1327 1328 1312 1314 1316
547.90802 1316 1320 1324 1332 1319 1316 1315 1318 1308
547.921021 1310 1318 1321 1325 1331 1324 1321 1309 1316
547.934021 1320 1319 1322 1325 1328 1327 1307 1311 1310
547.947021 1312 1321 1326 1314 1325 1321 1318 1314 1321
547.960022 1322 1319 1326 1322 1332 1324 1323 1315 1317
547.973022 1318 1307 1326 1321 1327 1324 1321 1312 1313
547.986023 1310 1321 1324 1324 1320 1318 1311 1311 1314
547.999023 1318 1322 1327 1316 1327 1325 1318 1311 1316
548.012024 1318 1328 1320 1331 1319 1320 1312 1312 1313
548.025024 1307 1308 1315 1329 1318 1325 1317 1307 1307
548.038025 1314 1313 1318 1327 1321 1325 1309 1304 1306
548.051025 1314 1316 1326 1325 1323 1322 1311 1307 1309
548.064026 1313 1316 1322 1326 1330 1321 1314 1305 1309
548.077026 1309 1321 1318 1328 1331 1327 1312 1306 1314
548.090027 1305 1322 1323 1320 1311 1316 1309 1302 1312
548.103027 1313 1315 1326 1332 1327 1315 1319 1309 1315
548.116028 1307 1321 1317 1327 1319 1322 1312 1304 1315
548.129028 1305 1312 1322 1327 1333 1318 1313 1312 1310
548.142029 1311 1313 1319 1318 1329 1313 1311 1309 1306
548.155029 1303 1313 1327 1334 1327 1324 1320 1313 1309
548.16803 1310 1319 1316 1316 1334 1319 1311 1307 1302
548.18103 1308 1311 1319 1324 1323 1322 1304 1310 1306
548.19397 1306 1307 1325 1329 1332 1316 1308 1305 1307
548.20697 1309 1316 1322 1316 1324 1320 1307 1307 1307
548.219971 1314 1308 1321 1335 1325 1321 1314 1303 1310
548.232971 1313 1316 1321 1330 1319 1309 1309 1307 1310
548.245972 1308 1309 1324 1322 1324 1325 1306 1302 1304
548.258972 1308 1309 1324 1323 1321 1316 1312 1305 1305
548.271973 1300 1317 1314 1324 1322 1313 1316 1319 1295
548.284973 1306 1317 1325 1328 1328 1318 1310 1308 1301
548.297974 1305 1314 1323 1326 1331 1317 1314 1304 1305
548.310974 1308 1320 1322 1323 1321 1321 1312 1305 1312
548.323975 1308 1314 1314 1337 1322 1328 1320 1307 1307
548.336975 1309 1315 1315 1320 1325 1323 1309 1302 1302
548.349976 1306 1315 1313 1323 1323 1316 1303 1300 1302
548.362976 1310 1321 1316 1327 1322 1317 1317 1303 1303
548.375977 1304 1308 1323 1327 1321 1318 1313 1303 1310
548.388977 1305 1308 1326 1324 1325 1318 1310 1304 1305
548.401978 1307 1311 1320 1333 1324 1320 1314 1311 1309
548.414978 1307 1311 1324 1328 1324 1319 1309 1297 1304
548.427979 1309 1317 1317 1334 1327 1321 1311 1304 1309
548.440979 1303 1319 1326 1321 1319 1318 1311 1311 1305
548.453979 1308 1310 1317 1332 1328 1310 1312 1302 1309
548.46698 1303 1305 1327 1325 1326 1318 1308 1300 1302
548.47998 1307 1305 1319 1330 1332 1324 1304 1304 1309
548.492981 1305 1312 1317 1318 1325 1319 1312 1304 1302
548.505981 1310 1316 1327 1324 1327 1324 1309 1302 1311
548.518982 1304 1316 1317 1328 1326 1323 1311 1300 1299
548.531982 1303 1311 1319 1324 1327 1321 1311 1302 1305
548.544983 1297 1316 1320 1325 1324 1309 1309 1306 1307
548.557983 1308 1324 1319 1324 1315 1311 1312 1305 1305
548.570984 1309 1305 1319 1321 1326 1323 1311 1308 1310
548.583984 1303 1318 1322 1330 1323 1314 1307 1310 1315
548.596985 1308 1314 1320 1322 1326 1320 1310 1304 1307
548.609985 1306 1315 1326 1320 1327 1318 1310 1298 1307
548.622986 1310 1309 1318 1325 1323 1324 1316 1300 1308
548.635986 1310 1319 1323 1320 1325 1320 1304 1310 1303
548.648987 1305 1310 1322 1321 1332 1314 1313 1304 1304
548.661987 1308 1309 1321 1322 1314 1319 1306 1312 1300
548.674988 1312 1319 1315 1330 1326 1319 1310 1306 1304
548.687988 1306 1313 1318 1338 1332 1315 1317 1300 1306
548.700989 1308 1313 1317 1327 1320 1315 1313 1303 1304
548.713989 1306 1315 1314 1327 1319 1319 1312 1304 1303
548.72699 1305 1318 1322 1327 1338 1322 1313 1305 1315
548.739014 1314 1316 1323 1319 1328 1319 1316 1316 1310
