0 11.25 22.5 33.75 45 56.25 67.5 78.75 90
535.080017 1266 1269 1270 1267 1269 1267 1265 1267 1268
535.093994 1266 1266 1267 1264 1269 1268 1269 1266 1266
535.106995 1266 1268 1269 1269 1266 1267 1267 1268 1267
535.120972 1266 1267 1272 1269 1266 1265 1265 1271 1269
535.13501 1266 1268 1268 1268 1267 1267 1267 1266 1266
535.148987 1265 1269 1267 1267 1268 1267 1265 1266 1266
535.161987 1264 1267 1269 1266 1268 1272 1266 1266 1264
535.176025 1265 1265 1266 1268 1266 1264 1263 1266 1265
535.190002 1269 1268 1266 1265 1265 1269 1266 1261 1267
535.203003 1267 1265 1267 1268 1264 1266 1265 1267 1267
535.21698 1267 1262 1267 1269 1266 1269 1265 1266 1269
535.231018 1270 1265 1266 1267 1265 1266 1267 1269 1267
535.244995 1264 1266 1267 1267 1266 1265 1264 1265 1267
535.257996 1264 1266 1266 1267 1267 1266 1262 1263 1264
535.271973 1264 1264 1265 1265 1264 1265 1264 1262 1261
535.286011 1264 1263 1265 1266 1267 1265 1265 1264 1265
535.299011 1265 1267 1264 1266 1265 1264 1263 1263 1267
535.312988 1264 1267 1266 1267 1267 1265 1264 1265 1264
535.327026 1265 1265 1265 1266 1264 1263 1266 1266 1266
535.341003 1264 1266 1267 1266 1264 1262 1264 1266 1266
535.354004 1267 1268 1263 1267 1266 1267 1264 1268 1266
535.367981 1265 1267 1268 1262 1263 1265 1265 1267 1265
535.382019 1264 1264 1261 1263 1264 1265 1263 1264 1266
535.39502 1266 1265 1269 1269 1265 1264 1269 1264 1264
535.408997 1265 1265 1265 1265 1265 1264 1265 1264 1263
535.422974 1266 1266 1265 1266 1264 1265 1264 1263 1266
535.435974 1267 1267 1266 1263 1263 1265 1267 1268 1268
535.450012 1266 1266 1266 1263 1264 1266 1266 1265 1263
535.463989 1264 1263 1266 1264 1266 1268 1263 1266 1264
535.478027 1266 1262 1265 1262 1266 1267 1265 1264 1264
535.491028 1264 1263 1264 1265 1264 1264 1265 1265 1264
535.505005 1266 1265 1264 1266 1265 1263 1265 1264 1265
535.518982 1265 1264 1265 1265 1265 1264 1264 1264 1266
535.531982 1265 1267 1266 1264 1269 1266 1266 1264 1267
535.546021 1262 1266 1267 1270 1265 1264 1264 1267 1261
535.559998 1266 1264 1266 1263 1267 1263 1261 1261 1264
535.572998 1264 1265 1266 1262 1264 1264 1263 1262 1263
535.586975 1268 1265 1266 1264 1264 1267 1265 1268 1267
535.601013 1265 1261 1266 1263 1267 1263 1265 1269 1265
535.61499 1265 1263 1265 1266 1264 1265 1266 1268 1266
535.627991 1262 1261 1265 1265 1262 1263 1265 1264 1263
535.642029 1265 1264 1267 1267 1263 1267 1268 1266 1266
535.656006 1266 1269 1266 1268 1265 1262 1264 1265 1265
535.669006 1265 1265 1264 1261 1267 1263 1264 1264 1267
535.682983 1265 1261 1264 1265 1263 1265 1265 1263 1260
535.697021 1264 1261 1265 1267 1268 1264 1262 1263 1264
535.710022 1264 1262 1266 1266 1264 1265 1264 1262 1264
535.723999 1264 1263 1265 1266 1265 1263 1264 1260 1262
535.737976 1263 1265 1263 1262 1267 1266 1264 1265 1266
535.750977 1265 1265 1267 1263 1267 1266 1265 1266 1265
535.765015 1267 1266 1263 1271 1266 1265 1265 1265 1264
535.778992 1264 1263 1264 1264 1265 1262 1265 1263 1264
535.791992 1267 1261 1266 1263 1264 1266 1263 1264 1263
535.80603 1265 1262 1268 1264 1265 1266 1267 1262 1264
535.820007 1264 1262 1269 1265 1263 1267 1264 1266 1267
535.833984 1266 1265 1268 1264 1262 1265 1267 1265 1268
535.846985 1268 1265 1266 1266 1266 1265 1263 1267 1265
535.861023 1266 1265 1265 1265 1263 1266 1266 1264 1263
535.875 1268 1263 1268 1264 1263 1267 1263 1267 1262
535.888 1266 1262 1266 1266 1265 1264 1264 1261 1264
535.901978 1263 1263 1267 1266 1264 1264 1263 1265 1265
535.916016 1264 1267 1265 1266 1264 1264 1269 1264 1265
535.929016 1262 1263 1263 1265 1264 1262 1268 1262 1266
535.942993 1263 1264 1267 1263 1263 1262 1266 1264 1265
535.95697 1262 1264 1262 1264 1263 1261 1262 1265 1264
535.969971 1264 1268 1270 1265 1265 1265 1265 1263 1266
535.984009 1265 1268 1266 1264 1266 1264 1263 1263 1266
535.997986 1265 1265 1266 1268 1265 1261 1264 1267 1265
536.010986 1264 1268 1262 1267 1264 1261 1264 1263 1265
536.025024 1265 1264 1267 1264 1262 1266 1266 1267 1264
536.039001 1265 1267 1268 1264 1265 1265 1267 1263 1265
536.052002 1263 1266 1268 1260 1265 1262 1264 1263 1266
536.065979 1266 1262 1267 1266 1265 1265 1262 1264 1266
536.080017 1266 1263 1265 1264 1267 1267 1261 1263 1265
536.093018 1267 1264 1266 1269 1260 1265 1266 1265 1263
536.106995 1264 1265 1265 1267 1266 1267 1263 1263 1268
536.120972 1265 1265 1267 1263 1266 1264 1265 1265 1264
536.133972 1263 1262 1266 1265 1267 1263 1264 1263 1265
536.14801 1266 1265 1263 1264 1268 1265 1263 1267 1265
536.161987 1265 1261 1268 1265 1264 1262 1265 1264 1264
536.174988 1267 1264 1265 1265 1265 1264 1265 1264 1265
536.189026 1262 1266 1265 1267 1268 1266 1264 1264 1265
536.203003 1263 1266 1263 1269 1264 1268 1263 1266 1262
536.216003 1264 1266 1267 1265 1264 1267 1264 1265 1264
536.22998 1264 1264 1267 1265 1265 1266 1264 1266 1267
536.244019 1266 1263 1264 1262 1264 1265 1265 1264 1265
536.257019 1270 1265 1266 1265 1264 1264 1262 1266 1264
536.270996 1264 1263 1265 1268 1266 1265 1261 1264 1268
536.284973 1268 1264 1266 1266 1264 1267 1264 1265 1263
536.297974 1265 1268 1265 1263 1265 1266 1262 1268 1264
536.312012 1266 1266 1265 1261 1267 1263 1265 1264 1267
536.325989 1266 1263 1264 1264 1265 1265 1267 1266 1268
536.338989 1266 1268 1265 1266 1264 1265 1268 1264 1266
536.353027 1263 1265 1266 1264 1266 1262 1262 1265 1268
536.367004 1264 1263 1263 1266 1262 1263 1264 1267 1265
536.380005 1267 1266 1264 1266 1264 1268 1263 1264 1267
536.393982 1264 1264 1265 1266 1263 1263 1263 1267 1265
536.40802 1264 1265 1266 1265 1263 1266 1266 1262 1266
536.421021 1266 1266 1265 1264 1266 1263 1262 1263 1266
536.434998 1265 1265 1263 1263 1267 1264 1266 1262 1265
536.448975 1269 1263 1263 1262 1266 1263 1264 1261 1265
536.461975 1263 1263 1263 1265 1264 1265 1263 1266 1266
536.476013 1264 1261 1265 1265 1264 1264 1263 1264 1264
536.48999 1263 1267 1264 1265 1264 1266 1265 1263 1264
536.502991 1263 1269 1263 1265 1261 1263 1264 1267 1265
536.517029 1267 1266 1264 1265 1263 1265 1266 1266 1263
536.530029 1265 1266 1263 1264 1265 1265 1267 1265 1267
536.544006 1267 1266 1266 1264 1267 1265 1265 1264 1265
536.557983 1264 1265 1264 1265 1264 1264 1266 1262 1263
536.570984 1266 1264 1263 1267 1262 1264 1264 1266 1264
536.585022 1263 1267 1265 1265 1264 1264 1266 1265 1264
536.598999 1262 1268 1263 1266 1263 1265 1264 1266 1265
536.612 1266 1267 1264 1263 1265 1261 1267 1263 1265
536.625977 1265 1264 1266 1265 1264 1264 1264 1267 1264
536.640015 1264 1266 1265 1263 1266 1264 1265 1264 1264
536.653015 1268 1261 1268 1265 1264 1266 1266 1262 1263
536.666992 1262 1264 1264 1266 1262 1268 1264 1263 1264
536.68103 1265 1267 1267 1265 1262 1266 1264 1264 1264
536.69397 1265 1265 1264 1265 1263 1266 1266 1264 1265
536.708008 1261 1264 1266 1265 1264 1264 1266 1265 1264
536.721008 1266 1266 1263 1259 1264 1266 1263 1265 1264
536.734985 1266 1265 1265 1267 1267 1261 1260 1264 1264
536.749023 1267 1262 1265 1266 1262 1266 1267 1264 1263
536.762024 1266 1267 1265 1269 1267 1265 1262 1264 1264
536.776001 1262 1267 1263 1268 1264 1267 1266 1262 1265
536.789978 1266 1267 1265 1264 1261 1266 1263 1263 1264
536.802979 1265 1263 1264 1267 1269 1265 1266 1263 1265
536.817017 1264 1264 1262 1264 1268 1261 1265 1265 1264
536.830994 1265 1263 1263 1267 1268 1264 1266 1264 1264
536.843994 1266 1263 1265 1264 1267 1266 1262 1265 1264
536.857971 1263 1267 1268 1267 1263 1264 1265 1265 1263
536.870972 1263 1267 1264 1264 1262 1266 1264 1264 1267
536.88501 1266 1264 1267 1268 1266 1264 1263 1268 1266
536.898987 1265 1268 1264 1265 1266 1268 1265 1266 1267
536.911987 1264 1265 1267 1264 1267 1265 1265 1266 1267
536.926025 1264 1262 1265 1266 1267 1263 1266 1264 1267
536.940002 1264 1265 1265 1266 1263 1265 1263 1262 1264
536.953003 1262 1265 1265 1265 1264 1264 1262 1260 1267
536.96698 1268 1265 1265 1270 1263 1265 1267 1265 1264
536.97998 1265 1267 1268 1263 1266 1267 1263 1268 1268
536.994019 1267 1265 1269 1266 1266 1265 1265 1265 1267
537.007996 1266 1263 1267 1265 1269 1261 1264 1266 1265
537.020996 1265 1265 1265 1265 1268 1263 1266 1263 1268
537.034973 1270 1266 1264 1264 1264 1266 1266 1265 1265
537.049011 1264 1267 1265 1267 1264 1268 1263 1265 1264
537.062012 1266 1265 1265 1267 1265 1266 1265 1265 1267
537.075989 1265 1265 1264 1265 1265 1266 1265 1261 1266
537.088989 1264 1267 1266 1265 1266 1265 1264 1268 1268
537.103027 1267 1265 1268 1265 1267 1262 1265 1262 1266
537.117004 1267 1265 1264 1265 1263 1264 1266 1268 1269
537.130005 1266 1262 1264 1270 1268 1264 1265 1264 1266
537.143982 1266 1268 1266 1267 1267 1270 1264 1268 1263
537.15802 1266 1266 1266 1266 1268 1269 1267 1266 1263
537.171021 1265 1268 1269 1268 1266 1268 1265 1267 1267
537.184998 1265 1269 1267 1268 1267 1266 1270 1267 1268
537.197998 1265 1263 1267 1265 1268 1266 1271 1262 1267
537.211975 1265 1266 1267 1265 1268 1264 1267 1264 1263
537.226013 1270 1266 1265 1267 1267 1266 1265 1267 1263
537.239014 1268 1273 1270 1274 1275 1269 1270 1273 1270
537.252991 1262 1271 1266 1266 1266 1268 1266 1266 1264
537.265991 1268 1270 1269 1268 1266 1269 1267 1268 1267
537.280029 1267 1271 1266 1268 1272 1270 1267 1267 1268
537.294006 1270 1266 1270 1269 1269 1268 1266 1268 1267
537.307007 1266 1270 1265 1267 1269 1271 1272 1266 1270
537.320984 1272 1272 1269 1271 1273 1268 1268 1271 1266
537.333984 1276 1271 1273 1272 1271 1275 1270 1271 1267
537.348022 1271 1274 1276 1274 1272 1273 1273 1271 1270
537.362 1276 1277 1276 1277 1273 1275 1278 1272 1270
537.375 1276 1276 1273 1275 1276 1275 1272 1276 1275
537.388977 1275 1274 1276 1278 1275 1273 1272 1274 1274
537.403015 1272 1275 1273 1270 1274 1273 1274 1276 1277
537.416016 1274 1272 1271 1272 1273 1272 1274 1274 1273
537.429993 1269 1275 1275 1275 1269 1269 1267 1273 1274
537.442993 1269 1276 1269 1269 1266 1276 1273 1273 1271
537.45697 1268 1272 1272 1269 1271 1269 1272 1271 1268
537.471008 1268 1267 1268 1271 1273 1265 1268 1269 1271
537.484009 1268 1268 1268 1270 1269 1267 1271 1272 1269
537.497986 1267 1269 1267 1270 1267 1269 1268 1265 1264
537.510986 1267 1268 1270 1270 1268 1271 1267 1266 1264
537.525024 1266 1269 1269 1271 1269 1269 1267 1268 1268
537.539001 1264 1267 1270 1269 1270 1268 1269 1267 1265
537.552002 1269 1268 1271 1270 1267 1268 1268 1268 1271
537.565979 1264 1264 1269 1271 1269 1270 1269 1270 1269
537.578979 1268 1265 1268 1271 1275 1269 1270 1269 1265
537.593018 1269 1268 1271 1271 1271 1270 1268 1269 1267
537.606995 1268 1270 1272 1270 1272 1272 1270 1267 1266
537.619995 1269 1266 1268 1276 1270 1275 1264 1265 1267
537.633972 1269 1273 1269 1270 1270 1270 1267 1266 1271
537.646973 1270 1273 1274 1272 1269 1272 1267 1269 1269
537.661011 1272 1269 1272 1270 1271 1271 1270 1266 1272
537.674011 1271 1270 1271 1272 1270 1271 1272 1270 1272
537.687988 1268 1271 1271 1272 1274 1275 1269 1269 1268
537.702026 1266 1271 1276 1271 1276 1271 1268 1270 1270
537.715027 1269 1270 1273 1275 1273 1273 1268 1265 1269
537.729004 1270 1274 1272 1276 1269 1272 1271 1268 1268
537.742004 1272 1274 1275 1272 1274 1275 1271 1272 1272
537.755981 1271 1277 1280 1273 1274 1270 1273 1268 1273
537.77002 1272 1271 1274 1278 1275 1273 1272 1270 1275
537.78302 1270 1271 1278 1277 1277 1272 1272 1270 1271
537.796997 1273 1270 1279 1276 1274 1276 1275 1269 1271
537.809998 1268 1274 1276 1276 1278 1273 1270 1271 1268
537.823975 1272 1272 1273 1277 1278 1278 1274 1270 1270
537.836975 1274 1279 1274 1278 1276 1275 1275 1270 1275
537.851013 1272 1279 1275 1282 1278 1273 1276 1272 1274
537.86499 1272 1270 1275 1278 1280 1273 1273 1273 1270
537.877991 1275 1273 1278 1276 1279 1279 1275 1271 1273
537.892029 1273 1277 1284 1277 1281 1273 1275 1269 1268
537.905029 1276 1274 1279 1276 1281 1278 1277 1272 1273
537.919006 1276 1282 1275 1286 1276 1281 1270 1270 1267
537.932007 1275 1277 1283 1283 1281 1282 1276 1273 1274
537.945984 1278 1276 1283 1284 1285 1284 1281 1275 1276
537.960022 1273 1276 1280 1280 1282 1280 1279 1275 1276
537.973022 1281 1272 1287 1283 1278 1279 1277 1276 1270
537.987 1279 1283 1284 1278 1288 1283 1288 1278 1275
538 1276 1283 1282 1282 1282 1282 1269 1272 1274
538.013977 1279 1279 1283 1292 1288 1279 1281 1274 1283
538.028015 1278 1278 1284 1288 1286 1282 1278 1273 1276
538.041016 1277 1282 1284 1290 1286 1281 1279 1282 1276
538.054993 1279 1277 1286 1289 1287 1283 1279 1281 1281
538.067993 1284 1283 1278 1288 1286 1286 1278 1279 1278
538.08197 1280 1287 1288 1290 1286 1282 1282 1279 1281
538.094971 1285 1285 1288 1291 1289 1291 1278 1279 1283
538.109009 1280 1288 1288 1296 1288 1286 1275 1282 1278
538.122009 1286 1283 1287 1294 1292 1289 1285 1279 1283
538.135986 1278 1284 1290 1295 1293 1285 1288 1284 1284
538.150024 1282 1288 1293 1297 1289 1282 1288 1277 1278
538.163025 1286 1282 1289 1290 1293 1292 1283 1281 1278
538.177002 1283 1286 1293 1289 1288 1284 1278 1286 1279
538.190002 1283 1287 1295 1295 1293 1289 1282 1280 1281
538.203979 1289 1289 1293 1297 1294 1296 1287 1284 1287
538.21698 1292 1287 1292 1300 1293 1296 1282 1285 1282
538.231018 1292 1289 1296 1299 1292 1289 1287 1283 1289
538.244995 1284 1284 1303 1299 1295 1295 1289 1284 1283
538.257996 1292 1290 1298 1305 1297 1292 1287 1286 1285
538.271973 1294 1287 1298 1300 1307 1298 1291 1285 1284
538.284973 1287 1294 1302 1307 1298 1298 1291 1284 1289
538.299011 1290 1297 1296 1316 1305 1299 1295 1294 1285
538.312012 1296 1301 1302 1305 1292 1296 1300 1291 1292
538.325989 1300 1305 1306 1312 1307 1300 1300 1299 1294
538.338989 1296 1309 1308 1315 1307 1306 1301 1299 1298
538.353027 1304 1306 1315 1307 1313 1314 1312 1298 1297
538.367004 1303 1307 1317 1310 1320 1313 1304 1297 1300
538.380005 1301 1314 1316 1316 1308 1314 1301 1311 1298
538.393982 1307 1309 1326 1319 1313 1313 1302 1299 1302
538.406982 1306 1313 1320 1319 1318 1313 1306 1309 1306
538.421021 1312 1312 1315 1318 1305 1310 1302 1297 1298
538.434021 1307 1318 1312 1325 1322 1313 1307 1306 1308
538.447998 1313 1315 1322 1318 1319 1319 1308 1306 1301
538.460999 1307 1324 1323 1315 1316 1317 1306 1308 1302
538.474976 1310 1310 1320 1320 1326 1312 1312 1308 1309
538.489014 1312 1307 1323 1323 1313 1319 1307 1305 1302
538.502014 1301 1303 1319 1324 1316 1313 1300 1306 1308
538.515991 1297 1316 1317 1321 1320 1317 1310 1306 1301
538.528992 1302 1309 1315 1314 1317 1309 1301 1298 1296
538.54303 1301 1310 1317 1317 1315 1302 1304 1300 1293
538.55603 1298 1307 1313 1317 1309 1308 1300 1291 1301
538.570007 1299 1304 1317 1324 1316 1311 1301 1298 1290
538.583008 1304 1309 1315 1316 1322 1311 1297 1299 1293
538.596985 1300 1311 1316 1317 1307 1308 1310 1295 1293
538.609985 1303 1308 1315 1321 1324 1314 1296 1302 1303
538.624023 1306 1301 1314 1325 1316 1314 1305 1302 1291
538.638 1310 1308 1316 1317 1315 1310 1301 1296 1300
538.651001 1303 1310 1322 1321 1320 1313 1304 1303 1295
538.664978 1304 1314 1321 1316 1327 1320 1307 1297 1306
538.677979 1298 1314 1319 1330 1325 1319 1305 1300 1299
538.692017 1301 1302 1317 1320 1318 1313 1314 1302 1298
538.705017 1308 1308 1312 1322 1327 1318 1308 1306 1300
538.718994 1304 1312 1325 1323 1322 1311 1307 1297 1300
538.731995 1308 1305 1307 1320 1327 1322 1316 1297 1305
538.745972 1307 1314 1318 1329 1320 1325 1311 1296 1303
538.758972 1300 1311 1320 1326 1329 1309 1306 1305 1308
538.77301 1317 1317 1314 1325 1327 1318 1314 1304 1305
538.786011 1306 1314 1325 1326 1322 1319 1305 1305 1307
538.799988 1311 1305 1317 1329 1319 1306 1309 1303 1308
538.812988 1311 1310 1321 1321 1325 1308 1313 1304 1302
538.827026 1306 1322 1316 1323 1320 1318 1319 1310 1304
538.841003 1315 1322 1323 1327 1322 1319 1307 1308 1304
538.854004 1308 1322 1320 1323 1322 1316 1317 1301 1309
538.867981 1307 1306 1323 1333 1317 1321 1313 1295 1308
538.880981 1306 1310 1319 1326 1325 1317 1306 1300 1302
538.89502 1310 1324 1320 1331 1326 1314 1312 1298 1303
538.90802 1308 1312 1327 1329 1330 1319 1311 1306 1301
538.921997 1308 1310 1314 1336 1334 1313 1313 1305 1308
538.934998 1308 1314 1324 1335 1330 1323 1306 1304 1308
538.948975 1312 1307 1322 1328 1325 1321 1308 1300 1300
538.961975 1313 1318 1317 1323 1323 1321 1307 1308 1307
538.976013 1316 1318 1325 1335 1332 1323 1316 1308 1312
538.989014 1309 1316 1320 1330 1333 1321 1312 1306 1308
539.002991 1320 1314 1323 1323 1332 1317 1313 1306 1310
539.015991 1318 1316 1323 1325 1335 1323 1316 1309 1308
539.030029 1311 1319 1332 1339 1330 1323 1321 1316 1304
539.04303 1315 1317 1337 1329 1319 1329 1318 1304 1314
539.057007 1323 1332 1332 1343 1339 1326 1313 1313 1309
539.070007 1322 1333 1329 1339 1339 1333 1320 1318 1310
539.083984 1325 1334 1342 1338 1346 1336 1320 1320 1314
539.096985 1320 1329 1345 1342 1344 1334 1330 1313 1316
539.111023 1316 1324 1331 1354 1352 1350 1320 1310 1310
539.125 1326 1318 1342 1344 1355 1334 1328 1317 1316
539.138 1318 1320 1341 1357 1349 1335 1323 1319 1313
539.151978 1307 1315 1331 1351 1354 1342 1325 1310 1303
539.164978 1312 1305 1332 1356 1339 1348 1324 1306 1311
539.179016 1318 1328 1343 1355 1356 1340 1328 1307 1312
539.192017 1302 1321 1329 1348 1334 1331 1317 1310 1303
539.205994 1309 1307 1320 1341 1344 1330 1311 1300 1303
539.218994 1310 1313 1326 1330 1328 1332 1313 1302 1305
539.232971 1312 1316 1333 1330 1331 1322 1311 1307 1303
539.245972 1314 1316 1330 1326 1324 1327 1310 1295 1307
539.26001 1311 1312 1321 1333 1327 1320 1310 1300 1305
539.27301 1311 1324 1327 1328 1332 1311 1309 1299 1307
539.286987 1306 1308 1332 1321 1323 1320 1312 1304 1295
539.299988 1308 1318 1320 1333 1333 1321 1308 1301 1303
539.314026 1299 1312 1320 1329 1328 1324 1307 1306 1303
539.327026 1316 1313 1330 1332 1325 1319 1309 1304 1307
539.341003 1304 1311 1321 1331 1322 1318 1307 1300 1307
539.354004 1314 1320 1317 1329 1333 1329 1309 1302 1305
539.367981 1306 1306 1324 1337 1324 1314 1308 1304 1306
539.380981 1311 1316 1329 1331 1329 1318 1309 1306 1303
539.39502 1310 1318 1328 1329 1329 1322 1308 1302 1300
539.40802 1303 1316 1332 1321 1335 1318 1307 1298 1307
539.421997 1308 1319 1324 1340 1326 1322 1311 1300 1304
539.434998 1309 1316 1330 1323 1323 1318 1315 1305 1295
539.448975 1311 1314 1321 1330 1334 1319 1305 1307 1301
539.461975 1310 1321 1320 1335 1332 1310 1309 1308 1301
539.476013 1310 1315 1330 1338 1331 1327 1311 1312 1305
539.489014 1304 1319 1325 1336 1328 1333 1311 1302 1309
539.502991 1311 1315 1330 1329 1329 1321 1308 1301 1298
539.515991 1308 1314 1325 1330 1330 1327 1316 1300 1292
539.530029 1310 1322 1322 1338 1340 1329 1314 1313 1297
539.54303 1305 1312 1340 1333 1340 1324 1313 1303 1299
539.557007 1302 1324 1329 1348 1339 1329 1315 1307 1304
539.570007 1303 1321 1332 1348 1351 1337 1311 1303 1306
539.583984 1306 1334 1338 1364 1353 1342 1318 1305 1308
539.596985 1315 1343 1355 1378 1372 1353 1328 1306 1298
539.611023 1318 1339 1392 1402 1392 1355 1333 1303 1312
539.624023 1321 1363 1401 1428 1442 1393 1332 1303 1312
539.638 1317 1370 1447 1483 1469 1423 1352 1313 1305
539.651001 1323 1389 1462 1529 1528 1459 1356 1316 1309
539.664001 1317 1383 1488 1522 1519 1451 1372 1314 1307
539.677979 1329 1387 1458 1544 1519 1459 1378 1311 1304
539.690979 1318 1378 1454 1514 1483 1437 1343 1303 1318
539.705017 1314 1363 1427 1461 1462 1404 1357 1312 1320
539.718018 1312 1349 1394 1435 1425 1388 1336 1306 1310
539.731995 1308 1338 1378 1381 1384 1365 1327 1308 1310
539.744995 1310 1326 1361 1380 1372 1345 1317 1299 1304
539.758972 1302 1332 1344 1359 1358 1335 1313 1306 1307
539.771973 1308 1324 1335 1349 1345 1342 1314 1304 1299
539.786011 1308 1320 1343 1351 1353 1326 1325 1304 1302
539.799011 1308 1325 1327 1350 1338 1324 1312 1307 1308
539.812988 1312 1327 1340 1354 1350 1330 1324 1303 1305
539.825989 1316 1323 1331 1343 1343 1330 1314 1302 1307
539.840027 1315 1323 1339 1346 1341 1338 1314 1302 1312
539.853027 1313 1325 1345 1344 1337 1328 1315 1307 1307
539.867004 1310 1315 1329 1331 1337 1332 1319 1306 1306
539.880005 1312 1317 1332 1341 1329 1317 1317 1315 1307
539.893982 1312 1321 1325 1341 1336 1328 1318 1307 1307
539.906982 1313 1316 1334 1344 1333 1327 1316 1300 1304
539.921021 1316 1316 1337 1345 1339 1318 1324 1303 1308
539.934021 1311 1325 1342 1339 1337 1322 1306 1304 1304
539.947998 1310 1313 1342 1349 1333 1321 1316 1302 1304
539.960999 1311 1327 1333 1344 1334 1326 1312 1311 1304
539.973999 1311 1326 1326 1341 1341 1318 1316 1311 1308
539.987976 1305 1327 1332 1336 1340 1321 1310 1304 1315
540.000977 1309 1317 1331 1342 1342 1325 1316 1303 1307
540.015015 1307 1320 1332 1348 1340 1334 1313 1307 1304
540.028015 1307 1319 1339 1340 1346 1336 1308 1312 1302
540.041992 1311 1318 1342 1337 1338 1322 1311 1317 1309
540.054993 1309 1334 1338 1346 1334 1333 1307 1307 1309
540.06897 1305 1324 1328 1343 1342 1325 1319 1311 1306
540.08197 1305 1324 1339 1343 1339 1327 1313 1303 1306
540.096008 1312 1320 1331 1334 1342 1328 1313 1306 1301
540.109009 1310 1319 1339 1343 1329 1327 1318 1306 1311
540.122986 1309 1320 1331 1334 1334 1328 1315 1304 1312
540.135986 1307 1323 1332 1335 1330 1325 1315 1306 1304
540.150024 1316 1319 1335 1339 1345 1327 1319 1309 1300
540.163025 1314 1320 1334 1344 1343 1331 1313 1308 1312
540.176025 1315 1321 1344 1343 1338 1325 1325 1309 1305
540.190002 1307 1321 1330 1342 1340 1336 1319 1312 1308
540.203003 1312 1322 1335 1345 1334 1327 1314 1304 1314
540.21698 1318 1318 1337 1343 1344 1325 1314 1317 1306
540.22998 1304 1319 1337 1337 1337 1325 1316 1305 1304
540.244019 1313 1318 1326 1340 1340 1328 1314 1313 1306
540.257019 1317 1319 1336 1346 1338 1329 1314 1301 1306
540.270996 1318 1318 1330 1342 1342 1323 1317 1305 1309
540.283997 1308 1328 1325 1341 1335 1325 1309 1308 1307
540.297974 1309 1322 1335 1333 1340 1321 1317 1309 1313
540.310974 1315 1316 1328 1350 1331 1324 1318 1305 1303
540.323975 1311 1314 1343 1340 1334 1330 1318 1304 1307
540.338013 1310 1321 1329 1341 1337 1327 1317 1306 1314
540.351013 1314 1333 1326 1351 1326 1322 1315 1306 1303
540.36499 1320 1325 1330 1340 1342 1327 1316 1308 1303
540.377991 1319 1324 1335 1335 1339 1324 1322 1316 1315
540.392029 1317 1334 1340 1346 1330 1327 1315 1317 1311
540.405029 1323 1326 1338 1350 1340 1332 1325 1313 1310
540.419006 1341 1338 1339 1352 1336 1332 1319 1314 1317
540.432007 1329 1331 1341 1343 1342 1326 1332 1322 1324
540.445007 1326 1339 1343 1345 1341 1338 1323 1316 1324
540.458984 1319 1338 1344 1345 1344 1335 1319 1318 1321
540.471985 1321 1335 1347 1343 1349 1335 1322 1314 1319
540.486023 1327 1328 1343 1337 1335 1341 1329 1319 1313
540.499023 1320 1327 1331 1353 1341 1342 1321 1323 1314
540.513 1321 1320 1344 1347 1336 1341 1322 1307 1311
540.526001 1311 1319 1336 1352 1335 1327 1315 1317 1312
540.539978 1312 1325 1340 1344 1349 1325 1315 1311 1325
540.552979 1321 1326 1336 1339 1343 1330 1317 1322 1310
540.565979 1316 1314 1334 1339 1335 1332 1310 1310 1302
540.580017 1310 1320 1330 1336 1341 1336 1316 1309 1316
540.593018 1316 1322 1331 1334 1339 1333 1315 1309 1306
540.606995 1319 1319 1328 1335 1336 1331 1313 1310 1305
540.619995 1318 1321 1323 1335 1344 1326 1318 1312 1310
540.633972 1313 1315 1335 1343 1339 1322 1314 1307 1312
540.646973 1323 1324 1325 1341 1343 1335 1317 1312 1316
540.659973 1313 1321 1329 1333 1331 1331 1318 1309 1307
540.674011 1310 1323 1331 1332 1336 1339 1320 1311 1310
540.687012 1319 1323 1325 1344 1330 1324 1320 1306 1308
540.700989 1315 1322 1331 1343 1347 1336 1316 1308 1304
540.713989 1314 1319 1329 1328 1328 1334 1321 1307 1309
540.728027 1317 1313 1332 1331 1338 1327 1323 1306 1309
540.741028 1315 1321 1332 1334 1339 1328 1317 1312 1311
540.754028 1310 1327 1344 1329 1344 1322 1317 1307 1306
540.768005 1322 1326 1337 1331 1329 1316 1327 1311 1305
540.781006 1312 1318 1328 1336 1335 1325 1314 1311 1308
540.794983 1310 1316 1336 1338 1327 1331 1311 1305 1305
540.807983 1315 1317 1333 1342 1327 1332 1318 1318 1307
540.822021 1311 1317 1337 1340 1339 1334 1310 1307 1313
540.835022 1306 1321 1337 1342 1334 1338 1306 1311 1308
540.848022 1321 1324 1327 1329 1342 1336 1309 1308 1306
540.862 1315 1325 1328 1343 1342 1328 1314 1310 1308
540.875 1317 1328 1329 1346 1343 1326 1321 1310 1305
540.888977 1309 1322 1333 1345 1343 1327 1319 1305 1305
540.901978 1316 1322 1326 1330 1334 1334 1316 1304 1310
540.916016 1314 1320 1333 1336 1339 1326 1322 1308 1307
540.929016 1316 1325 1335 1338 1337 1320 1320 1314 1310
540.942017 1313 1319 1336 1344 1345 1330 1319 1320 1317
540.955994 1312 1331 1338 1339 1341 1324 1316 1314 1312
540.968994 1313 1325 1338 1342 1335 1325 1320 1309 1314
540.982971 1309 1324 1329 1349 1334 1332 1325 1312 1310
540.995972 1315 1321 1337 1340 1342 1329 1319 1314 1311
541.008972 1314 1326 1341 1335 1335 1329 1323 1306 1309
541.02301 1313 1315 1328 1336 1343 1331 1319 1307 1302
541.036011 1316 1321 1336 1344 1346 1320 1325 1311 1310
541.049988 1316 1320 1337 1336 1336 1329 1312 1311 1315
541.062988 1311 1317 1332 1341 1341 1326 1319 1310 1303
541.075989 1309 1323 1336 1336 1344 1329 1317 1306 1315
541.090027 1316 1321 1333 1348 1335 1336 1330 1308 1319
541.103027 1312 1323 1334 1338 1353 1330 1310 1308 1317
541.117004 1314 1321 1340 1344 1350 1335 1315 1307 1310
541.130005 1316 1316 1339 1343 1341 1341 1314 1321 1312
541.143982 1311 1324 1326 1343 1340 1332 1321 1316 1306
541.156982 1316 1331 1339 1331 1341 1336 1314 1308 1315
541.169983 1316 1333 1332 1342 1341 1335 1319 1308 1310
541.184021 1313 1332 1335 1346 1338 1332 1320 1318 1318
541.197021 1320 1325 1333 1344 1343 1335 1326 1313 1319
541.210999 1315 1317 1337 1350 1343 1325 1318 1307 1311
541.223999 1317 1315 1328 1349 1346 1332 1313 1310 1314
541.237 1312 1319 1342 1343 1347 1342 1317 1311 1300
541.250977 1315 1328 1329 1335 1347 1330 1321 1310 1311
541.263977 1313 1331 1337 1353 1339 1331 1315 1310 1309
541.278015 1309 1322 1338 1350 1342 1335 1323 1313 1312
541.291016 1316 1320 1338 1346 1336 1327 1315 1312 1313
541.304016 1313 1322 1333 1330 1346 1340 1326 1311 1318
541.317993 1320 1330 1337 1358 1346 1327 1318 1315 1318
541.330994 1316 1322 1338 1334 1344 1343 1313 1313 1314
541.344971 1320 1323 1340 1342 1343 1331 1323 1314 1316
541.357971 1313 1322 1340 1341 1340 1331 1324 1321 1310
541.370972 1308 1318 1342 1344 1333 1332 1313 1317 1315
541.38501 1312 1328 1336 1342 1339 1336 1329 1307 1312
541.39801 1314 1337 1336 1341 1337 1332 1322 1315 1308
541.411011 1311 1335 1339 1335 1344 1324 1320 1314 1312
541.424988 1314 1337 1339 1356 1342 1327 1308 1316 1303
541.437988 1320 1321 1329 1345 1348 1327 1315 1302 1313
541.452026 1316 1324 1335 1342 1341 1330 1327 1313 1318
541.465027 1315 1330 1336 1342 1339 1338 1317 1308 1310
541.478027 1318 1328 1339 1354 1346 1330 1321 1316 1315
541.492004 1316 1323 1334 1347 1338 1329 1325 1317 1311
541.505005 1320 1337 1327 1348 1352 1334 1317 1305 1307
541.518982 1316 1323 1336 1334 1343 1327 1316 1313 1312
541.531982 1315 1335 1338 1344 1341 1336 1317 1312 1309
541.544983 1319 1325 1337 1344 1330 1340 1317 1310 1319
541.559021 1320 1323 1344 1355 1344 1336 1319 1315 1313
541.572021 1321 1321 1329 1338 1349 1329 1325 1322 1312
541.585999 1317 1319 1335 1341 1351 1332 1325 1316 1309
541.598999 1322 1327 1342 1346 1337 1342 1309 1313 1317
541.612 1316 1329 1343 1350 1334 1333 1316 1309 1302
541.625977 1313 1327 1336 1352 1338 1335 1324 1306 1302
541.638977 1320 1330 1341 1348 1350 1339 1322 1314 1315
541.651978 1328 1334 1334 1345 1345 1334 1326 1310 1319
541.666016 1322 1328 1350 1346 1340 1338 1322 1312 1310
541.679016 1318 1323 1339 1337 1346 1337 1328 1315 1315
541.692993 1315 1329 1342 1338 1342 1328 1326 1316 1313
541.705994 1312 1321 1343 1341 1344 1335 1313 1312 1313
541.718994 1320 1331 1340 1359 1340 1328 1322 1310 1310
541.732971 1309 1336 1346 1343 1343 1329 1320 1309 1315
541.745972 1323 1329 1338 1342 1342 1337 1322 1306 1315
541.758972 1309 1327 1336 1337 1331 1322 1315 1305 1309
541.77301 1322 1326 1334 1349 1341 1332 1325 1314 1308
541.786011 1323 1316 1331 1343 1336 1338 1328 1313 1317
541.799988 1315 1325 1352 1340 1338 1333 1320 1316 1310
541.812988 1322 1332 1338 1347 1349 1327 1319 1311 1308
541.825989 1311 1318 1336 1339 1337 1334 1328 1320 1315
541.840027 1311 1328 1329 1345 1345 1334 1313 1321 1318
541.853027 1311 1338 1343 1341 1336 1327 1321 1311 1317
541.866028 1318 1336 1343 1342 1344 1332 1322 1317 1309
541.880005 1317 1325 1334 1344 1326 1326 1318 1313 1311
541.893005 1318 1317 1337 1347 1348 1325 1323 1314 1315
541.906006 1318 1326 1329 1352 1344 1326 1314 1310 1308
541.919983 1324 1333 1330 1337 1334 1329 1312 1311 1314
541.932983 1316 1325 1338 1337 1336 1328 1320 1315 1312
541.947021 1333 1322 1339 1347 1343 1326 1321 1314 1310
541.960022 1316 1323 1337 1343 1348 1330 1318 1309 1320
541.973022 1320 1338 1343 1341 1329 1342 1320 1311 1314
541.987 1317 1330 1343 1350 1339 1338 1316 1318 1308
542 1321 1320 1336 1341 1332 1330 1322 1309 1311
542.013 1322 1320 1340 1339 1335 1333 1316 1315 1308
542.026978 1324 1335 1332 1342 1338 1331 1321 1313 1313
542.039978 1313 1319 1342 1340 1336 1334 1320 1316 1312
542.052979 1322 1325 1332 1349 1345 1332 1319 1319 1318
542.067017 1323 1327 1339 1340 1342 1327 1322 1313 1316
542.080017 1321 1323 1347 1353 1340 1336 1320 1313 1305
542.093994 1305 1330 1345 1350 1351 1340 1320 1317 1304
542.106995 1314 1323 1338 1341 1352 1334 1327 1314 1317
542.119995 1319 1328 1344 1353 1336 1339 1327 1309 1316
542.133972 1320 1329 1344 1341 1341 1335 1327 1316 1316
542.146973 1328 1323 1343 1344 1350 1339 1321 1315 1322
542.159973 1317 1330 1340 1349 1340 1343 1326 1319 1319
542.174011 1326 1324 1336 1345 1346 1325 1316 1320 1313
542.187012 1320 1325 1333 1343 1343 1330 1320 1310 1308
542.200012 1324 1325 1340 1353 1362 1340 1321 1313 1316
542.213989 1332 1337 1339 1347 1341 1331 1335 1312 1319
542.22699 1316 1332 1337 1350 1342 1334 1326 1316 1318
542.23999 1320 1337 1328 1344 1343 1329 1330 1321 1316
542.254028 1319 1334 1355 1349 1350 1347 1320 1310 1312
542.267029 1325 1328 1335 1337 1345 1332 1320 1318 1313
542.280029 1328 1333 1337 1351 1333 1336 1313 1312 1310
542.294006 1317 1332 1342 1346 1335 1337 1328 1313 1315
542.307007 1316 1329 1341 1348 1353 1336 1327 1318 1322
542.320007 1326 1339 1336 1344 1345 1326 1329 1316 1312
542.333984 1319 1334 1341 1352 1344 1339 1328 1311 1317
542.346985 1312 1328 1344 1338 1339 1338 1327 1319 1307
542.359985 1326 1332 1330 1355 1346 1337 1324 1318 1312
542.374023 1320 1337 1344 1354 1342 1346 1324 1313 1314
542.387024 1319 1332 1341 1359 1351 1338 1331 1321 1319
542.400024 1319 1332 1341 1359 1349 1343 1333 1316 1313
542.414001 1321 1330 1349 1350 1347 1339 1323 1314 1326
542.427002 1326 1330 1348 1349 1339 1339 1321 1315 1314
542.440002 1328 1338 1346 1353 1349 1342 1323 1317 1315
542.453979 1314 1333 1343 1356 1351 1338 1322 1321 1314
542.46698 1315 1335 1345 1359 1350 1334 1322 1321 1307
542.47998 1319 1333 1342 1355 1352 1339 1320 1308 1316
542.494019 1322 1338 1342 1350 1349 1341 1329 1317 1315
542.507019 1325 1327 1346 1360 1356 1338 1323 1326 1324
542.52002 1321 1323 1335 1359 1349 1342 1321 1314 1322
542.533997 1323 1332 1347 1350 1348 1340 1326 1323 1323
542.546997 1321 1333 1354 1350 1362 1348 1323 1318 1317
542.559998 1327 1328 1346 1353 1349 1343 1325 1315 1319
542.573975 1323 1330 1345 1349 1353 1344 1327 1315 1319
542.586975 1328 1338 1345 1357 1348 1344 1326 1313 1310
542.599976 1329 1332 1346 1347 1345 1337 1323 1324 1315
542.614014 1324 1330 1348 1355 1353 1343 1331 1316 1318
542.627014 1327 1329 1360 1363 1357 1341 1333 1311 1313
542.640015 1327 1333 1340 1354 1358 1347 1320 1314 1321
542.653992 1326 1333 1348 1352 1351 1342 1335 1326 1323
542.666992 1332 1328 1355 1359 1350 1340 1326 1328 1316
542.679993 1322 1324 1341 1361 1349 1344 1328 1312 1312
542.69397 1328 1328 1348 1355 1356 1342 1334 1324 1316
542.70697 1329 1335 1344 1365 1351 1349 1323 1316 1324
542.719971 1321 1335 1347 1355 1357 1330 1331 1307 1315
542.734009 1325 1326 1342 1359 1354 1342 1323 1315 1315
542.747009 1321 1347 1356 1355 1359 1349 1322 1312 1318
542.76001 1323 1336 1357 1350 1360 1340 1331 1318 1323
542.773987 1328 1329 1348 1356 1351 1335 1318 1316 1308
542.786987 1323 1332 1351 1358 1348 1340 1321 1318 1305
542.799988 1330 1335 1353 1361 1352 1344 1327 1320 1315
542.812988 1331 1343 1342 1341 1350 1340 1324 1317 1309
542.827026 1328 1331 1342 1346 1359 1341 1327 1316 1317
542.840027 1322 1331 1347 1362 1353 1344 1324 1303 1309
542.853027 1318 1338 1348 1357 1356 1337 1318 1317 1315
542.867004 1314 1329 1345 1347 1350 1343 1323 1311 1313
542.880005 1323 1328 1338 1340 1356 1342 1321 1315 1321
542.893005 1322 1335 1342 1343 1353 1334 1322 1312 1311
542.906982 1320 1326 1349 1353 1352 1332 1323 1317 1310
542.919983 1320 1327 1337 1351 1349 1340 1331 1319 1312
542.932983 1321 1329 1339 1351 1344 1336 1319 1316 1312
542.947021 1327 1327 1341 1345 1348 1332 1333 1318 1319
542.960022 1327 1332 1343 1354 1345 1336 1326 1309 1316
542.973022 1329 1331 1361 1352 1349 1344 1325 1309 1315
542.987 1322 1336 1335 1362 1354 1343 1327 1318 1327
543 1319 1337 1344 1356 1342 1344 1328 1321 1316
543.013 1327 1341 1347 1365 1365 1362 1329 1316 1318
543.026001 1313 1345 1346 1361 1355 1346 1337 1318 1314
543.039978 1319 1336 1348 1355 1367 1344 1329 1312 1320
543.052979 1320 1333 1350 1359 1360 1347 1328 1319 1322
543.065979 1320 1336 1357 1373 1363 1352 1328 1315 1320
543.080017 1335 1337 1355 1364 1371 1349 1338 1315 1315
543.093018 1322 1340 1358 1366 1363 1349 1339 1317 1312
543.106018 1323 1338 1356 1375 1376 1350 1338 1316 1316
543.119995 1325 1349 1367 1375 1379 1357 1336 1314 1315
543.132996 1331 1337 1364 1378 1378 1366 1333 1316 1309
543.145996 1328 1349 1367 1383 1378 1359 1337 1318 1315
543.158997 1333 1342 1361 1390 1376 1364 1332 1316 1319
543.172974 1333 1349 1368 1375 1372 1359 1333 1329 1325
543.185974 1325 1345 1372 1381 1384 1363 1331 1322 1325
543.198975 1325 1347 1381 1392 1387 1359 1335 1314 1319
543.213013 1328 1344 1386 1385 1381 1366 1339 1327 1325
543.226013 1333 1352 1368 1391 1380 1364 1344 1322 1319
543.239014 1333 1346 1374 1384 1375 1368 1334 1320 1326
543.252014 1328 1349 1373 1391 1381 1365 1345 1317 1326
543.265991 1317 1350 1376 1395 1388 1367 1332 1319 1321
543.278992 1326 1357 1383 1386 1395 1359 1338 1318 1324
543.291992 1328 1348 1376 1385 1378 1365 1332 1318 1318
543.30603 1325 1350 1372 1399 1384 1359 1342 1316 1321
543.31897 1326 1341 1373 1378 1388 1360 1337 1320 1325
543.33197 1326 1346 1374 1389 1382 1365 1330 1312 1316
543.344971 1320 1349 1376 1388 1389 1360 1332 1322 1326
543.359009 1335 1349 1360 1380 1382 1357 1339 1320 1324
543.372009 1323 1341 1373 1380 1372 1352 1342 1318 1316
543.38501 1325 1345 1359 1388 1387 1358 1339 1320 1325
543.398987 1335 1351 1377 1386 1380 1363 1334 1315 1314
543.411987 1325 1346 1384 1405 1405 1374 1337 1313 1323
543.424988 1327 1359 1378 1407 1400 1371 1342 1319 1318
543.437988 1325 1350 1403 1405 1406 1383 1339 1318 1318
543.452026 1334 1360 1409 1424 1410 1386 1358 1327 1321
543.465027 1332 1369 1409 1444 1432 1391 1345 1328 1330
543.478027 1337 1370 1422 1451 1444 1424 1366 1318 1323
543.491028 1340 1384 1466 1499 1476 1423 1363 1321 1322
543.505005 1329 1409 1474 1538 1525 1455 1369 1319 1334
543.518005 1341 1411 1519 1572 1568 1472 1381 1328 1335
543.531006 1343 1429 1542 1599 1596 1480 1389 1329 1335
543.544983 1345 1434 1569 1606 1600 1531 1396 1323 1337
543.557983 1339 1434 1557 1645 1609 1529 1389 1321 1331
543.570984 1339 1430 1550 1600 1587 1483 1394 1324 1335
543.583984 1356 1414 1498 1586 1573 1461 1388 1324 1337
543.598022 1342 1394 1473 1534 1529 1463 1366 1321 1331
543.611023 1344 1384 1456 1502 1488 1420 1359 1322 1320
543.624023 1335 1382 1428 1460 1440 1401 1345 1323 1319
543.637024 1330 1375 1419 1427 1418 1387 1352 1319 1325
543.651001 1334 1366 1379 1415 1419 1370 1339 1317 1318
543.664001 1328 1351 1383 1399 1388 1371 1348 1319 1315
543.677002 1330 1368 1389 1393 1385 1358 1341 1323 1319
543.690002 1325 1350 1378 1382 1390 1368 1336 1312 1327
543.703979 1321 1351 1371 1376 1375 1355 1338 1318 1326
543.71698 1327 1339 1360 1388 1370 1354 1330 1321 1311
543.72998 1322 1342 1355 1377 1373 1349 1324 1322 1322
543.744019 1325 1345 1360 1373 1371 1352 1337 1320 1321
543.757019 1324 1340 1358 1375 1383 1348 1335 1324 1323
543.77002 1328 1337 1364 1373 1363 1344 1336 1320 1324
543.78302 1313 1329 1366 1377 1360 1342 1328 1318 1317
543.796997 1326 1336 1356 1364 1363 1348 1335 1321 1314
543.809998 1330 1334 1356 1372 1357 1350 1339 1317 1320
543.822998 1328 1335 1351 1363 1359 1348 1330 1317 1314
543.835999 1319 1331 1352 1369 1368 1346 1331 1324 1314
543.849976 1319 1336 1353 1361 1370 1346 1338 1320 1319
543.862976 1321 1345 1357 1356 1361 1349 1334 1324 1322
543.875977 1316 1335 1356 1364 1358 1343 1327 1318 1314
543.888977 1330 1341 1354 1358 1367 1350 1336 1325 1316
543.903015 1322 1334 1362 1359 1354 1344 1332 1319 1314
543.916016 1324 1345 1355 1365 1366 1339 1334 1319 1314
543.929016 1325 1345 1361 1354 1369 1343 1336 1318 1313
543.942017 1328 1332 1349 1374 1375 1349 1338 1325 1318
543.955994 1321 1336 1356 1366 1366 1350 1332 1318 1321
543.968994 1336 1340 1358 1363 1359 1345 1330 1312 1320
543.981995 1327 1342 1368 1371 1360 1357 1332 1322 1315
543.994995 1326 1338 1361 1368 1364 1337 1334 1319 1316
544.008972 1333 1333 1364 1379 1354 1342 1328 1305 1317
544.021973 1322 1345 1363 1360 1370 1348 1331 1313 1333
544.034973 1322 1333 1343 1364 1358 1343 1331 1311 1317
544.047974 1327 1343 1362 1370 1369 1346 1326 1319 1319
544.062012 1325 1331 1358 1365 1355 1356 1330 1322 1316
544.075012 1324 1328 1354 1374 1364 1352 1334 1315 1310
544.088013 1328 1338 1349 1371 1370 1348 1335 1317 1326
544.101013 1326 1347 1350 1357 1357 1350 1332 1313 1313
544.11499 1325 1345 1359 1364 1365 1355 1328 1311 1325
544.127991 1322 1343 1355 1372 1353 1348 1334 1323 1316
544.140991 1321 1331 1344 1359 1352 1350 1328 1318 1323
544.153992 1326 1341 1354 1358 1370 1344 1331 1321 1322
544.166992 1321 1337 1336 1361 1358 1348 1322 1315 1322
544.18103 1331 1335 1354 1366 1365 1360 1338 1318 1313
544.19397 1323 1339 1351 1367 1359 1363 1335 1316 1323
544.20697 1324 1336 1350 1372 1366 1342 1337 1323 1318
544.219971 1329 1335 1351 1356 1362 1351 1334 1322 1319
544.234009 1338 1343 1347 1361 1363 1342 1323 1323 1315
544.247009 1326 1333 1350 1360 1374 1347 1334 1304 1323
544.26001 1328 1324 1363 1373 1363 1344 1325 1326 1320
544.27301 1326 1329 1360 1356 1365 1351 1323 1313 1320
544.286987 1328 1331 1364 1353 1358 1354 1338 1320 1317
544.299988 1326 1344 1345 1352 1362 1356 1331 1318 1319
544.312988 1329 1339 1359 1372 1364 1347 1337 1321 1327
544.325989 1331 1331 1350 1360 1369 1351 1329 1312 1316
544.338989 1331 1343 1350 1373 1366 1344 1329 1318 1317
544.353027 1320 1343 1355 1367 1368 1348 1336 1328 1311
544.366028 1322 1340 1347 1369 1364 1342 1327 1317 1322
544.379028 1321 1345 1350 1375 1363 1344 1341 1323 1317
544.392029 1319 1336 1353 1369 1366 1340 1335 1314 1331
544.406006 1322 1339 1358 1359 1364 1341 1331 1316 1322
544.419006 1331 1346 1361 1373 1354 1339 1325 1325 1319
544.432007 1329 1350 1354 1355 1364 1336 1326 1323 1314
544.445007 1329 1346 1359 1367 1366 1351 1330 1316 1321
544.458008 1324 1332 1354 1366 1364 1347 1334 1317 1319
544.471985 1335 1336 1352 1367 1370 1344 1326 1319 1314
544.484985 1321 1321 1354 1369 1361 1341 1327 1316 1312
544.497986 1320 1334 1354 1360 1365 1353 1332 1318 1326
544.510986 1324 1334 1349 1371 1371 1354 1334 1319 1322
544.525024 1329 1328 1363 1375 1364 1347 1336 1319 1312
544.538025 1324 1332 1354 1369 1358 1347 1329 1319 1323
544.551025 1334 1347 1347 1370 1354 1341 1326 1317 1320
544.564026 1336 1331 1351 1369 1372 1350 1327 1327 1315
544.577026 1326 1333 1349 1353 1356 1355 1333 1319 1318
544.591003 1325 1326 1351 1364 1371 1352 1347 1321 1321
544.604004 1324 1336 1355 1367 1367 1352 1336 1313 1317
544.617004 1323 1335 1364 1359 1367 1350 1333 1320 1320
544.630005 1329 1339 1355 1362 1373 1353 1320 1317 1316
544.643005 1325 1346 1348 1371 1366 1345 1326 1311 1317
544.656982 1328 1345 1354 1371 1377 1345 1333 1309 1321
544.669983 1332 1338 1357 1355 1354 1352 1332 1322 1320
544.682983 1331 1341 1351 1366 1362 1348 1335 1318 1321
544.695984 1320 1331 1366 1353 1366 1351 1344 1319 1317
544.710022 1335 1347 1356 1374 1364 1354 1322 1311 1320
544.723022 1326 1335 1348 1359 1372 1345 1333 1321 1320
544.736023 1324 1339 1361 1363 1370 1351 1333 1315 1326
544.749023 1323 1339 1355 1361 1368 1340 1328 1314 1323
544.762024 1332 1342 1350 1369 1355 1348 1334 1325 1322
544.776001 1317 1336 1347 1363 1364 1345 1340 1320 1315
544.789001 1318 1343 1353 1366 1363 1348 1331 1324 1318
544.802002 1323 1345 1351 1360 1373 1339 1336 1321 1323
544.815002 1329 1332 1351 1365 1374 1345 1334 1316 1312
544.828003 1321 1340 1358 1377 1369 1356 1322 1321 1325
544.84198 1322 1344 1366 1369 1361 1356 1327 1326 1315
544.85498 1336 1339 1363 1355 1359 1351 1329 1322 1321
544.867981 1323 1333 1360 1361 1370 1344 1329 1333 1323
544.880981 1330 1344 1348 1376 1356 1357 1332 1323 1325
544.893982 1326 1335 1349 1362 1367 1349 1333 1315 1320
544.90802 1322 1338 1365 1366 1370 1349 1329 1308 1317
544.921021 1320 1339 1346 1371 1364 1353 1331 1319 1323
544.934021 1322 1346 1362 1374 1377 1341 1326 1318 1328
544.947021 1340 1349 1368 1375 1369 1351 1335 1323 1320
544.960022 1333 1351 1354 1366 1372 1350 1331 1322 1329
544.973022 1325 1343 1370 1370 1371 1356 1326 1317 1328
544.987 1333 1354 1350 1372 1376 1364 1336 1326 1318
545 1332 1341 1361 1379 1374 1364 1338 1322 1315
545.013 1331 1345 1357 1387 1369 1361 1330 1318 1320
545.026001 1323 1335 1379 1368 1373 1358 1330 1324 1321
545.039001 1325 1343 1361 1384 1373 1342 1330 1324 1327
545.052979 1329 1352 1364 1375 1362 1355 1337 1321 1316
545.065979 1325 1336 1375 1380 1379 1355 1337 1321 1319
545.078979 1338 1349 1363 1375 1359 1355 1336 1324 1325
545.09198 1334 1345 1360 1376 1375 1371 1332 1319 1320
545.10498 1332 1334 1360 1387 1377 1363 1340 1319 1325
545.117981 1325 1340 1358 1388 1383 1361 1342 1324 1327
545.132019 1332 1341 1375 1381 1367 1363 1337 1317 1323
545.14502 1327 1349 1366 1383 1380 1353 1346 1320 1325
545.15802 1331 1349 1364 1378 1373 1356 1342 1321 1315
545.171021 1333 1340 1378 1383 1388 1355 1340 1321 1320
545.184021 1323 1338 1369 1368 1370 1359 1340 1318 1319
545.197998 1325 1346 1364 1385 1382 1351 1338 1323 1315
545.210999 1322 1352 1376 1373 1379 1361 1340 1329 1316
545.223999 1328 1342 1364 1378 1378 1371 1329 1318 1321
545.237 1324 1337 1378 1375 1382 1364 1332 1315 1321
545.25 1328 1345 1358 1387 1381 1351 1336 1319 1319
545.263 1327 1338 1367 1375 1399 1365 1325 1320 1317
545.276978 1330 1343 1370 1372 1386 1367 1328 1331 1319
545.289978 1332 1339 1359 1379 1366 1358 1333 1315 1316
545.302979 1335 1339 1372 1381 1371 1358 1335 1318 1320
545.315979 1322 1346 1378 1378 1377 1355 1337 1318 1324
545.328979 1325 1341 1369 1383 1363 1353 1326 1314 1323
545.34198 1328 1343 1368 1371 1367 1360 1330 1316 1318
545.356018 1318 1339 1368 1381 1366 1353 1331 1322 1315
545.369019 1317 1342 1362 1366 1376 1360 1331 1315 1317
545.382019 1331 1342 1360 1387 1372 1355 1328 1322 1319
545.39502 1314 1334 1368 1381 1372 1360 1336 1319 1312
545.40802 1324 1340 1365 1375 1370 1351 1328 1320 1322
545.421021 1321 1342 1368 1370 1375 1353 1331 1323 1318
545.434998 1314 1343 1364 1378 1376 1348 1337 1318 1309
545.447998 1330 1337 1344 1379 1361 1353 1324 1322 1315
545.460999 1319 1338 1351 1369 1363 1349 1318 1320 1320
545.473999 1321 1335 1350 1360 1364 1354 1337 1320 1311
545.487 1324 1334 1358 1363 1370 1348 1334 1314 1320
545.5 1328 1329 1353 1363 1358 1345 1324 1318 1326
545.513977 1324 1330 1349 1363 1361 1346 1337 1326 1317
545.526978 1331 1336 1361 1365 1366 1342 1332 1317 1318
545.539978 1325 1337 1345 1358 1366 1342 1316 1322 1313
545.552979 1322 1336 1336 1356 1346 1339 1326 1304 1315
545.565979 1329 1334 1354 1361 1346 1342 1324 1319 1315
545.578979 1318 1335 1340 1346 1347 1343 1333 1317 1315
545.593018 1324 1336 1346 1353 1351 1349 1334 1311 1317
545.606018 1319 1328 1339 1357 1356 1340 1317 1332 1313
545.619019 1324 1333 1342 1356 1345 1338 1328 1310 1321
545.632019 1328 1337 1346 1346 1349 1332 1327 1309 1320
545.64502 1325 1327 1338 1359 1348 1344 1323 1315 1323
545.65802 1320 1333 1351 1358 1340 1343 1325 1315 1312
545.671021 1323 1340 1346 1352 1346 1330 1323 1314 1318
545.684998 1319 1340 1334 1348 1350 1352 1340 1322 1315
545.697998 1322 1334 1340 1344 1350 1337 1330 1321 1318
545.710999 1323 1326 1344 1346 1347 1343 1329 1319 1315
545.723999 1323 1335 1338 1350 1350 1341 1317 1311 1319
545.737 1323 1323 1343 1360 1353 1345 1323 1308 1305
545.75 1320 1329 1338 1347 1341 1340 1320 1311 1314
545.763 1314 1326 1343 1365 1349 1330 1329 1315 1317
545.776978 1328 1328 1332 1356 1344 1332 1328 1320 1309
545.789978 1328 1327 1331 1345 1348 1336 1326 1316 1312
545.802979 1321 1333 1339 1351 1351 1338 1326 1312 1317
545.815979 1323 1331 1333 1351 1351 1330 1325 1312 1317
545.828979 1320 1328 1333 1346 1354 1351 1316 1310 1316
545.84198 1321 1329 1348 1360 1337 1332 1323 1319 1319
545.85498 1321 1334 1344 1356 1346 1326 1321 1319 1316
545.869019 1326 1325 1341 1363 1349 1342 1329 1309 1317
545.882019 1322 1333 1343 1347 1337 1346 1323 1311 1312
545.89502 1318 1330 1338 1356 1343 1330 1329 1311 1314
545.90802 1319 1335 1342 1348 1349 1332 1317 1313 1322
545.921021 1322 1323 1341 1363 1342 1351 1323 1315 1315
545.934021 1320 1329 1343 1356 1338 1345 1327 1314 1313
545.947021 1311 1331 1334 1353 1355 1335 1321 1316 1310
545.960022 1322 1317 1343 1347 1347 1337 1323 1312 1318
545.973999 1322 1335 1338 1341 1346 1338 1321 1315 1313
545.987 1330 1329 1341 1343 1338 1337 1325 1321 1319
546 1319 1329 1338 1351 1349 1335 1315 1315 1319
546.013 1321 1340 1343 1351 1358 1339 1322 1315 1314
546.026001 1323 1331 1337 1343 1340 1341 1327 1317 1306
546.039001 1321 1328 1341 1344 1342 1329 1316 1316 1311
546.052002 1323 1332 1336 1347 1335 1338 1321 1315 1319
546.065002 1322 1335 1340 1342 1335 1332 1324 1311 1312
546.078979 1327 1335 1333 1344 1351 1332 1320 1307 1311
546.09198 1313 1328 1338 1337 1343 1322 1325 1319 1306
546.10498 1324 1334 1333 1336 1350 1343 1319 1313 1314
546.117981 1325 1329 1335 1348 1340 1337 1327 1309 1315
546.130981 1327 1324 1336 1350 1341 1342 1317 1315 1320
546.143982 1330 1324 1329 1348 1334 1329 1318 1316 1315
546.156982 1328 1323 1330 1342 1337 1335 1316 1314 1325
546.169983 1313 1332 1344 1339 1348 1327 1320 1312 1308
546.184021 1324 1330 1334 1350 1354 1333 1323 1318 1306
546.197021 1320 1323 1338 1347 1342 1334 1320 1311 1314
546.210022 1318 1331 1341 1350 1329 1335 1321 1310 1307
546.223022 1319 1324 1341 1349 1345 1325 1320 1318 1314
546.236023 1325 1333 1347 1345 1346 1329 1316 1301 1313
546.249023 1319 1329 1339 1343 1338 1337 1314 1308 1315
546.262024 1321 1320 1355 1342 1336 1336 1320 1312 1313
546.275024 1318 1329 1344 1351 1338 1327 1320 1317 1315
546.289001 1321 1318 1321 1337 1347 1335 1321 1314 1312
546.302002 1315 1329 1346 1338 1354 1334 1322 1312 1310
546.315002 1310 1327 1344 1347 1344 1329 1321 1313 1311
546.328003 1322 1326 1338 1354 1343 1330 1327 1313 1311
546.341003 1321 1327 1339 1349 1340 1326 1327 1316 1314
546.354004 1311 1327 1331 1348 1351 1335 1322 1319 1312
546.367004 1316 1327 1335 1342 1346 1330 1320 1309 1316
546.380005 1321 1321 1332 1337 1343 1337 1326 1313 1312
546.393005 1319 1331 1346 1346 1348 1335 1322 1311 1309
546.406006 1324 1327 1340 1347 1347 1342 1323 1309 1312
546.419983 1319 1337 1335 1335 1345 1334 1323 1315 1319
546.432983 1314 1328 1341 1349 1346 1328 1311 1317 1313
546.445984 1318 1338 1337 1347 1343 1334 1323 1313 1313
546.458984 1327 1327 1336 1334 1351 1339 1323 1311 1313
546.471985 1321 1324 1341 1342 1349 1347 1322 1312 1313
546.484985 1312 1325 1338 1356 1346 1337 1317 1305 1319
546.497986 1312 1321 1335 1338 1346 1334 1315 1317 1304
546.510986 1321 1329 1342 1355 1342 1330 1319 1313 1310
546.523987 1324 1315 1336 1341 1338 1336 1327 1318 1318
546.536987 1315 1324 1336 1339 1340 1332 1318 1306 1310
546.551025 1315 1326 1345 1342 1346 1323 1327 1312 1312
546.564026 1320 1331 1341 1346 1331 1332 1325 1312 1309
546.577026 1311 1324 1336 1341 1334 1322 1317 1310 1312
546.590027 1310 1325 1340 1342 1339 1331 1314 1309 1316
546.603027 1319 1315 1336 1352 1340 1335 1321 1312 1311
546.616028 1314 1331 1337 1349 1345 1330 1318 1309 1312
546.629028 1308 1317 1342 1348 1344 1329 1321 1308 1317
546.642029 1311 1324 1336 1341 1341 1331 1311 1314 1306
546.655029 1318 1320 1330 1344 1345 1328 1324 1311 1307
546.66803 1314 1328 1333 1340 1340 1325 1314 1313 1307
546.682007 1312 1326 1340 1341 1334 1326 1326 1310 1317
546.695007 1324 1326 1343 1348 1338 1326 1317 1312 1312
546.708008 1324 1327 1346 1334 1335 1330 1322 1312 1309
546.721008 1326 1323 1327 1331 1333 1326 1314 1319 1305
546.734009 1322 1321 1333 1337 1334 1324 1330 1306 1311
546.747009 1317 1326 1316 1339 1335 1329 1316 1317 1316
546.76001 1324 1329 1332 1343 1333 1327 1319 1304 1303
546.77301 1316 1316 1330 1339 1337 1329 1318 1303 1310
546.786011 1319 1332 1334 1339 1335 1334 1317 1313 1309
546.799011 1316 1324 1331 1337 1341 1330 1309 1309 1311
546.812012 1305 1316 1319 1336 1327 1333 1314 1305 1302
546.825012 1305 1321 1339 1328 1344 1326 1324 1313 1318
546.838989 1314 1327 1324 1337 1336 1329 1319 1311 1313
546.85199 1317 1322 1337 1331 1331 1334 1316 1308 1311
546.86499 1312 1324 1334 1343 1337 1332 1315 1300 1303
546.877991 1316 1322 1323 1340 1336 1330 1317 1316 1303
546.890991 1317 1313 1334 1342 1328 1335 1313 1306 1307
546.903992 1318 1334 1329 1344 1337 1328 1315 1308 1314
546.916992 1313 1321 1319 1335 1327 1325 1315 1308 1310
546.929993 1313 1321 1330 1334 1335 1328 1316 1318 1312
546.942993 1316 1319 1333 1330 1334 1336 1317 1305 1311
546.955994 1320 1323 1330 1339 1328 1323 1317 1308 1310
546.968994 1318 1319 1332 1333 1331 1328 1307 1313 1308
546.981995 1323 1325 1335 1342 1338 1332 1318 1312 1309
546.994995 1304 1318 1334 1330 1328 1326 1322 1315 1313
547.007996 1318 1318 1331 1333 1340 1320 1319 1314 1313
547.020996 1323 1318 1328 1333 1328 1326 1319 1310 1305
547.034973 1313 1324 1333 1329 1336 1322 1317 1307 1316
547.047974 1318 1315 1333 1336 1335 1324 1312 1307 1313
547.060974 1309 1324 1322 1333 1335 1317 1318 1306 1304
547.073975 1319 1320 1324 1338 1331 1318 1317 1310 1303
547.086975 1310 1319 1322 1335 1328 1318 1309 1313 1308
547.099976 1312 1322 1331 1336 1344 1319 1322 1312 1309
547.112976 1309 1321 1336 1342 1333 1315 1315 1307 1305
547.125977 1315 1318 1326 1336 1329 1319 1309 1312 1308
547.138977 1313 1313 1326 1340 1324 1327 1309 1312 1311
547.151978 1313 1317 1328 1329 1328 1323 1310 1308 1308
547.164978 1311 1320 1327 1338 1331 1324 1308 1314 1305
547.177979 1312 1325 1322 1339 1334 1324 1316 1311 1310
547.190979 1306 1316 1322 1328 1335 1313 1313 1312 1316
547.203979 1325 1320 1330 1326 1327 1320 1317 1306 1313
547.21698 1308 1315 1323 1329 1330 1330 1315 1309 1306
547.22998 1310 1316 1331 1329 1328 1324 1319 1304 1305
547.244019 1304 1319 1324 1324 1327 1333 1312 1311 1301
547.257019 1319 1318 1335 1332 1329 1316 1316 1307 1308
547.27002 1317 1323 1316 1339 1336 1330 1314 1311 1315
547.28302 1313 1314 1331 1336 1326 1315 1317 1307 1309
547.296021 1311 1322 1324 1332 1332 1321 1315 1303 1313
547.309021 1317 1312 1328 1331 1326 1323 1314 1304 1308
547.322021 1310 1322 1325 1325 1333 1313 1313 1308 1306
547.335022 1315 1322 1323 1327 1322 1323 1316 1306 1300
547.348022 1307 1320 1332 1328 1335 1326 1314 1316 1304
547.361023 1308 1327 1327 1328 1335 1328 1318 1308 1305
547.374023 1309 1319 1323 1328 1328 1322 1311 1308 1306
547.387024 1316 1315 1327 1327 1334 1323 1319 1309 1312
547.400024 1319 1326 1333 1331 1328 1323 1314 1309 1303
547.413025 1317 1323 1317 1328 1322 1328 1321 1307 1303
547.426025 1312 1312 1324 1326 1326 1315 1310 1309 1302
547.439026 1314 1317 1322 1325 1333 1323 1310 1308 1309
547.452026 1312 1321 1320 1330 1319 1319 1312 1308 1309
547.465027 1313 1311 1320 1334 1328 1321 1314 1309 1306
547.478027 1306 1312 1321 1325 1328 1322 1324 1305 1304
547.491028 1312 1313 1319 1331 1322 1324 1306 1309 1313
547.504028 1309 1314 1329 1333 1332 1323 1311 1308 1312
547.518005 1308 1323 1323 1329 1327 1317 1318 1307 1312
547.531006 1316 1318 1328 1330 1316 1319 1313 1308 1308
547.544006 1322 1319 1321 1339 1324 1317 1321 1305 1308
547.557007 1315 1318 1329 1328 1326 1324 1316 1311 1306
547.570007 1314 1321 1329 1327 1330 1316 1311 1309 1307
547.583008 1315 1322 1330 1320 1335 1316 1316 1312 1306
547.596008 1315 1321 1320 1325 1332 1316 1323 1309 1307
547.609009 1315 1323 1321 1332 1325 1328 1316 1310 1307
547.622009 1316 1319 1339 1339 1329 1325 1313 1313 1303
547.63501 1324 1318 1326 1336 1334 1323 1325 1314 1303
547.64801 1316 1327 1324 1335 1329 1329 1323 1317 1319
547.661011 1325 1320 1322 1331 1324 1326 1319 1318 1316
547.674011 1322 1319 1328 1326 1331 1330 1315 1319 1315
547.687012 1323 1321 1330 1333 1332 1331 1331 1315 1321
547.700012 1317 1319 1326 1332 1328 1329 1320 1315 1325
547.713013 1328 1330 1334 1332 1332 1326 1329 1314 1316
547.726013 1327 1332 1323 1329 1324 1332 1331 1319 1315
547.739014 1320 1319 1325 1333 1341 1319 1328 1321 1324
547.752014 1320 1323 1327 1326 1330 1328 1327 1317 1316
547.765015 1327 1322 1323 1332 1328 1323 1329 1321 1321
547.778015 1328 1331 1326 1331 1326 1334 1316 1319 1318
547.791016 1322 1325 1332 1331 1330 1333 1320 1315 1309
547.804016 1305 1320 1331 1325 1329 1329 1320 1313 1318
547.817017 1316 1322 1330 1325 1327 1318 1316 1317 1313
547.830017 1312 1313 1328 1326 1326 1316 1313 1317 1316
547.843018 1314 1327 1323 1324 1329 1318 1314 1313 1313
547.856018 1314 1324 1328 1333 1330 1314 1309 1304 1318
547.869019 1304 1309 1322 1326 1316 1309 1315 1310 1306
547.882019 1305 1316 1321 1336 1326 1321 1322 1309 1305
547.89502 1315 1321 1318 1332 1321 1317 1307 1308 1305
547.90802 1307 1318 1324 1318 1320 1320 1306 1303 1312
547.921021 1313 1310 1316 1329 1320 1314 1320 1319 1311
547.934021 1306 1315 1324 1329 1327 1319 1317 1309 1307
547.947021 1306 1314 1323 1328 1323 1315 1312 1311 1302
547.960022 1307 1317 1326 1337 1332 1324 1313 1303 1306
547.973022 1312 1314 1320 1322 1329 1323 1308 1304 1304
547.986023 1308 1318 1315 1326 1327 1317 1309 1307 1305
547.999023 1318 1317 1321 1334 1328 1320 1313 1307 1306
548.012024 1307 1316 1328 1328 1327 1318 1313 1304 1304
548.025024 1307 1306 1319 1320 1321 1317 1310 1306 1305
548.038025 1304 1324 1332 1329 1323 1318 1307 1313 1312
548.051025 1311 1317 1322 1323 1327 1320 1321 1300 1313
548.064026 1311 1316 1319 1328 1319 1317 1318 1304 1305
548.077026 1309 1313 1323 1328 1333 1315 1318 1301 1311
548.090027 1314 1316 1325 1324 1320 1317 1308 1311 1312
548.103027 1311 1319 1317 1331 1323 1312 1312 1307 1310
548.116028 1311 1316 1321 1323 1323 1312 1315 1309 1303
548.129028 1312 1317 1332 1327 1325 1316 1317 1308 1311
548.142029 1309 1314 1323 1326 1330 1321 1318 1307 1309
548.155029 1302 1318 1323 1328 1330 1327 1310 1306 1303
548.16803 1317 1310 1321 1325 1322 1320 1309 1304 1309
548.18103 1315 1315 1331 1327 1325 1313 1312 1302 1308
548.19397 1309 1305 1322 1314 1325 1312 1311 1298 1304
548.20697 1307 1314 1317 1330 1337 1315 1313 1302 1299
548.219971 1311 1311 1322 1328 1329 1316 1307 1298 1303
548.232971 1308 1312 1315 1328 1329 1321 1308 1301 1304
548.245972 1311 1316 1326 1326 1331 1315 1301 1302 1302
548.258972 1309 1313 1316 1323 1326 1317 1310 1306 1307
548.271973 1306 1314 1330 1323 1318 1319 1310 1296 1307
548.284973 1305 1312 1323 1319 1319 1321 1311 1307 1307
548.297974 1309 1308 1322 1340 1330 1320 1312 1303 1305
548.310974 1314 1317 1315 1325 1322 1312 1316 1310 1304
548.323975 1303 1314 1315 1330 1327 1322 1312 1302 1304
548.336975 1308 1321 1325 1327 1323 1318 1314 1302 1305
548.349976 1314 1309 1321 1328 1325 1314 1308 1309 1298
548.362976 1308 1307 1318 1326 1330 1313 1306 1305 1306
548.375977 1305 1317 1325 1322 1322 1313 1316 1302 1304
548.388977 1314 1320 1325 1332 1326 1318 1306 1302 1302
548.401978 1309 1324 1319 1320 1330 1319 1311 1305 1303
548.414978 1314 1318 1318 1327 1321 1312 1311 1302 1302
548.427979 1319 1319 1319 1330 1322 1317 1311 1294 1303
548.440979 1313 1312 1321 1330 1320 1326 1303 1308 1298
548.453979 1297 1308 1324 1340 1321 1319 1305 1306 1301
548.46698 1308 1318 1327 1325 1321 1315 1304 1308 1306
548.47998 1315 1317 1321 1316 1329 1318 1307 1300 1304
548.492981 1301 1312 1320 1322 1316 1318 1309 1298 1298
548.505981 1306 1311 1321 1326 1323 1313 1310 1302 1309
548.518982 1308 1315 1327 1321 1322 1313 1307 1298 1300
548.531982 1308 1312 1321 1330 1321 1324 1299 1299 1308
548.544983 1307 1309 1316 1324 1324 1311 1316 1302 1306
548.557983 1307 1309 1322 1337 1313 1324 1316 1307 1304
548.570984 1315 1320 1321 1324 1318 1312 1306 1298 1303
548.583984 1310 1316 1321 1320 1324 1321 1313 1308 1302
548.596985 1304 1317 1316 1327 1318 1313 1312 1303 1300
548.609985 1295 1317 1322 1338 1317 1320 1309 1298 1300
548.622986 1312 1314 1326 1331 1325 1316 1309 1305 1299
548.635986 1307 1307 1321 1324 1329 1319 1306 1303 1302
548.648987 1311 1313 1320 1330 1318 1319 1308 1308 1304
548.661987 1310 1317 1322 1322 1325 1314 1306 1302 1295
548.674988 1312 1304 1323 1328 1326 1319 1314 1309 1301
548.687988 1310 1311 1316 1319 1321 1317 1305 1301 1303
548.700989 1308 1321 1323 1329 1329 1318 1302 1302 1302
548.713989 1304 1310 1325 1329 1328 1324 1307 1308 1302
548.72699 1305 1315 1327 1331 1332 1320 1304 1300 1307
548.739014 1306 1319 1322 1328 1332 1325 1306 1306 1306
