0 11.25 22.5 33.75 45 56.25 67.5 78.75 90
535.080017 1269 1271 1270 1267 1271 1267 1268 1266 1267
535.093994 1268 1266 1266 1266 1264 1268 1267 1267 1269
535.106995 1267 1268 1266 1269 1266 1270 1268 1267 1267
535.120972 1268 1268 1267 1268 1268 1269 1268 1267 1268
535.13501 1266 1267 1271 1267 1268 1263 1265 1266 1265
535.148987 1264 1268 1266 1268 1264 1268 1269 1269 1264
535.161987 1266 1264 1265 1268 1272 1266 1267 1268 1268
535.176025 1267 1266 1268 1265 1266 1264 1266 1268 1268
535.190002 1268 1267 1269 1267 1267 1267 1266 1266 1265
535.203003 1268 1269 1268 1266 1262 1264 1266 1267 1268
535.21698 1268 1267 1263 1268 1267 1264 1266 1264 1266
535.231018 1264 1265 1267 1266 1267 1267 1267 1265 1267
535.244995 1266 1265 1264 1266 1266 1265 1268 1265 1263
535.257996 1264 1264 1264 1265 1266 1265 1269 1265 1266
535.271973 1265 1267 1265 1265 1265 1263 1266 1266 1265
535.286011 1267 1268 1265 1267 1267 1265 1267 1266 1266
535.299011 1268 1267 1266 1267 1268 1267 1262 1267 1267
535.312988 1268 1265 1267 1266 1267 1269 1263 1266 1265
535.327026 1268 1265 1264 1267 1265 1267 1268 1267 1267
535.341003 1264 1269 1267 1265 1264 1265 1265 1267 1263
535.354004 1264 1264 1267 1267 1267 1268 1266 1267 1264
535.367981 1266 1268 1263 1264 1263 1265 1264 1266 1268
535.382019 1267 1267 1262 1265 1265 1264 1266 1267 1265
535.39502 1268 1268 1265 1267 1265 1266 1266 1266 1266
535.408997 1267 1263 1265 1267 1264 1264 1269 1266 1264
535.422974 1266 1264 1265 1266 1265 1267 1265 1265 1266
535.435974 1267 1266 1268 1262 1266 1265 1266 1266 1263
535.450012 1265 1267 1268 1262 1265 1266 1266 1265 1265
535.463989 1262 1269 1267 1266 1264 1266 1266 1263 1264
535.478027 1266 1265 1265 1266 1265 1270 1265 1261 1267
535.491028 1267 1266 1266 1266 1266 1266 1264 1262 1266
535.505005 1267 1265 1262 1268 1266 1267 1266 1265 1266
535.518982 1265 1264 1265 1265 1264 1263 1261 1267 1264
535.531982 1264 1264 1266 1265 1263 1264 1265 1264 1265
535.546021 1265 1265 1266 1267 1264 1263 1268 1269 1263
535.559998 1265 1269 1267 1265 1264 1268 1265 1264 1264
535.572998 1266 1267 1266 1264 1264 1263 1263 1268 1266
535.586975 1266 1266 1264 1265 1264 1267 1267 1264 1265
535.601013 1267 1263 1262 1265 1269 1266 1264 1267 1267
535.61499 1270 1262 1267 1262 1266 1264 1263 1265 1266
535.627991 1266 1264 1265 1264 1264 1265 1264 1263 1265
535.642029 1266 1267 1267 1266 1267 1265 1269 1261 1267
535.656006 1264 1267 1262 1265 1264 1266 1265 1267 1264
535.669006 1265 1267 1263 1267 1265 1265 1264 1263 1265
535.682983 1265 1265 1266 1263 1264 1266 1266 1264 1262
535.697021 1267 1266 1263 1266 1266 1267 1266 1264 1267
535.710022 1266 1266 1263 1269 1266 1265 1265 1265 1266
535.723999 1262 1266 1267 1265 1268 1264 1268 1265 1264
535.737976 1262 1267 1267 1266 1267 1263 1263 1264 1262
535.750977 1266 1267 1270 1265 1265 1264 1266 1264 1262
535.765015 1265 1265 1263 1265 1262 1264 1264 1266 1264
535.778992 1267 1267 1264 1266 1266 1266 1261 1264 1262
535.791992 1266 1268 1265 1264 1265 1269 1265 1264 1267
535.80603 1268 1265 1268 1264 1265 1263 1264 1266 1263
535.820007 1263 1267 1262 1263 1266 1264 1265 1266 1265
535.833984 1265 1264 1264 1262 1267 1263 1266 1265 1268
535.846985 1265 1265 1265 1264 1266 1263 1266 1265 1266
535.861023 1265 1265 1264 1266 1264 1265 1262 1264 1265
535.875 1267 1265 1266 1265 1264 1264 1264 1263 1267
535.888 1265 1263 1263 1263 1263 1265 1267 1264 1265
535.901978 1265 1268 1263 1268 1268 1265 1267 1263 1266
535.916016 1264 1266 1265 1267 1266 1264 1265 1269 1266
535.929016 1264 1269 1264 1264 1264 1267 1265 1263 1261
535.942993 1264 1266 1268 1261 1266 1265 1263 1263 1263
535.95697 1264 1267 1265 1265 1262 1265 1264 1262 1263
535.969971 1267 1265 1267 1268 1266 1267 1267 1264 1264
535.984009 1269 1265 1263 1263 1262 1264 1265 1266 1262
535.997986 1265 1264 1264 1265 1266 1267 1266 1265 1265
536.010986 1266 1266 1261 1264 1264 1265 1264 1265 1267
536.025024 1263 1264 1262 1264 1263 1265 1264 1264 1264
536.039001 1267 1265 1264 1263 1263 1266 1267 1261 1266
536.052002 1264 1266 1269 1262 1266 1266 1267 1265 1265
536.065979 1268 1266 1265 1266 1264 1266 1265 1263 1267
536.080017 1267 1263 1263 1266 1267 1266 1266 1262 1265
536.093018 1267 1263 1264 1268 1267 1266 1265 1263 1264
536.106995 1268 1264 1266 1267 1266 1264 1266 1265 1267
536.120972 1263 1267 1265 1265 1266 1268 1268 1267 1266
536.133972 1263 1264 1266 1265 1267 1265 1266 1264 1267
536.14801 1264 1267 1269 1267 1268 1265 1267 1265 1265
536.161987 1264 1266 1263 1265 1265 1264 1266 1265 1265
536.174988 1266 1267 1266 1266 1271 1263 1265 1265 1267
536.189026 1265 1264 1268 1267 1268 1267 1268 1266 1265
536.203003 1267 1266 1265 1264 1263 1265 1263 1269 1266
536.216003 1262 1268 1263 1265 1263 1263 1264 1263 1264
536.22998 1265 1266 1264 1267 1268 1266 1267 1264 1264
536.244019 1266 1266 1265 1265 1263 1262 1266 1264 1267
536.257019 1264 1266 1265 1266 1265 1264 1267 1267 1264
536.270996 1266 1267 1265 1269 1266 1265 1264 1264 1266
536.284973 1263 1266 1265 1263 1267 1263 1266 1264 1267
536.297974 1265 1263 1264 1265 1266 1268 1261 1265 1267
536.312012 1264 1266 1261 1265 1264 1266 1267 1267 1268
536.325989 1263 1267 1264 1267 1265 1264 1267 1266 1268
536.338989 1264 1266 1267 1264 1264 1264 1266 1264 1266
536.353027 1267 1264 1266 1264 1268 1264 1266 1264 1263
536.367004 1269 1264 1267 1264 1263 1264 1263 1265 1265
536.380005 1265 1263 1263 1266 1264 1264 1263 1268 1265
536.393982 1266 1263 1267 1265 1266 1264 1264 1266 1265
536.40802 1266 1262 1266 1266 1265 1268 1263 1266 1265
536.421021 1265 1268 1264 1267 1262 1263 1266 1263 1265
536.434998 1261 1266 1267 1266 1264 1267 1261 1265 1266
536.448975 1264 1268 1263 1268 1267 1265 1264 1262 1264
536.461975 1265 1267 1267 1268 1265 1266 1264 1263 1264
536.476013 1267 1263 1264 1268 1265 1264 1264 1266 1266
536.48999 1264 1265 1264 1267 1264 1263 1263 1267 1268
536.502991 1263 1265 1264 1264 1264 1265 1265 1264 1264
536.517029 1263 1263 1265 1267 1264 1266 1263 1264 1264
536.530029 1265 1263 1266 1264 1261 1266 1267 1266 1263
536.544006 1268 1266 1264 1263 1263 1266 1266 1262 1264
536.557983 1268 1265 1269 1265 1263 1263 1264 1265 1262
536.570984 1266 1266 1264 1265 1263 1265 1265 1264 1265
536.585022 1265 1267 1263 1262 1265 1261 1266 1265 1268
536.598999 1261 1268 1266 1265 1263 1266 1266 1267 1264
536.612 1261 1264 1263 1266 1263 1265 1264 1264 1263
536.625977 1269 1266 1267 1264 1266 1266 1267 1265 1266
536.640015 1267 1269 1266 1266 1262 1267 1265 1265 1265
536.653015 1264 1264 1266 1265 1263 1266 1264 1266 1266
536.666992 1267 1265 1266 1264 1266 1263 1263 1265 1266
536.68103 1265 1265 1262 1265 1266 1264 1267 1268 1266
536.69397 1263 1265 1264 1267 1267 1268 1263 1263 1260
536.708008 1262 1267 1264 1264 1264 1265 1261 1265 1269
536.721008 1265 1266 1267 1265 1265 1264 1264 1265 1265
536.734985 1266 1265 1266 1264 1265 1266 1265 1262 1264
536.749023 1265 1263 1267 1267 1264 1264 1265 1264 1263
536.762024 1267 1268 1263 1263 1266 1268 1264 1264 1262
536.776001 1264 1265 1266 1265 1267 1263 1262 1264 1266
536.789978 1264 1263 1264 1264 1264 1263 1265 1266 1263
536.802979 1263 1264 1264 1266 1261 1266 1264 1266 1264
536.817017 1267 1265 1265 1266 1263 1267 1263 1267 1265
536.830994 1266 1267 1267 1266 1265 1265 1265 1266 1260
536.843994 1264 1267 1267 1267 1266 1263 1259 1265 1265
536.857971 1268 1266 1264 1267 1266 1265 1267 1268 1266
536.870972 1266 1269 1263 1268 1264 1267 1262 1267 1268
536.88501 1263 1265 1264 1266 1265 1267 1266 1266 1267
536.898987 1264 1264 1265 1264 1265 1266 1266 1265 1268
536.911987 1263 1266 1268 1262 1265 1262 1266 1264 1265
536.926025 1266 1265 1266 1265 1265 1268 1267 1266 1263
536.940002 1267 1267 1263 1268 1268 1267 1266 1267 1265
536.953003 1264 1266 1267 1265 1266 1262 1266 1266 1267
536.96698 1265 1268 1263 1270 1265 1264 1264 1266 1263
536.97998 1263 1265 1265 1264 1266 1265 1267 1267 1266
536.994019 1267 1264 1262 1264 1264 1267 1271 1267 1264
537.007996 1263 1266 1267 1263 1263 1267 1267 1266 1261
537.020996 1263 1263 1267 1264 1263 1267 1267 1266 1263
537.034973 1266 1266 1266 1266 1268 1267 1266 1265 1267
537.049011 1266 1265 1264 1266 1262 1267 1264 1266 1266
537.062012 1266 1267 1267 1265 1267 1267 1264 1267 1266
537.075989 1267 1266 1265 1269 1266 1265 1264 1268 1267
537.088989 1265 1266 1266 1267 1265 1265 1265 1265 1263
537.103027 1263 1266 1267 1266 1265 1267 1265 1267 1264
537.117004 1268 1265 1270 1263 1265 1266 1265 1260 1262
537.130005 1266 1266 1267 1268 1268 1266 1265 1265 1269
537.143982 1267 1268 1270 1266 1265 1263 1267 1264 1264
537.15802 1266 1263 1264 1266 1268 1265 1263 1265 1270
537.171021 1264 1266 1266 1267 1267 1265 1266 1267 1267
537.184998 1267 1264 1267 1269 1264 1267 1269 1266 1264
537.197998 1267 1268 1268 1266 1267 1270 1270 1264 1265
537.211975 1266 1270 1266 1266 1268 1269 1267 1265 1261
537.226013 1266 1266 1269 1266 1265 1266 1269 1265 1265
537.239014 1273 1272 1273 1271 1273 1273 1270 1268 1271
537.252991 1273 1268 1266 1266 1267 1264 1265 1263 1272
537.265991 1268 1268 1270 1269 1267 1268 1267 1267 1268
537.280029 1266 1268 1267 1268 1267 1267 1264 1273 1267
537.294006 1269 1270 1268 1267 1267 1267 1265 1263 1267
537.307007 1268 1269 1269 1271 1269 1269 1270 1267 1267
537.320984 1268 1271 1274 1273 1271 1270 1267 1270 1269
537.333984 1270 1273 1273 1273 1270 1270 1273 1267 1274
537.348022 1273 1275 1272 1273 1273 1274 1269 1270 1276
537.362 1268 1271 1270 1271 1268 1267 1271 1268 1270
537.375 1268 1271 1272 1270 1271 1265 1271 1269 1269
537.388977 1270 1271 1273 1269 1268 1271 1269 1264 1266
537.403015 1268 1271 1267 1271 1270 1269 1268 1266 1269
537.416016 1267 1270 1268 1270 1270 1271 1268 1268 1270
537.429993 1270 1269 1270 1267 1271 1269 1266 1268 1270
537.442993 1269 1267 1267 1270 1267 1266 1268 1267 1269
537.45697 1269 1267 1269 1270 1267 1272 1269 1268 1271
537.471008 1267 1267 1269 1271 1265 1269 1269 1270 1267
537.484009 1268 1267 1268 1267 1267 1268 1266 1269 1269
537.497986 1270 1267 1268 1271 1269 1266 1265 1264 1268
537.510986 1270 1267 1269 1267 1269 1267 1269 1263 1269
537.525024 1269 1270 1269 1270 1271 1265 1268 1266 1268
537.539001 1270 1269 1266 1271 1269 1269 1266 1268 1270
537.552002 1266 1272 1270 1273 1267 1270 1267 1268 1267
537.565979 1271 1273 1268 1269 1269 1269 1266 1271 1272
537.578979 1269 1270 1274 1272 1268 1271 1269 1265 1265
537.593018 1268 1269 1268 1268 1265 1272 1272 1266 1268
537.606995 1267 1270 1269 1270 1270 1270 1268 1266 1269
537.619995 1265 1271 1270 1269 1271 1267 1267 1269 1270
537.633972 1269 1270 1275 1269 1276 1265 1269 1268 1268
537.646973 1268 1271 1270 1270 1271 1271 1265 1267 1274
537.661011 1269 1270 1271 1271 1268 1271 1272 1269 1267
537.674011 1268 1268 1272 1275 1272 1273 1268 1267 1267
537.687988 1272 1269 1273 1277 1271 1271 1274 1268 1268
537.702026 1269 1270 1272 1269 1274 1270 1267 1271 1272
537.715027 1272 1271 1268 1270 1271 1270 1267 1269 1269
537.729004 1266 1271 1269 1274 1270 1269 1269 1268 1269
537.742004 1273 1271 1273 1274 1273 1269 1268 1269 1268
537.755981 1268 1273 1273 1274 1275 1271 1271 1270 1273
537.77002 1267 1270 1274 1273 1275 1271 1273 1269 1266
537.78302 1273 1273 1272 1274 1269 1274 1276 1267 1267
537.796997 1275 1273 1276 1273 1275 1271 1271 1271 1273
537.809998 1270 1277 1273 1280 1272 1274 1271 1269 1270
537.823975 1271 1277 1273 1280 1275 1270 1271 1270 1273
537.836975 1273 1273 1272 1278 1274 1271 1270 1271 1271
537.851013 1272 1275 1281 1277 1276 1279 1272 1273 1272
537.86499 1269 1271 1275 1278 1278 1272 1276 1273 1276
537.877991 1272 1274 1279 1278 1276 1278 1275 1270 1274
537.892029 1272 1275 1282 1275 1278 1275 1274 1272 1274
537.905029 1274 1274 1279 1282 1275 1277 1274 1272 1276
537.919006 1273 1274 1277 1281 1280 1273 1272 1274 1274
537.932007 1275 1280 1279 1279 1279 1274 1270 1270 1276
537.945984 1275 1275 1281 1277 1277 1277 1275 1273 1277
537.960022 1276 1276 1280 1277 1278 1282 1275 1275 1278
537.973022 1275 1275 1282 1279 1280 1279 1275 1276 1277
537.987 1269 1274 1276 1275 1282 1284 1275 1278 1279
538 1276 1281 1277 1283 1279 1277 1278 1271 1273
538.013977 1280 1273 1276 1286 1280 1279 1279 1277 1274
538.028015 1277 1274 1283 1282 1281 1280 1273 1275 1276
538.041016 1276 1276 1282 1284 1284 1278 1281 1275 1276
538.054993 1273 1285 1287 1279 1286 1280 1276 1277 1274
538.067993 1279 1282 1283 1289 1283 1281 1279 1278 1278
538.08197 1275 1286 1291 1288 1286 1281 1283 1275 1278
538.094971 1279 1280 1280 1283 1288 1286 1284 1275 1277
538.109009 1278 1285 1281 1287 1285 1281 1281 1282 1280
538.122009 1276 1283 1282 1284 1287 1281 1279 1282 1279
538.135986 1279 1287 1286 1283 1288 1287 1279 1280 1273
538.150024 1278 1286 1284 1284 1288 1286 1284 1274 1274
538.163025 1283 1283 1286 1287 1286 1286 1280 1282 1284
538.177002 1282 1284 1295 1285 1288 1284 1289 1280 1278
538.190002 1283 1284 1288 1293 1289 1285 1278 1282 1284
538.203979 1281 1289 1290 1290 1289 1284 1284 1282 1283
538.21698 1283 1286 1293 1287 1291 1289 1284 1279 1287
538.231018 1286 1283 1284 1290 1292 1292 1286 1281 1282
538.244995 1281 1289 1291 1293 1291 1288 1284 1280 1285
538.257996 1284 1296 1292 1297 1293 1291 1288 1280 1281
538.271973 1287 1293 1303 1294 1293 1287 1292 1290 1284
538.284973 1291 1288 1294 1295 1298 1299 1286 1286 1281
538.299011 1285 1297 1301 1297 1294 1297 1290 1286 1289
538.312012 1295 1295 1306 1297 1298 1301 1295 1293 1295
538.325989 1291 1302 1294 1308 1310 1304 1294 1299 1296
538.338989 1302 1300 1306 1306 1306 1302 1291 1295 1294
538.353027 1294 1297 1312 1300 1303 1304 1296 1294 1293
538.367004 1298 1301 1304 1309 1307 1300 1293 1295 1301
538.380005 1298 1306 1313 1310 1313 1304 1307 1295 1299
538.393982 1295 1311 1312 1310 1311 1306 1300 1301 1303
538.406982 1307 1305 1307 1314 1308 1314 1301 1300 1306
538.421021 1298 1306 1308 1318 1304 1306 1307 1299 1309
538.434021 1298 1311 1312 1312 1313 1315 1302 1303 1300
538.447998 1304 1314 1307 1315 1312 1307 1307 1304 1306
538.460999 1300 1311 1312 1319 1315 1316 1314 1298 1303
538.474976 1309 1311 1313 1316 1324 1312 1302 1301 1309
538.489014 1300 1313 1315 1314 1309 1305 1308 1305 1307
538.502014 1313 1309 1309 1316 1305 1305 1302 1297 1303
538.515991 1302 1307 1313 1313 1310 1308 1311 1303 1297
538.528992 1296 1300 1310 1310 1305 1308 1302 1296 1294
538.54303 1298 1298 1304 1313 1310 1305 1302 1299 1298
538.55603 1294 1296 1320 1306 1306 1305 1292 1297 1293
538.570007 1295 1295 1307 1305 1310 1302 1299 1293 1298
538.583008 1294 1305 1314 1319 1311 1301 1298 1296 1296
538.596985 1302 1303 1306 1316 1312 1308 1292 1291 1301
538.609985 1290 1301 1310 1307 1319 1304 1297 1294 1300
538.624023 1300 1309 1321 1311 1309 1304 1297 1297 1306
538.638 1295 1303 1304 1318 1322 1296 1300 1293 1296
538.651001 1297 1303 1307 1311 1308 1306 1302 1301 1293
538.664978 1299 1313 1312 1318 1310 1304 1306 1293 1294
538.677979 1302 1302 1306 1314 1322 1304 1296 1292 1293
538.692017 1305 1306 1305 1312 1313 1303 1299 1290 1292
538.705017 1299 1309 1311 1323 1310 1306 1301 1296 1298
538.718994 1296 1303 1311 1315 1315 1307 1308 1295 1296
538.731995 1299 1301 1310 1321 1312 1310 1300 1296 1290
538.745972 1292 1310 1317 1309 1322 1312 1298 1293 1299
538.758972 1298 1304 1312 1322 1313 1306 1305 1302 1293
538.77301 1299 1309 1320 1323 1315 1310 1304 1300 1298
538.786011 1302 1308 1318 1324 1316 1310 1304 1303 1296
538.799988 1300 1304 1321 1323 1316 1313 1300 1299 1301
538.812988 1300 1306 1313 1319 1316 1312 1302 1293 1297
538.827026 1297 1312 1318 1317 1314 1316 1305 1295 1306
538.841003 1302 1306 1318 1315 1319 1315 1313 1301 1298
538.854004 1302 1306 1314 1324 1323 1310 1307 1299 1304
538.867981 1302 1305 1310 1329 1324 1315 1300 1295 1300
538.880981 1306 1306 1322 1316 1317 1314 1310 1296 1302
538.89502 1302 1311 1319 1325 1323 1308 1304 1304 1297
538.90802 1298 1316 1321 1329 1329 1310 1306 1300 1295
538.921997 1306 1309 1308 1323 1331 1317 1302 1297 1302
538.934998 1298 1305 1316 1324 1328 1306 1303 1298 1308
538.948975 1301 1312 1313 1328 1325 1312 1304 1299 1301
538.961975 1300 1309 1320 1331 1332 1324 1303 1304 1300
538.976013 1303 1307 1319 1332 1330 1314 1307 1298 1301
538.989014 1314 1307 1314 1332 1321 1317 1309 1295 1302
539.002991 1296 1306 1315 1327 1325 1319 1310 1292 1303
539.015991 1304 1312 1328 1333 1326 1319 1308 1295 1297
539.030029 1302 1311 1322 1328 1326 1317 1309 1302 1304
539.04303 1300 1312 1315 1326 1323 1320 1302 1299 1300
539.057007 1306 1313 1322 1325 1322 1320 1300 1300 1303
539.070007 1304 1308 1325 1328 1326 1321 1299 1302 1298
539.083984 1301 1313 1328 1329 1323 1313 1309 1303 1298
539.096985 1305 1303 1322 1327 1326 1311 1301 1303 1304
539.111023 1300 1308 1319 1324 1325 1316 1307 1301 1308
539.125 1298 1307 1325 1324 1322 1315 1311 1295 1299
539.138 1297 1315 1317 1332 1328 1311 1308 1299 1300
539.151978 1300 1314 1310 1328 1320 1311 1311 1297 1295
539.164978 1300 1307 1320 1323 1316 1315 1301 1296 1296
539.179016 1299 1317 1320 1331 1325 1325 1304 1299 1310
539.192017 1297 1308 1322 1327 1320 1309 1310 1303 1298
539.205994 1299 1312 1321 1330 1319 1318 1300 1297 1304
539.218994 1294 1315 1319 1328 1323 1314 1303 1297 1298
539.232971 1306 1309 1319 1326 1328 1314 1300 1296 1298
539.245972 1302 1311 1321 1328 1314 1323 1311 1292 1301
539.26001 1301 1311 1313 1325 1320 1317 1301 1304 1300
539.27301 1302 1313 1319 1322 1321 1321 1297 1294 1299
539.286987 1300 1310 1321 1317 1326 1310 1304 1301 1298
539.299988 1296 1303 1324 1326 1318 1311 1303 1292 1298
539.314026 1299 1315 1317 1328 1322 1313 1298 1302 1301
539.327026 1301 1299 1316 1324 1320 1315 1298 1293 1299
539.341003 1300 1304 1313 1324 1326 1316 1299 1296 1305
539.354004 1303 1310 1328 1322 1323 1324 1299 1303 1301
539.367981 1299 1307 1321 1322 1319 1324 1302 1299 1299
539.380981 1299 1306 1329 1325 1311 1312 1297 1294 1295
539.39502 1303 1308 1328 1326 1324 1316 1306 1296 1301
539.40802 1297 1307 1326 1329 1320 1320 1298 1298 1301
539.421997 1302 1307 1317 1327 1324 1311 1314 1299 1297
539.434998 1305 1311 1309 1337 1314 1320 1300 1296 1299
539.448975 1307 1311 1321 1324 1316 1314 1307 1301 1303
539.461975 1297 1311 1320 1322 1314 1316 1306 1290 1300
539.476013 1307 1310 1317 1322 1328 1315 1295 1299 1306
539.489014 1300 1311 1318 1325 1325 1306 1305 1297 1310
539.502991 1309 1306 1315 1323 1331 1315 1297 1298 1303
539.515991 1301 1310 1324 1323 1326 1313 1300 1296 1301
539.530029 1298 1312 1322 1323 1325 1317 1307 1295 1307
539.54303 1306 1315 1319 1325 1329 1323 1303 1294 1304
539.557007 1301 1308 1329 1340 1336 1323 1299 1301 1306
539.570007 1298 1319 1329 1342 1338 1332 1303 1292 1304
539.583984 1299 1321 1343 1344 1339 1328 1305 1298 1301
539.596985 1307 1320 1339 1350 1342 1334 1315 1300 1309
539.611023 1303 1325 1346 1354 1357 1329 1313 1299 1298
539.624023 1310 1324 1355 1354 1361 1330 1316 1304 1301
539.638 1300 1321 1352 1360 1360 1338 1312 1296 1304
539.651001 1305 1326 1347 1358 1356 1345 1317 1298 1305
539.664001 1308 1306 1343 1351 1350 1327 1313 1299 1308
539.677979 1301 1320 1338 1366 1345 1324 1309 1300 1303
539.690979 1299 1313 1336 1341 1333 1323 1312 1300 1299
539.705017 1300 1314 1321 1331 1342 1322 1301 1296 1303
539.718018 1302 1314 1331 1343 1329 1322 1310 1301 1301
539.731995 1310 1318 1327 1339 1333 1325 1304 1299 1300
539.744995 1304 1315 1321 1332 1320 1320 1305 1299 1301
539.758972 1303 1312 1331 1331 1333 1318 1302 1296 1307
539.771973 1296 1312 1324 1339 1331 1314 1299 1295 1299
539.786011 1299 1309 1320 1335 1324 1319 1307 1298 1290
539.799011 1293 1314 1321 1327 1325 1316 1307 1302 1298
539.812988 1303 1307 1332 1338 1323 1324 1305 1297 1301
539.825989 1304 1317 1327 1323 1315 1322 1318 1295 1304
539.840027 1301 1306 1325 1333 1324 1313 1310 1299 1299
539.853027 1303 1316 1328 1328 1321 1316 1307 1298 1303
539.867004 1296 1306 1321 1325 1321 1320 1302 1299 1308
539.880005 1302 1315 1319 1328 1327 1310 1309 1300 1303
539.893982 1306 1307 1321 1336 1324 1315 1302 1299 1300
539.906982 1301 1313 1316 1327 1325 1311 1301 1299 1306
539.921021 1304 1308 1330 1337 1323 1326 1301 1290 1301
539.934021 1301 1314 1320 1337 1327 1309 1303 1305 1297
539.947998 1301 1313 1322 1327 1327 1319 1309 1306 1300
539.960999 1305 1310 1315 1327 1321 1312 1301 1298 1302
539.973999 1303 1310 1324 1334 1329 1319 1302 1301 1302
539.987976 1306 1308 1320 1335 1326 1310 1310 1297 1299
540.000977 1305 1315 1318 1328 1317 1317 1308 1302 1298
540.015015 1301 1314 1319 1323 1326 1317 1304 1296 1302
540.028015 1303 1308 1323 1335 1327 1315 1310 1298 1300
540.041992 1305 1303 1337 1330 1333 1315 1306 1301 1294
540.054993 1303 1315 1319 1333 1328 1316 1314 1299 1305
540.06897 1305 1315 1313 1325 1327 1324 1305 1303 1302
540.08197 1306 1313 1327 1330 1327 1315 1301 1296 1298
540.096008 1298 1305 1328 1329 1324 1315 1300 1292 1302
540.109009 1297 1311 1313 1321 1319 1317 1307 1301 1296
540.122986 1301 1319 1318 1328 1331 1322 1308 1298 1297
540.135986 1302 1304 1319 1325 1320 1315 1296 1303 1303
540.150024 1306 1303 1321 1325 1325 1318 1298 1296 1301
540.163025 1300 1314 1321 1336 1317 1314 1299 1298 1307
540.176025 1308 1312 1321 1320 1318 1323 1307 1303 1298
540.190002 1305 1308 1321 1333 1330 1321 1311 1300 1300
540.203003 1304 1314 1316 1334 1317 1317 1301 1291 1296
540.21698 1302 1321 1322 1328 1334 1311 1298 1299 1301
540.22998 1298 1302 1319 1333 1331 1315 1302 1297 1303
540.244019 1300 1311 1321 1331 1325 1309 1310 1302 1302
540.257019 1299 1317 1316 1317 1319 1311 1308 1297 1303
540.270996 1301 1318 1319 1326 1333 1319 1307 1301 1306
540.283997 1304 1313 1322 1325 1329 1321 1298 1297 1296
540.297974 1304 1318 1321 1329 1335 1313 1308 1300 1297
540.310974 1305 1316 1328 1335 1329 1319 1301 1290 1302
540.323975 1307 1308 1320 1326 1326 1320 1311 1303 1299
540.338013 1307 1308 1324 1318 1325 1318 1307 1308 1311
540.351013 1304 1315 1326 1342 1331 1320 1306 1297 1302
540.36499 1308 1314 1326 1335 1322 1328 1309 1305 1305
540.377991 1306 1327 1324 1336 1334 1329 1308 1304 1307
540.392029 1308 1320 1335 1333 1333 1324 1321 1313 1300
540.405029 1312 1323 1334 1338 1328 1324 1309 1309 1308
540.419006 1308 1317 1326 1328 1339 1328 1310 1310 1311
540.432007 1306 1323 1327 1337 1327 1325 1317 1303 1317
540.445007 1312 1316 1321 1337 1325 1320 1314 1291 1306
540.458984 1311 1315 1329 1333 1339 1323 1311 1307 1309
540.471985 1305 1321 1334 1337 1332 1322 1314 1308 1310
540.486023 1312 1319 1327 1335 1335 1315 1313 1307 1304
540.499023 1315 1315 1320 1332 1330 1325 1314 1296 1308
540.513 1308 1316 1320 1335 1335 1322 1309 1299 1303
540.526001 1303 1314 1327 1328 1331 1325 1304 1299 1308
540.539978 1311 1314 1326 1327 1327 1316 1308 1305 1306
540.552979 1300 1318 1316 1332 1326 1318 1309 1303 1297
540.565979 1308 1308 1326 1334 1326 1328 1312 1309 1298
540.580017 1312 1310 1332 1334 1329 1314 1303 1297 1301
540.593018 1300 1306 1323 1334 1324 1314 1305 1298 1297
540.606995 1295 1316 1322 1329 1321 1326 1309 1306 1308
540.619995 1297 1305 1319 1327 1322 1316 1300 1300 1303
540.633972 1313 1314 1325 1332 1325 1315 1307 1298 1305
540.646973 1301 1310 1327 1333 1332 1315 1312 1301 1300
540.659973 1302 1312 1323 1325 1337 1318 1316 1303 1303
540.674011 1306 1316 1322 1326 1336 1324 1309 1306 1305
540.687012 1302 1315 1319 1331 1323 1312 1304 1298 1305
540.700989 1301 1308 1322 1332 1326 1319 1310 1302 1312
540.713989 1299 1308 1316 1330 1324 1318 1297 1298 1296
540.728027 1308 1308 1316 1327 1320 1325 1307 1298 1312
540.741028 1301 1321 1329 1332 1323 1322 1302 1296 1299
540.754028 1300 1310 1325 1328 1331 1317 1304 1302 1302
540.768005 1307 1313 1326 1331 1327 1319 1307 1290 1302
540.781006 1307 1319 1327 1323 1325 1310 1304 1293 1296
540.794983 1297 1323 1314 1329 1328 1327 1304 1293 1305
540.807983 1303 1311 1323 1328 1334 1313 1309 1301 1309
540.822021 1300 1313 1331 1332 1331 1317 1308 1297 1299
540.835022 1301 1304 1317 1337 1324 1318 1294 1299 1305
540.848022 1304 1313 1326 1330 1328 1318 1306 1300 1301
540.862 1299 1319 1323 1327 1323 1322 1306 1293 1296
540.875 1308 1314 1327 1332 1332 1317 1300 1302 1299
540.888977 1306 1317 1327 1339 1336 1321 1298 1308 1303
540.901978 1295 1312 1327 1336 1336 1322 1300 1296 1301
540.916016 1297 1310 1333 1333 1330 1320 1303 1299 1301
540.929016 1301 1314 1332 1324 1329 1319 1304 1300 1302
540.942017 1301 1315 1322 1332 1329 1315 1309 1300 1302
540.955994 1302 1317 1324 1329 1333 1319 1302 1297 1297
540.968994 1306 1315 1326 1326 1328 1328 1307 1300 1304
540.982971 1305 1320 1327 1339 1334 1321 1304 1298 1304
540.995972 1300 1328 1325 1337 1334 1316 1305 1295 1307
541.008972 1299 1311 1327 1333 1334 1319 1305 1302 1305
541.02301 1309 1309 1327 1331 1324 1326 1301 1296 1301
541.036011 1299 1314 1325 1336 1319 1313 1308 1298 1299
541.049988 1309 1314 1333 1338 1320 1314 1305 1297 1302
541.062988 1307 1320 1330 1340 1325 1315 1306 1293 1299
541.075989 1302 1317 1312 1335 1336 1322 1305 1302 1299
541.090027 1301 1311 1313 1332 1326 1321 1306 1296 1303
541.103027 1300 1313 1323 1331 1335 1318 1299 1300 1302
541.117004 1299 1316 1321 1335 1326 1320 1301 1298 1303
541.130005 1306 1312 1330 1328 1332 1324 1312 1299 1305
541.143982 1298 1314 1321 1335 1339 1325 1307 1297 1299
541.156982 1300 1318 1329 1332 1328 1325 1308 1296 1305
541.169983 1307 1318 1330 1333 1331 1318 1300 1303 1299
541.184021 1305 1308 1322 1335 1333 1325 1313 1301 1301
541.197021 1299 1313 1329 1333 1331 1325 1301 1298 1299
541.210999 1303 1311 1325 1334 1330 1317 1304 1301 1303
541.223999 1299 1320 1323 1330 1324 1315 1309 1300 1299
541.237 1309 1318 1326 1331 1334 1321 1305 1302 1302
541.250977 1301 1308 1320 1329 1328 1325 1310 1302 1298
541.263977 1304 1314 1329 1330 1335 1320 1314 1300 1299
541.278015 1302 1314 1322 1329 1336 1315 1300 1296 1311
541.291016 1307 1311 1323 1331 1326 1325 1311 1297 1306
541.304016 1296 1317 1321 1330 1327 1320 1304 1293 1295
541.317993 1301 1317 1328 1331 1320 1317 1311 1298 1306
541.330994 1298 1306 1321 1340 1327 1318 1302 1302 1305
541.344971 1304 1321 1327 1328 1319 1319 1299 1299 1300
541.357971 1303 1311 1320 1330 1328 1319 1304 1298 1301
541.370972 1298 1309 1322 1327 1332 1314 1304 1301 1302
541.38501 1297 1306 1322 1325 1325 1316 1301 1304 1302
541.39801 1301 1311 1321 1330 1329 1320 1304 1303 1305
541.411011 1305 1304 1334 1335 1328 1322 1318 1296 1303
541.424988 1304 1317 1328 1329 1327 1323 1312 1299 1302
541.437988 1300 1314 1318 1325 1324 1310 1297 1299 1305
541.452026 1310 1316 1327 1325 1329 1318 1302 1300 1300
541.465027 1298 1308 1326 1328 1330 1316 1304 1304 1301
541.478027 1298 1308 1325 1327 1332 1312 1307 1304 1295
541.492004 1301 1308 1323 1336 1328 1319 1307 1294 1300
541.505005 1306 1319 1319 1326 1322 1323 1301 1303 1306
541.518982 1305 1319 1318 1335 1328 1316 1308 1294 1299
541.531982 1308 1306 1328 1330 1331 1323 1307 1295 1298
541.544983 1304 1309 1314 1331 1331 1321 1303 1306 1308
541.559021 1303 1312 1316 1333 1326 1318 1299 1305 1300
541.572021 1304 1317 1320 1330 1333 1311 1306 1296 1302
541.585999 1303 1314 1323 1332 1320 1316 1310 1305 1305
541.598999 1305 1305 1326 1329 1331 1317 1306 1297 1298
541.612 1300 1310 1317 1319 1330 1321 1299 1295 1306
541.625977 1306 1318 1323 1334 1329 1312 1304 1300 1306
541.638977 1302 1320 1323 1331 1331 1310 1299 1304 1297
541.651978 1303 1316 1330 1330 1325 1319 1309 1300 1294
541.666016 1300 1305 1317 1331 1329 1321 1309 1305 1295
541.679016 1303 1309 1333 1331 1325 1321 1313 1295 1308
541.692993 1303 1309 1323 1329 1323 1320 1302 1300 1301
541.705994 1303 1305 1323 1325 1334 1315 1303 1299 1303
541.718994 1301 1305 1326 1335 1313 1310 1302 1302 1303
541.732971 1309 1311 1318 1326 1327 1314 1311 1298 1307
541.745972 1299 1303 1321 1318 1316 1321 1311 1298 1307
541.758972 1299 1301 1320 1312 1316 1311 1306 1285 1301
541.77301 1300 1317 1327 1324 1328 1313 1307 1302 1293
541.786011 1302 1313 1319 1333 1317 1318 1300 1301 1303
541.799988 1303 1310 1318 1333 1327 1315 1308 1295 1308
541.812988 1297 1316 1322 1330 1324 1313 1310 1298 1299
541.825989 1307 1308 1317 1340 1326 1322 1304 1296 1308
541.840027 1303 1310 1319 1326 1324 1319 1308 1301 1297
541.853027 1304 1310 1318 1338 1327 1316 1299 1299 1306
541.866028 1299 1306 1322 1329 1323 1316 1302 1293 1295
541.880005 1306 1307 1318 1325 1335 1319 1307 1300 1299
541.893005 1303 1307 1334 1323 1327 1316 1302 1297 1302
541.906006 1305 1317 1325 1328 1331 1317 1301 1298 1300
541.919983 1305 1311 1319 1321 1319 1320 1304 1295 1298
541.932983 1300 1305 1323 1335 1326 1319 1302 1307 1300
541.947021 1302 1316 1320 1328 1325 1312 1300 1300 1306
541.960022 1299 1305 1319 1332 1315 1312 1308 1295 1302
541.973022 1299 1306 1321 1322 1328 1323 1293 1302 1301
541.987 1306 1311 1321 1321 1325 1311 1302 1302 1301
542 1301 1301 1329 1325 1326 1318 1305 1303 1300
542.013 1300 1302 1320 1329 1326 1315 1312 1298 1301
542.026978 1304 1313 1324 1324 1321 1312 1302 1296 1296
542.039978 1306 1304 1322 1328 1317 1317 1303 1296 1304
542.052979 1302 1314 1323 1329 1330 1318 1307 1306 1307
542.067017 1293 1311 1324 1328 1321 1316 1306 1296 1297
542.080017 1303 1307 1319 1326 1326 1313 1301 1302 1304
542.093994 1299 1303 1320 1330 1318 1306 1303 1298 1298
542.106995 1302 1317 1317 1323 1327 1322 1303 1303 1297
542.119995 1296 1306 1316 1328 1318 1315 1303 1298 1298
542.133972 1296 1310 1319 1326 1332 1317 1306 1297 1299
542.146973 1299 1312 1322 1316 1325 1320 1308 1293 1298
542.159973 1302 1313 1317 1329 1328 1316 1305 1299 1299
542.174011 1300 1313 1317 1332 1320 1309 1305 1300 1295
542.187012 1302 1308 1320 1324 1320 1318 1298 1295 1306
542.200012 1301 1309 1316 1325 1324 1322 1305 1302 1304
542.213989 1302 1310 1316 1321 1323 1317 1297 1298 1305
542.22699 1300 1307 1317 1328 1320 1317 1298 1297 1294
542.23999 1294 1307 1319 1327 1322 1319 1305 1307 1302
542.254028 1294 1311 1313 1326 1327 1310 1303 1301 1298
542.267029 1302 1317 1329 1319 1323 1316 1312 1302 1302
542.280029 1301 1307 1330 1323 1316 1317 1314 1294 1301
542.294006 1307 1318 1326 1330 1318 1317 1306 1300 1305
542.307007 1301 1308 1324 1326 1332 1316 1304 1299 1303
542.320007 1295 1314 1318 1333 1327 1307 1305 1297 1310
542.333984 1298 1308 1318 1331 1329 1313 1299 1305 1299
542.346985 1297 1309 1318 1333 1321 1319 1309 1301 1309
542.359985 1297 1303 1322 1333 1323 1315 1308 1297 1300
542.374023 1304 1315 1315 1316 1321 1316 1308 1297 1308
542.387024 1297 1315 1309 1326 1324 1320 1306 1301 1307
542.400024 1307 1309 1316 1325 1324 1316 1300 1300 1304
542.414001 1306 1305 1325 1329 1326 1316 1294 1298 1299
542.427002 1298 1309 1324 1323 1328 1320 1303 1295 1307
542.440002 1298 1303 1317 1330 1321 1321 1304 1299 1295
542.453979 1297 1315 1330 1322 1329 1319 1307 1301 1306
542.46698 1293 1313 1322 1331 1319 1319 1305 1298 1302
542.47998 1301 1307 1326 1328 1324 1324 1303 1308 1297
542.494019 1302 1317 1325 1331 1327 1324 1300 1295 1303
542.507019 1304 1304 1325 1339 1326 1314 1301 1296 1302
542.52002 1299 1318 1320 1324 1324 1321 1307 1301 1304
542.533997 1305 1311 1326 1336 1329 1313 1304 1295 1304
542.546997 1302 1318 1319 1320 1337 1314 1308 1311 1305
542.559998 1301 1310 1326 1330 1322 1319 1306 1299 1300
542.573975 1300 1309 1320 1329 1330 1313 1312 1292 1301
542.586975 1305 1314 1315 1331 1327 1319 1306 1297 1295
542.599976 1298 1311 1320 1325 1322 1320 1303 1301 1306
542.614014 1313 1305 1321 1321 1332 1314 1305 1296 1299
542.627014 1300 1322 1315 1320 1332 1325 1308 1303 1297
542.640015 1300 1304 1318 1343 1323 1307 1305 1300 1303
542.653992 1301 1316 1327 1334 1326 1326 1302 1301 1305
542.666992 1304 1306 1320 1324 1334 1323 1303 1302 1295
542.679993 1306 1309 1330 1326 1331 1314 1300 1300 1297
542.69397 1301 1302 1327 1316 1331 1317 1305 1299 1298
542.70697 1296 1312 1320 1323 1324 1315 1305 1302 1308
542.719971 1297 1310 1322 1322 1334 1315 1308 1291 1297
542.734009 1296 1310 1320 1330 1315 1313 1310 1304 1301
542.747009 1305 1314 1325 1334 1322 1320 1307 1295 1297
542.76001 1304 1308 1324 1325 1325 1310 1303 1300 1305
542.773987 1302 1309 1322 1329 1331 1319 1303 1298 1303
542.786987 1298 1306 1319 1321 1320 1314 1307 1296 1298
542.799988 1303 1311 1325 1324 1320 1314 1304 1294 1299
542.812988 1299 1307 1317 1323 1324 1312 1306 1299 1299
542.827026 1295 1326 1322 1331 1313 1313 1306 1295 1299
542.840027 1300 1305 1330 1321 1316 1319 1307 1302 1292
542.853027 1306 1303 1321 1314 1324 1316 1306 1297 1300
542.867004 1298 1312 1324 1332 1332 1321 1310 1299 1300
542.880005 1300 1306 1323 1327 1329 1316 1303 1295 1299
542.893005 1305 1313 1315 1332 1329 1304 1299 1302 1297
542.906982 1302 1307 1320 1331 1328 1325 1306 1301 1296
542.919983 1304 1309 1311 1322 1320 1315 1308 1301 1306
542.932983 1305 1309 1331 1331 1322 1314 1302 1304 1303
542.947021 1300 1313 1321 1326 1322 1325 1311 1299 1298
542.960022 1302 1316 1327 1327 1320 1312 1307 1305 1297
542.973022 1297 1305 1321 1326 1332 1312 1309 1301 1296
542.987 1300 1314 1326 1333 1323 1325 1301 1294 1303
543 1302 1298 1326 1322 1325 1320 1302 1298 1307
543.013 1300 1312 1323 1338 1331 1319 1306 1300 1307
543.026001 1293 1313 1316 1328 1330 1326 1305 1292 1309
543.039978 1300 1316 1323 1345 1336 1329 1310 1295 1296
543.052979 1301 1306 1323 1328 1331 1316 1313 1297 1299
543.065979 1298 1309 1321 1338 1341 1317 1307 1298 1301
543.080017 1302 1309 1323 1341 1342 1322 1308 1295 1298
543.093018 1302 1315 1334 1335 1338 1321 1303 1301 1305
543.106018 1296 1315 1320 1333 1328 1328 1312 1297 1296
543.119995 1298 1317 1333 1335 1330 1326 1309 1302 1300
543.132996 1301 1316 1331 1338 1340 1317 1312 1296 1299
543.145996 1299 1309 1343 1337 1339 1322 1307 1303 1303
543.158997 1303 1317 1335 1334 1342 1315 1306 1296 1303
543.172974 1304 1323 1338 1340 1331 1323 1305 1295 1300
543.185974 1301 1319 1335 1345 1332 1323 1309 1302 1305
543.198975 1305 1320 1339 1355 1337 1335 1309 1301 1304
543.213013 1302 1325 1349 1339 1341 1327 1304 1303 1309
543.226013 1306 1327 1346 1346 1339 1333 1303 1303 1311
543.239014 1312 1323 1332 1345 1339 1324 1307 1304 1307
543.252014 1301 1321 1333 1354 1343 1331 1303 1305 1304
543.265991 1299 1320 1330 1360 1356 1328 1308 1296 1296
543.278992 1308 1328 1335 1347 1341 1329 1312 1301 1310
543.291992 1303 1320 1344 1334 1345 1331 1305 1296 1307
543.30603 1304 1322 1341 1346 1345 1330 1314 1303 1306
543.31897 1309 1313 1344 1349 1349 1327 1312 1296 1307
543.33197 1306 1326 1337 1342 1351 1332 1303 1295 1296
543.344971 1307 1321 1338 1350 1355 1335 1309 1304 1299
543.359009 1304 1315 1332 1345 1345 1322 1310 1295 1302
543.372009 1301 1327 1332 1349 1354 1330 1311 1299 1299
543.38501 1303 1320 1338 1354 1341 1329 1309 1303 1303
543.398987 1306 1321 1342 1349 1357 1334 1314 1300 1310
543.411987 1314 1327 1340 1361 1352 1347 1313 1299 1304
543.424988 1308 1322 1344 1368 1367 1349 1319 1300 1302
543.437988 1306 1325 1351 1375 1362 1342 1307 1300 1303
543.452026 1304 1338 1368 1375 1378 1348 1312 1297 1305
543.465027 1307 1339 1364 1390 1369 1356 1318 1304 1310
543.478027 1315 1336 1368 1400 1380 1349 1319 1299 1302
543.491028 1310 1346 1381 1409 1395 1357 1324 1296 1314
543.505005 1309 1351 1383 1397 1384 1354 1325 1300 1312
543.518005 1306 1335 1383 1396 1384 1369 1328 1300 1309
543.531006 1313 1340 1375 1398 1379 1355 1320 1302 1305
543.544983 1307 1333 1370 1384 1379 1351 1311 1299 1306
543.557983 1308 1340 1361 1374 1366 1342 1312 1303 1310
543.570984 1301 1324 1360 1374 1366 1340 1314 1299 1307
543.583984 1296 1313 1336 1367 1358 1340 1312 1304 1305
543.598022 1307 1327 1340 1344 1350 1329 1305 1293 1303
543.611023 1312 1323 1344 1349 1348 1328 1306 1296 1300
543.624023 1305 1315 1346 1349 1355 1328 1304 1304 1300
543.637024 1308 1318 1326 1343 1333 1319 1307 1304 1300
543.651001 1298 1314 1327 1347 1331 1329 1299 1296 1299
543.664001 1299 1326 1332 1339 1333 1321 1304 1300 1304
543.677002 1295 1313 1326 1336 1330 1323 1306 1297 1298
543.690002 1296 1315 1328 1336 1333 1324 1301 1296 1302
543.703979 1297 1309 1331 1321 1337 1321 1304 1296 1294
543.71698 1305 1313 1325 1335 1321 1310 1303 1300 1297
543.72998 1308 1312 1317 1326 1330 1317 1305 1296 1301
543.744019 1303 1309 1319 1333 1330 1318 1302 1295 1306
543.757019 1293 1316 1332 1330 1328 1317 1302 1295 1296
543.77002 1300 1313 1323 1335 1318 1318 1310 1300 1296
543.78302 1303 1309 1318 1327 1337 1313 1304 1293 1294
543.796997 1298 1309 1318 1320 1326 1318 1305 1301 1301
543.809998 1292 1300 1324 1330 1329 1316 1301 1298 1299
543.822998 1300 1307 1322 1332 1327 1317 1302 1296 1303
543.835999 1296 1307 1323 1327 1332 1316 1301 1299 1299
543.849976 1295 1311 1323 1335 1329 1313 1298 1297 1300
543.862976 1297 1313 1311 1327 1326 1325 1304 1292 1303
543.875977 1298 1317 1324 1320 1330 1319 1309 1296 1294
543.888977 1300 1309 1325 1331 1329 1317 1306 1300 1300
543.903015 1301 1304 1321 1329 1327 1310 1306 1294 1301
543.916016 1299 1311 1322 1331 1326 1313 1302 1295 1299
543.929016 1301 1304 1318 1331 1319 1315 1298 1305 1297
543.942017 1297 1307 1322 1329 1321 1317 1302 1293 1301
543.955994 1302 1304 1320 1333 1326 1313 1308 1296 1303
543.968994 1309 1318 1326 1323 1326 1316 1305 1296 1297
543.981995 1295 1304 1327 1329 1333 1311 1306 1295 1298
543.994995 1298 1308 1321 1326 1334 1312 1300 1294 1301
544.008972 1298 1313 1320 1323 1317 1319 1297 1295 1296
544.021973 1297 1309 1320 1327 1321 1310 1309 1302 1296
544.034973 1299 1306 1317 1328 1319 1317 1299 1294 1300
544.047974 1298 1304 1322 1326 1321 1318 1301 1291 1299
544.062012 1300 1309 1326 1333 1321 1312 1302 1292 1298
544.075012 1295 1308 1315 1323 1314 1316 1310 1299 1288
544.088013 1304 1312 1317 1318 1327 1315 1301 1297 1302
544.101013 1298 1306 1319 1330 1326 1314 1300 1293 1292
544.11499 1299 1304 1313 1328 1322 1311 1297 1299 1305
544.127991 1297 1305 1318 1327 1331 1315 1304 1302 1296
544.140991 1297 1306 1321 1332 1327 1319 1300 1295 1296
544.153992 1302 1313 1323 1321 1324 1317 1302 1292 1299
544.166992 1294 1318 1333 1318 1315 1310 1300 1296 1289
544.18103 1300 1306 1321 1326 1314 1311 1302 1293 1296
544.19397 1302 1307 1324 1336 1321 1311 1303 1295 1296
544.20697 1296 1312 1320 1327 1328 1324 1298 1294 1300
544.219971 1298 1311 1316 1328 1322 1309 1300 1297 1292
544.234009 1296 1315 1316 1320 1320 1317 1308 1297 1302
544.247009 1303 1313 1321 1330 1321 1321 1298 1305 1299
544.26001 1292 1309 1329 1321 1321 1315 1299 1309 1288
544.27301 1298 1310 1316 1326 1319 1311 1294 1297 1299
544.286987 1297 1308 1311 1320 1317 1315 1301 1294 1295
544.299988 1303 1317 1323 1324 1322 1312 1300 1296 1295
544.312988 1290 1309 1316 1328 1324 1309 1304 1290 1303
544.325989 1303 1312 1320 1322 1322 1315 1307 1298 1296
544.338989 1292 1307 1319 1317 1321 1313 1298 1292 1295
544.353027 1304 1310 1321 1316 1315 1308 1304 1290 1291
544.366028 1304 1307 1315 1323 1327 1321 1298 1294 1296
544.379028 1291 1304 1331 1326 1321 1313 1299 1299 1297
544.392029 1297 1305 1312 1320 1324 1307 1301 1302 1296
544.406006 1298 1309 1326 1325 1332 1309 1297 1296 1298
544.419006 1296 1306 1319 1323 1315 1319 1301 1297 1297
544.432007 1299 1304 1318 1330 1322 1313 1304 1296 1288
544.445007 1298 1300 1322 1326 1326 1315 1311 1285 1294
544.458008 1299 1309 1320 1338 1326 1314 1308 1294 1296
544.471985 1303 1306 1325 1335 1329 1311 1296 1294 1304
544.484985 1299 1304 1317 1322 1322 1319 1300 1298 1299
544.497986 1303 1310 1327 1333 1322 1311 1302 1299 1292
544.510986 1296 1306 1316 1324 1318 1308 1299 1293 1293
544.525024 1302 1306 1323 1321 1324 1316 1296 1300 1304
544.538025 1296 1308 1320 1328 1319 1312 1301 1294 1300
544.551025 1298 1307 1318 1325 1322 1324 1300 1286 1291
544.564026 1292 1306 1316 1319 1323 1318 1297 1293 1295
544.577026 1299 1310 1318 1330 1322 1312 1301 1298 1301
544.591003 1295 1311 1316 1330 1329 1323 1308 1291 1307
544.604004 1300 1311 1319 1330 1320 1316 1305 1299 1302
544.617004 1297 1306 1314 1319 1322 1320 1307 1292 1299
544.630005 1307 1309 1317 1323 1325 1316 1310 1291 1295
544.643005 1301 1313 1320 1333 1320 1311 1301 1289 1298
544.656982 1299 1313 1327 1321 1318 1311 1302 1303 1291
544.669983 1297 1305 1316 1329 1321 1314 1303 1301 1294
544.682983 1298 1308 1315 1327 1324 1310 1303 1299 1294
544.695984 1292 1320 1313 1327 1329 1323 1297 1296 1300
544.710022 1303 1314 1318 1328 1318 1320 1303 1295 1298
544.723022 1301 1304 1315 1326 1319 1313 1302 1295 1291
544.736023 1297 1306 1318 1329 1318 1317 1301 1296 1295
544.749023 1303 1304 1327 1329 1319 1313 1303 1296 1295
544.762024 1298 1305 1326 1323 1317 1316 1298 1286 1296
544.776001 1303 1308 1314 1327 1322 1309 1302 1299 1298
544.789001 1295 1303 1310 1322 1322 1304 1301 1291 1296
544.802002 1299 1309 1311 1328 1321 1313 1306 1297 1294
544.815002 1304 1305 1321 1331 1327 1317 1300 1295 1296
544.828003 1292 1317 1320 1321 1318 1314 1304 1300 1296
544.84198 1298 1316 1332 1334 1320 1317 1304 1294 1301
544.85498 1296 1313 1321 1331 1319 1317 1303 1296 1298
544.867981 1300 1306 1323 1334 1324 1320 1298 1297 1295
544.880981 1306 1312 1320 1329 1314 1315 1301 1294 1296
544.893982 1296 1312 1318 1333 1323 1319 1303 1291 1301
544.90802 1299 1314 1326 1343 1324 1316 1298 1297 1298
544.921021 1309 1308 1320 1335 1321 1315 1302 1293 1303
544.934021 1302 1309 1325 1330 1319 1316 1305 1298 1300
544.947021 1293 1308 1321 1348 1320 1309 1307 1296 1296
544.960022 1297 1320 1318 1333 1328 1308 1306 1292 1299
544.973022 1292 1309 1314 1329 1333 1317 1299 1297 1302
544.987 1305 1306 1327 1323 1332 1319 1300 1294 1297
545 1297 1307 1330 1320 1326 1322 1307 1294 1303
545.013 1302 1315 1315 1338 1322 1318 1300 1291 1300
545.026001 1297 1310 1321 1329 1330 1309 1303 1299 1297
545.039001 1290 1315 1323 1331 1329 1324 1305 1296 1297
545.052979 1292 1308 1321 1326 1322 1313 1306 1301 1295
545.065979 1294 1314 1318 1330 1329 1315 1304 1295 1299
545.078979 1298 1311 1321 1334 1323 1312 1301 1292 1294
545.09198 1305 1309 1330 1328 1328 1321 1301 1290 1296
545.10498 1303 1309 1318 1326 1322 1312 1302 1295 1294
545.117981 1299 1310 1321 1329 1336 1317 1303 1288 1297
545.132019 1310 1312 1318 1327 1328 1315 1304 1290 1297
545.14502 1293 1306 1325 1321 1318 1317 1299 1295 1296
545.15802 1293 1308 1322 1330 1332 1318 1301 1297 1291
545.171021 1294 1301 1313 1319 1324 1314 1299 1295 1296
545.184021 1291 1315 1321 1329 1329 1321 1302 1300 1292
545.197998 1299 1308 1316 1329 1313 1317 1301 1293 1292
545.210999 1302 1307 1332 1321 1320 1311 1306 1290 1293
545.223999 1295 1306 1316 1321 1326 1314 1296 1293 1298
545.237 1299 1314 1325 1326 1327 1312 1298 1293 1296
545.25 1295 1303 1324 1323 1322 1315 1294 1299 1294
545.263 1296 1311 1320 1325 1328 1312 1305 1291 1297
545.276978 1292 1310 1315 1322 1324 1306 1300 1291 1299
545.289978 1301 1303 1319 1318 1323 1318 1307 1293 1297
545.302979 1298 1301 1318 1322 1331 1318 1298 1297 1299
545.315979 1303 1307 1325 1325 1319 1316 1303 1293 1299
545.328979 1291 1305 1313 1330 1318 1309 1299 1289 1293
545.34198 1296 1312 1322 1323 1325 1309 1299 1290 1296
545.356018 1294 1309 1308 1321 1327 1309 1294 1291 1300
545.369019 1297 1306 1317 1331 1320 1317 1298 1296 1297
545.382019 1303 1302 1319 1324 1313 1310 1303 1288 1299
545.39502 1294 1304 1317 1315 1318 1310 1295 1287 1295
545.40802 1301 1309 1308 1321 1327 1307 1302 1294 1295
545.421021 1293 1302 1317 1316 1316 1306 1303 1291 1296
545.434998 1291 1304 1309 1316 1311 1306 1298 1298 1291
545.447998 1292 1290 1313 1319 1311 1306 1301 1296 1296
545.460999 1293 1308 1309 1315 1314 1316 1292 1290 1297
545.473999 1291 1306 1314 1315 1310 1306 1297 1284 1300
545.487 1298 1297 1317 1321 1318 1307 1294 1297 1294
545.5 1293 1307 1315 1322 1316 1300 1301 1287 1299
545.513977 1296 1304 1309 1318 1306 1296 1301 1293 1297
545.526978 1292 1294 1307 1313 1314 1306 1301 1290 1293
545.539978 1290 1304 1312 1318 1315 1307 1297 1287 1290
545.552979 1299 1304 1313 1314 1314 1312 1302 1295 1295
545.565979 1298 1302 1316 1318 1309 1309 1298 1294 1293
545.578979 1300 1304 1314 1327 1316 1305 1295 1295 1296
545.593018 1296 1307 1309 1326 1314 1310 1295 1293 1297
545.606018 1297 1313 1312 1315 1314 1303 1295 1295 1292
545.619019 1295 1302 1309 1316 1312 1306 1298 1295 1294
545.632019 1293 1309 1315 1321 1317 1301 1295 1297 1295
545.64502 1291 1313 1311 1312 1322 1308 1300 1289 1303
545.65802 1299 1307 1302 1317 1315 1304 1300 1297 1294
545.671021 1294 1306 1305 1309 1317 1303 1297 1295 1298
545.684998 1294 1298 1314 1312 1321 1310 1294 1291 1300
545.697998 1296 1301 1303 1319 1319 1302 1295 1292 1299
545.710999 1302 1306 1305 1311 1303 1307 1301 1298 1293
545.723999 1296 1296 1308 1328 1310 1303 1298 1295 1294
545.737 1288 1304 1309 1309 1313 1300 1298 1294 1297
545.75 1288 1307 1308 1313 1308 1307 1302 1288 1292
545.763 1302 1302 1325 1318 1321 1307 1297 1288 1301
545.776978 1288 1307 1309 1313 1312 1306 1295 1289 1290
545.789978 1297 1304 1305 1312 1320 1301 1292 1289 1293
545.802979 1294 1299 1304 1317 1315 1307 1294 1293 1292
545.815979 1292 1308 1304 1321 1305 1311 1295 1293 1288
545.828979 1292 1302 1320 1310 1307 1310 1299 1293 1294
545.84198 1292 1296 1309 1323 1317 1299 1297 1294 1289
545.85498 1293 1309 1307 1312 1313 1305 1298 1285 1297
545.869019 1295 1296 1301 1308 1315 1305 1289 1292 1290
545.882019 1291 1302 1311 1308 1314 1301 1289 1290 1294
545.89502 1290 1297 1309 1310 1312 1304 1301 1289 1288
545.90802 1291 1300 1305 1309 1310 1303 1294 1290 1289
545.921021 1295 1302 1310 1317 1300 1308 1294 1288 1293
545.934021 1292 1307 1308 1312 1309 1312 1295 1285 1295
545.947021 1295 1306 1301 1311 1308 1308 1295 1295 1293
545.960022 1295 1301 1311 1315 1314 1310 1301 1293 1297
545.973999 1295 1298 1305 1315 1312 1305 1293 1288 1293
545.987 1298 1297 1305 1323 1311 1312 1296 1294 1297
546 1296 1304 1308 1322 1314 1306 1299 1286 1301
546.013 1291 1303 1315 1320 1314 1304 1296 1292 1288
546.026001 1297 1309 1316 1311 1306 1306 1297 1292 1295
546.039001 1300 1302 1312 1315 1314 1304 1294 1292 1295
546.052002 1293 1299 1305 1315 1312 1298 1292 1288 1291
546.065002 1295 1302 1314 1315 1308 1305 1297 1293 1295
546.078979 1298 1309 1313 1312 1309 1305 1299 1292 1292
546.09198 1287 1299 1309 1317 1301 1307 1301 1290 1295
546.10498 1290 1293 1311 1310 1316 1304 1294 1297 1289
546.117981 1290 1303 1306 1317 1309 1303 1297 1286 1293
546.130981 1290 1296 1299 1315 1311 1309 1303 1285 1297
546.143982 1291 1298 1302 1309 1307 1299 1292 1296 1292
546.156982 1299 1300 1300 1310 1311 1301 1291 1288 1291
546.169983 1291 1300 1301 1315 1305 1305 1294 1287 1291
546.184021 1295 1304 1306 1308 1310 1307 1292 1293 1296
546.197021 1297 1296 1303 1314 1308 1301 1298 1300 1293
546.210022 1291 1301 1302 1302 1305 1308 1292 1290 1296
546.223022 1298 1306 1313 1309 1309 1305 1299 1288 1293
546.236023 1304 1297 1303 1312 1308 1299 1293 1283 1297
546.249023 1294 1301 1303 1309 1310 1299 1291 1292 1294
546.262024 1291 1297 1308 1301 1307 1301 1294 1286 1295
546.275024 1297 1294 1304 1327 1311 1302 1291 1292 1295
546.289001 1294 1297 1311 1308 1312 1304 1297 1293 1297
546.302002 1294 1297 1313 1310 1304 1296 1296 1294 1292
546.315002 1294 1301 1302 1309 1310 1305 1295 1292 1286
546.328003 1297 1300 1304 1308 1311 1303 1293 1292 1290
546.341003 1293 1302 1304 1307 1314 1300 1298 1288 1293
546.354004 1293 1299 1308 1316 1302 1305 1301 1297 1293
546.367004 1293 1300 1312 1306 1307 1304 1296 1290 1293
546.380005 1291 1302 1314 1302 1305 1304 1295 1285 1297
546.393005 1295 1300 1301 1311 1313 1309 1296 1295 1287
546.406006 1293 1303 1304 1304 1305 1307 1293 1294 1295
546.419983 1298 1302 1306 1307 1312 1303 1294 1297 1293
546.432983 1299 1302 1303 1310 1312 1303 1294 1290 1290
546.445984 1295 1296 1305 1306 1305 1303 1293 1294 1290
546.458984 1294 1294 1304 1307 1307 1303 1299 1290 1295
546.471985 1289 1298 1298 1312 1309 1300 1296 1291 1294
546.484985 1293 1297 1312 1309 1303 1304 1300 1292 1289
546.497986 1291 1297 1309 1308 1307 1305 1293 1291 1295
546.510986 1290 1301 1317 1306 1306 1305 1294 1288 1292
546.523987 1292 1293 1304 1307 1308 1304 1296 1291 1293
546.536987 1292 1290 1307 1314 1312 1301 1295 1287 1292
546.551025 1288 1299 1305 1309 1309 1311 1298 1292 1288
546.564026 1291 1304 1300 1307 1306 1299 1299 1293 1293
546.577026 1293 1300 1298 1304 1299 1296 1289 1287 1293
546.590027 1289 1302 1307 1309 1309 1301 1291 1295 1293
546.603027 1292 1294 1309 1308 1303 1300 1301 1290 1283
546.616028 1292 1296 1308 1310 1305 1304 1294 1288 1290
546.629028 1300 1299 1308 1313 1305 1299 1296 1289 1289
546.642029 1296 1293 1299 1318 1314 1303 1291 1296 1299
546.655029 1290 1299 1301 1306 1312 1297 1297 1288 1291
546.66803 1287 1301 1312 1309 1310 1296 1294 1291 1287
546.682007 1297 1301 1306 1298 1302 1301 1290 1290 1293
546.695007 1294 1299 1307 1308 1308 1302 1291 1292 1293
546.708008 1289 1297 1307 1305 1310 1306 1297 1292 1291
546.721008 1294 1298 1301 1310 1303 1305 1293 1295 1290
546.734009 1288 1302 1306 1312 1311 1299 1299 1292 1297
546.747009 1291 1298 1306 1312 1306 1304 1292 1292 1300
546.76001 1291 1302 1306 1305 1305 1297 1292 1286 1290
546.77301 1296 1302 1305 1306 1303 1295 1302 1286 1297
546.786011 1294 1305 1306 1308 1296 1300 1294 1291 1295
546.799011 1292 1302 1302 1306 1305 1299 1292 1288 1295
546.812012 1296 1295 1306 1308 1296 1299 1296 1297 1292
546.825012 1293 1296 1296 1308 1301 1302 1294 1296 1290
546.838989 1288 1301 1304 1312 1305 1299 1296 1293 1293
546.85199 1288 1298 1301 1298 1316 1307 1293 1291 1300
546.86499 1300 1302 1304 1302 1307 1301 1294 1290 1299
546.877991 1288 1301 1307 1300 1303 1307 1297 1293 1291
546.890991 1294 1300 1301 1303 1311 1306 1291 1290 1290
546.903992 1297 1298 1305 1312 1304 1297 1293 1286 1296
546.916992 1296 1299 1308 1306 1300 1296 1291 1292 1294
546.929993 1298 1297 1304 1311 1307 1296 1294 1297 1297
546.942993 1297 1302 1307 1303 1302 1291 1296 1291 1291
546.955994 1292 1295 1306 1305 1307 1305 1295 1293 1297
546.968994 1291 1297 1301 1307 1304 1305 1290 1296 1296
546.981995 1290 1300 1304 1308 1305 1303 1295 1290 1294
546.994995 1292 1297 1300 1307 1304 1299 1295 1298 1290
547.007996 1300 1295 1307 1298 1300 1303 1297 1294 1296
547.020996 1297 1303 1307 1306 1303 1306 1297 1303 1297
547.034973 1300 1295 1297 1303 1304 1298 1295 1292 1297
547.047974 1298 1296 1304 1298 1302 1297 1303 1294 1303
547.060974 1295 1299 1303 1302 1302 1302 1296 1301 1294
547.073975 1301 1303 1300 1302 1302 1304 1305 1294 1295
547.086975 1301 1300 1305 1304 1303 1301 1302 1300 1298
547.099976 1301 1307 1305 1307 1305 1307 1299 1297 1301
547.112976 1303 1300 1302 1306 1311 1304 1299 1302 1301
547.125977 1301 1308 1308 1302 1301 1304 1302 1305 1304
547.138977 1299 1307 1298 1306 1308 1303 1305 1306 1300
547.151978 1301 1306 1309 1300 1308 1301 1297 1307 1306
547.164978 1302 1306 1303 1310 1305 1312 1300 1304 1294
547.177979 1305 1302 1306 1306 1308 1304 1306 1299 1304
547.190979 1301 1305 1307 1304 1308 1306 1306 1301 1306
547.203979 1301 1303 1307 1302 1309 1307 1304 1305 1303
547.21698 1303 1309 1302 1299 1302 1302 1309 1305 1302
547.22998 1300 1302 1299 1302 1303 1305 1304 1303 1301
547.244019 1306 1304 1301 1301 1307 1307 1303 1302 1307
547.257019 1308 1317 1300 1301 1303 1313 1303 1291 1301
547.27002 1301 1302 1311 1305 1307 1301 1298 1304 1302
547.28302 1305 1309 1305 1302 1307 1306 1304 1307 1302
547.296021 1303 1302 1308 1304 1304 1305 1305 1306 1299
547.309021 1308 1305 1295 1303 1309 1311 1305 1307 1309
547.322021 1305 1316 1310 1306 1302 1306 1305 1314 1310
547.335022 1306 1320 1309 1310 1307 1304 1317 1310 1310
547.348022 1315 1311 1304 1302 1308 1305 1315 1307 1311
547.361023 1310 1307 1308 1302 1298 1309 1317 1318 1312
547.374023 1316 1310 1309 1302 1308 1308 1317 1320 1318
547.387024 1309 1310 1311 1302 1305 1310 1319 1311 1329
547.400024 1315 1313 1305 1307 1304 1315 1320 1316 1328
547.413025 1323 1327 1307 1305 1309 1309 1328 1327 1329
547.426025 1333 1321 1314 1305 1310 1319 1333 1322 1326
547.439026 1328 1324 1308 1303 1312 1325 1319 1326 1325
547.452026 1337 1328 1308 1307 1310 1323 1335 1342 1337
547.465027 1340 1336 1320 1308 1305 1327 1326 1352 1351
547.478027 1349 1334 1307 1304 1306 1323 1337 1363 1353
547.491028 1365 1345 1322 1303 1311 1335 1355 1372 1362
547.504028 1383 1354 1322 1303 1314 1333 1369 1376 1383
547.518005 1388 1369 1322 1305 1312 1349 1391 1395 1395
547.531006 1415 1383 1330 1312 1310 1349 1390 1421 1396
547.544006 1434 1396 1334 1309 1317 1361 1418 1437 1438
547.557007 1477 1409 1347 1313 1326 1382 1443 1487 1480
547.570007 1524 1435 1367 1312 1327 1412 1469 1530 1524
547.583008 1543 1467 1367 1304 1329 1417 1523 1565 1572
547.596008 1602 1524 1379 1314 1343 1465 1578 1661 1606
547.609009 1686 1572 1417 1316 1352 1474 1634 1704 1692
547.622009 1716 1596 1425 1324 1354 1505 1668 1772 1775
547.63501 1796 1631 1446 1332 1357 1521 1753 1845 1813
547.64801 1845 1685 1441 1324 1370 1568 1764 1884 1827
547.661011 1867 1680 1454 1331 1373 1550 1782 1892 1882
547.674011 1869 1701 1459 1316 1360 1577 1806 1882 1866
547.687012 1849 1660 1456 1314 1362 1543 1762 1877 1846
547.700012 1781 1636 1441 1319 1368 1532 1734 1804 1760
547.713013 1718 1583 1421 1324 1364 1498 1648 1751 1709
547.726013 1655 1543 1390 1317 1346 1464 1600 1663 1647
547.739014 1577 1479 1380 1310 1334 1420 1531 1623 1565
547.752014 1535 1447 1371 1314 1328 1409 1511 1546 1544
547.765015 1488 1429 1356 1308 1331 1387 1444 1492 1492
547.778015 1448 1406 1348 1306 1313 1364 1453 1457 1435
547.791016 1433 1381 1336 1304 1313 1370 1407 1434 1423
547.804016 1398 1369 1326 1322 1313 1346 1383 1409 1400
547.817017 1394 1367 1327 1304 1314 1341 1382 1388 1380
547.830017 1379 1348 1323 1303 1307 1336 1353 1381 1366
547.843018 1369 1342 1318 1301 1311 1343 1358 1370 1365
547.856018 1360 1349 1313 1304 1306 1316 1352 1355 1359
547.869019 1348 1332 1309 1302 1307 1325 1344 1353 1342
547.882019 1350 1322 1313 1304 1307 1332 1338 1343 1341
547.89502 1345 1324 1313 1302 1305 1311 1334 1347 1345
547.90802 1339 1328 1309 1311 1306 1322 1320 1335 1329
547.921021 1327 1314 1310 1308 1306 1313 1321 1330 1330
547.934021 1321 1323 1308 1306 1302 1314 1323 1324 1325
547.947021 1330 1315 1294 1296 1305 1310 1321 1330 1320
547.960022 1318 1319 1303 1300 1296 1318 1312 1318 1314
547.973022 1317 1315 1306 1304 1299 1310 1316 1318 1323
547.986023 1317 1310 1306 1294 1296 1307 1318 1317 1318
547.999023 1309 1307 1308 1308 1301 1310 1313 1314 1315
548.012024 1310 1302 1305 1309 1298 1304 1308 1312 1319
548.025024 1310 1310 1293 1306 1297 1306 1307 1310 1308
548.038025 1304 1309 1304 1299 1302 1302 1307 1310 1306
548.051025 1300 1308 1308 1297 1301 1308 1303 1304 1307
548.064026 1313 1306 1304 1302 1304 1296 1305 1304 1308
548.077026 1307 1302 1298 1297 1293 1299 1300 1300 1303
548.090027 1306 1309 1301 1300 1302 1301 1309 1305 1306
548.103027 1301 1300 1299 1303 1303 1305 1300 1304 1308
548.116028 1305 1305 1299 1309 1299 1296 1302 1302 1298
548.129028 1299 1299 1298 1306 1300 1302 1301 1304 1295
548.142029 1301 1311 1294 1299 1296 1303 1296 1295 1302
548.155029 1298 1301 1303 1298 1296 1301 1299 1298 1302
548.16803 1300 1299 1296 1298 1305 1299 1297 1303 1301
548.18103 1295 1300 1295 1303 1297 1294 1298 1295 1294
548.19397 1304 1298 1297 1306 1299 1295 1295 1299 1297
548.20697 1304 1296 1301 1300 1306 1294 1288 1296 1300
548.219971 1294 1296 1307 1299 1294 1295 1298 1291 1297
548.232971 1300 1301 1297 1301 1298 1299 1299 1303 1291
548.245972 1294 1306 1297 1303 1297 1302 1286 1293 1305
548.258972 1293 1299 1301 1293 1297 1301 1301 1289 1293
548.271973 1297 1298 1304 1302 1300 1294 1295 1297 1294
548.284973 1301 1296 1296 1302 1297 1295 1299 1297 1297
548.297974 1297 1300 1301 1306 1306 1296 1298 1294 1297
548.310974 1295 1298 1296 1298 1302 1294 1295 1293 1298
548.323975 1287 1295 1299 1304 1299 1300 1294 1291 1291
548.336975 1293 1303 1297 1299 1304 1298 1300 1300 1294
548.349976 1302 1291 1303 1301 1294 1296 1302 1295 1295
548.362976 1300 1299 1303 1296 1297 1301 1299 1292 1291
548.375977 1296 1296 1304 1296 1296 1298 1289 1295 1286
548.388977 1292 1294 1299 1301 1300 1299 1298 1297 1296
548.401978 1293 1298 1297 1302 1307 1295 1299 1294 1290
548.414978 1296 1293 1308 1303 1300 1296 1298 1288 1296
548.427979 1298 1288 1300 1295 1299 1301 1292 1284 1289
548.440979 1294 1290 1293 1298 1302 1301 1295 1291 1288
548.453979 1293 1289 1303 1297 1295 1296 1295 1288 1289
548.46698 1291 1297 1300 1297 1298 1300 1288 1290 1289
548.47998 1290 1298 1295 1298 1300 1292 1297 1288 1289
548.492981 1290 1300 1294 1301 1296 1300 1292 1295 1288
548.505981 1293 1299 1300 1297 1298 1295 1283 1286 1291
548.518982 1290 1296 1297 1298 1303 1300 1297 1295 1286
548.531982 1293 1295 1295 1307 1296 1296 1289 1288 1293
548.544983 1292 1289 1303 1300 1294 1296 1289 1292 1289
548.557983 1292 1301 1301 1298 1299 1302 1291 1294 1289
548.570984 1290 1293 1301 1293 1305 1298 1295 1293 1288
548.583984 1292 1292 1306 1307 1297 1290 1293 1289 1288
548.596985 1292 1298 1293 1297 1296 1291 1292 1290 1291
548.609985 1285 1301 1298 1296 1294 1297 1292 1287 1288
548.622986 1286 1293 1297 1299 1296 1289 1290 1287 1290
548.635986 1291 1292 1300 1298 1295 1292 1291 1288 1288
548.648987 1290 1293 1296 1307 1303 1298 1295 1295 1290
548.661987 1288 1286 1289 1297 1299 1299 1289 1286 1286
548.674988 1287 1291 1296 1301 1297 1298 1290 1288 1289
548.687988 1293 1300 1302 1299 1299 1296 1288 1290 1286
548.700989 1293 1295 1295 1301 1301 1293 1297 1291 1285
548.713989 1291 1298 1303 1303 1306 1296 1293 1286 1285
548.72699 1293 1297 1300 1300 1299 1296 1293 1288 1293
548.739014 1292 1293 1301 1297 1297 1296 1294 1289 1288
