0 11.25 22.5 33.75 45 56.25 67.5 78.75 90
535.080017 1268 1267 1267 1271 1268 1266 1264 1268 1270
535.093994 1267 1268 1266 1266 1267 1267 1267 1267 1264
535.106995 1268 1268 1269 1270 1263 1268 1265 1266 1273
535.120972 1267 1269 1266 1267 1266 1266 1264 1266 1264
535.13501 1266 1268 1265 1269 1265 1265 1268 1267 1267
535.148987 1268 1269 1267 1264 1267 1266 1265 1266 1269
535.161987 1265 1266 1267 1264 1265 1266 1267 1264 1265
535.176025 1266 1267 1266 1263 1266 1263 1264 1264 1267
535.190002 1264 1266 1268 1264 1267 1265 1267 1265 1268
535.203003 1267 1265 1266 1267 1266 1265 1264 1265 1265
535.21698 1264 1266 1265 1267 1267 1265 1266 1266 1266
535.231018 1268 1266 1267 1267 1263 1268 1264 1263 1265
535.244995 1264 1266 1265 1269 1267 1265 1262 1266 1263
535.257996 1263 1262 1267 1265 1264 1266 1261 1265 1266
535.271973 1265 1266 1266 1263 1266 1265 1267 1265 1270
535.286011 1260 1265 1264 1270 1265 1263 1266 1263 1263
535.299011 1266 1262 1263 1264 1264 1265 1265 1264 1267
535.312988 1267 1263 1266 1268 1265 1266 1264 1265 1266
535.327026 1265 1265 1267 1268 1264 1265 1268 1265 1264
535.341003 1265 1263 1267 1263 1264 1266 1265 1264 1266
535.354004 1264 1265 1264 1264 1266 1265 1265 1265 1268
535.367981 1263 1263 1267 1263 1265 1266 1264 1262 1267
535.382019 1265 1263 1266 1265 1263 1266 1265 1263 1265
535.39502 1263 1266 1268 1268 1266 1265 1264 1268 1266
535.408997 1264 1267 1263 1263 1262 1263 1261 1266 1263
535.422974 1266 1265 1263 1267 1264 1266 1267 1262 1264
535.435974 1261 1263 1266 1263 1267 1264 1268 1269 1264
535.450012 1265 1265 1266 1261 1264 1263 1265 1265 1264
535.463989 1267 1268 1266 1262 1265 1264 1263 1265 1266
535.478027 1263 1264 1264 1263 1266 1264 1264 1267 1265
535.491028 1266 1267 1265 1267 1265 1266 1264 1262 1267
535.505005 1261 1264 1264 1264 1264 1265 1266 1264 1263
535.518982 1265 1263 1263 1265 1265 1262 1266 1264 1264
535.531982 1265 1266 1266 1264 1261 1265 1266 1266 1266
535.546021 1264 1267 1266 1264 1262 1263 1264 1268 1268
535.559998 1264 1262 1264 1261 1267 1264 1263 1264 1264
535.572998 1266 1268 1263 1266 1261 1267 1265 1266 1266
535.586975 1265 1265 1265 1263 1264 1265 1267 1265 1261
535.601013 1265 1265 1266 1268 1264 1263 1263 1263 1263
535.61499 1265 1266 1264 1266 1265 1265 1266 1264 1266
535.627991 1271 1263 1260 1264 1266 1264 1263 1264 1265
535.642029 1265 1263 1262 1266 1262 1264 1262 1265 1265
535.656006 1266 1263 1265 1263 1266 1265 1264 1263 1266
535.669006 1266 1261 1263 1265 1267 1266 1262 1264 1266
535.682983 1265 1267 1264 1266 1265 1260 1265 1265 1264
535.697021 1262 1267 1265 1264 1264 1264 1264 1262 1265
535.710022 1266 1267 1266 1265 1267 1265 1264 1265 1263
535.723999 1266 1265 1265 1264 1264 1266 1265 1267 1265
535.737976 1268 1262 1266 1267 1264 1263 1265 1266 1264
535.750977 1266 1261 1269 1261 1265 1264 1261 1265 1266
535.765015 1266 1265 1266 1263 1263 1264 1262 1259 1265
535.778992 1263 1268 1265 1264 1263 1263 1264 1263 1265
535.791992 1263 1265 1264 1266 1262 1264 1263 1263 1263
535.80603 1263 1267 1261 1266 1264 1265 1266 1265 1266
535.820007 1268 1263 1263 1268 1266 1266 1265 1264 1267
535.833984 1264 1263 1264 1262 1263 1267 1265 1262 1268
535.846985 1262 1266 1266 1265 1266 1262 1263 1266 1267
535.861023 1268 1263 1263 1264 1266 1262 1262 1265 1262
535.875 1266 1266 1265 1264 1265 1268 1264 1262 1260
535.888 1263 1265 1265 1264 1264 1264 1267 1264 1266
535.901978 1264 1268 1265 1264 1264 1265 1269 1265 1264
535.916016 1264 1265 1266 1267 1264 1264 1263 1267 1264
535.929016 1263 1263 1265 1261 1265 1264 1262 1265 1264
535.942993 1265 1263 1265 1264 1265 1265 1263 1262 1265
535.95697 1262 1264 1264 1260 1262 1263 1266 1262 1264
535.969971 1261 1263 1268 1264 1265 1266 1265 1266 1265
535.984009 1266 1264 1266 1266 1263 1264 1265 1264 1263
535.997986 1264 1266 1263 1263 1264 1265 1265 1266 1262
536.010986 1263 1265 1266 1265 1265 1264 1264 1265 1263
536.025024 1265 1263 1268 1262 1262 1263 1262 1263 1266
536.039001 1263 1265 1265 1263 1265 1265 1262 1262 1266
536.052002 1262 1260 1265 1264 1263 1262 1262 1265 1267
536.065979 1265 1265 1265 1264 1264 1263 1263 1264 1264
536.080017 1265 1261 1265 1265 1268 1262 1264 1264 1264
536.093018 1265 1264 1264 1267 1267 1267 1265 1267 1263
536.106995 1262 1264 1263 1266 1264 1263 1266 1266 1267
536.120972 1264 1264 1265 1263 1265 1264 1263 1264 1265
536.133972 1262 1263 1263 1265 1264 1261 1264 1266 1264
536.14801 1264 1262 1266 1262 1267 1261 1265 1265 1266
536.161987 1263 1266 1264 1268 1264 1263 1264 1265 1266
536.174988 1265 1265 1266 1264 1264 1265 1265 1262 1264
536.189026 1264 1266 1266 1266 1265 1263 1266 1267 1266
536.203003 1266 1264 1264 1263 1263 1264 1263 1265 1264
536.216003 1265 1261 1264 1266 1264 1268 1264 1265 1264
536.22998 1266 1265 1265 1259 1264 1265 1263 1265 1265
536.244019 1265 1265 1263 1264 1264 1263 1264 1263 1263
536.257019 1266 1267 1265 1262 1265 1265 1266 1264 1263
536.270996 1264 1266 1263 1264 1265 1263 1263 1264 1263
536.284973 1262 1264 1262 1263 1264 1265 1264 1263 1264
536.297974 1262 1265 1265 1263 1263 1262 1268 1264 1264
536.312012 1266 1266 1262 1265 1263 1265 1262 1268 1266
536.325989 1266 1263 1267 1266 1267 1262 1264 1263 1266
536.338989 1264 1265 1265 1270 1269 1262 1264 1262 1264
536.353027 1266 1265 1262 1267 1267 1262 1264 1264 1262
536.367004 1265 1264 1263 1265 1264 1264 1265 1267 1264
536.380005 1267 1265 1265 1265 1262 1264 1263 1265 1262
536.393982 1266 1261 1264 1265 1263 1265 1264 1265 1262
536.40802 1266 1266 1267 1263 1263 1265 1263 1266 1265
536.421021 1262 1263 1267 1265 1266 1264 1266 1268 1265
536.434998 1265 1264 1266 1261 1263 1265 1264 1265 1264
536.448975 1262 1265 1268 1267 1261 1264 1266 1264 1264
536.461975 1263 1266 1264 1267 1263 1263 1264 1264 1261
536.476013 1265 1266 1264 1267 1263 1265 1265 1266 1266
536.48999 1263 1263 1264 1266 1263 1264 1264 1262 1264
536.502991 1266 1263 1266 1262 1266 1265 1264 1268 1263
536.517029 1263 1262 1266 1267 1265 1263 1262 1268 1267
536.530029 1263 1263 1264 1265 1263 1267 1263 1263 1264
536.544006 1263 1263 1266 1266 1266 1265 1262 1265 1266
536.557983 1265 1265 1264 1268 1262 1266 1265 1263 1263
536.570984 1264 1262 1264 1260 1262 1268 1265 1266 1262
536.585022 1266 1264 1262 1264 1265 1265 1264 1268 1264
536.598999 1266 1263 1265 1267 1266 1266 1266 1266 1264
536.612 1265 1266 1268 1266 1265 1262 1266 1265 1267
536.625977 1265 1266 1264 1265 1263 1264 1263 1264 1265
536.640015 1265 1264 1265 1263 1267 1261 1263 1265 1264
536.653015 1262 1266 1266 1265 1262 1265 1263 1264 1266
536.666992 1263 1267 1264 1266 1263 1264 1267 1264 1264
536.68103 1266 1264 1267 1264 1264 1265 1263 1264 1267
536.69397 1266 1265 1264 1264 1264 1263 1265 1264 1265
536.708008 1263 1263 1267 1265 1268 1262 1261 1265 1265
536.721008 1263 1266 1269 1267 1266 1263 1263 1263 1265
536.734985 1262 1266 1264 1264 1264 1264 1265 1267 1265
536.749023 1263 1266 1267 1267 1266 1265 1267 1265 1263
536.762024 1264 1266 1264 1263 1263 1265 1266 1266 1263
536.776001 1265 1269 1265 1264 1263 1265 1265 1265 1266
536.789978 1265 1262 1266 1263 1263 1266 1263 1265 1265
536.802979 1268 1261 1266 1266 1267 1265 1264 1262 1265
536.817017 1264 1263 1265 1267 1264 1265 1265 1264 1266
536.830994 1264 1265 1264 1266 1264 1264 1266 1263 1263
536.843994 1264 1268 1263 1264 1265 1266 1265 1265 1264
536.857971 1264 1266 1266 1265 1264 1266 1264 1264 1263
536.870972 1264 1264 1267 1263 1261 1264 1264 1266 1264
536.88501 1267 1264 1264 1265 1264 1262 1267 1264 1264
536.898987 1265 1261 1264 1266 1265 1263 1264 1265 1267
536.911987 1263 1265 1265 1267 1267 1262 1264 1262 1265
536.926025 1260 1265 1262 1265 1265 1265 1263 1264 1265
536.940002 1261 1265 1266 1265 1265 1265 1263 1265 1264
536.953003 1262 1265 1262 1266 1262 1264 1265 1265 1264
536.96698 1263 1265 1265 1264 1266 1263 1263 1267 1265
536.97998 1266 1263 1265 1262 1266 1264 1263 1264 1268
536.994019 1266 1265 1265 1264 1266 1266 1266 1263 1265
537.007996 1263 1265 1264 1265 1265 1262 1265 1263 1264
537.020996 1265 1268 1263 1262 1265 1265 1264 1263 1265
537.034973 1266 1266 1266 1268 1263 1265 1263 1266 1265
537.049011 1264 1265 1265 1264 1265 1266 1267 1266 1265
537.062012 1265 1264 1263 1264 1263 1268 1266 1265 1265
537.075989 1266 1264 1267 1267 1267 1267 1262 1265 1267
537.088989 1271 1264 1265 1263 1266 1266 1262 1265 1265
537.103027 1263 1265 1266 1265 1269 1264 1268 1265 1265
537.117004 1262 1268 1265 1266 1266 1267 1264 1265 1266
537.130005 1263 1268 1266 1268 1266 1265 1266 1269 1263
537.143982 1268 1266 1265 1267 1265 1267 1268 1267 1266
537.15802 1264 1264 1266 1265 1263 1264 1264 1266 1266
537.171021 1265 1268 1266 1266 1268 1263 1265 1266 1266
537.184998 1270 1261 1265 1266 1265 1264 1266 1265 1265
537.197998 1264 1267 1265 1265 1265 1263 1265 1266 1263
537.211975 1263 1266 1268 1267 1267 1266 1267 1263 1265
537.226013 1267 1267 1263 1266 1266 1266 1267 1265 1266
537.239014 1269 1269 1272 1273 1272 1269 1270 1272 1273
537.252991 1267 1267 1268 1268 1263 1266 1264 1267 1268
537.265991 1267 1265 1266 1268 1267 1270 1266 1265 1267
537.280029 1269 1269 1265 1266 1265 1266 1267 1266 1266
537.294006 1262 1269 1265 1267 1265 1268 1270 1267 1267
537.307007 1265 1268 1267 1266 1268 1262 1267 1267 1265
537.320984 1269 1269 1268 1267 1269 1265 1269 1267 1267
537.333984 1268 1269 1268 1268 1269 1271 1271 1268 1266
537.348022 1269 1273 1268 1267 1266 1268 1269 1271 1267
537.362 1267 1270 1269 1270 1268 1268 1272 1267 1272
537.375 1273 1270 1268 1272 1270 1265 1268 1268 1270
537.388977 1272 1269 1270 1273 1271 1273 1266 1270 1268
537.403015 1268 1273 1272 1269 1269 1268 1270 1273 1265
537.416016 1267 1270 1273 1269 1268 1273 1267 1271 1268
537.429993 1270 1269 1268 1271 1270 1273 1269 1268 1271
537.442993 1272 1264 1271 1269 1266 1265 1272 1267 1269
537.45697 1267 1267 1268 1270 1268 1266 1271 1270 1267
537.471008 1268 1270 1266 1266 1268 1266 1267 1269 1269
537.484009 1268 1270 1272 1269 1270 1268 1268 1264 1269
537.497986 1266 1269 1269 1273 1267 1267 1271 1266 1270
537.510986 1266 1268 1269 1272 1268 1267 1269 1265 1267
537.525024 1266 1265 1270 1266 1268 1269 1270 1267 1266
537.539001 1267 1269 1269 1269 1265 1272 1266 1270 1264
537.552002 1272 1265 1268 1268 1263 1269 1267 1271 1268
537.565979 1268 1269 1268 1267 1270 1267 1265 1267 1267
537.578979 1269 1268 1272 1269 1273 1268 1268 1266 1270
537.593018 1265 1269 1271 1271 1272 1267 1269 1267 1268
537.606995 1263 1271 1267 1271 1267 1268 1267 1268 1270
537.619995 1268 1269 1270 1272 1269 1270 1271 1270 1265
537.633972 1268 1268 1269 1265 1270 1267 1267 1269 1268
537.646973 1272 1269 1266 1272 1270 1272 1267 1269 1269
537.661011 1269 1273 1272 1272 1272 1269 1268 1268 1268
537.674011 1268 1269 1271 1268 1269 1271 1270 1270 1270
537.687988 1269 1272 1269 1273 1272 1271 1268 1267 1271
537.702026 1267 1271 1271 1269 1272 1273 1271 1269 1268
537.715027 1269 1270 1271 1270 1273 1268 1271 1272 1270
537.729004 1272 1269 1270 1274 1268 1270 1273 1270 1270
537.742004 1273 1269 1269 1274 1271 1272 1271 1267 1269
537.755981 1270 1268 1273 1272 1275 1269 1269 1268 1269
537.77002 1271 1271 1271 1272 1274 1273 1266 1269 1268
537.78302 1269 1277 1273 1273 1271 1273 1270 1269 1271
537.796997 1272 1275 1270 1276 1276 1271 1271 1270 1276
537.809998 1272 1278 1273 1272 1273 1267 1276 1271 1274
537.823975 1275 1268 1275 1273 1273 1269 1269 1270 1273
537.836975 1270 1273 1270 1277 1269 1272 1274 1272 1269
537.851013 1277 1272 1275 1277 1274 1274 1273 1274 1275
537.86499 1271 1269 1275 1274 1276 1277 1271 1273 1278
537.877991 1273 1273 1275 1276 1274 1273 1271 1270 1272
537.892029 1275 1278 1276 1277 1273 1275 1275 1273 1277
537.905029 1272 1275 1279 1275 1278 1272 1274 1274 1276
537.919006 1277 1273 1279 1276 1274 1275 1277 1276 1274
537.932007 1269 1271 1273 1276 1272 1281 1277 1274 1271
537.945984 1272 1275 1279 1279 1275 1278 1274 1274 1277
537.960022 1272 1275 1279 1279 1278 1282 1274 1273 1275
537.973022 1274 1279 1277 1281 1277 1282 1277 1274 1276
537.987 1269 1282 1278 1280 1277 1275 1276 1280 1272
538 1276 1284 1281 1277 1282 1277 1276 1276 1277
538.013977 1276 1281 1282 1287 1286 1281 1275 1278 1275
538.028015 1278 1274 1278 1281 1278 1277 1280 1277 1274
538.041016 1276 1282 1280 1286 1279 1278 1276 1277 1274
538.054993 1280 1279 1284 1285 1284 1280 1277 1276 1284
538.067993 1280 1279 1284 1283 1281 1281 1284 1281 1283
538.08197 1274 1277 1283 1280 1284 1282 1279 1281 1282
538.094971 1278 1279 1285 1286 1280 1280 1278 1281 1274
538.109009 1283 1285 1285 1282 1281 1281 1286 1278 1280
538.122009 1280 1282 1291 1284 1283 1279 1281 1279 1279
538.135986 1280 1286 1287 1288 1289 1281 1280 1275 1283
538.150024 1274 1281 1282 1283 1288 1282 1280 1282 1282
538.163025 1283 1281 1284 1285 1284 1287 1281 1280 1287
538.177002 1281 1284 1292 1286 1289 1287 1285 1285 1277
538.190002 1285 1284 1284 1293 1280 1284 1288 1282 1285
538.203979 1281 1289 1289 1291 1297 1288 1282 1279 1281
538.21698 1288 1286 1286 1293 1286 1285 1285 1283 1277
538.231018 1283 1288 1292 1290 1294 1289 1289 1278 1285
538.244995 1289 1285 1295 1286 1302 1295 1283 1278 1289
538.257996 1289 1288 1292 1288 1291 1287 1284 1285 1285
538.271973 1289 1284 1289 1298 1297 1290 1284 1286 1282
538.284973 1288 1290 1295 1293 1290 1289 1292 1292 1289
538.299011 1293 1295 1295 1290 1297 1293 1294 1295 1282
538.312012 1298 1292 1300 1305 1296 1297 1290 1297 1288
538.325989 1293 1293 1296 1300 1295 1301 1299 1295 1290
538.338989 1304 1301 1297 1302 1302 1302 1300 1298 1297
538.353027 1297 1311 1304 1306 1310 1304 1298 1297 1305
538.367004 1300 1301 1299 1297 1302 1301 1297 1299 1299
538.380005 1309 1311 1310 1305 1306 1303 1303 1301 1299
538.393982 1302 1306 1308 1308 1309 1305 1304 1301 1297
538.406982 1311 1309 1310 1301 1303 1305 1312 1296 1306
538.421021 1303 1311 1309 1309 1310 1305 1306 1300 1306
538.434021 1313 1306 1313 1308 1307 1311 1307 1297 1301
538.447998 1302 1310 1313 1312 1307 1310 1305 1305 1308
538.460999 1306 1318 1308 1312 1308 1308 1304 1303 1302
538.474976 1307 1314 1307 1314 1317 1312 1304 1305 1309
538.489014 1303 1313 1309 1309 1307 1303 1297 1300 1296
538.502014 1305 1313 1318 1300 1305 1304 1303 1304 1302
538.515991 1303 1307 1309 1312 1314 1315 1304 1305 1305
538.528992 1300 1301 1307 1306 1307 1308 1299 1295 1297
538.54303 1301 1299 1306 1310 1308 1305 1302 1298 1296
538.55603 1300 1299 1304 1307 1316 1305 1298 1298 1293
538.570007 1293 1298 1306 1298 1315 1308 1296 1295 1290
538.583008 1301 1306 1313 1306 1302 1307 1298 1295 1298
538.596985 1298 1301 1307 1312 1300 1302 1298 1295 1298
538.609985 1306 1298 1297 1319 1302 1302 1298 1296 1299
538.624023 1302 1307 1304 1304 1316 1314 1300 1297 1299
538.638 1298 1305 1303 1311 1306 1304 1296 1297 1297
538.651001 1294 1307 1309 1302 1319 1307 1304 1296 1298
538.664978 1297 1303 1309 1312 1314 1303 1306 1295 1298
538.677979 1303 1302 1306 1314 1304 1309 1299 1298 1292
538.692017 1298 1304 1309 1313 1315 1310 1295 1293 1296
538.705017 1302 1313 1308 1316 1310 1306 1303 1298 1306
538.718994 1312 1306 1310 1317 1305 1308 1305 1298 1305
538.731995 1302 1315 1315 1313 1308 1314 1312 1295 1300
538.745972 1297 1305 1316 1318 1312 1313 1302 1304 1303
538.758972 1298 1306 1307 1309 1311 1310 1306 1298 1306
538.77301 1298 1306 1309 1314 1315 1311 1301 1299 1298
538.786011 1298 1300 1314 1315 1313 1308 1302 1302 1301
538.799988 1304 1311 1312 1324 1314 1309 1306 1302 1301
538.812988 1308 1307 1315 1305 1317 1312 1302 1301 1299
538.827026 1312 1308 1314 1320 1315 1311 1299 1300 1298
538.841003 1300 1311 1308 1313 1322 1305 1306 1307 1301
538.854004 1308 1317 1317 1317 1317 1313 1307 1300 1307
538.867981 1309 1310 1317 1324 1316 1316 1310 1299 1299
538.880981 1303 1314 1309 1322 1315 1311 1305 1304 1307
538.89502 1309 1311 1316 1309 1320 1316 1309 1295 1296
538.90802 1305 1303 1316 1310 1311 1314 1309 1302 1301
538.921997 1303 1316 1310 1318 1318 1312 1305 1304 1305
538.934998 1307 1303 1316 1313 1320 1315 1306 1307 1303
538.948975 1301 1303 1324 1321 1329 1323 1303 1310 1303
538.961975 1307 1310 1317 1325 1320 1317 1301 1306 1295
538.976013 1303 1308 1312 1323 1317 1305 1311 1300 1299
538.989014 1307 1312 1310 1326 1314 1314 1306 1296 1300
539.002991 1305 1306 1319 1322 1315 1315 1314 1302 1301
539.015991 1316 1311 1320 1320 1322 1311 1307 1305 1309
539.030029 1306 1311 1321 1317 1328 1312 1305 1313 1305
539.04303 1300 1306 1316 1321 1320 1321 1302 1298 1306
539.057007 1306 1310 1328 1323 1321 1316 1308 1303 1300
539.070007 1311 1322 1322 1325 1330 1308 1316 1306 1302
539.083984 1309 1320 1322 1323 1327 1317 1305 1307 1309
539.096985 1310 1315 1316 1325 1319 1322 1317 1304 1304
539.111023 1307 1320 1326 1333 1322 1324 1311 1305 1302
539.125 1311 1306 1320 1323 1323 1321 1312 1299 1306
539.138 1303 1311 1324 1329 1331 1319 1312 1309 1300
539.151978 1315 1319 1317 1333 1321 1321 1312 1305 1297
539.164978 1301 1307 1323 1322 1320 1312 1306 1302 1306
539.179016 1305 1321 1323 1330 1328 1328 1314 1308 1307
539.192017 1304 1313 1321 1316 1322 1316 1304 1304 1307
539.205994 1312 1305 1318 1328 1314 1314 1304 1310 1295
539.218994 1302 1306 1315 1328 1330 1312 1309 1304 1298
539.232971 1303 1313 1314 1315 1319 1310 1304 1299 1303
539.245972 1301 1311 1314 1314 1324 1323 1301 1306 1300
539.26001 1305 1312 1317 1323 1319 1318 1298 1302 1300
539.27301 1297 1313 1315 1322 1310 1313 1308 1305 1298
539.286987 1312 1314 1315 1321 1326 1308 1307 1306 1302
539.299988 1310 1307 1322 1322 1323 1318 1315 1304 1299
539.314026 1298 1318 1325 1325 1324 1308 1303 1303 1301
539.327026 1303 1309 1323 1326 1315 1315 1308 1298 1304
539.341003 1300 1307 1313 1323 1324 1321 1308 1301 1307
539.354004 1307 1310 1311 1324 1318 1317 1303 1296 1302
539.367981 1303 1308 1318 1319 1317 1314 1308 1298 1298
539.380981 1301 1311 1321 1322 1319 1320 1316 1303 1298
539.39502 1300 1303 1316 1318 1320 1310 1304 1304 1303
539.40802 1301 1309 1304 1326 1317 1316 1304 1305 1302
539.421997 1298 1312 1310 1320 1315 1312 1308 1305 1301
539.434998 1303 1316 1320 1324 1316 1313 1306 1301 1300
539.448975 1304 1315 1314 1324 1325 1316 1307 1304 1303
539.461975 1305 1316 1319 1320 1317 1315 1301 1306 1304
539.476013 1310 1312 1305 1322 1326 1315 1304 1299 1301
539.489014 1303 1310 1322 1319 1318 1318 1303 1300 1307
539.502991 1307 1307 1325 1327 1329 1319 1312 1306 1305
539.515991 1303 1309 1326 1325 1333 1314 1305 1296 1294
539.530029 1306 1314 1318 1329 1317 1319 1305 1298 1291
539.54303 1301 1310 1333 1330 1326 1315 1304 1307 1303
539.557007 1315 1324 1317 1325 1322 1321 1311 1299 1301
539.570007 1309 1317 1324 1337 1332 1330 1311 1300 1307
539.583984 1308 1311 1327 1334 1328 1318 1308 1295 1304
539.596985 1304 1312 1338 1346 1341 1322 1310 1305 1298
539.611023 1311 1319 1342 1352 1341 1328 1311 1299 1305
539.624023 1301 1326 1333 1361 1362 1338 1316 1295 1305
539.638 1311 1336 1356 1367 1380 1347 1317 1303 1301
539.651001 1314 1337 1377 1379 1382 1357 1320 1299 1312
539.664001 1311 1337 1373 1386 1379 1364 1328 1296 1311
539.677979 1309 1337 1380 1421 1376 1363 1322 1310 1308
539.690979 1314 1334 1381 1393 1389 1362 1327 1299 1300
539.705017 1304 1335 1359 1380 1373 1357 1328 1302 1304
539.718018 1309 1336 1357 1375 1363 1340 1319 1306 1309
539.731995 1302 1329 1340 1341 1355 1337 1315 1300 1301
539.744995 1303 1321 1342 1335 1335 1335 1308 1304 1299
539.758972 1315 1311 1331 1342 1336 1327 1309 1295 1306
539.771973 1305 1319 1332 1331 1328 1320 1304 1306 1307
539.786011 1304 1307 1332 1334 1326 1317 1312 1301 1298
539.799011 1306 1313 1314 1327 1333 1316 1302 1308 1300
539.812988 1307 1309 1324 1331 1325 1317 1308 1307 1305
539.825989 1313 1313 1326 1330 1329 1323 1298 1297 1302
539.840027 1305 1320 1318 1326 1321 1325 1305 1303 1305
539.853027 1306 1314 1326 1321 1329 1317 1314 1308 1303
539.867004 1311 1313 1330 1324 1328 1317 1305 1304 1304
539.880005 1311 1312 1324 1321 1322 1321 1311 1303 1302
539.893982 1296 1308 1320 1326 1330 1309 1305 1302 1300
539.906982 1301 1312 1323 1331 1327 1312 1312 1304 1307
539.921021 1301 1319 1329 1327 1321 1315 1306 1298 1306
539.934021 1300 1314 1324 1324 1326 1313 1309 1301 1301
539.947998 1308 1315 1319 1336 1327 1320 1308 1303 1298
539.960999 1305 1307 1324 1328 1329 1315 1301 1303 1307
539.973999 1308 1314 1321 1324 1325 1321 1307 1305 1299
539.987976 1309 1316 1317 1325 1317 1315 1313 1302 1301
540.000977 1306 1316 1322 1327 1328 1325 1308 1298 1301
540.015015 1305 1316 1328 1329 1331 1315 1311 1299 1302
540.028015 1304 1311 1319 1332 1336 1320 1309 1303 1304
540.041992 1307 1320 1323 1323 1330 1321 1305 1304 1305
540.054993 1312 1313 1316 1331 1330 1320 1301 1302 1298
540.06897 1302 1314 1317 1335 1332 1326 1302 1300 1302
540.08197 1309 1307 1324 1332 1330 1310 1302 1300 1302
540.096008 1308 1316 1328 1326 1327 1329 1303 1305 1300
540.109009 1304 1315 1316 1325 1320 1318 1311 1304 1304
540.122986 1304 1314 1317 1330 1324 1317 1309 1300 1306
540.135986 1308 1305 1313 1331 1335 1320 1309 1306 1309
540.150024 1307 1315 1322 1339 1332 1322 1315 1298 1300
540.163025 1303 1318 1327 1330 1318 1319 1307 1303 1305
540.176025 1311 1314 1335 1332 1321 1333 1307 1305 1300
540.190002 1306 1315 1329 1336 1324 1319 1311 1299 1297
540.203003 1310 1317 1325 1329 1329 1324 1313 1302 1302
540.21698 1299 1313 1325 1337 1329 1325 1301 1301 1303
540.22998 1308 1308 1325 1333 1340 1319 1310 1297 1312
540.244019 1301 1315 1326 1330 1327 1320 1310 1300 1299
540.257019 1309 1322 1323 1328 1326 1310 1304 1296 1303
540.270996 1305 1307 1324 1329 1331 1321 1303 1297 1307
540.283997 1311 1311 1324 1331 1329 1315 1305 1302 1300
540.297974 1303 1315 1324 1334 1322 1321 1312 1300 1300
540.310974 1305 1314 1319 1332 1322 1329 1321 1296 1307
540.323975 1307 1310 1334 1322 1328 1318 1298 1295 1307
540.338013 1301 1321 1322 1321 1326 1312 1312 1307 1302
540.351013 1305 1304 1329 1337 1331 1323 1307 1295 1303
540.36499 1306 1314 1335 1329 1331 1319 1304 1296 1303
540.377991 1305 1318 1329 1325 1327 1328 1311 1300 1302
540.392029 1313 1315 1316 1338 1331 1327 1309 1308 1304
540.405029 1311 1319 1322 1325 1328 1320 1310 1310 1306
540.419006 1315 1323 1326 1336 1331 1319 1309 1307 1301
540.432007 1319 1331 1323 1335 1326 1326 1315 1313 1308
540.445007 1313 1308 1322 1336 1333 1324 1309 1308 1307
540.458984 1310 1318 1324 1330 1325 1324 1309 1303 1309
540.471985 1319 1317 1326 1338 1335 1324 1310 1308 1306
540.486023 1311 1319 1328 1339 1328 1326 1309 1305 1303
540.499023 1308 1315 1329 1330 1325 1332 1307 1303 1308
540.513 1312 1313 1326 1328 1334 1328 1303 1304 1303
540.526001 1305 1323 1322 1332 1326 1325 1303 1307 1305
540.539978 1316 1316 1329 1331 1331 1320 1312 1301 1300
540.552979 1309 1318 1332 1328 1328 1315 1312 1303 1304
540.565979 1308 1314 1321 1327 1340 1315 1306 1310 1308
540.580017 1306 1322 1329 1334 1329 1322 1307 1304 1301
540.593018 1307 1307 1335 1328 1332 1315 1309 1304 1309
540.606995 1308 1316 1320 1333 1328 1317 1305 1298 1308
540.619995 1304 1316 1332 1332 1328 1319 1300 1304 1312
540.633972 1306 1312 1327 1332 1333 1322 1309 1296 1304
540.646973 1305 1317 1328 1326 1331 1330 1302 1307 1305
540.659973 1303 1322 1326 1335 1326 1321 1317 1297 1301
540.674011 1312 1310 1329 1338 1330 1313 1309 1299 1302
540.687012 1300 1319 1332 1335 1329 1321 1311 1297 1298
540.700989 1304 1321 1324 1331 1318 1319 1315 1301 1303
540.713989 1303 1315 1335 1333 1331 1322 1314 1299 1300
540.728027 1303 1306 1326 1329 1334 1312 1300 1300 1300
540.741028 1304 1312 1329 1336 1335 1324 1313 1299 1297
540.754028 1300 1320 1331 1337 1341 1315 1308 1303 1304
540.768005 1307 1313 1329 1329 1330 1325 1312 1306 1303
540.781006 1307 1312 1328 1333 1324 1327 1305 1300 1308
540.794983 1310 1311 1322 1337 1321 1319 1309 1308 1303
540.807983 1315 1311 1331 1334 1329 1324 1314 1296 1309
540.822021 1306 1312 1328 1333 1323 1323 1306 1294 1301
540.835022 1301 1316 1325 1337 1329 1328 1309 1295 1297
540.848022 1304 1317 1327 1337 1326 1322 1302 1301 1310
540.862 1298 1322 1337 1335 1333 1325 1308 1299 1306
540.875 1297 1309 1331 1337 1331 1323 1311 1300 1302
540.888977 1305 1317 1327 1341 1333 1331 1307 1304 1303
540.901978 1309 1313 1324 1333 1337 1323 1307 1301 1295
540.916016 1305 1315 1327 1334 1339 1331 1307 1295 1313
540.929016 1305 1317 1336 1323 1341 1318 1303 1303 1298
540.942017 1306 1320 1328 1335 1336 1323 1307 1299 1304
540.955994 1302 1320 1329 1345 1323 1314 1309 1300 1314
540.968994 1314 1321 1338 1338 1341 1326 1305 1302 1301
540.982971 1310 1318 1336 1346 1330 1332 1305 1299 1297
540.995972 1309 1315 1340 1338 1341 1324 1301 1302 1297
541.008972 1310 1316 1330 1352 1335 1325 1306 1297 1307
541.02301 1315 1321 1336 1334 1339 1327 1311 1294 1303
541.036011 1302 1309 1324 1331 1350 1329 1312 1302 1300
541.049988 1300 1318 1340 1345 1342 1325 1316 1303 1306
541.062988 1313 1320 1332 1349 1337 1328 1311 1298 1300
541.075989 1308 1315 1340 1355 1325 1327 1311 1306 1306
541.090027 1300 1322 1339 1340 1337 1329 1308 1306 1304
541.103027 1310 1313 1330 1346 1337 1331 1300 1304 1300
541.117004 1311 1323 1331 1338 1345 1321 1304 1303 1304
541.130005 1304 1314 1336 1348 1353 1327 1308 1295 1308
541.143982 1299 1322 1338 1350 1350 1324 1313 1307 1306
541.156982 1305 1311 1329 1349 1351 1320 1313 1302 1303
541.169983 1312 1317 1329 1355 1340 1329 1310 1299 1302
541.184021 1308 1325 1338 1336 1336 1323 1312 1304 1301
541.197021 1316 1317 1339 1342 1334 1340 1311 1306 1297
541.210999 1310 1315 1331 1341 1345 1322 1310 1306 1302
541.223999 1298 1314 1327 1335 1348 1320 1311 1302 1302
541.237 1307 1317 1339 1336 1335 1330 1318 1302 1297
541.250977 1312 1315 1328 1351 1340 1332 1304 1306 1299
541.263977 1304 1317 1337 1341 1333 1323 1310 1298 1302
541.278015 1313 1316 1332 1343 1339 1329 1314 1299 1300
541.291016 1309 1317 1333 1333 1334 1328 1308 1300 1299
541.304016 1304 1316 1326 1335 1334 1325 1304 1305 1305
541.317993 1304 1314 1318 1341 1338 1319 1312 1301 1300
541.330994 1308 1322 1332 1349 1332 1321 1310 1299 1300
541.344971 1306 1318 1329 1335 1332 1323 1310 1300 1304
541.357971 1307 1317 1321 1337 1327 1316 1308 1306 1295
541.370972 1302 1312 1325 1343 1328 1315 1309 1304 1304
541.38501 1306 1311 1319 1333 1330 1315 1304 1304 1304
541.39801 1306 1320 1326 1335 1338 1321 1307 1303 1309
541.411011 1304 1325 1321 1320 1334 1325 1309 1300 1302
541.424988 1300 1321 1326 1335 1331 1319 1311 1302 1303
541.437988 1303 1320 1315 1326 1333 1323 1316 1298 1299
541.452026 1302 1312 1324 1327 1333 1324 1300 1298 1303
541.465027 1313 1319 1331 1352 1334 1318 1309 1300 1309
541.478027 1306 1314 1328 1333 1334 1322 1304 1301 1301
541.492004 1301 1308 1328 1333 1331 1319 1311 1299 1302
541.505005 1304 1314 1333 1335 1329 1313 1308 1307 1306
541.518982 1308 1324 1326 1328 1332 1318 1310 1303 1305
541.531982 1306 1325 1316 1331 1345 1328 1313 1300 1305
541.544983 1304 1322 1331 1344 1335 1331 1309 1306 1309
541.559021 1306 1316 1328 1330 1329 1326 1305 1302 1294
541.572021 1304 1315 1326 1338 1329 1326 1304 1302 1305
541.585999 1308 1306 1321 1330 1322 1324 1301 1301 1296
541.598999 1309 1317 1335 1334 1337 1323 1306 1306 1299
541.612 1306 1312 1332 1333 1336 1322 1308 1301 1300
541.625977 1312 1321 1335 1338 1333 1317 1313 1307 1305
541.638977 1311 1320 1321 1340 1327 1325 1310 1305 1299
541.651978 1304 1314 1322 1330 1332 1326 1303 1306 1303
541.666016 1308 1330 1336 1336 1330 1326 1306 1303 1306
541.679016 1314 1316 1327 1333 1333 1321 1314 1302 1304
541.692993 1312 1310 1331 1332 1338 1324 1310 1303 1301
541.705994 1315 1311 1324 1327 1329 1316 1316 1299 1293
541.718994 1305 1306 1325 1329 1328 1324 1310 1296 1301
541.732971 1309 1318 1325 1336 1336 1318 1306 1301 1300
541.745972 1310 1308 1329 1334 1322 1326 1319 1298 1300
541.758972 1300 1310 1312 1324 1320 1313 1307 1294 1297
541.77301 1311 1322 1326 1334 1324 1312 1306 1300 1314
541.786011 1313 1314 1336 1333 1331 1329 1298 1295 1301
541.799988 1301 1317 1327 1343 1329 1318 1309 1300 1302
541.812988 1304 1314 1331 1324 1332 1321 1310 1302 1308
541.825989 1308 1313 1324 1331 1323 1324 1303 1305 1306
541.840027 1309 1315 1319 1329 1324 1314 1304 1304 1299
541.853027 1309 1309 1327 1333 1334 1320 1306 1306 1302
541.866028 1306 1311 1329 1330 1329 1326 1300 1296 1302
541.880005 1299 1307 1328 1327 1342 1312 1311 1303 1304
541.893005 1306 1318 1324 1322 1324 1317 1308 1297 1304
541.906006 1303 1302 1329 1337 1320 1320 1318 1296 1300
541.919983 1303 1312 1317 1331 1324 1320 1305 1295 1297
541.932983 1311 1310 1328 1325 1337 1329 1310 1302 1302
541.947021 1311 1322 1324 1337 1326 1322 1312 1303 1307
541.960022 1303 1322 1323 1334 1331 1315 1314 1302 1297
541.973022 1308 1310 1325 1336 1338 1311 1304 1300 1299
541.987 1307 1314 1328 1322 1323 1310 1316 1299 1305
542 1307 1313 1329 1320 1332 1314 1307 1307 1305
542.013 1303 1315 1324 1332 1315 1323 1304 1299 1297
542.026978 1309 1314 1312 1323 1323 1322 1308 1295 1303
542.039978 1305 1317 1334 1328 1329 1322 1305 1301 1306
542.052979 1306 1310 1342 1343 1321 1322 1311 1298 1305
542.067017 1309 1316 1327 1323 1328 1315 1307 1308 1301
542.080017 1308 1317 1320 1332 1325 1311 1306 1304 1304
542.093994 1309 1309 1324 1332 1335 1320 1305 1306 1301
542.106995 1299 1318 1318 1339 1331 1315 1303 1301 1297
542.119995 1307 1313 1317 1332 1323 1318 1308 1302 1300
542.133972 1308 1314 1326 1336 1324 1320 1306 1297 1297
542.146973 1305 1315 1330 1319 1319 1321 1311 1299 1303
542.159973 1304 1314 1325 1323 1322 1318 1304 1298 1300
542.174011 1299 1314 1324 1329 1326 1312 1307 1301 1302
542.187012 1310 1316 1320 1335 1315 1320 1312 1297 1304
542.200012 1309 1323 1332 1331 1317 1316 1307 1296 1307
542.213989 1313 1316 1326 1328 1322 1319 1309 1299 1304
542.22699 1311 1324 1325 1338 1329 1319 1310 1306 1303
542.23999 1304 1320 1320 1330 1327 1333 1301 1298 1301
542.254028 1302 1317 1326 1330 1333 1318 1315 1300 1297
542.267029 1313 1314 1323 1335 1336 1322 1300 1299 1307
542.280029 1310 1315 1320 1327 1326 1318 1310 1308 1299
542.294006 1310 1311 1325 1323 1331 1318 1306 1305 1299
542.307007 1304 1310 1344 1338 1325 1315 1306 1296 1296
542.320007 1299 1314 1328 1328 1331 1314 1312 1301 1304
542.333984 1309 1316 1322 1332 1328 1315 1305 1297 1308
542.346985 1304 1317 1333 1331 1331 1321 1307 1304 1300
542.359985 1311 1317 1323 1326 1334 1317 1315 1301 1297
542.374023 1307 1315 1328 1331 1329 1321 1308 1304 1298
542.387024 1304 1316 1333 1335 1327 1325 1302 1304 1303
542.400024 1310 1314 1327 1336 1330 1321 1313 1298 1297
542.414001 1311 1317 1322 1330 1328 1321 1304 1301 1301
542.427002 1305 1316 1324 1336 1332 1312 1308 1306 1302
542.440002 1302 1319 1322 1326 1326 1323 1310 1306 1300
542.453979 1312 1314 1326 1326 1336 1316 1304 1297 1302
542.46698 1311 1318 1326 1323 1338 1325 1310 1303 1305
542.47998 1313 1315 1327 1341 1328 1318 1308 1303 1298
542.494019 1310 1316 1326 1330 1325 1318 1310 1309 1307
542.507019 1306 1318 1336 1332 1336 1315 1313 1295 1305
542.52002 1316 1313 1323 1341 1322 1320 1305 1298 1306
542.533997 1306 1314 1327 1330 1330 1327 1302 1302 1305
542.546997 1306 1314 1319 1330 1335 1325 1313 1307 1303
542.559998 1295 1313 1334 1334 1326 1319 1312 1302 1304
542.573975 1307 1322 1320 1329 1333 1333 1318 1300 1299
542.586975 1305 1320 1328 1344 1323 1320 1309 1295 1302
542.599976 1312 1321 1332 1327 1330 1325 1311 1305 1307
542.614014 1305 1322 1340 1341 1332 1321 1305 1298 1298
542.627014 1310 1319 1323 1336 1329 1309 1304 1307 1307
542.640015 1313 1308 1326 1330 1320 1327 1306 1293 1306
542.653992 1300 1313 1321 1322 1338 1323 1303 1296 1307
542.666992 1310 1314 1326 1339 1336 1319 1307 1300 1307
542.679993 1305 1313 1328 1335 1329 1330 1306 1296 1294
542.69397 1303 1322 1321 1345 1341 1328 1304 1296 1299
542.70697 1313 1318 1333 1330 1333 1324 1315 1298 1303
542.719971 1307 1315 1329 1339 1330 1328 1309 1301 1301
542.734009 1307 1324 1328 1328 1339 1321 1305 1299 1303
542.747009 1298 1310 1322 1332 1333 1323 1309 1302 1302
542.76001 1308 1316 1328 1337 1327 1322 1314 1302 1306
542.773987 1304 1326 1332 1320 1328 1322 1310 1306 1301
542.786987 1311 1313 1325 1327 1329 1317 1310 1297 1303
542.799988 1310 1317 1325 1332 1330 1322 1308 1303 1308
542.812988 1305 1304 1326 1333 1335 1325 1304 1298 1299
542.827026 1303 1317 1327 1323 1336 1321 1315 1306 1302
542.840027 1307 1321 1323 1327 1333 1322 1306 1297 1293
542.853027 1316 1320 1326 1323 1331 1319 1305 1297 1305
542.867004 1299 1326 1327 1325 1330 1322 1308 1302 1303
542.880005 1304 1312 1327 1330 1333 1325 1313 1298 1298
542.893005 1306 1319 1325 1329 1326 1323 1310 1296 1316
542.906982 1312 1316 1340 1320 1332 1322 1309 1297 1302
542.919983 1309 1318 1326 1329 1323 1315 1309 1305 1306
542.932983 1312 1313 1322 1325 1323 1309 1303 1299 1294
542.947021 1306 1312 1325 1339 1325 1324 1307 1310 1303
542.960022 1304 1319 1331 1336 1331 1328 1314 1296 1302
542.973022 1307 1315 1324 1329 1333 1319 1316 1306 1302
542.987 1310 1307 1321 1333 1325 1319 1308 1303 1312
543 1312 1322 1335 1329 1336 1315 1303 1298 1301
543.013 1308 1314 1328 1334 1334 1321 1310 1295 1294
543.026001 1308 1318 1324 1337 1333 1316 1298 1303 1298
543.039978 1305 1311 1328 1336 1337 1324 1312 1298 1299
543.052979 1303 1316 1320 1334 1333 1314 1300 1304 1301
543.065979 1308 1318 1321 1332 1327 1324 1308 1303 1305
543.080017 1305 1315 1335 1340 1329 1317 1312 1302 1299
543.093018 1302 1315 1333 1339 1338 1323 1311 1303 1306
543.106018 1307 1315 1333 1331 1338 1323 1302 1297 1303
543.119995 1310 1320 1331 1335 1329 1316 1307 1312 1297
543.132996 1309 1317 1336 1338 1337 1324 1303 1307 1301
543.145996 1312 1324 1335 1342 1344 1326 1318 1303 1304
543.158997 1313 1318 1332 1348 1338 1333 1301 1296 1309
543.172974 1311 1322 1344 1346 1340 1330 1312 1300 1318
543.185974 1312 1314 1332 1341 1340 1324 1311 1295 1304
543.198975 1312 1326 1338 1348 1348 1330 1314 1308 1300
543.213013 1314 1321 1338 1351 1344 1330 1321 1310 1307
543.226013 1310 1331 1329 1349 1343 1327 1321 1303 1304
543.239014 1316 1321 1339 1350 1341 1336 1318 1302 1311
543.252014 1310 1320 1347 1353 1350 1326 1310 1305 1308
543.265991 1311 1323 1343 1349 1348 1316 1307 1307 1308
543.278992 1315 1324 1328 1341 1351 1337 1316 1298 1309
543.291992 1319 1328 1337 1349 1347 1323 1310 1310 1302
543.30603 1307 1321 1341 1352 1350 1334 1308 1303 1309
543.31897 1315 1325 1337 1339 1339 1331 1321 1304 1308
543.33197 1307 1328 1341 1356 1353 1335 1318 1302 1301
543.344971 1312 1322 1345 1346 1346 1335 1308 1297 1305
543.359009 1315 1331 1336 1354 1353 1331 1313 1302 1304
543.372009 1313 1311 1346 1341 1354 1329 1306 1299 1300
543.38501 1308 1316 1340 1352 1341 1327 1309 1303 1304
543.398987 1307 1324 1340 1351 1354 1331 1307 1307 1299
543.411987 1310 1318 1340 1348 1344 1342 1313 1298 1302
543.424988 1312 1323 1343 1348 1346 1329 1315 1303 1307
543.437988 1307 1326 1336 1353 1355 1333 1311 1304 1304
543.452026 1311 1328 1356 1362 1357 1340 1310 1294 1309
543.465027 1310 1331 1357 1362 1362 1342 1316 1306 1312
543.478027 1319 1331 1359 1373 1366 1344 1312 1306 1307
543.491028 1323 1338 1364 1376 1394 1360 1318 1295 1305
543.505005 1311 1344 1374 1397 1380 1366 1321 1310 1303
543.518005 1308 1344 1403 1411 1408 1373 1327 1308 1315
543.531006 1316 1362 1405 1440 1430 1381 1324 1309 1312
543.544983 1319 1359 1419 1443 1434 1386 1341 1300 1317
543.557983 1327 1361 1419 1452 1436 1392 1341 1308 1320
543.570984 1322 1368 1420 1442 1436 1387 1341 1302 1309
543.583984 1326 1367 1399 1429 1419 1387 1338 1304 1320
543.598022 1322 1352 1389 1425 1412 1372 1338 1307 1316
543.611023 1317 1348 1390 1410 1398 1370 1321 1302 1311
543.624023 1316 1332 1377 1393 1373 1359 1324 1303 1302
543.637024 1316 1335 1369 1374 1370 1347 1325 1300 1314
543.651001 1310 1332 1355 1370 1363 1338 1323 1307 1303
543.664001 1314 1330 1342 1357 1357 1334 1317 1301 1304
543.677002 1313 1325 1351 1354 1357 1329 1314 1298 1303
543.690002 1307 1327 1337 1353 1344 1325 1306 1298 1309
543.703979 1312 1323 1334 1346 1347 1331 1311 1306 1310
543.71698 1309 1321 1334 1350 1336 1327 1311 1306 1304
543.72998 1307 1314 1342 1345 1333 1321 1307 1299 1306
543.744019 1304 1320 1335 1337 1333 1325 1315 1309 1300
543.757019 1304 1323 1338 1336 1343 1321 1307 1298 1294
543.77002 1306 1315 1324 1337 1334 1325 1314 1298 1298
543.78302 1307 1324 1330 1334 1335 1318 1310 1296 1297
543.796997 1314 1309 1328 1333 1332 1321 1302 1299 1307
543.809998 1309 1319 1335 1342 1333 1324 1320 1299 1306
543.822998 1309 1321 1334 1341 1332 1319 1308 1301 1303
543.835999 1311 1312 1321 1337 1340 1322 1302 1300 1303
543.849976 1300 1309 1327 1334 1333 1323 1300 1301 1300
543.862976 1309 1309 1336 1341 1327 1316 1307 1290 1296
543.875977 1303 1319 1332 1346 1334 1316 1310 1300 1295
543.888977 1305 1313 1324 1339 1332 1319 1309 1299 1298
543.903015 1304 1314 1326 1345 1338 1326 1309 1295 1306
543.916016 1306 1317 1327 1339 1322 1314 1318 1299 1310
543.929016 1308 1319 1328 1329 1336 1321 1306 1297 1310
543.942017 1308 1321 1328 1336 1335 1315 1305 1294 1307
543.955994 1302 1318 1325 1339 1331 1318 1302 1300 1295
543.968994 1302 1318 1331 1334 1337 1323 1320 1295 1295
543.981995 1308 1329 1334 1323 1330 1314 1305 1303 1298
543.994995 1311 1315 1328 1324 1335 1324 1308 1298 1300
544.008972 1308 1317 1336 1330 1328 1313 1310 1303 1294
544.021973 1305 1310 1325 1335 1336 1326 1303 1306 1302
544.034973 1302 1317 1327 1336 1334 1321 1305 1298 1303
544.047974 1310 1317 1323 1338 1334 1310 1307 1302 1297
544.062012 1306 1321 1320 1330 1331 1322 1307 1295 1296
544.075012 1300 1315 1321 1329 1334 1320 1305 1300 1291
544.088013 1300 1323 1331 1331 1322 1318 1311 1302 1302
544.101013 1311 1319 1331 1332 1333 1324 1303 1298 1303
544.11499 1306 1323 1334 1336 1339 1320 1302 1300 1303
544.127991 1312 1309 1324 1340 1341 1321 1305 1290 1298
544.140991 1302 1307 1333 1348 1326 1316 1302 1301 1304
544.153992 1304 1320 1329 1330 1326 1324 1307 1297 1295
544.166992 1302 1317 1322 1334 1322 1317 1306 1297 1303
544.18103 1306 1313 1325 1343 1329 1324 1306 1307 1299
544.19397 1304 1315 1336 1331 1329 1320 1307 1300 1298
544.20697 1309 1313 1326 1334 1336 1325 1305 1298 1298
544.219971 1304 1311 1329 1327 1329 1331 1315 1303 1299
544.234009 1300 1316 1327 1335 1326 1320 1311 1293 1306
544.247009 1302 1314 1326 1332 1334 1316 1312 1301 1296
544.26001 1305 1312 1322 1336 1332 1323 1311 1298 1302
544.27301 1305 1311 1331 1340 1326 1318 1312 1297 1305
544.286987 1308 1314 1334 1329 1330 1319 1307 1298 1298
544.299988 1303 1314 1324 1332 1332 1318 1313 1301 1297
544.312988 1309 1319 1329 1337 1331 1318 1306 1303 1298
544.325989 1305 1319 1323 1337 1328 1324 1305 1294 1304
544.338989 1311 1314 1333 1335 1330 1320 1310 1304 1303
544.353027 1303 1324 1331 1329 1331 1319 1312 1295 1303
544.366028 1304 1316 1320 1341 1327 1325 1297 1289 1298
544.379028 1312 1315 1328 1338 1325 1317 1307 1297 1295
544.392029 1310 1311 1338 1331 1327 1320 1307 1295 1304
544.406006 1305 1314 1325 1332 1331 1319 1306 1298 1294
544.419006 1308 1316 1328 1337 1336 1320 1312 1296 1301
544.432007 1303 1321 1330 1337 1333 1313 1308 1301 1293
544.445007 1303 1321 1338 1324 1326 1324 1307 1299 1295
544.458008 1314 1314 1331 1339 1332 1317 1311 1292 1298
544.471985 1310 1305 1322 1339 1338 1322 1308 1301 1301
544.484985 1306 1311 1326 1335 1329 1313 1310 1292 1295
544.497986 1302 1309 1327 1345 1327 1319 1308 1292 1304
544.510986 1305 1321 1325 1336 1326 1321 1302 1301 1301
544.525024 1307 1316 1327 1328 1328 1310 1307 1307 1305
544.538025 1310 1317 1324 1332 1331 1327 1313 1295 1301
544.551025 1305 1320 1320 1323 1333 1317 1305 1299 1298
544.564026 1311 1321 1321 1346 1326 1316 1309 1297 1304
544.577026 1307 1316 1320 1345 1330 1314 1308 1294 1303
544.591003 1308 1317 1331 1330 1341 1325 1302 1292 1298
544.604004 1310 1313 1326 1342 1334 1322 1311 1300 1298
544.617004 1307 1318 1333 1341 1333 1318 1303 1302 1301
544.630005 1302 1315 1324 1344 1338 1322 1308 1307 1298
544.643005 1308 1321 1328 1350 1330 1322 1312 1301 1298
544.656982 1310 1313 1323 1337 1330 1319 1309 1298 1302
544.669983 1308 1310 1322 1338 1335 1310 1307 1300 1299
544.682983 1304 1315 1327 1339 1332 1325 1310 1299 1297
544.695984 1307 1318 1329 1336 1330 1322 1310 1302 1299
544.710022 1312 1319 1323 1326 1337 1324 1314 1297 1303
544.723022 1306 1311 1326 1338 1330 1332 1300 1305 1298
544.736023 1307 1319 1325 1326 1321 1318 1310 1296 1299
544.749023 1298 1316 1339 1326 1329 1319 1307 1302 1303
544.762024 1309 1310 1330 1334 1323 1325 1308 1296 1307
544.776001 1306 1320 1330 1346 1334 1317 1303 1299 1301
544.789001 1303 1320 1329 1346 1341 1321 1301 1302 1298
544.802002 1300 1318 1324 1336 1331 1318 1301 1298 1304
544.815002 1305 1312 1319 1329 1335 1323 1310 1305 1299
544.828003 1309 1314 1322 1330 1340 1324 1307 1302 1302
544.84198 1306 1323 1333 1332 1340 1317 1307 1305 1303
544.85498 1306 1322 1339 1323 1328 1315 1310 1304 1296
544.867981 1315 1319 1327 1342 1334 1316 1302 1294 1301
544.880981 1306 1317 1338 1332 1338 1320 1313 1297 1305
544.893982 1306 1326 1339 1326 1331 1314 1316 1304 1303
544.90802 1308 1318 1333 1341 1340 1333 1305 1298 1297
544.921021 1307 1329 1333 1333 1339 1325 1309 1298 1303
544.934021 1308 1317 1330 1331 1339 1313 1298 1296 1294
544.947021 1320 1319 1327 1342 1330 1325 1312 1303 1297
544.960022 1306 1315 1336 1329 1335 1321 1300 1296 1306
544.973022 1311 1318 1333 1346 1340 1323 1310 1303 1298
544.987 1310 1324 1325 1335 1325 1320 1315 1300 1299
545 1308 1324 1326 1337 1335 1324 1303 1305 1303
545.013 1301 1314 1334 1339 1331 1323 1309 1298 1307
545.026001 1309 1327 1336 1340 1326 1318 1310 1295 1301
545.039001 1305 1312 1331 1326 1328 1332 1304 1301 1303
545.052979 1310 1326 1341 1341 1341 1317 1308 1291 1302
545.065979 1312 1316 1325 1338 1328 1328 1309 1297 1307
545.078979 1300 1321 1341 1330 1331 1328 1311 1304 1299
545.09198 1302 1322 1335 1342 1334 1317 1310 1295 1301
545.10498 1311 1321 1336 1341 1332 1324 1300 1300 1296
545.117981 1308 1314 1331 1336 1340 1320 1310 1302 1297
545.132019 1315 1318 1332 1335 1337 1318 1301 1288 1304
545.14502 1311 1311 1332 1339 1327 1319 1313 1297 1307
545.15802 1307 1316 1335 1340 1344 1335 1305 1299 1299
545.171021 1301 1321 1337 1347 1335 1323 1316 1302 1302
545.184021 1311 1323 1328 1343 1336 1318 1312 1306 1295
545.197998 1308 1321 1332 1336 1344 1325 1299 1295 1300
545.210999 1302 1313 1335 1345 1344 1325 1311 1300 1300
545.223999 1305 1315 1333 1337 1339 1324 1304 1292 1305
545.237 1307 1312 1331 1336 1337 1322 1311 1297 1299
545.25 1305 1316 1333 1351 1339 1322 1303 1298 1301
545.263 1302 1319 1338 1335 1335 1320 1309 1305 1298
545.276978 1306 1321 1329 1348 1340 1331 1308 1292 1298
545.289978 1302 1310 1328 1339 1344 1316 1314 1295 1302
545.302979 1309 1307 1334 1342 1331 1320 1308 1294 1302
545.315979 1303 1319 1336 1351 1340 1322 1301 1298 1299
545.328979 1300 1319 1330 1350 1349 1322 1313 1299 1308
545.34198 1305 1313 1327 1345 1346 1316 1306 1300 1298
545.356018 1304 1314 1327 1339 1342 1318 1311 1297 1304
545.369019 1300 1315 1334 1332 1335 1322 1309 1302 1311
545.382019 1299 1309 1328 1329 1332 1316 1307 1301 1307
545.39502 1306 1319 1338 1344 1334 1319 1300 1299 1301
545.40802 1310 1320 1322 1337 1329 1323 1307 1292 1298
545.421021 1304 1311 1327 1338 1330 1323 1311 1295 1294
545.434998 1303 1315 1325 1332 1333 1326 1310 1295 1298
545.447998 1301 1320 1326 1326 1332 1323 1305 1296 1303
545.460999 1303 1315 1327 1337 1335 1314 1302 1294 1304
545.473999 1305 1307 1332 1322 1328 1318 1302 1300 1298
545.487 1304 1316 1322 1346 1322 1324 1302 1298 1294
545.5 1303 1316 1321 1335 1325 1318 1307 1296 1299
545.513977 1304 1309 1328 1326 1324 1314 1302 1298 1294
545.526978 1305 1313 1325 1334 1331 1317 1307 1290 1298
545.539978 1300 1322 1326 1320 1335 1315 1301 1299 1300
545.552979 1306 1303 1328 1329 1327 1313 1303 1293 1296
545.565979 1300 1311 1319 1319 1321 1312 1308 1300 1302
545.578979 1305 1314 1325 1336 1325 1317 1303 1295 1295
545.593018 1306 1313 1322 1324 1329 1319 1300 1300 1301
545.606018 1306 1310 1313 1336 1319 1319 1298 1294 1303
545.619019 1315 1314 1314 1324 1322 1313 1292 1292 1298
545.632019 1301 1316 1324 1322 1330 1315 1302 1297 1295
545.64502 1306 1314 1319 1323 1318 1311 1299 1296 1303
545.65802 1297 1312 1317 1319 1324 1316 1300 1297 1294
545.671021 1299 1310 1321 1326 1321 1312 1302 1292 1293
545.684998 1301 1313 1318 1326 1317 1318 1306 1298 1294
545.697998 1299 1315 1312 1317 1321 1313 1309 1292 1296
545.710999 1305 1316 1316 1325 1313 1314 1300 1295 1298
545.723999 1302 1303 1314 1323 1324 1316 1303 1296 1298
545.737 1300 1313 1321 1319 1326 1316 1304 1294 1291
545.75 1302 1307 1313 1316 1326 1313 1302 1298 1291
545.763 1300 1316 1319 1318 1319 1311 1304 1293 1295
545.776978 1297 1305 1313 1321 1324 1309 1294 1294 1291
545.789978 1297 1311 1310 1322 1324 1308 1306 1295 1298
545.802979 1299 1306 1319 1323 1323 1312 1301 1297 1303
545.815979 1302 1308 1318 1328 1323 1314 1301 1302 1295
545.828979 1308 1312 1316 1311 1320 1317 1300 1296 1298
545.84198 1301 1314 1315 1319 1321 1306 1302 1294 1287
545.85498 1310 1308 1310 1324 1321 1311 1300 1293 1295
545.869019 1306 1312 1310 1320 1316 1309 1301 1293 1294
545.882019 1307 1314 1319 1327 1316 1319 1304 1289 1297
545.89502 1301 1305 1318 1318 1310 1307 1295 1291 1297
545.90802 1302 1309 1324 1320 1319 1310 1301 1294 1298
545.921021 1299 1310 1314 1319 1317 1310 1308 1289 1298
545.934021 1299 1305 1318 1323 1324 1311 1300 1296 1293
545.947021 1306 1316 1313 1322 1308 1310 1303 1291 1302
545.960022 1303 1307 1318 1325 1318 1308 1297 1297 1298
545.973999 1304 1307 1320 1323 1318 1313 1309 1300 1299
545.987 1303 1316 1322 1323 1321 1306 1306 1302 1297
546 1303 1313 1315 1323 1320 1305 1301 1297 1302
546.013 1303 1311 1315 1321 1315 1313 1302 1294 1294
546.026001 1308 1308 1307 1327 1319 1307 1300 1298 1297
546.039001 1309 1308 1321 1324 1312 1317 1301 1299 1294
546.052002 1302 1306 1313 1316 1317 1313 1303 1297 1299
546.065002 1306 1309 1314 1317 1307 1314 1301 1296 1302
546.078979 1299 1309 1319 1315 1326 1303 1300 1304 1301
546.09198 1300 1306 1322 1318 1324 1315 1298 1290 1296
546.10498 1301 1312 1311 1321 1321 1312 1317 1295 1293
546.117981 1305 1314 1313 1313 1315 1316 1306 1297 1292
546.130981 1297 1310 1308 1315 1316 1300 1297 1299 1298
546.143982 1304 1301 1313 1325 1318 1304 1299 1299 1298
546.156982 1303 1307 1309 1318 1320 1301 1302 1301 1299
546.169983 1308 1301 1309 1321 1313 1308 1295 1293 1301
546.184021 1302 1312 1315 1319 1316 1310 1305 1298 1310
546.197021 1306 1303 1315 1325 1315 1301 1296 1295 1305
546.210022 1298 1306 1313 1321 1321 1303 1300 1296 1301
546.223022 1307 1313 1317 1317 1315 1315 1299 1300 1296
546.236023 1308 1308 1316 1316 1318 1320 1297 1297 1296
546.249023 1305 1303 1313 1321 1311 1311 1304 1302 1288
546.262024 1302 1315 1318 1316 1311 1304 1300 1293 1307
546.275024 1302 1303 1317 1324 1316 1309 1298 1300 1300
546.289001 1304 1307 1319 1312 1318 1314 1300 1298 1295
546.302002 1300 1305 1313 1320 1317 1303 1303 1304 1295
546.315002 1299 1312 1311 1316 1310 1310 1300 1301 1293
546.328003 1304 1314 1313 1328 1315 1303 1306 1298 1303
546.341003 1301 1313 1312 1321 1319 1315 1299 1301 1299
546.354004 1303 1306 1313 1313 1323 1313 1303 1297 1299
546.367004 1300 1308 1318 1321 1317 1307 1303 1294 1298
546.380005 1305 1303 1311 1314 1325 1311 1300 1301 1300
546.393005 1304 1314 1308 1322 1316 1313 1297 1294 1295
546.406006 1307 1312 1319 1319 1320 1307 1298 1300 1294
546.419983 1310 1313 1314 1315 1315 1310 1306 1299 1295
546.432983 1306 1307 1312 1321 1313 1317 1300 1296 1308
546.445984 1299 1305 1312 1317 1321 1310 1301 1296 1298
546.458984 1305 1310 1322 1318 1326 1315 1298 1297 1301
546.471985 1296 1304 1315 1314 1314 1314 1304 1300 1300
546.484985 1300 1310 1319 1313 1317 1315 1305 1300 1294
546.497986 1299 1305 1314 1318 1314 1305 1299 1306 1298
546.510986 1303 1311 1311 1308 1316 1306 1297 1293 1297
546.523987 1302 1310 1313 1308 1312 1314 1308 1303 1304
546.536987 1300 1299 1311 1321 1310 1312 1293 1300 1300
546.551025 1298 1311 1314 1309 1314 1309 1309 1294 1293
546.564026 1298 1308 1316 1326 1312 1310 1295 1300 1297
546.577026 1298 1297 1319 1323 1314 1309 1301 1302 1296
546.590027 1300 1312 1314 1320 1315 1312 1298 1297 1303
546.603027 1301 1303 1310 1321 1314 1313 1305 1293 1296
546.616028 1302 1308 1320 1315 1321 1317 1304 1297 1300
546.629028 1303 1301 1310 1317 1317 1304 1303 1298 1295
546.642029 1301 1304 1322 1328 1332 1311 1296 1300 1301
546.655029 1302 1308 1314 1321 1309 1311 1301 1297 1300
546.66803 1312 1309 1313 1327 1322 1306 1303 1293 1302
546.682007 1310 1313 1311 1321 1307 1301 1302 1305 1302
546.695007 1306 1314 1316 1316 1306 1311 1309 1301 1304
546.708008 1304 1307 1315 1313 1323 1308 1301 1306 1300
546.721008 1301 1304 1312 1315 1314 1299 1305 1296 1299
546.734009 1306 1307 1317 1321 1315 1307 1300 1295 1296
546.747009 1309 1301 1313 1314 1306 1306 1305 1305 1298
546.76001 1309 1311 1306 1310 1306 1309 1300 1298 1296
546.77301 1306 1305 1307 1314 1310 1308 1296 1294 1295
546.786011 1305 1302 1314 1315 1311 1310 1301 1304 1301
546.799011 1313 1307 1313 1319 1310 1305 1309 1303 1311
546.812012 1299 1306 1319 1320 1319 1301 1305 1299 1296
546.825012 1303 1309 1313 1318 1306 1310 1306 1301 1307
546.838989 1312 1309 1315 1310 1314 1308 1294 1303 1302
546.85199 1301 1302 1319 1311 1306 1307 1305 1306 1299
546.86499 1300 1312 1312 1311 1320 1311 1303 1303 1306
546.877991 1297 1306 1319 1319 1308 1308 1305 1304 1298
546.890991 1306 1306 1309 1309 1306 1306 1306 1301 1299
546.903992 1306 1303 1313 1320 1314 1308 1305 1307 1307
546.916992 1305 1305 1311 1316 1323 1312 1308 1304 1297
546.929993 1304 1311 1310 1316 1318 1307 1305 1305 1306
546.942993 1309 1315 1310 1317 1314 1315 1303 1305 1305
546.955994 1309 1310 1305 1315 1309 1312 1310 1307 1311
546.968994 1303 1309 1315 1310 1307 1312 1305 1300 1306
546.981995 1307 1307 1312 1311 1311 1306 1309 1299 1298
546.994995 1307 1312 1310 1316 1318 1301 1302 1310 1302
547.007996 1310 1313 1317 1313 1304 1322 1299 1306 1300
547.020996 1312 1309 1310 1313 1304 1308 1305 1306 1306
547.034973 1318 1309 1306 1318 1315 1307 1310 1305 1302
547.047974 1303 1317 1311 1315 1307 1307 1311 1313 1312
547.060974 1311 1321 1315 1312 1312 1311 1305 1311 1311
547.073975 1318 1319 1323 1313 1306 1307 1321 1311 1317
547.086975 1318 1316 1308 1308 1317 1311 1313 1318 1320
547.099976 1313 1316 1312 1303 1316 1304 1311 1313 1318
547.112976 1309 1317 1317 1316 1307 1315 1316 1306 1318
547.125977 1323 1309 1312 1308 1312 1320 1319 1320 1326
547.138977 1326 1329 1319 1311 1312 1316 1320 1334 1318
547.151978 1326 1329 1312 1313 1316 1319 1323 1337 1324
547.164978 1332 1324 1322 1311 1314 1331 1330 1334 1342
547.177979 1339 1330 1330 1315 1318 1328 1338 1345 1339
547.190979 1346 1319 1316 1319 1321 1328 1339 1362 1354
547.203979 1345 1336 1328 1305 1308 1328 1338 1368 1361
547.21698 1349 1342 1329 1316 1313 1332 1349 1364 1353
547.22998 1345 1330 1322 1320 1315 1332 1352 1371 1357
547.244019 1356 1338 1319 1313 1316 1328 1356 1366 1364
547.257019 1347 1338 1322 1307 1312 1336 1348 1359 1353
547.27002 1353 1334 1320 1315 1325 1338 1351 1360 1345
547.28302 1338 1334 1317 1307 1315 1336 1344 1342 1339
547.296021 1343 1333 1317 1314 1312 1324 1359 1344 1344
547.309021 1345 1326 1315 1309 1310 1324 1348 1352 1348
547.322021 1341 1329 1317 1312 1316 1332 1346 1346 1348
547.335022 1343 1334 1318 1304 1314 1326 1336 1364 1348
547.348022 1346 1338 1321 1315 1317 1334 1343 1352 1358
547.361023 1350 1333 1316 1309 1315 1329 1344 1353 1346
547.374023 1340 1333 1321 1308 1315 1341 1345 1354 1350
547.387024 1355 1343 1316 1315 1316 1327 1355 1353 1363
547.400024 1370 1338 1331 1312 1314 1329 1352 1387 1353
547.413025 1362 1342 1331 1318 1313 1339 1366 1363 1369
547.426025 1365 1345 1329 1313 1314 1355 1361 1372 1374
547.439026 1369 1350 1328 1310 1313 1344 1374 1384 1388
547.452026 1387 1370 1344 1308 1317 1349 1371 1400 1405
547.465027 1385 1374 1329 1307 1318 1350 1386 1408 1403
547.478027 1406 1371 1333 1312 1317 1355 1408 1420 1409
547.491028 1422 1372 1341 1311 1312 1367 1412 1441 1426
547.504028 1428 1402 1339 1314 1324 1369 1435 1460 1451
547.518005 1424 1399 1341 1311 1323 1380 1441 1484 1467
547.531006 1458 1417 1355 1310 1332 1391 1448 1494 1485
547.544006 1501 1435 1367 1317 1328 1403 1494 1528 1527
547.557007 1527 1447 1369 1312 1333 1418 1525 1577 1554
547.570007 1564 1483 1379 1314 1343 1438 1558 1634 1595
547.583008 1607 1519 1384 1308 1346 1449 1602 1691 1650
547.596008 1674 1559 1397 1321 1355 1500 1672 1770 1727
547.609009 1745 1618 1426 1325 1350 1531 1745 1857 1805
547.622009 1864 1671 1459 1315 1371 1591 1861 2011 1959
547.63501 1984 1763 1504 1330 1404 1651 1962 2179 2095
547.64801 2200 1900 1543 1325 1419 1738 2167 2401 2316
547.661011 2420 2026 1602 1347 1445 1868 2347 2704 2594
547.674011 2701 2278 1698 1341 1473 2037 2715 3048 2964
547.687012 3004 2487 1769 1362 1505 2230 3035 3491 3363
547.700012 3384 2735 1856 1363 1560 2377 3469 4057 3844
547.713013 3719 2896 1995 1372 1608 2572 3779 4432 4235
547.726013 3960 3115 2042 1393 1620 2724 4053 4852 4597
547.739014 4095 3216 2097 1381 1644 2833 4256 5073 4791
547.752014 4167 3263 2089 1387 1679 2823 4220 5065 4708
547.765015 3908 3127 2044 1375 1629 2753 4005 4730 4563
547.778015 3543 2891 1942 1363 1592 2513 3593 4324 4062
547.791016 3141 2581 1813 1358 1522 2296 3199 3769 3578
547.804016 2768 2335 1728 1342 1478 2084 2829 3248 3089
547.817017 2457 2102 1628 1335 1458 1913 2500 2830 2707
547.830017 2219 1956 1573 1324 1413 1794 2221 2570 2447
547.843018 2077 1830 1537 1324 1399 1704 2082 2341 2204
547.856018 1935 1723 1490 1326 1381 1632 1939 2155 2075
547.869019 1808 1679 1448 1319 1363 1576 1837 2007 1944
547.882019 1749 1605 1434 1320 1353 1544 1788 1880 1829
547.89502 1685 1557 1423 1323 1347 1511 1721 1813 1765
547.90802 1628 1548 1408 1323 1340 1470 1622 1754 1718
547.921021 1586 1510 1400 1314 1330 1465 1599 1703 1652
547.934021 1566 1470 1388 1316 1340 1446 1579 1638 1651
547.947021 1535 1467 1379 1312 1340 1434 1550 1600 1572
547.960022 1507 1444 1376 1308 1341 1421 1542 1574 1570
547.973022 1490 1431 1358 1313 1338 1407 1511 1553 1536
547.986023 1477 1422 1345 1311 1332 1399 1476 1507 1505
547.999023 1463 1416 1347 1312 1320 1371 1466 1515 1490
548.012024 1457 1396 1352 1314 1323 1381 1448 1490 1482
548.025024 1436 1397 1335 1313 1322 1378 1429 1474 1478
548.038025 1417 1402 1347 1303 1322 1363 1422 1466 1449
548.051025 1408 1396 1340 1310 1320 1368 1419 1455 1438
548.064026 1421 1381 1334 1315 1314 1359 1418 1439 1430
548.077026 1412 1380 1339 1311 1313 1358 1402 1434 1423
548.090027 1402 1375 1336 1308 1318 1361 1389 1432 1419
548.103027 1384 1374 1336 1309 1312 1341 1392 1421 1416
548.116028 1380 1363 1333 1313 1322 1341 1385 1412 1394
548.129028 1371 1365 1314 1311 1317 1352 1381 1397 1399
548.142029 1381 1354 1321 1318 1316 1333 1379 1399 1393
548.155029 1371 1348 1322 1304 1313 1341 1357 1395 1383
548.16803 1370 1346 1318 1310 1310 1341 1359 1387 1371
548.18103 1374 1343 1328 1310 1311 1332 1365 1383 1376
548.19397 1355 1347 1315 1306 1304 1344 1366 1387 1375
548.20697 1358 1342 1319 1303 1318 1338 1356 1369 1374
548.219971 1352 1343 1323 1303 1309 1330 1365 1376 1357
548.232971 1354 1344 1319 1306 1320 1330 1352 1371 1370
548.245972 1348 1336 1313 1308 1317 1331 1348 1357 1368
548.258972 1351 1342 1315 1310 1311 1334 1351 1360 1358
548.271973 1350 1330 1312 1306 1306 1332 1345 1349 1356
548.284973 1338 1329 1314 1304 1311 1328 1338 1355 1354
548.297974 1347 1329 1318 1304 1301 1332 1343 1349 1345
548.310974 1328 1336 1319 1314 1310 1321 1341 1350 1347
548.323975 1334 1335 1322 1304 1319 1330 1336 1347 1346
548.336975 1329 1331 1320 1308 1310 1323 1338 1348 1342
548.349976 1341 1324 1316 1309 1301 1321 1340 1347 1342
548.362976 1337 1323 1311 1309 1309 1326 1340 1347 1343
548.375977 1336 1326 1312 1313 1309 1314 1332 1345 1333
548.388977 1336 1330 1320 1313 1303 1315 1334 1334 1351
548.401978 1332 1331 1311 1305 1316 1317 1335 1335 1339
548.414978 1324 1322 1316 1308 1307 1321 1317 1344 1334
548.427979 1331 1322 1317 1312 1318 1322 1335 1339 1334
548.440979 1341 1325 1314 1316 1308 1325 1330 1340 1326
548.453979 1325 1319 1317 1306 1307 1315 1325 1339 1331
548.46698 1324 1319 1306 1308 1306 1321 1322 1337 1328
548.47998 1325 1318 1311 1313 1309 1313 1323 1323 1326
548.492981 1320 1319 1315 1311 1311 1320 1321 1328 1341
548.505981 1312 1318 1313 1306 1304 1315 1318 1328 1324
548.518982 1327 1325 1309 1315 1313 1310 1330 1330 1330
548.531982 1325 1318 1314 1308 1320 1312 1325 1328 1326
548.544983 1330 1324 1312 1312 1312 1312 1333 1326 1326
548.557983 1324 1313 1305 1313 1306 1315 1323 1326 1330
548.570984 1325 1328 1312 1305 1302 1307 1318 1321 1329
548.583984 1309 1318 1302 1312 1307 1315 1312 1323 1321
548.596985 1326 1319 1317 1304 1312 1311 1321 1325 1314
548.609985 1316 1325 1312 1309 1315 1313 1324 1316 1316
548.622986 1324 1313 1309 1309 1317 1319 1320 1324 1319
548.635986 1330 1314 1317 1310 1311 1311 1314 1322 1315
548.648987 1320 1313 1311 1299 1300 1315 1320 1325 1318
548.661987 1307 1320 1311 1306 1311 1316 1316 1314 1315
548.674988 1311 1313 1313 1311 1311 1300 1311 1323 1319
548.687988 1321 1314 1316 1311 1309 1314 1321 1315 1316
548.700989 1309 1313 1319 1315 1308 1315 1322 1309 1317
548.713989 1317 1316 1308 1302 1309 1318 1319 1316 1320
548.72699 1314 1310 1315 1312 1311 1316 1320 1322 1312
548.739014 1318 1318 1311 1312 1307 1316 1311 1323 1315
