0 11.25 22.5 33.75 45 56.25 67.5 78.75 90
535.080017 1268 1267 1267 1267 1266 1269 1265 1269 1267
535.093994 1267 1269 1268 1268 1269 1270 1264 1267 1266
535.106995 1267 1267 1269 1268 1270 1269 1267 1267 1266
535.120972 1270 1268 1265 1266 1267 1267 1266 1271 1269
535.13501 1267 1265 1267 1266 1268 1266 1268 1267 1268
535.148987 1270 1266 1267 1263 1269 1266 1268 1266 1268
535.161987 1266 1268 1269 1267 1267 1267 1268 1261 1268
535.176025 1266 1267 1267 1266 1265 1265 1269 1265 1263
535.190002 1264 1268 1268 1265 1264 1267 1268 1266 1267
535.203003 1264 1265 1265 1267 1264 1266 1272 1265 1266
535.21698 1269 1266 1267 1265 1268 1267 1267 1266 1266
535.231018 1269 1268 1268 1266 1266 1267 1268 1265 1265
535.244995 1269 1266 1266 1267 1267 1264 1262 1266 1265
535.257996 1263 1267 1266 1267 1264 1267 1264 1267 1267
535.271973 1268 1266 1265 1264 1265 1262 1267 1265 1267
535.286011 1269 1269 1264 1267 1266 1266 1268 1266 1268
535.299011 1267 1267 1266 1270 1265 1264 1264 1262 1263
535.312988 1267 1266 1266 1268 1267 1264 1269 1268 1263
535.327026 1268 1267 1264 1266 1268 1265 1267 1265 1267
535.341003 1266 1261 1264 1266 1265 1266 1266 1265 1264
535.354004 1265 1268 1263 1268 1266 1265 1264 1264 1268
535.367981 1267 1264 1265 1266 1264 1269 1266 1268 1267
535.382019 1265 1269 1265 1267 1264 1266 1262 1265 1267
535.39502 1265 1267 1268 1268 1266 1266 1267 1270 1267
535.408997 1264 1265 1263 1266 1266 1264 1264 1265 1264
535.422974 1268 1264 1264 1266 1262 1267 1266 1263 1264
535.435974 1266 1263 1265 1267 1266 1265 1264 1261 1267
535.450012 1268 1266 1266 1267 1264 1268 1266 1264 1263
535.463989 1264 1264 1267 1267 1266 1268 1264 1267 1268
535.478027 1265 1266 1265 1265 1264 1264 1264 1263 1263
535.491028 1268 1264 1268 1267 1266 1267 1266 1265 1265
535.505005 1267 1266 1264 1269 1267 1265 1269 1263 1265
535.518982 1271 1268 1265 1264 1267 1267 1264 1267 1263
535.531982 1266 1267 1266 1266 1262 1264 1266 1263 1266
535.546021 1263 1263 1266 1269 1264 1265 1263 1265 1268
535.559998 1265 1264 1266 1268 1264 1266 1265 1263 1266
535.572998 1263 1265 1268 1265 1265 1266 1264 1263 1265
535.586975 1267 1269 1267 1267 1266 1265 1263 1265 1266
535.601013 1266 1266 1268 1266 1266 1268 1264 1266 1264
535.61499 1267 1266 1265 1266 1266 1268 1265 1267 1264
535.627991 1266 1265 1264 1262 1265 1268 1267 1265 1262
535.642029 1267 1261 1266 1263 1262 1267 1267 1267 1263
535.656006 1268 1268 1268 1267 1265 1266 1264 1265 1265
535.669006 1267 1263 1269 1268 1262 1268 1266 1265 1265
535.682983 1265 1264 1267 1261 1265 1267 1265 1264 1263
535.697021 1267 1263 1266 1266 1269 1264 1267 1267 1265
535.710022 1267 1263 1267 1267 1267 1268 1265 1264 1265
535.723999 1265 1262 1264 1265 1265 1265 1265 1265 1266
535.737976 1266 1266 1264 1266 1267 1263 1266 1264 1267
535.750977 1263 1264 1267 1265 1264 1268 1266 1263 1267
535.765015 1264 1266 1269 1262 1262 1268 1267 1261 1263
535.778992 1263 1265 1265 1264 1268 1264 1264 1264 1267
535.791992 1267 1267 1266 1267 1265 1266 1265 1267 1265
535.80603 1267 1267 1263 1266 1266 1269 1264 1265 1266
535.820007 1265 1267 1263 1262 1264 1263 1266 1266 1267
535.833984 1265 1263 1270 1264 1264 1265 1265 1265 1263
535.846985 1264 1265 1268 1263 1266 1263 1265 1262 1264
535.861023 1265 1266 1268 1266 1264 1267 1268 1265 1264
535.875 1267 1266 1268 1268 1269 1266 1267 1267 1265
535.888 1272 1267 1267 1266 1264 1264 1269 1263 1264
535.901978 1267 1263 1264 1265 1269 1265 1266 1264 1261
535.916016 1265 1263 1267 1265 1264 1264 1267 1262 1263
535.929016 1266 1266 1266 1265 1262 1262 1262 1262 1264
535.942993 1265 1265 1264 1265 1265 1264 1265 1264 1266
535.95697 1265 1265 1266 1264 1266 1264 1263 1266 1267
535.969971 1267 1268 1268 1269 1267 1265 1265 1266 1264
535.984009 1266 1265 1264 1266 1266 1265 1265 1264 1267
535.997986 1267 1264 1265 1263 1266 1266 1264 1267 1265
536.010986 1267 1264 1266 1266 1266 1268 1265 1267 1264
536.025024 1264 1268 1266 1265 1264 1265 1268 1264 1262
536.039001 1265 1263 1264 1264 1267 1265 1265 1260 1263
536.052002 1266 1266 1267 1267 1266 1264 1268 1264 1265
536.065979 1264 1262 1266 1264 1263 1265 1264 1265 1261
536.080017 1268 1268 1261 1265 1264 1263 1267 1265 1263
536.093018 1264 1266 1264 1265 1267 1268 1265 1263 1264
536.106995 1266 1265 1265 1264 1265 1265 1265 1264 1264
536.120972 1267 1261 1266 1265 1265 1266 1266 1267 1266
536.133972 1269 1266 1263 1263 1264 1265 1265 1264 1265
536.14801 1265 1268 1267 1265 1266 1264 1264 1266 1266
536.161987 1260 1267 1269 1267 1262 1266 1266 1261 1266
536.174988 1266 1266 1265 1264 1266 1262 1267 1262 1264
536.189026 1266 1267 1266 1266 1264 1266 1267 1265 1265
536.203003 1266 1266 1264 1265 1267 1263 1263 1265 1266
536.216003 1267 1265 1263 1265 1265 1264 1260 1264 1268
536.22998 1263 1265 1268 1263 1266 1265 1268 1263 1267
536.244019 1265 1263 1267 1265 1264 1263 1266 1263 1265
536.257019 1267 1267 1266 1264 1263 1265 1266 1263 1262
536.270996 1267 1264 1266 1266 1265 1266 1267 1267 1261
536.284973 1264 1267 1266 1265 1265 1266 1263 1267 1265
536.297974 1270 1263 1264 1266 1266 1264 1264 1266 1263
536.312012 1265 1265 1266 1265 1265 1266 1267 1262 1265
536.325989 1266 1265 1266 1265 1265 1266 1264 1265 1262
536.338989 1267 1267 1268 1265 1266 1264 1265 1265 1266
536.353027 1265 1264 1264 1268 1265 1263 1264 1266 1264
536.367004 1266 1266 1266 1264 1264 1263 1266 1266 1267
536.380005 1267 1268 1265 1264 1264 1262 1265 1265 1265
536.393982 1267 1262 1262 1266 1267 1264 1265 1264 1262
536.40802 1268 1263 1266 1265 1267 1268 1265 1267 1267
536.421021 1264 1267 1265 1266 1263 1267 1266 1265 1265
536.434998 1265 1267 1265 1266 1265 1264 1264 1264 1263
536.448975 1265 1268 1265 1267 1265 1266 1266 1264 1267
536.461975 1267 1264 1264 1262 1266 1265 1265 1266 1263
536.476013 1264 1261 1265 1265 1263 1263 1266 1264 1260
536.48999 1265 1263 1263 1267 1264 1264 1265 1263 1264
536.502991 1266 1266 1266 1265 1263 1263 1266 1264 1266
536.517029 1268 1262 1267 1266 1265 1264 1265 1265 1265
536.530029 1267 1265 1268 1265 1263 1263 1266 1265 1261
536.544006 1264 1266 1269 1266 1267 1265 1263 1266 1267
536.557983 1266 1265 1265 1266 1265 1264 1264 1263 1268
536.570984 1267 1264 1267 1265 1267 1266 1265 1265 1266
536.585022 1267 1264 1263 1267 1264 1265 1263 1261 1267
536.598999 1264 1264 1262 1265 1262 1267 1264 1265 1266
536.612 1269 1267 1267 1264 1264 1263 1265 1265 1266
536.625977 1262 1267 1266 1263 1263 1265 1263 1265 1268
536.640015 1267 1265 1265 1264 1265 1265 1263 1265 1264
536.653015 1264 1268 1267 1264 1265 1265 1265 1269 1263
536.666992 1267 1261 1266 1263 1267 1263 1268 1267 1267
536.68103 1264 1267 1265 1263 1267 1268 1267 1266 1267
536.69397 1268 1262 1262 1266 1264 1267 1264 1268 1265
536.708008 1266 1267 1265 1268 1265 1265 1266 1269 1264
536.721008 1267 1267 1265 1263 1264 1265 1263 1266 1262
536.734985 1265 1265 1267 1266 1264 1263 1266 1263 1265
536.749023 1265 1267 1267 1264 1264 1264 1264 1267 1266
536.762024 1266 1265 1267 1266 1265 1266 1267 1265 1266
536.776001 1269 1264 1265 1267 1264 1266 1266 1264 1263
536.789978 1267 1264 1265 1264 1268 1265 1266 1264 1265
536.802979 1264 1264 1266 1266 1264 1267 1263 1264 1266
536.817017 1264 1267 1269 1268 1263 1263 1266 1263 1265
536.830994 1268 1266 1266 1267 1264 1265 1267 1263 1262
536.843994 1265 1267 1267 1267 1266 1265 1264 1263 1264
536.857971 1265 1265 1267 1267 1265 1267 1264 1264 1265
536.870972 1269 1267 1263 1267 1268 1267 1265 1264 1267
536.88501 1269 1268 1264 1267 1267 1264 1268 1267 1264
536.898987 1265 1267 1266 1264 1266 1264 1264 1268 1264
536.911987 1268 1269 1266 1267 1266 1265 1265 1268 1264
536.926025 1266 1268 1265 1265 1268 1266 1266 1266 1264
536.940002 1263 1265 1267 1266 1262 1263 1266 1266 1268
536.953003 1267 1263 1266 1267 1265 1266 1265 1266 1267
536.96698 1268 1267 1265 1264 1267 1264 1266 1263 1264
536.97998 1266 1267 1267 1269 1267 1265 1264 1267 1266
536.994019 1267 1267 1267 1266 1266 1267 1267 1265 1266
537.007996 1268 1266 1270 1265 1266 1265 1263 1267 1266
537.020996 1267 1266 1269 1268 1263 1265 1266 1264 1263
537.034973 1266 1264 1266 1266 1269 1268 1268 1265 1263
537.049011 1266 1267 1264 1266 1268 1269 1266 1267 1263
537.062012 1269 1264 1263 1267 1265 1268 1266 1267 1268
537.075989 1270 1263 1266 1265 1268 1267 1263 1265 1266
537.088989 1269 1266 1266 1264 1267 1268 1264 1268 1268
537.103027 1266 1267 1267 1265 1264 1266 1271 1266 1266
537.117004 1266 1266 1268 1266 1267 1269 1267 1265 1263
537.130005 1267 1265 1267 1269 1268 1267 1267 1265 1268
537.143982 1268 1267 1266 1270 1265 1271 1266 1267 1268
537.15802 1268 1264 1266 1265 1266 1266 1269 1269 1264
537.171021 1267 1271 1268 1268 1266 1269 1265 1265 1263
537.184998 1266 1268 1264 1268 1266 1265 1265 1269 1264
537.197998 1267 1270 1269 1269 1264 1265 1268 1266 1265
537.211975 1267 1271 1264 1269 1268 1266 1270 1270 1269
537.226013 1268 1270 1269 1271 1267 1268 1267 1265 1269
537.239014 1273 1271 1268 1274 1271 1278 1268 1276 1275
537.252991 1272 1267 1269 1267 1268 1269 1268 1267 1272
537.265991 1269 1271 1268 1269 1270 1269 1265 1268 1267
537.280029 1272 1269 1268 1270 1274 1270 1268 1267 1270
537.294006 1273 1270 1269 1267 1273 1269 1271 1269 1268
537.307007 1270 1275 1267 1275 1274 1269 1271 1267 1270
537.320984 1273 1275 1272 1269 1273 1274 1271 1265 1272
537.333984 1276 1272 1270 1277 1274 1272 1274 1274 1277
537.348022 1276 1278 1274 1272 1280 1276 1271 1274 1275
537.362 1276 1274 1280 1274 1276 1275 1275 1275 1273
537.375 1276 1275 1273 1278 1276 1274 1272 1275 1275
537.388977 1276 1274 1276 1278 1274 1272 1277 1275 1274
537.403015 1278 1275 1276 1274 1276 1272 1273 1272 1275
537.416016 1274 1273 1274 1277 1276 1274 1276 1268 1273
537.429993 1273 1272 1276 1269 1269 1274 1270 1270 1272
537.442993 1269 1272 1268 1271 1277 1266 1269 1269 1268
537.45697 1269 1271 1270 1270 1271 1269 1271 1271 1271
537.471008 1270 1269 1268 1271 1272 1268 1269 1272 1267
537.484009 1265 1274 1272 1273 1266 1269 1272 1268 1268
537.497986 1272 1274 1270 1273 1272 1269 1268 1269 1270
537.510986 1270 1270 1272 1273 1268 1272 1270 1265 1269
537.525024 1265 1269 1268 1271 1268 1274 1270 1270 1268
537.539001 1271 1268 1272 1268 1274 1269 1268 1269 1268
537.552002 1274 1273 1274 1272 1273 1274 1271 1267 1269
537.565979 1273 1268 1273 1274 1275 1269 1270 1270 1269
537.578979 1266 1272 1267 1273 1269 1272 1271 1267 1265
537.593018 1269 1274 1272 1274 1271 1271 1271 1269 1271
537.606995 1271 1268 1270 1271 1273 1274 1272 1269 1267
537.619995 1271 1275 1270 1270 1271 1273 1271 1266 1270
537.633972 1271 1269 1276 1273 1274 1271 1273 1268 1270
537.646973 1268 1274 1271 1272 1274 1272 1272 1273 1267
537.661011 1270 1273 1270 1280 1277 1273 1267 1272 1270
537.674011 1270 1272 1276 1272 1280 1273 1272 1270 1272
537.687988 1272 1273 1281 1275 1275 1274 1275 1272 1267
537.702026 1272 1270 1277 1276 1276 1272 1276 1272 1272
537.715027 1273 1278 1275 1273 1275 1272 1268 1266 1271
537.729004 1275 1276 1272 1270 1280 1272 1273 1271 1273
537.742004 1277 1271 1274 1270 1278 1270 1274 1273 1271
537.755981 1273 1277 1273 1279 1271 1277 1277 1274 1273
537.77002 1274 1276 1274 1281 1275 1276 1271 1271 1269
537.78302 1272 1272 1273 1274 1275 1271 1275 1271 1267
537.796997 1272 1278 1277 1274 1276 1277 1272 1272 1274
537.809998 1271 1278 1275 1273 1277 1277 1277 1274 1271
537.823975 1275 1277 1278 1279 1278 1278 1276 1271 1275
537.836975 1275 1277 1274 1279 1278 1279 1277 1271 1273
537.851013 1275 1280 1282 1285 1273 1278 1279 1270 1274
537.86499 1278 1275 1276 1284 1284 1280 1274 1272 1278
537.877991 1273 1281 1287 1276 1273 1283 1284 1274 1278
537.892029 1274 1278 1281 1282 1282 1276 1280 1278 1279
537.905029 1284 1280 1285 1281 1277 1283 1276 1278 1281
537.919006 1276 1278 1280 1286 1287 1285 1278 1279 1275
537.932007 1277 1277 1288 1280 1284 1281 1278 1274 1276
537.945984 1279 1283 1286 1280 1288 1279 1278 1279 1273
537.960022 1280 1282 1282 1287 1286 1282 1280 1276 1282
537.973022 1278 1281 1282 1287 1287 1289 1286 1283 1272
537.987 1275 1284 1281 1286 1284 1284 1285 1274 1276
538 1276 1281 1283 1290 1283 1284 1280 1279 1278
538.013977 1286 1288 1284 1288 1285 1284 1281 1280 1279
538.028015 1287 1283 1283 1290 1290 1284 1280 1280 1281
538.041016 1282 1282 1290 1289 1293 1288 1280 1279 1277
538.054993 1287 1287 1291 1292 1293 1284 1285 1277 1278
538.067993 1278 1284 1286 1296 1292 1287 1283 1280 1283
538.08197 1281 1286 1295 1297 1294 1289 1282 1280 1285
538.094971 1286 1286 1294 1293 1296 1290 1284 1278 1283
538.109009 1286 1290 1292 1298 1295 1298 1289 1282 1289
538.122009 1288 1287 1290 1296 1294 1290 1284 1286 1282
538.135986 1285 1287 1294 1299 1297 1296 1281 1282 1282
538.150024 1282 1290 1302 1300 1294 1292 1292 1283 1283
538.163025 1287 1291 1300 1310 1294 1295 1285 1287 1285
538.177002 1285 1293 1299 1300 1291 1287 1290 1284 1280
538.190002 1293 1288 1294 1299 1301 1293 1281 1285 1289
538.203979 1289 1295 1296 1300 1301 1303 1294 1285 1283
538.21698 1291 1290 1304 1304 1298 1301 1296 1295 1287
538.231018 1288 1286 1294 1302 1300 1292 1297 1290 1290
538.244995 1293 1292 1304 1302 1301 1297 1295 1287 1289
538.257996 1293 1299 1296 1301 1300 1307 1290 1289 1293
538.271973 1291 1297 1303 1304 1305 1297 1291 1295 1290
538.284973 1295 1300 1310 1310 1302 1299 1297 1288 1301
538.299011 1302 1302 1307 1307 1304 1313 1305 1298 1295
538.312012 1304 1304 1312 1314 1313 1311 1299 1297 1291
538.325989 1307 1307 1312 1317 1311 1313 1300 1298 1304
538.338989 1304 1305 1321 1316 1318 1312 1308 1290 1299
538.353027 1299 1315 1317 1322 1315 1310 1308 1297 1297
538.367004 1303 1312 1320 1321 1325 1320 1313 1312 1305
538.380005 1312 1317 1322 1321 1316 1311 1315 1306 1313
538.393982 1320 1319 1322 1334 1328 1321 1310 1315 1305
538.406982 1311 1324 1317 1317 1319 1317 1310 1318 1310
538.421021 1304 1318 1329 1321 1323 1315 1310 1304 1307
538.434021 1311 1322 1323 1337 1320 1328 1314 1303 1309
538.447998 1309 1325 1322 1321 1329 1325 1322 1311 1306
538.460999 1317 1318 1318 1331 1330 1327 1320 1313 1308
538.474976 1315 1321 1330 1329 1323 1326 1315 1312 1310
538.489014 1312 1322 1332 1326 1324 1316 1317 1315 1318
538.502014 1308 1319 1318 1325 1328 1327 1312 1319 1311
538.515991 1309 1323 1323 1324 1322 1324 1313 1313 1312
538.528992 1313 1315 1320 1328 1332 1321 1311 1308 1311
538.54303 1302 1315 1324 1323 1325 1324 1310 1307 1306
538.55603 1309 1316 1321 1325 1330 1316 1305 1300 1300
538.570007 1305 1315 1327 1324 1322 1326 1305 1298 1309
538.583008 1311 1316 1320 1331 1336 1321 1316 1312 1307
538.596985 1306 1312 1315 1329 1323 1322 1309 1302 1306
538.609985 1309 1316 1322 1331 1328 1319 1312 1306 1301
538.624023 1313 1322 1326 1327 1329 1327 1308 1306 1316
538.638 1309 1313 1320 1333 1334 1328 1316 1298 1307
538.651001 1305 1323 1324 1322 1328 1324 1316 1306 1309
538.664978 1312 1314 1328 1341 1336 1311 1313 1307 1303
538.677979 1313 1320 1324 1332 1333 1324 1318 1309 1307
538.692017 1310 1318 1333 1336 1328 1319 1313 1301 1305
538.705017 1329 1314 1330 1339 1332 1322 1314 1316 1314
538.718994 1314 1321 1324 1337 1333 1318 1317 1307 1306
538.731995 1307 1319 1328 1342 1328 1325 1315 1306 1311
538.745972 1316 1314 1331 1335 1330 1334 1312 1308 1313
538.758972 1311 1318 1333 1339 1341 1326 1324 1310 1314
538.77301 1322 1317 1330 1334 1334 1338 1317 1313 1305
538.786011 1316 1326 1335 1339 1349 1329 1317 1312 1312
538.799988 1325 1328 1333 1329 1338 1328 1314 1306 1312
538.812988 1326 1321 1335 1342 1344 1327 1318 1307 1306
538.827026 1312 1316 1333 1331 1341 1331 1310 1313 1310
538.841003 1315 1324 1335 1329 1338 1328 1320 1313 1313
538.854004 1311 1329 1348 1333 1333 1329 1321 1312 1311
538.867981 1325 1330 1335 1338 1334 1332 1308 1314 1315
538.880981 1318 1316 1333 1342 1340 1332 1321 1316 1305
538.89502 1320 1322 1331 1348 1346 1332 1323 1318 1322
538.90802 1320 1328 1331 1338 1329 1324 1316 1318 1307
538.921997 1315 1328 1329 1346 1337 1333 1321 1312 1310
538.934998 1322 1321 1334 1343 1339 1335 1327 1320 1317
538.948975 1328 1328 1332 1340 1346 1328 1316 1319 1315
538.961975 1323 1320 1329 1343 1348 1337 1323 1315 1320
538.976013 1320 1329 1344 1349 1341 1335 1328 1315 1313
538.989014 1323 1330 1332 1351 1351 1323 1326 1314 1322
539.002991 1323 1331 1348 1350 1350 1346 1321 1317 1323
539.015991 1318 1337 1345 1346 1345 1347 1329 1317 1323
539.030029 1321 1332 1335 1341 1341 1334 1327 1310 1316
539.04303 1322 1336 1340 1346 1351 1346 1323 1322 1325
539.057007 1316 1335 1336 1358 1349 1338 1327 1317 1318
539.070007 1326 1333 1340 1359 1360 1341 1338 1328 1330
539.083984 1319 1329 1352 1358 1360 1357 1334 1322 1319
539.096985 1319 1334 1342 1361 1363 1346 1333 1319 1315
539.111023 1318 1332 1343 1350 1363 1349 1328 1322 1318
539.125 1317 1330 1336 1361 1347 1346 1332 1314 1313
539.138 1317 1325 1340 1349 1349 1348 1345 1320 1312
539.151978 1318 1323 1343 1348 1353 1347 1328 1317 1308
539.164978 1312 1328 1345 1357 1359 1342 1331 1309 1306
539.179016 1320 1333 1347 1354 1348 1341 1337 1313 1324
539.192017 1330 1316 1339 1344 1347 1337 1328 1313 1316
539.205994 1312 1320 1340 1347 1337 1337 1325 1310 1315
539.218994 1311 1319 1332 1339 1345 1344 1318 1307 1313
539.232971 1316 1329 1338 1340 1342 1333 1316 1318 1319
539.245972 1319 1321 1341 1344 1342 1324 1319 1308 1309
539.26001 1309 1323 1324 1331 1344 1333 1316 1319 1312
539.27301 1320 1324 1337 1345 1336 1330 1322 1316 1311
539.286987 1330 1321 1331 1345 1338 1337 1312 1311 1311
539.299988 1316 1332 1334 1342 1339 1336 1321 1310 1307
539.314026 1322 1318 1326 1340 1344 1343 1318 1310 1315
539.327026 1317 1317 1332 1342 1331 1344 1317 1310 1315
539.341003 1318 1330 1335 1343 1346 1339 1321 1312 1305
539.354004 1321 1321 1335 1353 1339 1341 1324 1306 1311
539.367981 1316 1320 1326 1345 1337 1332 1317 1304 1316
539.380981 1317 1316 1333 1341 1346 1337 1314 1311 1305
539.39502 1313 1316 1343 1335 1342 1329 1320 1311 1312
539.40802 1307 1320 1332 1343 1336 1334 1317 1310 1318
539.421997 1318 1330 1347 1349 1348 1343 1319 1318 1316
539.434998 1318 1322 1336 1347 1331 1331 1316 1316 1313
539.448975 1319 1329 1342 1347 1344 1332 1321 1305 1313
539.461975 1325 1320 1337 1343 1345 1338 1320 1305 1321
539.476013 1322 1325 1338 1345 1346 1327 1315 1312 1319
539.489014 1313 1316 1332 1344 1348 1338 1313 1309 1312
539.502991 1316 1325 1339 1339 1341 1340 1318 1309 1311
539.515991 1317 1329 1338 1351 1351 1331 1320 1320 1310
539.530029 1315 1325 1348 1353 1351 1336 1314 1313 1312
539.54303 1317 1327 1353 1363 1369 1339 1317 1311 1314
539.557007 1321 1327 1356 1361 1353 1340 1326 1309 1316
539.570007 1330 1341 1352 1370 1366 1349 1334 1305 1315
539.583984 1319 1335 1365 1381 1380 1365 1330 1301 1314
539.596985 1319 1339 1376 1404 1384 1387 1339 1307 1316
539.611023 1325 1359 1410 1431 1415 1383 1343 1322 1323
539.624023 1315 1373 1419 1461 1470 1411 1352 1315 1316
539.638 1325 1379 1442 1478 1472 1423 1367 1310 1322
539.651001 1332 1374 1449 1500 1500 1449 1373 1315 1313
539.664001 1323 1387 1431 1488 1513 1454 1365 1319 1314
539.677979 1325 1363 1426 1486 1475 1437 1356 1324 1325
539.690979 1317 1357 1417 1461 1448 1421 1350 1316 1319
539.705017 1318 1356 1396 1426 1429 1392 1337 1318 1318
539.718018 1322 1339 1379 1415 1397 1376 1342 1326 1316
539.731995 1319 1342 1378 1395 1377 1358 1339 1317 1316
539.744995 1329 1328 1353 1368 1380 1350 1335 1319 1312
539.758972 1323 1334 1356 1356 1365 1355 1331 1305 1309
539.771973 1323 1331 1346 1364 1363 1350 1321 1315 1306
539.786011 1315 1339 1344 1349 1359 1343 1324 1318 1319
539.799011 1315 1331 1355 1368 1351 1335 1328 1315 1312
539.812988 1316 1333 1344 1361 1344 1346 1328 1308 1311
539.825989 1318 1332 1345 1358 1350 1336 1335 1311 1309
539.840027 1321 1324 1348 1357 1347 1346 1323 1316 1316
539.853027 1316 1323 1346 1356 1351 1341 1323 1310 1318
539.867004 1321 1338 1349 1355 1351 1335 1322 1324 1312
539.880005 1317 1328 1343 1345 1344 1344 1323 1312 1310
539.893982 1317 1333 1338 1354 1352 1346 1324 1313 1309
539.906982 1322 1325 1345 1352 1344 1329 1326 1317 1314
539.921021 1325 1328 1343 1352 1351 1336 1321 1315 1319
539.934021 1320 1329 1339 1358 1347 1329 1336 1323 1309
539.947998 1312 1321 1350 1351 1351 1344 1319 1319 1312
539.960999 1315 1335 1342 1351 1355 1336 1318 1324 1321
539.973999 1329 1323 1344 1354 1353 1343 1326 1308 1316
539.987976 1321 1330 1351 1354 1351 1338 1327 1321 1324
540.000977 1320 1325 1344 1354 1340 1330 1323 1311 1313
540.015015 1323 1336 1333 1348 1348 1343 1324 1312 1321
540.028015 1321 1336 1340 1340 1352 1337 1318 1316 1309
540.041992 1313 1328 1334 1355 1343 1337 1326 1311 1317
540.054993 1316 1328 1344 1350 1348 1347 1329 1318 1308
540.06897 1324 1328 1341 1351 1345 1332 1329 1314 1317
540.08197 1317 1324 1345 1357 1351 1342 1327 1317 1309
540.096008 1327 1322 1341 1339 1343 1333 1327 1307 1312
540.109009 1329 1336 1339 1357 1346 1337 1321 1312 1308
540.122986 1322 1332 1334 1348 1356 1345 1322 1321 1317
540.135986 1322 1335 1347 1357 1351 1344 1321 1304 1314
540.150024 1317 1328 1339 1348 1349 1342 1325 1310 1312
540.163025 1321 1326 1339 1351 1345 1334 1335 1314 1318
540.176025 1323 1336 1342 1342 1349 1344 1322 1318 1316
540.190002 1322 1325 1347 1358 1346 1343 1328 1319 1315
540.203003 1319 1332 1339 1355 1355 1336 1327 1316 1322
540.21698 1325 1318 1347 1345 1346 1334 1328 1316 1313
540.22998 1319 1328 1343 1356 1350 1340 1329 1314 1309
540.244019 1320 1321 1341 1353 1347 1342 1318 1314 1316
540.257019 1319 1327 1338 1360 1359 1344 1337 1313 1317
540.270996 1324 1326 1339 1353 1337 1340 1313 1318 1319
540.283997 1317 1333 1340 1363 1352 1339 1324 1314 1323
540.297974 1328 1335 1349 1352 1346 1340 1323 1321 1314
540.310974 1329 1334 1340 1345 1349 1335 1331 1322 1312
540.323975 1320 1336 1333 1353 1358 1336 1321 1320 1313
540.338013 1321 1329 1335 1348 1352 1337 1331 1316 1316
540.351013 1324 1335 1340 1357 1345 1331 1328 1312 1316
540.36499 1323 1344 1344 1355 1341 1337 1332 1320 1324
540.377991 1326 1345 1355 1353 1343 1340 1329 1325 1326
540.392029 1326 1343 1344 1358 1337 1337 1331 1329 1336
540.405029 1337 1346 1353 1351 1350 1337 1333 1330 1331
540.419006 1347 1336 1352 1351 1350 1337 1331 1321 1331
540.432007 1339 1343 1358 1355 1358 1352 1328 1323 1335
540.445007 1327 1348 1357 1351 1356 1350 1331 1326 1327
540.458984 1330 1353 1367 1361 1349 1347 1332 1327 1321
540.471985 1326 1334 1340 1365 1366 1354 1338 1322 1318
540.486023 1324 1336 1351 1365 1364 1354 1334 1323 1326
540.499023 1320 1338 1345 1362 1363 1352 1332 1319 1320
540.513 1333 1340 1350 1361 1358 1347 1334 1321 1321
540.526001 1328 1326 1353 1351 1351 1347 1328 1319 1326
540.539978 1332 1333 1340 1350 1352 1340 1326 1314 1314
540.552979 1317 1336 1344 1358 1343 1337 1329 1318 1315
540.565979 1336 1337 1342 1369 1345 1345 1325 1326 1315
540.580017 1319 1341 1335 1344 1350 1346 1332 1319 1316
540.593018 1322 1331 1330 1349 1345 1338 1332 1320 1322
540.606995 1328 1327 1334 1354 1344 1339 1320 1318 1319
540.619995 1322 1327 1347 1349 1350 1340 1332 1316 1314
540.633972 1320 1329 1342 1340 1342 1339 1319 1313 1321
540.646973 1318 1324 1347 1347 1350 1341 1337 1315 1319
540.659973 1317 1337 1346 1358 1343 1332 1324 1315 1309
540.674011 1317 1339 1338 1350 1341 1332 1327 1315 1313
540.687012 1322 1327 1343 1337 1344 1340 1327 1325 1315
540.700989 1322 1338 1346 1346 1342 1337 1320 1320 1311
540.713989 1318 1324 1347 1350 1349 1340 1321 1314 1311
540.728027 1315 1331 1340 1339 1343 1341 1332 1312 1315
540.741028 1326 1326 1343 1355 1350 1337 1327 1315 1315
540.754028 1321 1338 1355 1342 1345 1330 1325 1324 1315
540.768005 1322 1324 1341 1349 1351 1335 1320 1316 1316
540.781006 1325 1330 1338 1338 1335 1336 1329 1313 1319
540.794983 1325 1323 1341 1354 1352 1342 1322 1321 1319
540.807983 1319 1327 1340 1341 1346 1343 1328 1326 1311
540.822021 1320 1332 1345 1345 1342 1340 1323 1312 1321
540.835022 1314 1338 1342 1350 1343 1338 1326 1326 1320
540.848022 1316 1344 1341 1362 1354 1339 1335 1310 1313
540.862 1326 1330 1343 1350 1356 1343 1321 1319 1320
540.875 1319 1326 1340 1351 1338 1342 1331 1321 1315
540.888977 1328 1330 1355 1359 1350 1342 1335 1319 1309
540.901978 1323 1332 1337 1349 1351 1334 1319 1316 1320
540.916016 1323 1325 1349 1349 1345 1337 1323 1311 1319
540.929016 1323 1339 1348 1359 1357 1338 1328 1317 1313
540.942017 1317 1340 1343 1346 1350 1339 1328 1327 1318
540.955994 1325 1330 1341 1356 1352 1342 1318 1318 1314
540.968994 1319 1331 1342 1359 1349 1338 1327 1320 1318
540.982971 1323 1326 1331 1341 1341 1349 1332 1312 1324
540.995972 1324 1332 1335 1353 1346 1345 1327 1310 1312
541.008972 1326 1334 1334 1355 1361 1341 1328 1329 1311
541.02301 1325 1332 1342 1348 1352 1344 1330 1313 1317
541.036011 1321 1326 1340 1347 1359 1337 1333 1315 1322
541.049988 1327 1336 1331 1347 1338 1344 1322 1309 1311
541.062988 1327 1341 1338 1342 1345 1337 1320 1317 1325
541.075989 1314 1326 1332 1352 1348 1349 1327 1333 1317
541.090027 1327 1327 1338 1351 1352 1340 1328 1321 1319
541.103027 1320 1328 1335 1351 1358 1336 1328 1316 1321
541.117004 1328 1331 1335 1347 1357 1339 1332 1317 1317
541.130005 1317 1334 1343 1356 1350 1338 1326 1315 1316
541.143982 1324 1323 1337 1360 1352 1354 1330 1319 1315
541.156982 1323 1318 1339 1359 1347 1331 1318 1311 1313
541.169983 1327 1335 1342 1337 1352 1352 1334 1322 1314
541.184021 1325 1326 1345 1350 1355 1341 1320 1317 1318
541.197021 1325 1323 1354 1362 1366 1343 1324 1322 1320
541.210999 1312 1329 1345 1353 1351 1339 1326 1320 1319
541.223999 1322 1335 1353 1344 1348 1340 1330 1310 1317
541.237 1323 1332 1336 1355 1353 1341 1330 1318 1322
541.250977 1322 1336 1343 1342 1344 1341 1335 1315 1321
541.263977 1324 1332 1340 1358 1353 1337 1330 1318 1316
541.278015 1320 1334 1353 1351 1352 1343 1320 1319 1317
541.291016 1327 1348 1334 1347 1351 1334 1326 1323 1314
541.304016 1322 1332 1347 1361 1354 1347 1319 1320 1315
541.317993 1324 1333 1347 1356 1354 1346 1321 1319 1313
541.330994 1326 1324 1342 1347 1358 1343 1326 1312 1324
541.344971 1326 1328 1350 1347 1351 1346 1327 1321 1318
541.357971 1324 1339 1342 1367 1350 1336 1329 1318 1317
541.370972 1326 1340 1343 1349 1356 1341 1327 1315 1315
541.38501 1331 1330 1346 1348 1347 1340 1334 1322 1319
541.39801 1327 1328 1341 1354 1356 1339 1329 1319 1316
541.411011 1321 1335 1347 1357 1351 1336 1330 1317 1311
541.424988 1320 1336 1354 1358 1347 1343 1327 1316 1331
541.437988 1330 1324 1344 1347 1351 1330 1323 1327 1318
541.452026 1322 1325 1339 1343 1344 1331 1323 1316 1322
541.465027 1313 1331 1339 1348 1352 1334 1331 1319 1317
541.478027 1318 1336 1352 1354 1360 1348 1325 1325 1316
541.492004 1324 1323 1339 1357 1352 1338 1328 1316 1315
541.505005 1323 1338 1346 1358 1348 1350 1325 1310 1310
541.518982 1326 1338 1345 1349 1354 1354 1326 1319 1322
541.531982 1323 1331 1341 1354 1348 1356 1332 1322 1316
541.544983 1322 1328 1349 1358 1345 1346 1325 1324 1307
541.559021 1333 1336 1348 1359 1359 1347 1338 1311 1326
541.572021 1326 1337 1344 1360 1355 1340 1336 1322 1321
541.585999 1335 1331 1344 1362 1350 1343 1328 1315 1319
541.598999 1321 1334 1347 1362 1358 1339 1330 1319 1320
541.612 1325 1343 1348 1351 1360 1348 1323 1320 1315
541.625977 1315 1327 1343 1351 1353 1339 1328 1321 1324
541.638977 1319 1322 1345 1355 1350 1344 1331 1321 1316
541.651978 1319 1321 1342 1369 1355 1340 1331 1327 1321
541.666016 1330 1331 1345 1355 1351 1340 1327 1313 1318
541.679016 1324 1333 1352 1346 1350 1350 1332 1320 1322
541.692993 1322 1336 1345 1355 1342 1340 1324 1314 1324
541.705994 1329 1325 1347 1352 1352 1345 1339 1322 1322
541.718994 1325 1334 1343 1358 1356 1343 1329 1326 1333
541.732971 1327 1333 1334 1357 1349 1340 1335 1321 1325
541.745972 1331 1332 1336 1345 1354 1341 1333 1316 1323
541.758972 1312 1322 1344 1341 1342 1328 1326 1312 1305
541.77301 1328 1326 1346 1353 1348 1332 1330 1324 1325
541.786011 1325 1333 1342 1348 1346 1337 1331 1318 1326
541.799988 1323 1337 1343 1353 1362 1339 1336 1316 1317
541.812988 1319 1331 1343 1348 1349 1339 1319 1325 1320
541.825989 1316 1332 1344 1349 1351 1345 1319 1323 1319
541.840027 1321 1328 1343 1348 1362 1345 1323 1323 1317
541.853027 1321 1332 1344 1357 1338 1337 1330 1317 1322
541.866028 1318 1325 1328 1357 1353 1344 1321 1317 1325
541.880005 1324 1330 1337 1356 1356 1344 1325 1310 1319
541.893005 1320 1336 1342 1361 1355 1340 1325 1317 1316
541.906006 1326 1330 1342 1349 1346 1342 1333 1311 1325
541.919983 1328 1338 1341 1347 1349 1338 1327 1317 1321
541.932983 1310 1329 1357 1357 1350 1338 1328 1316 1320
541.947021 1320 1329 1345 1345 1346 1342 1330 1318 1312
541.960022 1327 1327 1348 1354 1357 1349 1334 1319 1316
541.973022 1322 1330 1339 1362 1366 1344 1331 1323 1315
541.987 1320 1330 1337 1352 1344 1339 1329 1314 1320
542 1325 1329 1343 1351 1346 1343 1327 1314 1321
542.013 1319 1327 1353 1344 1354 1343 1336 1319 1308
542.026978 1327 1326 1353 1357 1345 1346 1334 1327 1310
542.039978 1320 1337 1352 1346 1348 1340 1333 1320 1316
542.052979 1325 1337 1346 1355 1355 1341 1328 1319 1318
542.067017 1322 1332 1355 1361 1346 1339 1331 1314 1312
542.080017 1315 1333 1351 1345 1343 1336 1322 1318 1318
542.093994 1323 1336 1340 1354 1355 1339 1326 1322 1318
542.106995 1325 1329 1347 1354 1356 1342 1327 1329 1321
542.119995 1324 1325 1351 1363 1349 1343 1329 1317 1326
542.133972 1323 1333 1343 1352 1357 1346 1328 1317 1317
542.146973 1323 1341 1332 1350 1357 1346 1320 1306 1311
542.159973 1330 1332 1343 1350 1355 1334 1329 1322 1324
542.174011 1325 1329 1349 1358 1346 1341 1332 1324 1318
542.187012 1334 1325 1353 1361 1347 1347 1333 1312 1325
542.200012 1323 1342 1338 1344 1348 1350 1327 1321 1324
542.213989 1325 1332 1347 1357 1353 1338 1327 1316 1318
542.22699 1323 1336 1343 1351 1353 1341 1327 1322 1322
542.23999 1323 1334 1342 1358 1352 1335 1327 1328 1312
542.254028 1326 1332 1347 1346 1354 1334 1323 1318 1324
542.267029 1334 1333 1351 1362 1348 1341 1332 1312 1319
542.280029 1326 1329 1345 1364 1355 1352 1328 1319 1315
542.294006 1326 1333 1339 1354 1355 1351 1327 1324 1317
542.307007 1325 1342 1344 1353 1357 1347 1335 1323 1319
542.320007 1322 1335 1357 1353 1353 1342 1337 1317 1316
542.333984 1320 1334 1351 1354 1359 1355 1338 1329 1318
542.346985 1328 1335 1349 1359 1353 1347 1334 1320 1319
542.359985 1327 1342 1349 1348 1348 1362 1326 1318 1323
542.374023 1321 1329 1347 1371 1360 1339 1324 1323 1320
542.387024 1329 1338 1346 1357 1355 1344 1336 1323 1317
542.400024 1326 1340 1348 1360 1364 1355 1332 1315 1315
542.414001 1326 1338 1346 1357 1362 1343 1332 1330 1312
542.427002 1327 1343 1354 1351 1359 1344 1329 1317 1320
542.440002 1331 1332 1357 1359 1357 1345 1338 1326 1318
542.453979 1327 1337 1346 1362 1357 1358 1329 1322 1326
542.46698 1326 1332 1349 1362 1356 1339 1335 1324 1318
542.47998 1332 1339 1348 1364 1357 1348 1324 1323 1328
542.494019 1339 1334 1358 1370 1364 1332 1329 1319 1322
542.507019 1341 1341 1351 1358 1359 1357 1335 1325 1324
542.52002 1324 1334 1359 1360 1366 1347 1333 1318 1326
542.533997 1325 1337 1353 1357 1353 1355 1342 1319 1312
542.546997 1322 1338 1360 1362 1363 1349 1339 1314 1320
542.559998 1331 1348 1356 1367 1359 1358 1336 1320 1323
542.573975 1325 1333 1353 1364 1368 1351 1324 1318 1329
542.586975 1342 1342 1351 1361 1350 1350 1335 1325 1323
542.599976 1333 1338 1356 1364 1367 1344 1332 1317 1318
542.614014 1329 1328 1363 1350 1369 1346 1335 1319 1313
542.627014 1323 1336 1350 1356 1359 1345 1336 1322 1316
542.640015 1320 1346 1359 1362 1357 1339 1336 1315 1327
542.653992 1331 1339 1340 1368 1373 1349 1333 1331 1322
542.666992 1313 1334 1355 1362 1362 1336 1333 1321 1311
542.679993 1332 1332 1362 1362 1354 1354 1325 1332 1322
542.69397 1331 1333 1355 1365 1352 1346 1339 1311 1310
542.70697 1329 1341 1354 1365 1358 1353 1329 1320 1317
542.719971 1323 1335 1352 1364 1370 1362 1340 1320 1317
542.734009 1331 1338 1365 1360 1357 1345 1330 1319 1322
542.747009 1317 1336 1358 1366 1363 1344 1336 1321 1312
542.76001 1327 1336 1346 1365 1367 1343 1328 1319 1320
542.773987 1317 1331 1359 1358 1361 1358 1321 1323 1324
542.786987 1322 1337 1356 1351 1362 1350 1332 1318 1326
542.799988 1327 1332 1350 1365 1363 1337 1328 1315 1318
542.812988 1331 1338 1352 1371 1349 1343 1341 1316 1318
542.827026 1333 1337 1338 1357 1361 1345 1332 1322 1320
542.840027 1324 1343 1346 1361 1361 1356 1338 1314 1320
542.853027 1324 1333 1358 1358 1359 1354 1327 1323 1321
542.867004 1332 1333 1353 1353 1356 1349 1334 1315 1311
542.880005 1337 1337 1348 1368 1360 1348 1336 1317 1315
542.893005 1325 1344 1344 1359 1355 1348 1333 1324 1322
542.906982 1330 1334 1353 1352 1345 1342 1334 1317 1314
542.919983 1328 1334 1343 1359 1350 1348 1321 1316 1316
542.932983 1325 1338 1360 1374 1353 1348 1334 1321 1318
542.947021 1333 1338 1347 1364 1352 1344 1336 1320 1325
542.960022 1321 1349 1354 1355 1356 1351 1331 1319 1322
542.973022 1321 1335 1352 1364 1364 1345 1332 1330 1316
542.987 1329 1333 1358 1373 1366 1356 1332 1326 1317
543 1337 1348 1347 1363 1358 1345 1333 1322 1324
543.013 1334 1331 1357 1369 1376 1351 1338 1317 1317
543.026001 1323 1332 1345 1375 1366 1364 1340 1316 1324
543.039978 1332 1337 1364 1370 1363 1358 1347 1324 1320
543.052979 1327 1339 1353 1371 1376 1350 1326 1319 1317
543.065979 1323 1341 1359 1374 1370 1360 1333 1324 1320
543.080017 1333 1331 1359 1372 1379 1360 1341 1322 1320
543.093018 1326 1345 1373 1384 1384 1367 1349 1316 1324
543.106018 1333 1338 1365 1383 1372 1367 1348 1311 1320
543.119995 1324 1352 1365 1375 1388 1359 1345 1322 1325
543.132996 1324 1342 1377 1378 1389 1366 1341 1319 1321
543.145996 1331 1350 1372 1400 1392 1362 1336 1319 1323
543.158997 1342 1352 1376 1389 1395 1367 1341 1330 1323
543.172974 1326 1346 1369 1401 1393 1389 1353 1325 1324
543.185974 1329 1363 1370 1405 1389 1373 1336 1321 1316
543.198975 1331 1350 1379 1398 1394 1374 1342 1337 1325
543.213013 1335 1356 1376 1397 1385 1364 1346 1331 1322
543.226013 1337 1355 1396 1401 1411 1372 1345 1318 1326
543.239014 1334 1369 1382 1405 1402 1382 1350 1325 1333
543.252014 1329 1351 1379 1401 1399 1373 1342 1328 1319
543.265991 1331 1346 1387 1399 1408 1365 1342 1333 1314
543.278992 1323 1365 1379 1388 1400 1385 1339 1322 1327
543.291992 1325 1359 1387 1399 1394 1372 1349 1319 1332
543.30603 1334 1351 1381 1408 1405 1388 1342 1322 1326
543.31897 1334 1348 1385 1396 1401 1385 1343 1325 1324
543.33197 1330 1346 1389 1412 1387 1378 1343 1322 1319
543.344971 1330 1354 1371 1395 1393 1369 1345 1321 1322
543.359009 1339 1349 1387 1412 1395 1377 1359 1324 1325
543.372009 1327 1362 1383 1403 1400 1362 1350 1328 1324
543.38501 1338 1352 1385 1402 1399 1379 1350 1318 1325
543.398987 1322 1360 1392 1415 1387 1387 1339 1327 1319
543.411987 1336 1364 1399 1403 1414 1379 1341 1331 1321
543.424988 1334 1356 1396 1421 1419 1380 1357 1317 1331
543.437988 1328 1363 1406 1418 1413 1400 1354 1330 1324
543.452026 1338 1360 1407 1447 1431 1405 1362 1326 1319
543.465027 1329 1389 1432 1454 1439 1422 1359 1318 1333
543.478027 1337 1371 1447 1484 1472 1430 1368 1331 1330
543.491028 1337 1397 1464 1512 1495 1451 1381 1321 1324
543.505005 1335 1406 1484 1543 1513 1474 1393 1331 1345
543.518005 1343 1406 1506 1579 1570 1479 1394 1331 1324
543.531006 1342 1419 1525 1568 1592 1500 1394 1324 1333
543.544983 1345 1424 1515 1574 1568 1488 1389 1326 1325
543.557983 1340 1412 1513 1558 1538 1492 1381 1321 1332
543.570984 1336 1405 1487 1547 1551 1479 1383 1336 1338
543.583984 1334 1388 1466 1502 1494 1454 1390 1325 1326
543.598022 1327 1370 1447 1492 1487 1421 1381 1321 1340
543.611023 1335 1356 1432 1456 1449 1417 1372 1324 1331
543.624023 1335 1370 1405 1428 1435 1392 1356 1326 1326
543.637024 1328 1355 1398 1405 1417 1394 1345 1314 1329
543.651001 1328 1357 1382 1404 1407 1375 1342 1324 1328
543.664001 1329 1349 1386 1403 1398 1373 1348 1333 1315
543.677002 1327 1343 1386 1390 1388 1379 1334 1325 1323
543.690002 1333 1350 1376 1389 1390 1364 1347 1331 1318
543.703979 1333 1352 1372 1386 1384 1358 1343 1323 1325
543.71698 1333 1346 1362 1377 1378 1369 1331 1320 1318
543.72998 1331 1358 1359 1370 1376 1359 1333 1330 1314
543.744019 1325 1331 1357 1380 1374 1360 1337 1323 1324
543.757019 1320 1345 1353 1377 1371 1365 1343 1326 1330
543.77002 1327 1330 1366 1385 1370 1350 1337 1326 1319
543.78302 1327 1326 1363 1376 1374 1360 1340 1323 1321
543.796997 1330 1348 1354 1381 1382 1361 1327 1317 1323
543.809998 1329 1331 1355 1368 1369 1350 1339 1317 1326
543.822998 1325 1331 1358 1369 1361 1354 1342 1321 1323
543.835999 1329 1336 1362 1371 1369 1349 1326 1315 1317
543.849976 1323 1336 1358 1378 1369 1354 1337 1322 1325
543.862976 1326 1337 1350 1368 1362 1353 1329 1312 1325
543.875977 1328 1340 1361 1372 1361 1367 1331 1317 1317
543.888977 1325 1334 1354 1369 1359 1360 1334 1324 1315
543.903015 1326 1343 1354 1366 1375 1361 1335 1321 1324
543.916016 1327 1339 1347 1376 1359 1362 1345 1333 1328
543.929016 1327 1332 1353 1366 1368 1351 1335 1313 1314
543.942017 1326 1348 1362 1363 1363 1344 1331 1321 1327
543.955994 1323 1335 1362 1364 1362 1349 1330 1310 1325
543.968994 1327 1356 1364 1385 1358 1352 1336 1324 1323
543.981995 1323 1347 1366 1371 1360 1356 1342 1319 1315
543.994995 1325 1343 1352 1366 1359 1353 1353 1325 1321
544.008972 1325 1340 1360 1376 1359 1350 1337 1315 1322
544.021973 1330 1340 1358 1362 1366 1365 1333 1324 1325
544.034973 1332 1347 1359 1361 1366 1356 1333 1319 1323
544.047974 1326 1331 1356 1380 1363 1342 1340 1321 1320
544.062012 1329 1340 1359 1374 1368 1365 1335 1319 1313
544.075012 1323 1338 1351 1354 1366 1354 1335 1317 1318
544.088013 1331 1335 1363 1360 1368 1357 1333 1322 1322
544.101013 1336 1338 1353 1366 1365 1352 1337 1312 1317
544.11499 1326 1335 1351 1374 1372 1349 1342 1321 1323
544.127991 1320 1339 1357 1364 1359 1345 1331 1329 1321
544.140991 1324 1352 1357 1357 1362 1343 1336 1318 1319
544.153992 1320 1343 1347 1363 1368 1350 1339 1314 1321
544.166992 1327 1342 1365 1375 1367 1352 1327 1310 1324
544.18103 1323 1334 1361 1373 1359 1363 1327 1320 1324
544.19397 1327 1327 1355 1357 1359 1348 1335 1320 1314
544.20697 1329 1338 1352 1367 1366 1350 1334 1318 1328
544.219971 1322 1338 1364 1371 1359 1354 1324 1319 1330
544.234009 1341 1334 1354 1353 1365 1343 1326 1324 1327
544.247009 1324 1341 1360 1363 1374 1355 1335 1319 1323
544.26001 1315 1347 1360 1371 1370 1364 1334 1320 1311
544.27301 1329 1343 1357 1371 1363 1355 1330 1314 1312
544.286987 1325 1332 1355 1366 1357 1344 1331 1311 1323
544.299988 1332 1337 1353 1364 1375 1350 1334 1322 1316
544.312988 1328 1338 1354 1374 1376 1351 1325 1318 1307
544.325989 1324 1338 1344 1373 1360 1351 1333 1321 1314
544.338989 1319 1344 1359 1372 1369 1352 1332 1321 1312
544.353027 1325 1334 1349 1377 1366 1344 1338 1310 1320
544.366028 1323 1339 1362 1375 1362 1367 1333 1319 1320
544.379028 1327 1340 1347 1359 1363 1353 1333 1314 1329
544.392029 1319 1336 1344 1368 1369 1356 1328 1316 1316
544.406006 1324 1339 1365 1374 1367 1357 1338 1322 1327
544.419006 1326 1342 1367 1383 1372 1356 1336 1319 1316
544.432007 1336 1335 1358 1371 1364 1359 1329 1331 1317
544.445007 1322 1331 1362 1369 1375 1356 1326 1321 1317
544.458008 1329 1341 1353 1380 1366 1353 1330 1321 1323
544.471985 1331 1337 1344 1374 1378 1364 1331 1326 1325
544.484985 1324 1335 1357 1384 1354 1349 1341 1319 1326
544.497986 1330 1348 1365 1367 1375 1360 1332 1318 1315
544.510986 1324 1343 1369 1360 1353 1356 1329 1319 1318
544.525024 1322 1336 1355 1380 1363 1341 1338 1318 1320
544.538025 1324 1338 1351 1363 1356 1355 1336 1321 1309
544.551025 1316 1340 1360 1370 1352 1342 1343 1314 1318
544.564026 1328 1334 1353 1362 1360 1346 1330 1320 1322
544.577026 1322 1334 1361 1372 1366 1359 1339 1322 1325
544.591003 1321 1351 1351 1382 1361 1351 1335 1306 1322
544.604004 1327 1333 1356 1375 1363 1347 1332 1326 1324
544.617004 1318 1331 1358 1379 1355 1354 1335 1320 1321
544.630005 1327 1348 1355 1377 1369 1349 1334 1319 1325
544.643005 1324 1348 1351 1360 1374 1360 1342 1313 1317
544.656982 1326 1337 1364 1371 1367 1352 1328 1318 1322
544.669983 1330 1335 1365 1363 1378 1360 1332 1317 1317
544.682983 1324 1329 1359 1366 1374 1349 1329 1320 1320
544.695984 1324 1335 1358 1371 1371 1337 1338 1326 1325
544.710022 1326 1334 1365 1364 1370 1354 1331 1322 1330
544.723022 1327 1339 1351 1363 1373 1348 1334 1313 1326
544.736023 1323 1348 1352 1369 1366 1360 1329 1318 1319
544.749023 1325 1342 1348 1360 1358 1344 1332 1320 1324
544.762024 1324 1334 1354 1361 1358 1351 1331 1327 1319
544.776001 1324 1345 1347 1370 1373 1355 1339 1323 1308
544.789001 1324 1332 1364 1376 1369 1346 1332 1321 1315
544.802002 1331 1335 1358 1373 1365 1358 1336 1319 1318
544.815002 1325 1343 1362 1366 1371 1357 1337 1318 1316
544.828003 1328 1340 1355 1371 1358 1356 1339 1317 1329
544.84198 1323 1346 1353 1368 1369 1353 1331 1326 1322
544.85498 1338 1332 1359 1379 1365 1354 1334 1320 1325
544.867981 1321 1339 1354 1360 1365 1358 1333 1330 1322
544.880981 1319 1334 1362 1370 1358 1359 1325 1319 1312
544.893982 1320 1345 1366 1375 1363 1363 1339 1316 1320
544.90802 1329 1350 1361 1370 1372 1350 1339 1320 1325
544.921021 1331 1345 1369 1373 1371 1352 1340 1319 1326
544.934021 1331 1339 1356 1365 1374 1347 1347 1320 1325
544.947021 1329 1339 1368 1387 1367 1354 1339 1329 1323
544.960022 1337 1354 1367 1374 1374 1355 1333 1323 1324
544.973022 1332 1342 1368 1365 1377 1356 1342 1323 1319
544.987 1338 1340 1367 1383 1368 1350 1343 1320 1324
545 1325 1347 1358 1377 1381 1350 1346 1314 1325
545.013 1334 1343 1369 1377 1387 1357 1353 1311 1315
545.026001 1324 1344 1354 1365 1380 1346 1333 1324 1326
545.039001 1332 1353 1361 1382 1380 1357 1341 1315 1324
545.052979 1327 1345 1367 1382 1382 1357 1340 1315 1324
545.065979 1327 1343 1366 1383 1384 1355 1336 1319 1320
545.078979 1337 1351 1367 1377 1372 1362 1340 1314 1318
545.09198 1328 1347 1368 1374 1376 1365 1335 1315 1315
545.10498 1327 1342 1368 1370 1386 1362 1335 1320 1321
545.117981 1335 1342 1375 1386 1380 1364 1327 1323 1329
545.132019 1325 1339 1354 1388 1384 1368 1338 1321 1322
545.14502 1331 1351 1355 1380 1379 1366 1331 1321 1321
545.15802 1322 1345 1366 1379 1384 1361 1330 1313 1320
545.171021 1329 1337 1367 1382 1380 1364 1337 1321 1319
545.184021 1318 1337 1367 1386 1365 1356 1333 1318 1323
545.197998 1328 1333 1357 1371 1379 1363 1337 1322 1312
545.210999 1317 1348 1369 1392 1376 1362 1332 1325 1325
545.223999 1327 1342 1378 1372 1375 1363 1335 1321 1321
545.237 1330 1341 1365 1376 1385 1361 1333 1324 1315
545.25 1325 1340 1361 1374 1359 1358 1344 1317 1318
545.263 1321 1343 1362 1381 1374 1361 1335 1322 1328
545.276978 1320 1337 1365 1382 1369 1347 1334 1309 1317
545.289978 1325 1342 1355 1361 1369 1362 1332 1320 1311
545.302979 1328 1347 1357 1379 1369 1350 1339 1320 1318
545.315979 1326 1351 1368 1378 1366 1367 1333 1323 1320
545.328979 1333 1337 1367 1386 1364 1357 1337 1321 1317
545.34198 1328 1336 1365 1389 1373 1366 1334 1316 1313
545.356018 1321 1337 1358 1374 1370 1343 1341 1322 1308
545.369019 1318 1352 1367 1379 1375 1363 1333 1326 1322
545.382019 1324 1342 1361 1366 1364 1344 1337 1321 1321
545.39502 1321 1337 1359 1379 1363 1348 1321 1324 1324
545.40802 1329 1338 1360 1370 1373 1350 1334 1327 1314
545.421021 1319 1330 1346 1370 1366 1347 1342 1315 1317
545.434998 1322 1328 1349 1368 1367 1344 1335 1309 1316
545.447998 1326 1327 1351 1367 1351 1345 1329 1315 1312
545.460999 1321 1333 1359 1366 1372 1353 1331 1316 1313
545.473999 1318 1325 1358 1375 1364 1350 1328 1315 1322
545.487 1318 1340 1356 1370 1361 1348 1321 1316 1312
545.5 1316 1334 1352 1366 1354 1338 1330 1325 1311
545.513977 1318 1334 1351 1361 1359 1348 1326 1318 1319
545.526978 1318 1333 1344 1361 1357 1338 1321 1324 1317
545.539978 1320 1326 1336 1353 1357 1352 1326 1310 1307
545.552979 1323 1335 1344 1347 1343 1351 1331 1319 1312
545.565979 1322 1337 1352 1362 1356 1334 1326 1310 1314
545.578979 1320 1336 1345 1360 1355 1327 1324 1315 1322
545.593018 1321 1331 1344 1356 1360 1344 1332 1312 1314
545.606018 1320 1331 1350 1347 1348 1336 1328 1322 1318
545.619019 1317 1333 1349 1358 1355 1335 1322 1308 1314
545.632019 1324 1330 1344 1354 1342 1340 1324 1318 1315
545.64502 1324 1338 1348 1363 1354 1351 1326 1315 1318
545.65802 1323 1325 1345 1350 1343 1339 1322 1310 1315
545.671021 1320 1325 1337 1347 1361 1340 1324 1310 1319
545.684998 1320 1328 1344 1349 1353 1346 1329 1318 1317
545.697998 1329 1341 1347 1350 1355 1345 1334 1321 1318
545.710999 1317 1336 1350 1347 1360 1345 1321 1317 1315
545.723999 1323 1329 1352 1364 1343 1327 1324 1315 1315
545.737 1315 1327 1348 1343 1348 1345 1320 1316 1314
545.75 1321 1322 1339 1346 1345 1338 1323 1306 1318
545.763 1325 1331 1349 1356 1343 1337 1334 1319 1325
545.776978 1323 1325 1341 1358 1358 1333 1320 1318 1315
545.789978 1322 1335 1333 1359 1349 1337 1329 1311 1315
545.802979 1317 1329 1346 1352 1346 1339 1322 1316 1308
545.815979 1314 1333 1348 1347 1348 1343 1324 1315 1318
545.828979 1312 1331 1343 1346 1348 1348 1325 1316 1309
545.84198 1321 1325 1343 1345 1352 1338 1330 1311 1317
545.85498 1317 1320 1345 1361 1335 1336 1327 1313 1316
545.869019 1315 1325 1343 1349 1343 1340 1323 1309 1307
545.882019 1325 1333 1340 1351 1350 1332 1324 1316 1319
545.89502 1318 1334 1340 1349 1348 1336 1325 1317 1316
545.90802 1318 1319 1338 1364 1342 1333 1329 1317 1312
545.921021 1324 1334 1342 1344 1351 1341 1327 1311 1314
545.934021 1309 1337 1347 1349 1338 1331 1323 1318 1317
545.947021 1325 1330 1341 1360 1345 1338 1323 1311 1310
545.960022 1316 1334 1335 1350 1345 1331 1323 1318 1312
545.973999 1310 1335 1343 1349 1352 1332 1326 1319 1315
545.987 1320 1324 1335 1352 1341 1335 1320 1317 1310
546 1313 1336 1332 1339 1348 1344 1322 1316 1310
546.013 1310 1325 1337 1353 1343 1334 1320 1313 1314
546.026001 1323 1335 1327 1348 1344 1326 1322 1321 1315
546.039001 1320 1320 1333 1344 1343 1328 1318 1317 1315
546.052002 1316 1329 1334 1350 1341 1343 1324 1317 1311
546.065002 1314 1328 1330 1343 1344 1334 1318 1311 1310
546.078979 1315 1319 1330 1348 1330 1328 1324 1311 1313
546.09198 1317 1325 1324 1344 1341 1333 1323 1305 1314
546.10498 1311 1320 1326 1343 1342 1331 1327 1308 1316
546.117981 1316 1329 1335 1349 1334 1333 1329 1309 1319
546.130981 1322 1320 1337 1339 1333 1336 1320 1317 1321
546.143982 1325 1326 1336 1341 1348 1335 1319 1310 1314
546.156982 1317 1326 1329 1345 1344 1332 1309 1318 1318
546.169983 1319 1320 1330 1348 1336 1327 1326 1322 1306
546.184021 1319 1327 1334 1362 1343 1337 1308 1316 1305
546.197021 1310 1328 1341 1336 1340 1333 1324 1313 1309
546.210022 1315 1321 1335 1351 1348 1333 1317 1310 1322
546.223022 1317 1320 1328 1343 1348 1324 1329 1313 1315
546.236023 1325 1327 1337 1345 1338 1335 1323 1306 1308
546.249023 1316 1335 1343 1346 1345 1328 1322 1307 1307
546.262024 1315 1330 1339 1351 1342 1341 1317 1315 1317
546.275024 1315 1321 1332 1337 1340 1327 1319 1314 1316
546.289001 1314 1327 1337 1345 1341 1330 1320 1315 1315
546.302002 1316 1329 1341 1348 1341 1332 1318 1306 1310
546.315002 1313 1327 1345 1334 1344 1329 1323 1312 1313
546.328003 1324 1326 1339 1341 1350 1340 1316 1310 1307
546.341003 1315 1323 1330 1350 1339 1332 1314 1308 1307
546.354004 1314 1331 1335 1349 1350 1337 1325 1311 1311
546.367004 1319 1327 1346 1339 1345 1336 1329 1311 1309
546.380005 1315 1318 1344 1342 1335 1338 1321 1317 1307
546.393005 1316 1334 1339 1333 1345 1334 1317 1309 1315
546.406006 1320 1324 1342 1342 1343 1336 1316 1308 1316
546.419983 1308 1329 1346 1349 1337 1328 1326 1314 1312
546.432983 1319 1323 1326 1344 1344 1337 1316 1316 1316
546.445984 1316 1322 1330 1341 1342 1331 1318 1306 1314
546.458984 1316 1322 1341 1338 1343 1340 1321 1308 1312
546.471985 1313 1327 1333 1342 1347 1326 1317 1320 1305
546.484985 1312 1333 1341 1350 1353 1338 1323 1309 1308
546.497986 1319 1325 1335 1342 1342 1338 1325 1315 1309
546.510986 1319 1322 1337 1341 1338 1330 1318 1308 1314
546.523987 1317 1321 1334 1338 1339 1330 1326 1312 1308
546.536987 1316 1323 1339 1349 1338 1330 1312 1307 1309
546.551025 1317 1330 1331 1334 1335 1331 1317 1305 1316
546.564026 1318 1337 1330 1335 1331 1336 1321 1317 1311
546.577026 1322 1325 1338 1342 1335 1333 1313 1314 1311
546.590027 1321 1323 1336 1344 1330 1328 1319 1310 1318
546.603027 1314 1321 1332 1346 1345 1327 1317 1310 1311
546.616028 1315 1322 1345 1338 1331 1338 1318 1317 1309
546.629028 1322 1331 1330 1334 1343 1326 1306 1313 1316
546.642029 1320 1326 1341 1336 1339 1336 1323 1310 1318
546.655029 1313 1316 1326 1345 1334 1335 1309 1304 1309
546.66803 1318 1326 1332 1343 1342 1336 1322 1312 1316
546.682007 1308 1317 1339 1347 1346 1337 1317 1319 1316
546.695007 1310 1316 1326 1343 1344 1329 1323 1307 1315
546.708008 1317 1318 1330 1339 1339 1325 1307 1314 1306
546.721008 1313 1319 1333 1345 1339 1322 1317 1305 1311
546.734009 1311 1318 1333 1339 1341 1334 1319 1315 1307
546.747009 1317 1321 1334 1333 1333 1336 1313 1313 1307
546.76001 1315 1332 1337 1347 1336 1328 1319 1309 1306
546.77301 1322 1322 1327 1334 1327 1327 1321 1306 1309
546.786011 1316 1319 1325 1333 1326 1321 1320 1304 1310
546.799011 1312 1322 1329 1339 1344 1332 1320 1312 1311
546.812012 1305 1315 1337 1332 1325 1332 1318 1313 1310
546.825012 1312 1323 1322 1335 1340 1323 1322 1314 1306
546.838989 1317 1323 1330 1333 1332 1327 1318 1307 1302
546.85199 1313 1321 1340 1334 1331 1320 1315 1307 1309
546.86499 1317 1324 1327 1347 1346 1332 1314 1310 1310
546.877991 1314 1327 1328 1331 1349 1327 1322 1312 1302
546.890991 1315 1320 1329 1334 1329 1317 1325 1311 1309
546.903992 1311 1319 1326 1332 1331 1323 1314 1310 1315
546.916992 1305 1317 1339 1333 1339 1325 1319 1306 1312
546.929993 1308 1310 1328 1340 1338 1316 1316 1304 1303
546.942993 1314 1315 1335 1335 1329 1334 1313 1320 1316
546.955994 1315 1324 1336 1339 1330 1327 1313 1311 1311
546.968994 1317 1321 1329 1335 1342 1327 1322 1304 1308
546.981995 1311 1321 1326 1334 1329 1330 1318 1313 1311
546.994995 1312 1323 1318 1332 1335 1322 1312 1315 1306
547.007996 1309 1317 1330 1336 1327 1322 1315 1303 1309
547.020996 1311 1329 1333 1327 1327 1323 1319 1301 1307
547.034973 1307 1323 1334 1332 1341 1318 1310 1305 1305
547.047974 1312 1318 1332 1335 1335 1327 1311 1301 1309
547.060974 1312 1305 1332 1344 1324 1320 1310 1306 1310
547.073975 1311 1315 1332 1332 1326 1318 1312 1310 1302
547.086975 1306 1314 1327 1339 1332 1322 1320 1307 1314
547.099976 1314 1317 1317 1334 1329 1324 1314 1301 1314
547.112976 1309 1322 1322 1324 1329 1328 1304 1313 1305
547.125977 1307 1313 1324 1328 1334 1333 1315 1308 1310
547.138977 1315 1324 1324 1326 1326 1323 1322 1305 1301
547.151978 1320 1322 1323 1324 1337 1324 1316 1304 1299
547.164978 1310 1324 1338 1337 1331 1327 1312 1311 1309
547.177979 1313 1315 1329 1325 1330 1320 1311 1307 1309
547.190979 1308 1319 1319 1326 1330 1330 1311 1308 1308
547.203979 1307 1317 1319 1323 1328 1319 1319 1312 1309
547.21698 1305 1324 1329 1324 1336 1325 1315 1307 1305
547.22998 1314 1313 1320 1341 1327 1322 1313 1304 1308
547.244019 1311 1318 1325 1334 1320 1317 1313 1309 1307
547.257019 1305 1311 1320 1331 1331 1315 1315 1309 1305
547.27002 1313 1328 1332 1333 1334 1328 1320 1304 1311
547.28302 1313 1312 1329 1326 1332 1323 1314 1310 1308
547.296021 1314 1324 1316 1326 1331 1320 1304 1307 1307
547.309021 1315 1318 1327 1322 1335 1316 1321 1304 1311
547.322021 1311 1318 1322 1326 1335 1324 1311 1308 1307
547.335022 1313 1323 1324 1322 1326 1325 1318 1305 1304
547.348022 1314 1326 1325 1331 1327 1317 1315 1300 1311
547.361023 1318 1317 1320 1325 1345 1321 1316 1309 1303
547.374023 1307 1311 1334 1337 1325 1325 1311 1299 1309
547.387024 1307 1318 1324 1323 1327 1317 1312 1309 1309
547.400024 1306 1318 1336 1332 1330 1318 1309 1304 1305
547.413025 1315 1317 1325 1333 1332 1320 1310 1318 1309
547.426025 1310 1310 1320 1332 1331 1325 1312 1303 1308
547.439026 1316 1312 1311 1332 1331 1319 1313 1304 1306
547.452026 1306 1318 1324 1315 1325 1323 1314 1306 1307
547.465027 1310 1317 1323 1327 1324 1317 1306 1301 1316
547.478027 1304 1310 1324 1325 1326 1317 1317 1309 1311
547.491028 1310 1314 1324 1328 1323 1326 1313 1308 1309
547.504028 1311 1317 1320 1324 1313 1318 1311 1306 1309
547.518005 1316 1309 1323 1329 1327 1328 1322 1306 1309
547.531006 1314 1316 1319 1331 1332 1316 1311 1307 1310
547.544006 1315 1318 1328 1328 1332 1318 1315 1312 1298
547.557007 1308 1317 1312 1333 1331 1328 1316 1303 1311
547.570007 1311 1313 1332 1327 1323 1318 1319 1308 1305
547.583008 1310 1323 1321 1323 1320 1319 1312 1309 1306
547.596008 1318 1317 1324 1330 1324 1318 1324 1305 1303
547.609009 1308 1314 1327 1319 1328 1317 1308 1306 1307
547.622009 1318 1312 1325 1316 1326 1320 1317 1310 1310
547.63501 1313 1313 1321 1334 1322 1324 1319 1311 1307
547.64801 1315 1304 1321 1325 1326 1327 1314 1314 1314
547.661011 1317 1316 1328 1324 1330 1331 1319 1319 1311
547.674011 1321 1329 1329 1327 1336 1319 1321 1318 1314
547.687012 1317 1317 1330 1338 1331 1324 1319 1328 1313
547.700012 1321 1317 1321 1328 1333 1327 1313 1320 1318
547.713013 1313 1326 1328 1334 1332 1313 1324 1318 1318
547.726013 1327 1326 1323 1335 1322 1333 1322 1316 1321
547.739014 1317 1326 1327 1333 1328 1327 1317 1310 1312
547.752014 1322 1322 1329 1329 1332 1321 1317 1313 1306
547.765015 1318 1318 1321 1322 1326 1323 1320 1324 1311
547.778015 1319 1321 1325 1335 1322 1320 1321 1317 1303
547.791016 1311 1316 1320 1329 1321 1320 1322 1308 1309
547.804016 1312 1314 1322 1332 1328 1320 1314 1306 1319
547.817017 1308 1313 1323 1338 1331 1315 1315 1312 1308
547.830017 1310 1323 1320 1321 1325 1328 1308 1299 1305
547.843018 1311 1309 1313 1321 1318 1314 1309 1301 1303
547.856018 1309 1320 1321 1329 1329 1320 1318 1321 1306
547.869019 1310 1312 1317 1326 1324 1313 1307 1305 1302
547.882019 1310 1315 1318 1329 1330 1317 1311 1306 1301
547.89502 1310 1309 1314 1323 1320 1322 1305 1310 1302
547.90802 1314 1317 1318 1325 1319 1318 1309 1305 1312
547.921021 1315 1315 1316 1325 1333 1324 1314 1304 1299
547.934021 1311 1311 1322 1336 1324 1315 1313 1302 1304
547.947021 1313 1312 1315 1328 1326 1318 1308 1302 1298
547.960022 1310 1317 1323 1332 1321 1321 1307 1307 1304
547.973022 1310 1318 1319 1328 1323 1314 1313 1301 1304
547.986023 1311 1310 1324 1325 1328 1313 1308 1299 1304
547.999023 1305 1312 1326 1321 1325 1324 1302 1304 1296
548.012024 1318 1313 1320 1332 1326 1319 1312 1303 1298
548.025024 1315 1307 1320 1320 1327 1318 1313 1309 1307
548.038025 1303 1312 1323 1324 1323 1319 1314 1305 1300
548.051025 1305 1315 1316 1320 1329 1317 1314 1304 1308
548.064026 1306 1317 1323 1321 1325 1317 1307 1302 1304
548.077026 1311 1304 1318 1315 1329 1317 1315 1307 1304
548.090027 1302 1320 1323 1328 1321 1322 1304 1299 1308
548.103027 1311 1316 1314 1325 1326 1321 1311 1304 1301
548.116028 1304 1313 1321 1330 1324 1324 1307 1309 1302
548.129028 1309 1307 1315 1325 1316 1320 1313 1305 1301
548.142029 1309 1315 1324 1325 1328 1314 1310 1303 1304
548.155029 1306 1313 1318 1322 1319 1315 1309 1301 1310
548.16803 1309 1306 1316 1318 1318 1321 1302 1303 1298
548.18103 1308 1314 1325 1334 1320 1314 1319 1303 1301
548.19397 1306 1317 1319 1325 1323 1311 1309 1297 1299
548.20697 1306 1311 1327 1327 1325 1308 1309 1307 1305
548.219971 1303 1308 1320 1329 1319 1318 1308 1303 1305
548.232971 1303 1313 1325 1325 1326 1321 1310 1298 1302
548.245972 1296 1307 1319 1324 1323 1320 1309 1300 1299
548.258972 1308 1304 1316 1338 1328 1308 1303 1300 1299
548.271973 1303 1309 1321 1322 1325 1316 1311 1293 1302
548.284973 1305 1304 1325 1312 1323 1312 1314 1304 1310
548.297974 1307 1314 1316 1325 1319 1315 1299 1306 1299
548.310974 1313 1313 1316 1325 1320 1317 1317 1301 1302
548.323975 1312 1309 1323 1337 1323 1320 1302 1304 1301
548.336975 1306 1304 1318 1331 1324 1313 1307 1296 1309
548.349976 1308 1317 1328 1325 1325 1314 1314 1297 1305
548.362976 1305 1315 1324 1327 1331 1315 1299 1306 1304
548.375977 1303 1306 1321 1335 1323 1325 1313 1303 1307
548.388977 1306 1319 1318 1322 1323 1314 1309 1302 1301
548.401978 1317 1319 1320 1322 1322 1324 1309 1307 1300
548.414978 1308 1316 1323 1334 1331 1321 1304 1304 1305
548.427979 1306 1302 1311 1337 1325 1318 1309 1311 1296
548.440979 1311 1311 1318 1329 1321 1313 1301 1305 1299
548.453979 1305 1315 1312 1328 1324 1323 1307 1295 1293
548.46698 1303 1306 1308 1322 1322 1320 1311 1301 1297
548.47998 1306 1309 1327 1318 1321 1318 1302 1304 1295
548.492981 1314 1300 1315 1330 1323 1317 1301 1300 1297
548.505981 1305 1308 1325 1326 1321 1310 1308 1297 1297
548.518982 1309 1307 1325 1317 1325 1312 1310 1305 1301
548.531982 1303 1305 1323 1323 1320 1314 1310 1300 1299
548.544983 1307 1311 1318 1324 1325 1319 1310 1299 1304
548.557983 1303 1316 1323 1317 1323 1319 1302 1307 1304
548.570984 1308 1313 1323 1330 1336 1306 1310 1303 1301
548.583984 1308 1307 1319 1326 1319 1319 1311 1298 1301
548.596985 1306 1317 1321 1328 1327 1311 1302 1302 1303
548.609985 1298 1314 1323 1312 1321 1318 1317 1300 1306
548.622986 1311 1312 1323 1320 1321 1320 1306 1293 1307
548.635986 1305 1313 1326 1317 1317 1317 1304 1298 1302
548.648987 1309 1304 1314 1327 1325 1318 1309 1304 1297
548.661987 1307 1305 1324 1324 1319 1313 1302 1294 1303
548.674988 1306 1316 1327 1325 1330 1318 1311 1301 1301
548.687988 1310 1312 1323 1325 1331 1313 1309 1300 1299
548.700989 1308 1308 1322 1324 1327 1316 1310 1303 1302
548.713989 1304 1308 1315 1319 1328 1324 1304 1300 1302
548.72699 1310 1308 1323 1324 1324 1320 1315 1307 1300
548.739014 1310 1314 1318 1325 1329 1326 1310 1293 1306
