0 11.25 22.5 33.75 45 56.25 67.5 78.75 90
535.080017 1270 1271 1268 1268 1270 1267 1269 1266 1268
535.093994 1267 1268 1267 1270 1268 1267 1268 1269 1267
535.106995 1269 1266 1264 1266 1266 1268 1268 1265 1267
535.120972 1268 1268 1269 1268 1267 1266 1270 1268 1268
535.13501 1265 1264 1264 1269 1268 1265 1267 1270 1266
535.148987 1269 1264 1265 1269 1269 1267 1266 1268 1266
535.161987 1270 1268 1268 1269 1270 1267 1266 1268 1266
535.176025 1270 1263 1266 1263 1265 1266 1267 1266 1265
535.190002 1268 1265 1268 1267 1262 1268 1265 1266 1265
535.203003 1266 1266 1269 1265 1265 1265 1264 1265 1264
535.21698 1265 1265 1267 1266 1265 1265 1270 1265 1265
535.231018 1265 1267 1266 1267 1266 1263 1270 1267 1266
535.244995 1264 1265 1265 1266 1269 1266 1267 1268 1268
535.257996 1265 1265 1269 1264 1267 1267 1264 1267 1265
535.271973 1268 1266 1266 1266 1266 1266 1268 1266 1265
535.286011 1269 1269 1267 1264 1264 1268 1265 1262 1263
535.299011 1264 1262 1266 1263 1264 1264 1265 1264 1262
535.312988 1264 1263 1266 1265 1267 1267 1264 1266 1263
535.327026 1265 1265 1264 1271 1264 1264 1266 1263 1265
535.341003 1265 1265 1266 1270 1264 1266 1264 1267 1264
535.354004 1268 1268 1265 1267 1263 1265 1265 1266 1268
535.367981 1265 1263 1267 1266 1268 1266 1265 1264 1269
535.382019 1265 1265 1266 1262 1267 1266 1267 1265 1266
535.39502 1267 1264 1268 1266 1268 1268 1266 1267 1263
535.408997 1265 1265 1264 1265 1266 1265 1264 1266 1265
535.422974 1264 1266 1266 1264 1265 1263 1265 1263 1264
535.435974 1266 1262 1266 1268 1264 1264 1264 1267 1267
535.450012 1266 1265 1265 1265 1265 1261 1264 1269 1266
535.463989 1268 1268 1266 1266 1265 1269 1265 1267 1266
535.478027 1265 1263 1268 1268 1265 1263 1265 1265 1262
535.491028 1268 1266 1268 1268 1263 1264 1266 1262 1264
535.505005 1262 1265 1264 1264 1263 1264 1265 1262 1265
535.518982 1265 1263 1266 1265 1266 1264 1263 1266 1266
535.531982 1263 1264 1266 1267 1264 1263 1262 1267 1265
535.546021 1266 1264 1265 1268 1261 1265 1267 1267 1264
535.559998 1267 1265 1260 1264 1266 1267 1263 1265 1268
535.572998 1268 1265 1268 1264 1264 1265 1264 1264 1266
535.586975 1266 1267 1267 1265 1265 1267 1267 1265 1266
535.601013 1266 1265 1267 1264 1264 1266 1265 1264 1264
535.61499 1266 1265 1264 1267 1264 1270 1264 1268 1265
535.627991 1265 1267 1263 1265 1263 1262 1264 1263 1266
535.642029 1264 1266 1265 1269 1263 1265 1267 1266 1264
535.656006 1266 1269 1265 1269 1267 1266 1266 1268 1262
535.669006 1266 1268 1267 1265 1266 1270 1264 1264 1264
535.682983 1269 1268 1268 1263 1264 1263 1266 1264 1262
535.697021 1265 1264 1266 1265 1262 1264 1265 1266 1265
535.710022 1262 1265 1262 1265 1263 1263 1264 1265 1263
535.723999 1267 1265 1263 1270 1266 1266 1265 1265 1268
535.737976 1264 1263 1267 1268 1264 1267 1266 1266 1265
535.750977 1266 1263 1269 1262 1266 1265 1266 1265 1264
535.765015 1265 1267 1266 1265 1266 1263 1264 1266 1262
535.778992 1264 1266 1263 1265 1265 1265 1266 1265 1262
535.791992 1263 1266 1266 1266 1266 1263 1266 1264 1262
535.80603 1264 1265 1265 1271 1265 1266 1263 1268 1266
535.820007 1265 1264 1262 1266 1262 1265 1266 1264 1267
535.833984 1263 1266 1266 1264 1263 1265 1261 1268 1264
535.846985 1266 1267 1264 1265 1266 1266 1267 1265 1266
535.861023 1263 1266 1267 1264 1265 1265 1267 1266 1263
535.875 1267 1268 1267 1261 1263 1264 1266 1261 1265
535.888 1266 1267 1267 1266 1265 1265 1266 1264 1258
535.901978 1265 1265 1264 1264 1264 1265 1267 1262 1265
535.916016 1265 1264 1263 1267 1262 1261 1264 1263 1264
535.929016 1266 1266 1265 1265 1263 1263 1268 1263 1265
535.942993 1266 1267 1263 1264 1266 1267 1266 1266 1262
535.95697 1266 1262 1264 1263 1261 1262 1266 1266 1266
535.969971 1266 1267 1266 1266 1264 1267 1265 1267 1262
535.984009 1266 1266 1267 1266 1263 1263 1266 1264 1264
535.997986 1269 1267 1266 1266 1267 1263 1262 1263 1264
536.010986 1264 1265 1263 1265 1262 1262 1268 1265 1263
536.025024 1264 1267 1263 1268 1265 1261 1265 1269 1264
536.039001 1265 1266 1266 1266 1262 1266 1264 1266 1264
536.052002 1265 1267 1268 1263 1263 1264 1266 1264 1262
536.065979 1267 1265 1268 1263 1265 1264 1266 1262 1263
536.080017 1263 1263 1267 1265 1266 1267 1265 1263 1266
536.093018 1265 1264 1264 1271 1265 1264 1264 1265 1265
536.106995 1263 1267 1263 1270 1265 1266 1266 1266 1266
536.120972 1262 1264 1265 1267 1266 1267 1265 1266 1264
536.133972 1267 1264 1264 1268 1265 1265 1265 1265 1265
536.14801 1267 1264 1267 1265 1265 1265 1263 1265 1262
536.161987 1270 1265 1266 1263 1266 1264 1262 1264 1264
536.174988 1264 1266 1264 1265 1265 1266 1263 1260 1264
536.189026 1269 1266 1264 1264 1265 1265 1267 1264 1265
536.203003 1263 1266 1263 1266 1264 1262 1268 1262 1263
536.216003 1261 1264 1263 1264 1262 1263 1264 1264 1267
536.22998 1265 1265 1266 1267 1266 1263 1264 1264 1265
536.244019 1265 1264 1267 1265 1264 1267 1263 1262 1266
536.257019 1264 1265 1266 1262 1266 1265 1263 1267 1261
536.270996 1261 1267 1265 1265 1264 1267 1266 1263 1265
536.284973 1262 1266 1265 1265 1265 1264 1265 1264 1266
536.297974 1263 1263 1265 1267 1263 1262 1265 1266 1264
536.312012 1263 1268 1264 1268 1264 1267 1268 1265 1266
536.325989 1268 1267 1265 1265 1266 1267 1267 1266 1266
536.338989 1267 1267 1266 1266 1265 1266 1265 1267 1265
536.353027 1266 1268 1267 1268 1266 1263 1263 1265 1263
536.367004 1264 1265 1269 1265 1266 1265 1264 1265 1268
536.380005 1263 1261 1264 1269 1266 1265 1266 1264 1267
536.393982 1265 1264 1266 1267 1265 1266 1264 1264 1263
536.40802 1265 1267 1262 1266 1265 1265 1263 1264 1267
536.421021 1263 1262 1266 1263 1265 1265 1265 1265 1266
536.434998 1266 1264 1264 1266 1267 1264 1265 1264 1265
536.448975 1266 1265 1265 1264 1267 1265 1265 1268 1264
536.461975 1265 1265 1265 1265 1264 1264 1265 1266 1263
536.476013 1265 1266 1266 1265 1267 1262 1264 1266 1266
536.48999 1264 1268 1262 1267 1263 1264 1268 1262 1268
536.502991 1265 1262 1264 1265 1267 1266 1268 1265 1262
536.517029 1265 1266 1265 1262 1263 1266 1264 1266 1266
536.530029 1266 1263 1265 1263 1266 1264 1263 1263 1265
536.544006 1261 1264 1265 1267 1264 1265 1265 1262 1264
536.557983 1266 1266 1267 1268 1262 1267 1266 1265 1264
536.570984 1266 1267 1267 1270 1267 1265 1267 1268 1262
536.585022 1264 1267 1268 1267 1266 1266 1267 1266 1265
536.598999 1267 1265 1266 1268 1263 1265 1270 1267 1265
536.612 1266 1265 1263 1266 1266 1266 1265 1264 1265
536.625977 1267 1266 1265 1265 1266 1262 1265 1267 1264
536.640015 1266 1265 1262 1265 1266 1265 1267 1266 1264
536.653015 1265 1266 1265 1263 1263 1267 1265 1263 1265
536.666992 1261 1267 1267 1269 1265 1265 1267 1266 1263
536.68103 1263 1265 1265 1267 1265 1264 1266 1264 1264
536.69397 1268 1264 1265 1267 1266 1265 1265 1265 1264
536.708008 1268 1264 1267 1263 1262 1268 1265 1267 1264
536.721008 1266 1265 1265 1265 1266 1266 1262 1265 1264
536.734985 1267 1264 1268 1262 1266 1266 1264 1263 1263
536.749023 1264 1264 1264 1264 1266 1267 1266 1264 1265
536.762024 1266 1264 1267 1262 1263 1266 1265 1266 1266
536.776001 1266 1266 1265 1268 1266 1265 1265 1267 1264
536.789978 1266 1266 1263 1269 1265 1264 1263 1266 1265
536.802979 1265 1263 1267 1266 1265 1265 1267 1266 1264
536.817017 1265 1264 1266 1261 1265 1264 1264 1267 1266
536.830994 1265 1268 1265 1265 1266 1266 1262 1263 1262
536.843994 1268 1266 1267 1266 1264 1269 1267 1264 1266
536.857971 1265 1265 1267 1267 1266 1263 1266 1265 1264
536.870972 1265 1267 1264 1270 1265 1267 1268 1265 1267
536.88501 1267 1267 1265 1269 1264 1265 1266 1265 1264
536.898987 1266 1269 1267 1267 1266 1264 1264 1267 1268
536.911987 1265 1266 1268 1263 1264 1266 1262 1268 1265
536.926025 1267 1268 1266 1266 1266 1267 1266 1266 1265
536.940002 1264 1266 1268 1268 1268 1266 1262 1264 1264
536.953003 1266 1266 1267 1268 1263 1268 1263 1264 1268
536.96698 1263 1265 1266 1266 1265 1265 1268 1265 1263
536.97998 1264 1265 1267 1268 1265 1266 1268 1268 1263
536.994019 1266 1265 1265 1265 1266 1267 1266 1265 1264
537.007996 1266 1261 1264 1264 1264 1268 1266 1266 1269
537.020996 1270 1265 1268 1264 1264 1270 1263 1267 1267
537.034973 1265 1266 1267 1268 1264 1266 1264 1265 1265
537.049011 1266 1266 1266 1268 1266 1271 1267 1261 1268
537.062012 1266 1266 1265 1268 1269 1264 1270 1266 1268
537.075989 1266 1266 1266 1268 1266 1266 1267 1268 1268
537.088989 1267 1264 1265 1267 1266 1268 1268 1266 1267
537.103027 1267 1267 1265 1265 1266 1269 1265 1269 1267
537.117004 1266 1268 1266 1265 1264 1263 1271 1266 1267
537.130005 1265 1268 1268 1271 1265 1266 1264 1264 1266
537.143982 1268 1268 1269 1267 1264 1267 1267 1264 1264
537.15802 1268 1268 1264 1267 1267 1268 1270 1265 1269
537.171021 1266 1267 1267 1268 1268 1268 1269 1265 1268
537.184998 1265 1268 1269 1267 1270 1267 1268 1267 1265
537.197998 1269 1264 1268 1268 1268 1267 1267 1270 1265
537.211975 1265 1271 1268 1264 1270 1267 1269 1269 1268
537.226013 1266 1269 1269 1271 1266 1267 1268 1268 1266
537.239014 1273 1273 1274 1274 1273 1276 1272 1275 1278
537.252991 1269 1268 1268 1268 1272 1269 1268 1267 1269
537.265991 1271 1268 1268 1266 1269 1270 1272 1272 1271
537.280029 1267 1272 1268 1270 1272 1271 1267 1271 1271
537.294006 1264 1276 1270 1272 1269 1270 1269 1272 1273
537.307007 1272 1272 1276 1270 1272 1269 1274 1269 1276
537.320984 1276 1273 1277 1271 1273 1273 1272 1273 1270
537.333984 1274 1270 1275 1277 1276 1270 1272 1274 1271
537.348022 1272 1277 1274 1273 1278 1273 1279 1279 1272
537.362 1268 1269 1273 1271 1273 1273 1278 1271 1272
537.375 1271 1272 1276 1274 1273 1271 1277 1272 1271
537.388977 1271 1274 1272 1273 1270 1264 1271 1269 1270
537.403015 1273 1272 1270 1275 1271 1275 1270 1270 1269
537.416016 1267 1268 1269 1268 1273 1267 1268 1268 1268
537.429993 1270 1268 1271 1272 1270 1269 1266 1269 1267
537.442993 1269 1273 1267 1273 1269 1275 1269 1270 1269
537.45697 1266 1270 1272 1270 1271 1264 1271 1268 1268
537.471008 1272 1266 1270 1270 1272 1268 1266 1271 1269
537.484009 1266 1267 1269 1270 1268 1271 1268 1268 1267
537.497986 1270 1268 1269 1274 1273 1272 1266 1267 1269
537.510986 1269 1267 1270 1272 1272 1267 1269 1266 1269
537.525024 1271 1272 1271 1271 1273 1272 1267 1267 1272
537.539001 1269 1269 1271 1270 1272 1271 1270 1268 1268
537.552002 1267 1266 1267 1274 1271 1271 1272 1268 1268
537.565979 1268 1270 1270 1276 1277 1273 1268 1273 1267
537.578979 1268 1274 1270 1270 1273 1271 1268 1270 1271
537.593018 1270 1273 1267 1274 1270 1271 1270 1270 1269
537.606995 1272 1271 1274 1273 1274 1272 1271 1268 1267
537.619995 1272 1274 1275 1273 1277 1270 1277 1270 1268
537.633972 1272 1274 1271 1275 1274 1274 1274 1267 1268
537.646973 1271 1271 1275 1277 1272 1271 1273 1274 1270
537.661011 1270 1272 1273 1273 1274 1277 1270 1271 1269
537.674011 1270 1275 1271 1272 1273 1273 1271 1272 1272
537.687988 1270 1270 1274 1273 1269 1274 1271 1275 1270
537.702026 1270 1273 1276 1280 1274 1276 1272 1270 1269
537.715027 1269 1273 1270 1276 1277 1272 1272 1266 1267
537.729004 1274 1270 1277 1280 1279 1276 1275 1268 1272
537.742004 1271 1277 1277 1272 1275 1274 1278 1269 1271
537.755981 1270 1273 1281 1272 1272 1276 1271 1272 1275
537.77002 1274 1273 1274 1276 1280 1278 1275 1274 1276
537.78302 1276 1276 1276 1276 1277 1275 1269 1274 1275
537.796997 1275 1272 1278 1274 1279 1280 1271 1271 1274
537.809998 1277 1276 1280 1281 1279 1274 1271 1273 1266
537.823975 1274 1274 1280 1282 1280 1278 1275 1274 1271
537.836975 1271 1277 1277 1281 1279 1282 1277 1271 1271
537.851013 1278 1282 1275 1281 1279 1278 1277 1271 1271
537.86499 1273 1276 1279 1284 1278 1274 1275 1276 1273
537.877991 1280 1282 1280 1282 1279 1282 1276 1277 1277
537.892029 1275 1284 1283 1282 1278 1283 1285 1278 1276
537.905029 1276 1277 1283 1282 1282 1283 1280 1276 1275
537.919006 1277 1279 1281 1276 1283 1283 1279 1281 1273
537.932007 1272 1276 1286 1284 1288 1283 1279 1279 1274
537.945984 1276 1277 1283 1288 1284 1282 1283 1276 1278
537.960022 1279 1282 1288 1286 1285 1281 1272 1280 1281
537.973022 1280 1282 1286 1291 1283 1280 1279 1283 1280
537.987 1279 1283 1287 1289 1293 1285 1279 1280 1279
538 1279 1283 1285 1290 1288 1282 1285 1279 1277
538.013977 1284 1284 1286 1287 1286 1291 1287 1277 1280
538.028015 1275 1284 1279 1295 1289 1289 1282 1287 1276
538.041016 1282 1282 1291 1293 1293 1292 1285 1281 1286
538.054993 1283 1291 1295 1294 1286 1283 1285 1282 1280
538.067993 1283 1276 1291 1292 1296 1289 1285 1284 1285
538.08197 1285 1292 1290 1295 1296 1288 1285 1278 1277
538.094971 1283 1288 1297 1295 1289 1291 1290 1281 1284
538.109009 1285 1289 1289 1299 1292 1294 1286 1282 1290
538.122009 1283 1289 1292 1302 1292 1292 1288 1288 1283
538.135986 1282 1289 1292 1296 1297 1288 1286 1287 1287
538.150024 1294 1288 1296 1302 1302 1290 1288 1286 1288
538.163025 1279 1291 1296 1307 1297 1286 1287 1285 1290
538.177002 1284 1286 1296 1300 1297 1294 1292 1289 1288
538.190002 1285 1291 1294 1300 1297 1297 1289 1289 1286
538.203979 1290 1291 1299 1302 1303 1295 1289 1282 1295
538.21698 1285 1295 1299 1300 1307 1295 1293 1295 1290
538.231018 1290 1297 1301 1306 1297 1297 1298 1288 1291
538.244995 1294 1295 1298 1313 1303 1298 1298 1299 1296
538.257996 1290 1292 1307 1304 1305 1295 1296 1289 1299
538.271973 1300 1301 1304 1306 1304 1306 1300 1294 1301
538.284973 1297 1298 1307 1314 1311 1306 1302 1295 1296
538.299011 1304 1304 1313 1311 1309 1315 1307 1300 1302
538.312012 1300 1306 1308 1314 1314 1303 1301 1298 1298
538.325989 1298 1309 1312 1310 1312 1321 1302 1299 1297
538.338989 1298 1308 1315 1318 1322 1317 1307 1303 1313
538.353027 1307 1306 1323 1330 1320 1323 1306 1311 1311
538.367004 1306 1315 1322 1317 1322 1320 1305 1304 1308
538.380005 1309 1320 1324 1320 1327 1323 1312 1307 1308
538.393982 1312 1317 1319 1328 1328 1326 1321 1312 1313
538.406982 1311 1319 1327 1322 1322 1328 1323 1312 1314
538.421021 1314 1320 1316 1332 1319 1330 1316 1306 1308
538.434021 1304 1313 1321 1320 1328 1328 1315 1307 1315
538.447998 1314 1325 1316 1335 1333 1330 1312 1306 1314
538.460999 1317 1316 1328 1334 1322 1337 1316 1317 1311
538.474976 1315 1322 1335 1325 1323 1330 1320 1312 1319
538.489014 1311 1322 1329 1328 1333 1325 1325 1316 1317
538.502014 1310 1319 1322 1326 1322 1329 1318 1311 1309
538.515991 1302 1320 1328 1336 1329 1328 1316 1305 1306
538.528992 1307 1316 1329 1336 1337 1330 1315 1317 1309
538.54303 1312 1313 1321 1328 1321 1314 1318 1311 1309
538.55603 1307 1312 1328 1333 1324 1329 1311 1305 1307
538.570007 1315 1321 1318 1324 1334 1319 1314 1302 1311
538.583008 1308 1320 1330 1326 1322 1324 1312 1303 1308
538.596985 1315 1312 1327 1333 1331 1327 1318 1305 1304
538.609985 1306 1317 1323 1338 1331 1314 1319 1301 1313
538.624023 1313 1318 1318 1328 1325 1321 1308 1307 1304
538.638 1303 1314 1329 1344 1316 1324 1315 1309 1313
538.651001 1315 1317 1330 1326 1340 1325 1305 1305 1311
538.664978 1311 1319 1325 1345 1332 1318 1315 1303 1303
538.677979 1314 1323 1330 1334 1334 1325 1305 1302 1311
538.692017 1316 1324 1327 1344 1337 1331 1318 1306 1311
538.705017 1309 1316 1330 1337 1335 1325 1314 1316 1315
538.718994 1313 1326 1325 1339 1340 1326 1317 1310 1308
538.731995 1312 1321 1332 1333 1332 1333 1319 1301 1311
538.745972 1313 1328 1329 1332 1335 1328 1318 1310 1316
538.758972 1312 1320 1333 1343 1344 1323 1313 1302 1309
538.77301 1311 1320 1331 1336 1352 1329 1319 1319 1307
538.786011 1309 1330 1337 1334 1337 1341 1312 1311 1318
538.799988 1319 1317 1332 1338 1329 1327 1316 1308 1312
538.812988 1308 1326 1330 1345 1339 1328 1320 1318 1316
538.827026 1318 1324 1333 1342 1337 1325 1313 1305 1312
538.841003 1312 1317 1336 1334 1346 1325 1323 1311 1312
538.854004 1310 1318 1337 1338 1341 1334 1322 1306 1319
538.867981 1319 1325 1348 1347 1336 1335 1325 1310 1315
538.880981 1321 1325 1328 1337 1322 1337 1318 1312 1317
538.89502 1311 1322 1339 1343 1334 1341 1315 1316 1318
538.90802 1310 1321 1342 1336 1342 1334 1322 1319 1328
538.921997 1314 1334 1336 1341 1340 1332 1335 1318 1321
538.934998 1313 1325 1337 1350 1340 1333 1314 1322 1324
538.948975 1314 1333 1340 1352 1342 1333 1323 1316 1311
538.961975 1316 1329 1336 1351 1348 1333 1321 1324 1319
538.976013 1316 1326 1339 1342 1354 1336 1332 1314 1315
538.989014 1320 1331 1340 1347 1348 1335 1321 1318 1319
539.002991 1318 1333 1332 1352 1341 1334 1328 1317 1313
539.015991 1321 1333 1347 1354 1345 1337 1328 1321 1318
539.030029 1317 1324 1347 1347 1347 1341 1325 1318 1323
539.04303 1314 1323 1346 1344 1351 1332 1325 1316 1317
539.057007 1317 1323 1337 1356 1353 1341 1333 1317 1317
539.070007 1309 1325 1337 1344 1361 1345 1329 1328 1312
539.083984 1315 1324 1346 1354 1350 1342 1331 1311 1317
539.096985 1313 1327 1340 1352 1348 1352 1329 1321 1314
539.111023 1316 1315 1341 1348 1349 1340 1322 1311 1307
539.125 1315 1324 1323 1350 1339 1341 1319 1308 1313
539.138 1318 1317 1335 1348 1349 1334 1322 1315 1316
539.151978 1311 1333 1334 1349 1349 1339 1324 1314 1317
539.164978 1313 1324 1326 1343 1340 1328 1318 1321 1311
539.179016 1325 1325 1336 1343 1349 1336 1323 1315 1322
539.192017 1312 1321 1328 1336 1345 1339 1327 1310 1312
539.205994 1316 1318 1334 1351 1348 1334 1323 1312 1313
539.218994 1308 1329 1338 1342 1341 1335 1323 1308 1318
539.232971 1319 1325 1340 1344 1340 1330 1322 1314 1308
539.245972 1314 1325 1338 1344 1334 1341 1317 1312 1317
539.26001 1321 1321 1344 1353 1338 1329 1324 1318 1313
539.27301 1322 1320 1340 1339 1337 1331 1321 1311 1312
539.286987 1322 1326 1333 1344 1343 1337 1320 1312 1317
539.299988 1315 1324 1329 1346 1344 1331 1322 1313 1313
539.314026 1309 1327 1339 1347 1332 1335 1323 1309 1321
539.327026 1322 1322 1345 1341 1339 1328 1330 1310 1308
539.341003 1316 1321 1332 1356 1336 1337 1320 1310 1312
539.354004 1314 1319 1333 1356 1349 1338 1315 1312 1315
539.367981 1313 1322 1338 1335 1351 1336 1330 1315 1312
539.380981 1318 1327 1331 1346 1340 1327 1325 1311 1311
539.39502 1319 1322 1338 1343 1338 1331 1316 1313 1320
539.40802 1316 1328 1349 1357 1336 1334 1316 1317 1300
539.421997 1310 1328 1335 1347 1333 1337 1324 1314 1318
539.434998 1322 1321 1335 1346 1353 1340 1322 1310 1313
539.448975 1316 1327 1335 1350 1340 1328 1318 1311 1315
539.461975 1314 1325 1335 1346 1352 1333 1320 1316 1312
539.476013 1311 1332 1332 1348 1351 1337 1319 1313 1307
539.489014 1317 1321 1339 1347 1344 1336 1326 1321 1311
539.502991 1310 1330 1338 1342 1342 1341 1322 1309 1318
539.515991 1325 1330 1350 1355 1352 1333 1323 1314 1311
539.530029 1317 1326 1350 1350 1363 1335 1332 1318 1308
539.54303 1321 1328 1356 1369 1363 1332 1326 1310 1320
539.557007 1314 1322 1352 1370 1361 1344 1332 1320 1312
539.570007 1320 1321 1365 1374 1373 1347 1322 1321 1316
539.583984 1313 1343 1360 1393 1378 1358 1326 1314 1318
539.596985 1326 1336 1374 1407 1387 1354 1344 1318 1320
539.611023 1324 1351 1384 1400 1401 1363 1341 1313 1324
539.624023 1324 1348 1376 1391 1398 1372 1340 1317 1319
539.638 1311 1347 1384 1400 1399 1370 1342 1313 1316
539.651001 1317 1346 1374 1404 1403 1363 1339 1318 1310
539.664001 1320 1344 1371 1385 1392 1373 1341 1313 1308
539.677979 1311 1341 1372 1375 1385 1361 1328 1321 1325
539.690979 1314 1331 1363 1359 1371 1354 1332 1317 1314
539.705017 1315 1329 1347 1361 1372 1349 1339 1312 1315
539.718018 1320 1331 1351 1358 1369 1354 1334 1304 1314
539.731995 1314 1323 1353 1366 1363 1339 1323 1312 1316
539.744995 1323 1333 1341 1364 1348 1342 1318 1314 1309
539.758972 1310 1326 1341 1360 1349 1349 1331 1315 1318
539.771973 1316 1321 1338 1348 1347 1340 1327 1313 1321
539.786011 1315 1329 1338 1356 1338 1343 1318 1312 1315
539.799011 1319 1324 1338 1353 1354 1339 1321 1310 1316
539.812988 1320 1328 1340 1344 1343 1339 1326 1312 1316
539.825989 1311 1322 1343 1349 1351 1349 1322 1315 1319
539.840027 1313 1324 1350 1356 1346 1348 1323 1312 1317
539.853027 1312 1328 1337 1357 1354 1347 1327 1310 1315
539.867004 1314 1332 1334 1345 1355 1334 1326 1319 1316
539.880005 1315 1326 1339 1347 1349 1331 1324 1309 1317
539.893982 1308 1327 1332 1353 1354 1335 1326 1311 1314
539.906982 1320 1323 1345 1354 1354 1337 1334 1310 1321
539.921021 1311 1336 1341 1359 1346 1340 1318 1311 1318
539.934021 1308 1316 1344 1356 1351 1344 1322 1320 1315
539.947998 1312 1328 1337 1350 1345 1338 1327 1316 1320
539.960999 1312 1329 1330 1362 1340 1331 1327 1321 1311
539.973999 1323 1330 1333 1344 1347 1330 1326 1312 1316
539.987976 1317 1320 1346 1355 1345 1342 1324 1313 1314
540.000977 1310 1332 1330 1342 1343 1335 1325 1314 1311
540.015015 1312 1330 1338 1345 1354 1336 1318 1310 1315
540.028015 1314 1329 1349 1347 1350 1347 1331 1312 1319
540.041992 1318 1326 1340 1356 1358 1333 1324 1321 1319
540.054993 1316 1323 1335 1348 1338 1337 1325 1317 1317
540.06897 1321 1322 1342 1343 1342 1344 1318 1307 1315
540.08197 1321 1329 1333 1359 1359 1338 1326 1323 1317
540.096008 1312 1322 1343 1354 1348 1337 1323 1311 1318
540.109009 1316 1327 1337 1350 1340 1331 1325 1318 1316
540.122986 1313 1323 1344 1349 1345 1335 1313 1306 1317
540.135986 1316 1324 1338 1349 1333 1334 1322 1318 1316
540.150024 1310 1328 1340 1345 1343 1333 1321 1309 1320
540.163025 1314 1322 1336 1348 1337 1333 1324 1311 1316
540.176025 1319 1328 1335 1353 1353 1333 1318 1314 1319
540.190002 1315 1325 1335 1344 1341 1329 1328 1316 1321
540.203003 1313 1332 1334 1346 1356 1336 1322 1310 1315
540.21698 1318 1329 1346 1349 1349 1338 1316 1321 1322
540.22998 1324 1314 1337 1350 1349 1336 1337 1316 1321
540.244019 1316 1326 1334 1357 1348 1336 1325 1318 1310
540.257019 1317 1329 1353 1357 1353 1336 1327 1317 1315
540.270996 1317 1323 1332 1354 1343 1338 1327 1316 1317
540.283997 1321 1337 1340 1354 1339 1330 1320 1322 1333
540.297974 1321 1335 1348 1348 1348 1339 1321 1315 1321
540.310974 1329 1333 1346 1353 1354 1339 1325 1314 1323
540.323975 1326 1340 1345 1355 1346 1338 1330 1320 1324
540.338013 1334 1341 1352 1356 1349 1345 1327 1319 1337
540.351013 1332 1341 1348 1366 1351 1351 1328 1331 1344
540.36499 1331 1347 1357 1355 1344 1345 1328 1323 1329
540.377991 1343 1345 1360 1357 1356 1342 1338 1327 1326
540.392029 1338 1351 1361 1369 1362 1348 1337 1331 1330
540.405029 1332 1351 1351 1361 1359 1351 1334 1334 1328
540.419006 1330 1347 1361 1362 1361 1353 1338 1334 1339
540.432007 1328 1339 1350 1363 1367 1350 1335 1331 1326
540.445007 1338 1334 1350 1353 1367 1354 1338 1334 1331
540.458984 1321 1333 1350 1353 1372 1350 1342 1329 1325
540.471985 1343 1335 1349 1363 1357 1350 1330 1324 1320
540.486023 1312 1332 1351 1358 1361 1346 1335 1324 1324
540.499023 1326 1336 1347 1351 1362 1351 1334 1322 1316
540.513 1325 1323 1345 1355 1347 1337 1328 1319 1318
540.526001 1323 1332 1338 1352 1353 1348 1339 1323 1317
540.539978 1324 1332 1339 1349 1350 1351 1320 1320 1321
540.552979 1318 1330 1345 1351 1356 1339 1333 1318 1313
540.565979 1318 1327 1338 1345 1342 1346 1334 1317 1322
540.580017 1321 1321 1343 1353 1352 1336 1323 1315 1318
540.593018 1313 1339 1336 1348 1352 1332 1323 1315 1318
540.606995 1311 1328 1341 1354 1344 1345 1332 1323 1307
540.619995 1323 1323 1336 1347 1347 1329 1332 1316 1317
540.633972 1316 1324 1337 1349 1345 1340 1328 1311 1320
540.646973 1312 1326 1341 1356 1336 1344 1326 1320 1314
540.659973 1312 1322 1347 1356 1344 1338 1325 1314 1315
540.674011 1323 1323 1341 1355 1347 1323 1317 1323 1316
540.687012 1315 1325 1344 1351 1338 1337 1314 1311 1319
540.700989 1321 1322 1338 1346 1354 1338 1326 1312 1319
540.713989 1319 1318 1331 1353 1347 1337 1319 1315 1314
540.728027 1319 1326 1338 1346 1348 1340 1332 1316 1314
540.741028 1321 1329 1335 1347 1346 1335 1329 1313 1327
540.754028 1314 1330 1327 1349 1348 1334 1328 1312 1312
540.768005 1313 1322 1331 1342 1357 1344 1328 1309 1326
540.781006 1325 1331 1343 1349 1354 1337 1314 1314 1312
540.794983 1319 1333 1336 1348 1351 1335 1329 1308 1313
540.807983 1317 1322 1332 1339 1340 1343 1319 1309 1319
540.822021 1316 1328 1340 1342 1343 1336 1334 1319 1311
540.835022 1316 1322 1338 1341 1346 1337 1326 1318 1312
540.848022 1318 1328 1347 1345 1333 1334 1318 1327 1310
540.862 1319 1328 1339 1347 1338 1329 1321 1319 1318
540.875 1318 1321 1341 1354 1334 1338 1324 1313 1323
540.888977 1314 1327 1345 1352 1341 1349 1335 1307 1311
540.901978 1315 1326 1345 1349 1347 1337 1321 1313 1325
540.916016 1307 1319 1350 1341 1346 1337 1325 1313 1314
540.929016 1310 1329 1338 1348 1355 1345 1325 1317 1318
540.942017 1323 1332 1343 1357 1341 1343 1325 1317 1315
540.955994 1319 1336 1343 1345 1349 1343 1331 1306 1311
540.968994 1320 1338 1338 1348 1352 1335 1323 1312 1320
540.982971 1316 1323 1342 1356 1351 1336 1324 1315 1326
540.995972 1311 1325 1344 1343 1346 1334 1325 1307 1320
541.008972 1315 1323 1341 1341 1349 1330 1319 1313 1316
541.02301 1316 1332 1337 1350 1345 1339 1323 1314 1308
541.036011 1314 1328 1333 1352 1350 1340 1331 1305 1310
541.049988 1317 1325 1341 1349 1342 1332 1321 1319 1324
541.062988 1317 1318 1334 1353 1340 1337 1320 1312 1316
541.075989 1316 1331 1337 1352 1352 1338 1331 1319 1309
541.090027 1319 1314 1327 1346 1347 1339 1324 1320 1308
541.103027 1316 1314 1332 1342 1349 1335 1324 1317 1306
541.117004 1316 1327 1354 1346 1344 1333 1322 1313 1317
541.130005 1317 1331 1341 1354 1355 1329 1317 1317 1317
541.143982 1315 1330 1341 1355 1347 1337 1324 1313 1322
541.156982 1317 1330 1339 1345 1353 1336 1321 1305 1319
541.169983 1321 1319 1349 1354 1358 1341 1322 1315 1314
541.184021 1312 1331 1338 1350 1342 1345 1318 1313 1313
541.197021 1306 1323 1346 1352 1337 1338 1334 1316 1319
541.210999 1317 1333 1339 1344 1352 1335 1323 1318 1315
541.223999 1309 1331 1342 1347 1348 1335 1324 1318 1311
541.237 1320 1329 1347 1351 1340 1334 1319 1312 1329
541.250977 1312 1327 1339 1339 1342 1344 1325 1314 1319
541.263977 1317 1331 1345 1342 1345 1344 1327 1320 1319
541.278015 1319 1333 1344 1359 1347 1331 1331 1308 1314
541.291016 1312 1328 1336 1344 1344 1336 1332 1316 1319
541.304016 1314 1328 1338 1359 1336 1346 1321 1317 1318
541.317993 1315 1326 1338 1350 1347 1330 1316 1312 1315
541.330994 1319 1325 1348 1340 1352 1330 1322 1320 1321
541.344971 1321 1322 1333 1352 1341 1337 1327 1320 1320
541.357971 1319 1318 1343 1350 1353 1340 1313 1320 1326
541.370972 1317 1319 1330 1337 1347 1344 1320 1322 1316
541.38501 1319 1325 1341 1343 1348 1328 1317 1308 1324
541.39801 1312 1317 1343 1338 1345 1336 1318 1309 1316
541.411011 1323 1321 1338 1360 1344 1344 1322 1317 1314
541.424988 1319 1324 1343 1342 1355 1340 1322 1321 1322
541.437988 1319 1322 1346 1349 1333 1346 1327 1311 1314
541.452026 1325 1323 1345 1354 1342 1332 1327 1314 1322
541.465027 1325 1328 1334 1353 1354 1335 1325 1317 1319
541.478027 1315 1324 1340 1346 1350 1337 1319 1322 1321
541.492004 1318 1326 1329 1351 1339 1339 1319 1324 1316
541.505005 1317 1329 1337 1344 1344 1342 1316 1316 1318
541.518982 1319 1336 1338 1352 1351 1339 1326 1320 1315
541.531982 1326 1332 1342 1349 1350 1336 1320 1315 1322
541.544983 1314 1333 1340 1346 1341 1338 1321 1325 1317
541.559021 1322 1320 1344 1352 1348 1340 1332 1326 1318
541.572021 1320 1325 1338 1347 1341 1339 1319 1319 1318
541.585999 1318 1319 1343 1349 1348 1340 1323 1314 1313
541.598999 1316 1328 1346 1346 1349 1338 1323 1329 1319
541.612 1318 1329 1343 1342 1345 1332 1336 1320 1320
541.625977 1319 1322 1350 1346 1356 1334 1329 1315 1317
541.638977 1321 1333 1334 1346 1354 1336 1326 1314 1326
541.651978 1317 1329 1344 1345 1351 1337 1319 1312 1317
541.666016 1315 1330 1347 1346 1341 1340 1328 1320 1313
541.679016 1315 1330 1337 1339 1356 1322 1332 1317 1314
541.692993 1318 1325 1335 1346 1359 1335 1324 1309 1314
541.705994 1320 1328 1338 1356 1356 1340 1326 1318 1318
541.718994 1317 1323 1347 1357 1343 1344 1322 1318 1318
541.732971 1324 1324 1343 1341 1351 1341 1319 1314 1315
541.745972 1319 1328 1341 1346 1345 1332 1332 1313 1319
541.758972 1304 1324 1330 1343 1333 1320 1315 1309 1301
541.77301 1314 1329 1335 1346 1352 1345 1316 1311 1311
541.786011 1312 1329 1341 1348 1334 1335 1313 1320 1321
541.799988 1318 1326 1345 1346 1340 1333 1331 1321 1320
541.812988 1319 1317 1333 1346 1340 1331 1324 1311 1326
541.825989 1317 1321 1341 1344 1338 1339 1327 1311 1310
541.840027 1313 1325 1339 1337 1353 1337 1329 1321 1312
541.853027 1318 1327 1349 1356 1345 1329 1322 1302 1317
541.866028 1312 1336 1324 1345 1344 1341 1329 1322 1306
541.880005 1319 1326 1351 1358 1340 1337 1334 1309 1308
541.893005 1313 1329 1346 1352 1342 1338 1324 1317 1318
541.906006 1324 1325 1345 1351 1341 1335 1317 1311 1313
541.919983 1312 1331 1342 1347 1359 1347 1316 1317 1325
541.932983 1316 1324 1338 1355 1351 1327 1328 1314 1314
541.947021 1315 1334 1342 1344 1339 1337 1312 1314 1315
541.960022 1312 1326 1344 1349 1345 1339 1326 1315 1313
541.973022 1314 1323 1338 1355 1349 1340 1322 1324 1314
541.987 1312 1333 1346 1352 1339 1334 1330 1319 1316
542 1316 1328 1347 1351 1343 1333 1320 1319 1317
542.013 1319 1326 1331 1335 1347 1337 1324 1312 1318
542.026978 1313 1336 1339 1352 1359 1333 1321 1311 1314
542.039978 1316 1326 1337 1342 1348 1326 1325 1318 1315
542.052979 1313 1328 1335 1361 1351 1335 1330 1311 1315
542.067017 1316 1321 1335 1345 1353 1332 1328 1318 1316
542.080017 1316 1317 1348 1348 1348 1340 1322 1309 1316
542.093994 1320 1322 1347 1341 1340 1338 1326 1330 1319
542.106995 1317 1322 1343 1345 1347 1344 1316 1316 1307
542.119995 1311 1321 1335 1347 1348 1327 1333 1308 1320
542.133972 1327 1329 1339 1358 1347 1334 1320 1309 1322
542.146973 1318 1328 1342 1357 1356 1332 1320 1318 1318
542.159973 1323 1331 1343 1350 1338 1331 1321 1316 1322
542.174011 1312 1330 1332 1346 1350 1341 1323 1314 1323
542.187012 1312 1321 1330 1345 1346 1338 1327 1313 1324
542.200012 1315 1329 1345 1348 1341 1343 1323 1310 1319
542.213989 1322 1334 1339 1354 1354 1343 1320 1324 1318
542.22699 1308 1310 1344 1348 1345 1338 1326 1322 1323
542.23999 1323 1328 1343 1348 1355 1336 1319 1316 1315
542.254028 1315 1330 1343 1355 1342 1339 1320 1319 1330
542.267029 1321 1330 1345 1352 1345 1343 1325 1322 1320
542.280029 1323 1333 1334 1354 1349 1338 1323 1320 1315
542.294006 1322 1328 1345 1350 1359 1337 1327 1317 1325
542.307007 1327 1322 1347 1352 1365 1350 1331 1315 1308
542.320007 1319 1322 1346 1359 1349 1350 1327 1323 1318
542.333984 1318 1325 1342 1349 1364 1328 1319 1314 1317
542.346985 1311 1322 1351 1359 1357 1337 1337 1319 1316
542.359985 1315 1342 1344 1344 1356 1342 1320 1319 1320
542.374023 1314 1342 1340 1348 1358 1342 1333 1319 1326
542.387024 1309 1329 1340 1351 1353 1348 1321 1314 1316
542.400024 1316 1325 1338 1350 1356 1338 1330 1316 1321
542.414001 1318 1330 1353 1352 1349 1337 1328 1310 1310
542.427002 1316 1326 1337 1349 1349 1336 1317 1324 1316
542.440002 1319 1328 1346 1373 1357 1339 1332 1314 1316
542.453979 1313 1320 1338 1355 1354 1349 1326 1308 1320
542.46698 1325 1328 1353 1354 1352 1340 1328 1316 1315
542.47998 1319 1336 1350 1352 1343 1343 1323 1315 1311
542.494019 1315 1334 1338 1346 1357 1339 1326 1314 1319
542.507019 1312 1335 1341 1353 1340 1346 1327 1316 1317
542.52002 1321 1327 1340 1355 1352 1347 1331 1317 1304
542.533997 1323 1332 1347 1360 1351 1346 1330 1322 1313
542.546997 1319 1328 1346 1360 1358 1341 1322 1317 1318
542.559998 1316 1343 1342 1355 1357 1356 1319 1321 1312
542.573975 1304 1339 1351 1359 1353 1351 1333 1317 1319
542.586975 1318 1335 1344 1356 1355 1341 1323 1322 1323
542.599976 1322 1322 1349 1362 1360 1345 1322 1324 1320
542.614014 1315 1329 1339 1362 1355 1344 1325 1313 1326
542.627014 1312 1327 1345 1361 1353 1341 1333 1318 1323
542.640015 1315 1329 1351 1353 1360 1348 1323 1319 1308
542.653992 1322 1331 1344 1350 1363 1339 1318 1314 1313
542.666992 1322 1326 1344 1361 1349 1343 1329 1320 1318
542.679993 1315 1326 1344 1350 1351 1347 1329 1307 1318
542.69397 1315 1331 1349 1340 1368 1336 1324 1309 1314
542.70697 1319 1330 1345 1350 1351 1334 1325 1316 1320
542.719971 1317 1335 1344 1363 1343 1337 1320 1315 1317
542.734009 1323 1338 1334 1354 1338 1334 1325 1315 1311
542.747009 1315 1327 1344 1354 1354 1342 1323 1316 1321
542.76001 1312 1319 1347 1347 1359 1343 1325 1318 1318
542.773987 1322 1333 1343 1358 1344 1343 1325 1307 1316
542.786987 1310 1332 1350 1348 1343 1338 1328 1309 1314
542.799988 1316 1325 1346 1359 1351 1332 1320 1317 1311
542.812988 1311 1327 1349 1360 1352 1344 1321 1312 1317
542.827026 1316 1328 1346 1344 1362 1343 1332 1318 1317
542.840027 1311 1330 1344 1346 1347 1344 1317 1323 1317
542.853027 1320 1328 1347 1351 1340 1342 1326 1316 1322
542.867004 1313 1326 1345 1366 1348 1339 1323 1319 1315
542.880005 1319 1325 1351 1348 1361 1345 1330 1310 1314
542.893005 1316 1332 1343 1364 1352 1346 1322 1318 1311
542.906982 1315 1341 1336 1360 1349 1335 1321 1312 1322
542.919983 1324 1335 1344 1367 1358 1343 1323 1312 1323
542.932983 1324 1322 1351 1356 1350 1338 1322 1313 1326
542.947021 1324 1335 1351 1373 1347 1341 1331 1316 1314
542.960022 1325 1335 1352 1350 1348 1341 1327 1313 1317
542.973022 1320 1334 1363 1361 1357 1342 1328 1318 1318
542.987 1326 1322 1346 1355 1363 1343 1328 1314 1318
543 1315 1337 1356 1355 1365 1346 1327 1315 1318
543.013 1312 1329 1354 1372 1358 1354 1325 1323 1322
543.026001 1313 1328 1350 1359 1376 1344 1329 1316 1316
543.039978 1324 1344 1359 1362 1361 1358 1330 1315 1320
543.052979 1317 1331 1358 1362 1380 1348 1331 1322 1321
543.065979 1315 1333 1356 1369 1372 1351 1329 1316 1316
543.080017 1319 1337 1360 1362 1363 1344 1331 1313 1319
543.093018 1309 1337 1369 1384 1372 1346 1331 1313 1312
543.106018 1318 1331 1369 1371 1377 1351 1326 1320 1310
543.119995 1323 1341 1369 1382 1381 1361 1338 1314 1319
543.132996 1320 1337 1356 1367 1371 1361 1339 1311 1313
543.145996 1325 1345 1361 1384 1382 1355 1339 1313 1313
543.158997 1324 1344 1374 1383 1379 1360 1326 1313 1322
543.172974 1317 1340 1376 1386 1384 1350 1340 1320 1315
543.185974 1313 1344 1373 1381 1389 1370 1328 1321 1323
543.198975 1327 1345 1375 1382 1390 1360 1329 1317 1319
543.213013 1324 1347 1374 1380 1388 1362 1347 1319 1323
543.226013 1323 1343 1368 1389 1379 1375 1339 1307 1318
543.239014 1319 1341 1372 1397 1387 1355 1332 1313 1308
543.252014 1329 1330 1378 1391 1369 1370 1335 1308 1321
543.265991 1320 1349 1368 1386 1389 1380 1345 1315 1319
543.278992 1318 1351 1371 1385 1385 1367 1342 1313 1315
543.291992 1327 1351 1373 1402 1401 1366 1341 1313 1328
543.30603 1324 1349 1366 1400 1401 1378 1332 1314 1330
543.31897 1323 1342 1379 1401 1398 1367 1331 1314 1326
543.33197 1318 1343 1374 1402 1399 1378 1333 1318 1320
543.344971 1322 1340 1390 1400 1394 1361 1340 1313 1324
543.359009 1324 1343 1378 1398 1397 1365 1340 1315 1320
543.372009 1322 1354 1379 1421 1394 1376 1346 1311 1324
543.38501 1319 1353 1382 1406 1412 1376 1342 1318 1320
543.398987 1325 1357 1389 1415 1407 1386 1334 1320 1332
543.411987 1322 1355 1395 1423 1414 1393 1341 1312 1325
543.424988 1322 1356 1407 1429 1431 1403 1341 1323 1326
543.437988 1330 1352 1426 1443 1437 1394 1352 1316 1330
543.452026 1320 1370 1430 1470 1447 1406 1365 1312 1326
543.465027 1324 1379 1443 1480 1459 1431 1363 1317 1324
543.478027 1322 1374 1443 1482 1473 1415 1354 1328 1332
543.491028 1320 1376 1444 1480 1474 1416 1364 1320 1323
543.505005 1324 1379 1442 1478 1453 1424 1354 1315 1320
543.518005 1329 1376 1445 1465 1465 1428 1355 1320 1322
543.531006 1332 1380 1434 1472 1463 1411 1346 1321 1318
543.544983 1328 1372 1428 1455 1450 1392 1344 1311 1325
543.557983 1321 1375 1409 1445 1432 1383 1347 1325 1331
543.570984 1326 1366 1400 1429 1425 1405 1346 1319 1321
543.583984 1321 1361 1396 1418 1406 1370 1333 1314 1319
543.598022 1323 1352 1384 1402 1401 1380 1340 1323 1319
543.611023 1323 1351 1388 1393 1378 1355 1333 1314 1319
543.624023 1326 1349 1369 1394 1389 1351 1336 1312 1325
543.637024 1319 1342 1370 1386 1376 1352 1328 1319 1319
543.651001 1322 1339 1359 1380 1379 1358 1333 1317 1315
543.664001 1316 1331 1367 1363 1381 1360 1322 1322 1315
543.677002 1320 1337 1356 1361 1368 1357 1328 1321 1315
543.690002 1316 1332 1354 1367 1366 1363 1332 1316 1316
543.703979 1319 1338 1356 1365 1370 1352 1331 1311 1316
543.71698 1322 1337 1356 1367 1369 1354 1332 1318 1314
543.72998 1321 1331 1348 1364 1362 1342 1328 1307 1317
543.744019 1319 1322 1350 1365 1354 1349 1325 1317 1323
543.757019 1310 1335 1343 1352 1359 1343 1323 1311 1315
543.77002 1314 1329 1344 1354 1353 1340 1322 1317 1319
543.78302 1323 1325 1352 1354 1357 1348 1327 1315 1310
543.796997 1324 1327 1356 1360 1357 1336 1324 1314 1315
543.809998 1307 1326 1355 1365 1358 1352 1332 1313 1317
543.822998 1314 1333 1348 1364 1360 1351 1321 1318 1312
543.835999 1318 1327 1342 1353 1347 1342 1336 1316 1317
543.849976 1321 1320 1346 1366 1345 1342 1329 1317 1316
543.862976 1313 1323 1347 1366 1360 1347 1315 1306 1316
543.875977 1310 1330 1355 1367 1358 1338 1326 1318 1311
543.888977 1313 1325 1348 1359 1348 1347 1315 1319 1321
543.903015 1321 1332 1351 1352 1363 1335 1322 1308 1312
543.916016 1308 1331 1345 1355 1363 1342 1326 1312 1321
543.929016 1315 1329 1354 1357 1360 1352 1326 1311 1309
543.942017 1314 1329 1350 1363 1344 1345 1325 1312 1318
543.955994 1315 1328 1355 1357 1355 1343 1329 1314 1319
543.968994 1314 1331 1348 1357 1351 1343 1325 1321 1317
543.981995 1317 1328 1350 1361 1353 1339 1324 1311 1315
543.994995 1331 1321 1347 1345 1358 1335 1322 1328 1315
544.008972 1316 1326 1343 1365 1344 1347 1323 1321 1322
544.021973 1315 1329 1344 1355 1362 1345 1323 1312 1324
544.034973 1314 1322 1350 1363 1352 1346 1332 1319 1310
544.047974 1309 1325 1337 1351 1344 1346 1317 1315 1314
544.062012 1310 1329 1344 1354 1355 1336 1325 1308 1314
544.075012 1308 1325 1347 1353 1353 1337 1317 1316 1312
544.088013 1313 1326 1336 1355 1351 1344 1327 1317 1316
544.101013 1318 1332 1343 1350 1345 1337 1325 1314 1316
544.11499 1315 1324 1341 1353 1354 1349 1333 1319 1313
544.127991 1323 1328 1340 1350 1352 1343 1325 1321 1315
544.140991 1317 1328 1346 1352 1352 1333 1326 1313 1317
544.153992 1309 1329 1343 1365 1354 1330 1324 1310 1316
544.166992 1309 1327 1348 1359 1346 1339 1325 1309 1312
544.18103 1310 1330 1339 1350 1357 1339 1318 1316 1310
544.19397 1320 1331 1336 1358 1354 1336 1316 1310 1313
544.20697 1314 1339 1346 1343 1356 1343 1323 1309 1314
544.219971 1318 1325 1339 1350 1352 1331 1317 1308 1301
544.234009 1316 1322 1341 1355 1347 1337 1329 1311 1311
544.247009 1310 1320 1347 1347 1343 1338 1317 1312 1314
544.26001 1307 1324 1350 1342 1350 1339 1320 1323 1314
544.27301 1317 1325 1344 1360 1353 1338 1325 1309 1305
544.286987 1308 1337 1336 1358 1361 1333 1328 1311 1316
544.299988 1310 1334 1344 1349 1362 1339 1327 1323 1312
544.312988 1314 1331 1346 1352 1364 1340 1315 1313 1312
544.325989 1315 1331 1351 1353 1353 1333 1320 1316 1309
544.338989 1315 1318 1345 1353 1356 1337 1327 1307 1312
544.353027 1314 1325 1332 1359 1355 1345 1325 1316 1320
544.366028 1306 1335 1344 1360 1354 1343 1328 1313 1326
544.379028 1323 1326 1342 1351 1343 1330 1325 1306 1317
544.392029 1314 1329 1353 1358 1349 1337 1330 1310 1326
544.406006 1312 1328 1336 1354 1355 1344 1315 1305 1310
544.419006 1320 1326 1338 1352 1351 1348 1321 1311 1311
544.432007 1322 1322 1337 1351 1356 1343 1327 1308 1310
544.445007 1312 1325 1348 1352 1349 1334 1322 1308 1315
544.458008 1318 1324 1344 1347 1359 1341 1328 1312 1312
544.471985 1313 1325 1341 1356 1353 1337 1334 1309 1311
544.484985 1310 1326 1352 1354 1357 1339 1322 1310 1305
544.497986 1309 1331 1346 1364 1359 1345 1320 1302 1320
544.510986 1304 1321 1346 1374 1347 1342 1318 1317 1314
544.525024 1309 1323 1345 1351 1350 1334 1317 1312 1312
544.538025 1317 1318 1345 1355 1354 1343 1322 1311 1312
544.551025 1314 1331 1340 1354 1350 1336 1318 1312 1309
544.564026 1309 1330 1354 1354 1347 1342 1323 1307 1308
544.577026 1318 1334 1347 1355 1356 1344 1328 1314 1319
544.591003 1311 1330 1343 1345 1346 1326 1318 1319 1311
544.604004 1319 1319 1344 1352 1348 1343 1321 1303 1309
544.617004 1311 1314 1354 1357 1358 1338 1321 1318 1318
544.630005 1313 1325 1343 1353 1357 1338 1323 1314 1307
544.643005 1316 1329 1340 1349 1348 1338 1324 1317 1325
544.656982 1310 1330 1349 1357 1350 1337 1323 1304 1315
544.669983 1315 1326 1339 1346 1353 1341 1329 1313 1315
544.682983 1319 1328 1351 1360 1355 1345 1326 1314 1317
544.695984 1312 1321 1345 1357 1355 1338 1326 1309 1313
544.710022 1307 1328 1339 1363 1344 1338 1317 1315 1315
544.723022 1318 1326 1338 1349 1351 1341 1323 1312 1321
544.736023 1315 1318 1358 1354 1355 1338 1323 1312 1312
544.749023 1309 1327 1341 1358 1345 1342 1321 1315 1315
544.762024 1323 1319 1335 1353 1346 1343 1315 1306 1317
544.776001 1309 1318 1344 1369 1357 1335 1311 1316 1306
544.789001 1312 1328 1339 1356 1340 1335 1319 1317 1314
544.802002 1312 1326 1350 1359 1349 1341 1327 1320 1312
544.815002 1311 1333 1350 1362 1349 1348 1318 1312 1319
544.828003 1320 1320 1340 1357 1352 1343 1326 1314 1312
544.84198 1314 1327 1343 1374 1357 1346 1327 1304 1312
544.85498 1318 1325 1335 1351 1344 1347 1322 1309 1305
544.867981 1310 1319 1343 1369 1353 1334 1325 1312 1310
544.880981 1314 1332 1350 1360 1360 1331 1328 1313 1311
544.893982 1315 1328 1344 1358 1351 1338 1325 1313 1312
544.90802 1318 1328 1343 1357 1349 1342 1318 1317 1316
544.921021 1308 1330 1354 1356 1348 1342 1318 1303 1311
544.934021 1313 1332 1344 1362 1351 1332 1326 1313 1317
544.947021 1314 1325 1356 1369 1366 1347 1323 1313 1310
544.960022 1306 1333 1352 1360 1352 1349 1335 1314 1308
544.973022 1315 1323 1336 1358 1366 1348 1315 1309 1306
544.987 1314 1332 1349 1366 1347 1336 1324 1308 1307
545 1312 1329 1343 1364 1357 1349 1322 1307 1310
545.013 1309 1325 1346 1361 1368 1337 1322 1313 1310
545.026001 1317 1325 1357 1368 1353 1348 1328 1314 1321
545.039001 1304 1334 1352 1355 1362 1338 1323 1318 1309
545.052979 1316 1330 1346 1358 1348 1343 1321 1306 1310
545.065979 1307 1326 1346 1374 1355 1337 1325 1310 1314
545.078979 1307 1323 1343 1363 1348 1346 1324 1314 1311
545.09198 1313 1324 1346 1350 1348 1344 1314 1312 1310
545.10498 1311 1319 1344 1361 1369 1337 1326 1301 1307
545.117981 1311 1332 1352 1367 1356 1342 1326 1308 1306
545.132019 1312 1326 1351 1352 1356 1348 1323 1305 1314
545.14502 1317 1323 1343 1363 1361 1353 1321 1302 1314
545.15802 1322 1337 1346 1350 1356 1337 1324 1302 1315
545.171021 1305 1332 1344 1359 1350 1341 1327 1303 1311
545.184021 1317 1324 1352 1364 1358 1326 1321 1305 1310
545.197998 1311 1322 1354 1357 1356 1343 1320 1310 1313
545.210999 1309 1325 1337 1359 1357 1349 1327 1308 1306
545.223999 1312 1322 1355 1355 1349 1345 1326 1306 1300
545.237 1305 1323 1349 1354 1360 1341 1324 1314 1316
545.25 1316 1324 1349 1349 1348 1332 1317 1310 1304
545.263 1312 1329 1347 1359 1353 1337 1321 1308 1314
545.276978 1308 1313 1337 1366 1357 1336 1319 1312 1313
545.289978 1312 1323 1341 1352 1359 1338 1325 1304 1307
545.302979 1307 1327 1331 1362 1350 1339 1320 1308 1308
545.315979 1316 1325 1330 1357 1352 1338 1317 1304 1311
545.328979 1311 1318 1348 1337 1358 1343 1321 1307 1304
545.34198 1315 1328 1341 1355 1349 1335 1311 1303 1315
545.356018 1314 1321 1339 1359 1341 1331 1317 1308 1303
545.369019 1312 1314 1339 1354 1353 1342 1313 1310 1307
545.382019 1312 1316 1345 1342 1345 1334 1316 1305 1306
545.39502 1312 1319 1337 1333 1348 1330 1325 1304 1313
545.40802 1313 1323 1333 1347 1350 1329 1317 1309 1309
545.421021 1305 1319 1334 1332 1344 1342 1319 1301 1308
545.434998 1308 1321 1335 1343 1349 1324 1314 1302 1307
545.447998 1305 1317 1334 1344 1340 1334 1320 1308 1304
545.460999 1296 1325 1337 1340 1346 1330 1316 1309 1309
545.473999 1307 1321 1333 1340 1343 1327 1314 1307 1310
545.487 1308 1324 1331 1346 1332 1332 1317 1308 1313
545.5 1303 1322 1322 1338 1339 1344 1312 1314 1306
545.513977 1307 1310 1328 1346 1346 1331 1313 1307 1313
545.526978 1307 1321 1335 1340 1342 1327 1314 1309 1305
545.539978 1307 1321 1346 1342 1337 1328 1313 1297 1313
545.552979 1307 1325 1332 1343 1338 1330 1312 1305 1306
545.565979 1306 1321 1338 1337 1349 1322 1321 1309 1304
545.578979 1314 1320 1338 1343 1338 1332 1314 1307 1313
545.593018 1313 1322 1329 1334 1338 1328 1314 1319 1309
545.606018 1312 1315 1327 1336 1343 1323 1314 1312 1305
545.619019 1309 1316 1327 1339 1339 1334 1317 1301 1301
545.632019 1309 1318 1334 1340 1340 1334 1317 1302 1306
545.64502 1306 1315 1333 1345 1334 1321 1317 1309 1312
545.65802 1308 1319 1334 1339 1333 1335 1314 1307 1306
545.671021 1318 1316 1322 1338 1340 1337 1314 1303 1308
545.684998 1311 1317 1324 1334 1342 1337 1321 1305 1306
545.697998 1312 1314 1330 1337 1346 1324 1324 1305 1316
545.710999 1302 1315 1324 1348 1335 1325 1305 1310 1304
545.723999 1307 1321 1341 1335 1341 1327 1310 1304 1313
545.737 1301 1321 1332 1340 1343 1325 1318 1302 1311
545.75 1309 1315 1323 1338 1334 1328 1312 1304 1310
545.763 1299 1320 1340 1341 1339 1330 1307 1300 1309
545.776978 1316 1310 1333 1333 1336 1317 1311 1301 1308
545.789978 1304 1322 1328 1333 1336 1340 1310 1306 1305
545.802979 1308 1316 1331 1333 1340 1322 1317 1297 1308
545.815979 1302 1323 1330 1339 1336 1324 1307 1304 1309
545.828979 1309 1313 1334 1335 1339 1326 1310 1305 1308
545.84198 1307 1319 1338 1330 1339 1331 1316 1303 1304
545.85498 1311 1307 1334 1345 1333 1326 1312 1300 1314
545.869019 1310 1317 1337 1334 1342 1325 1315 1308 1305
545.882019 1316 1311 1326 1339 1334 1319 1316 1312 1304
545.89502 1314 1313 1322 1338 1334 1322 1311 1302 1311
545.90802 1304 1323 1335 1338 1330 1328 1316 1311 1309
545.921021 1311 1323 1328 1334 1325 1324 1307 1297 1314
545.934021 1303 1320 1322 1328 1331 1323 1307 1311 1306
545.947021 1306 1312 1322 1334 1335 1323 1304 1301 1303
545.960022 1307 1317 1326 1334 1330 1329 1315 1302 1312
545.973999 1301 1313 1327 1334 1338 1315 1314 1303 1305
545.987 1304 1319 1321 1333 1336 1318 1309 1307 1311
546 1310 1317 1323 1340 1329 1327 1316 1309 1318
546.013 1306 1312 1330 1336 1329 1324 1308 1311 1307
546.026001 1309 1316 1335 1341 1339 1320 1309 1304 1305
546.039001 1310 1315 1337 1341 1333 1327 1306 1305 1307
546.052002 1306 1319 1334 1332 1330 1331 1312 1302 1301
546.065002 1304 1319 1341 1336 1332 1322 1319 1299 1307
546.078979 1304 1317 1327 1328 1335 1329 1309 1305 1301
546.09198 1304 1312 1321 1337 1335 1318 1306 1307 1302
546.10498 1304 1306 1318 1336 1328 1319 1308 1298 1305
546.117981 1312 1309 1316 1342 1327 1325 1318 1301 1307
546.130981 1302 1319 1326 1326 1319 1324 1307 1300 1304
546.143982 1304 1312 1329 1335 1327 1327 1310 1313 1301
546.156982 1302 1312 1321 1321 1327 1320 1301 1305 1301
546.169983 1300 1313 1330 1326 1331 1329 1305 1305 1298
546.184021 1301 1315 1323 1336 1333 1319 1313 1297 1301
546.197021 1304 1305 1327 1338 1334 1322 1314 1307 1309
546.210022 1305 1311 1326 1338 1328 1326 1307 1311 1300
546.223022 1308 1321 1323 1332 1324 1320 1310 1296 1308
546.236023 1307 1314 1320 1335 1331 1325 1311 1301 1303
546.249023 1316 1311 1318 1328 1334 1326 1308 1303 1300
546.262024 1302 1311 1326 1334 1332 1329 1310 1296 1314
546.275024 1297 1320 1323 1326 1333 1325 1311 1301 1301
546.289001 1308 1321 1323 1333 1332 1322 1305 1300 1305
546.302002 1302 1312 1319 1337 1328 1330 1308 1300 1298
546.315002 1311 1313 1325 1328 1329 1318 1313 1309 1304
546.328003 1307 1319 1328 1325 1327 1322 1312 1295 1302
546.341003 1305 1316 1325 1332 1332 1319 1313 1307 1306
546.354004 1309 1313 1321 1327 1329 1322 1298 1303 1299
546.367004 1297 1317 1321 1334 1339 1324 1315 1301 1305
546.380005 1302 1312 1326 1339 1330 1330 1305 1303 1312
546.393005 1305 1316 1324 1327 1325 1313 1313 1303 1301
546.406006 1306 1311 1321 1333 1330 1320 1313 1304 1302
546.419983 1300 1315 1324 1332 1329 1323 1308 1309 1300
546.432983 1303 1311 1323 1322 1334 1322 1307 1298 1303
546.445984 1310 1311 1322 1332 1327 1317 1309 1291 1300
546.458984 1305 1314 1325 1329 1327 1312 1307 1302 1313
546.471985 1299 1317 1322 1325 1330 1321 1311 1304 1298
546.484985 1306 1313 1320 1327 1323 1322 1306 1299 1303
546.497986 1310 1313 1318 1326 1332 1313 1303 1297 1302
546.510986 1300 1303 1322 1329 1330 1318 1302 1305 1300
546.523987 1309 1314 1327 1321 1324 1314 1313 1294 1303
546.536987 1305 1310 1320 1330 1333 1320 1304 1304 1304
546.551025 1308 1308 1322 1342 1335 1312 1304 1299 1304
546.564026 1299 1312 1323 1334 1324 1314 1305 1304 1296
546.577026 1306 1310 1318 1322 1332 1324 1309 1303 1296
546.590027 1303 1314 1330 1330 1315 1326 1306 1304 1301
546.603027 1299 1304 1317 1326 1323 1313 1308 1296 1296
546.616028 1306 1307 1322 1324 1327 1314 1302 1301 1306
546.629028 1304 1313 1320 1323 1326 1318 1309 1311 1306
546.642029 1303 1306 1316 1331 1319 1317 1308 1306 1306
546.655029 1301 1312 1313 1333 1331 1319 1303 1305 1304
546.66803 1300 1306 1320 1322 1323 1316 1307 1296 1299
546.682007 1299 1309 1311 1317 1325 1326 1312 1298 1312
546.695007 1301 1312 1319 1324 1326 1322 1304 1299 1297
546.708008 1305 1308 1318 1324 1329 1312 1313 1296 1302
546.721008 1303 1316 1320 1331 1331 1314 1303 1294 1298
546.734009 1301 1310 1321 1331 1328 1321 1313 1300 1304
546.747009 1299 1312 1327 1335 1322 1317 1313 1303 1300
546.76001 1298 1314 1314 1331 1326 1323 1304 1297 1310
546.77301 1302 1308 1320 1328 1325 1324 1306 1295 1301
546.786011 1298 1306 1324 1323 1325 1318 1313 1301 1297
546.799011 1303 1315 1324 1328 1324 1317 1307 1296 1291
546.812012 1302 1309 1324 1332 1324 1319 1304 1305 1295
546.825012 1303 1313 1313 1325 1329 1315 1307 1302 1292
546.838989 1294 1308 1324 1326 1318 1324 1306 1304 1306
546.85199 1308 1303 1317 1324 1311 1312 1305 1300 1291
546.86499 1302 1315 1317 1320 1321 1314 1306 1300 1305
546.877991 1311 1310 1317 1325 1323 1312 1309 1302 1304
546.890991 1296 1309 1322 1319 1330 1326 1308 1297 1302
546.903992 1307 1306 1319 1317 1321 1319 1311 1302 1302
546.916992 1305 1305 1314 1327 1316 1319 1314 1300 1298
546.929993 1296 1313 1314 1324 1324 1321 1306 1306 1306
546.942993 1300 1308 1314 1327 1320 1314 1309 1299 1298
546.955994 1304 1304 1311 1320 1318 1311 1302 1301 1311
546.968994 1300 1307 1319 1326 1326 1322 1308 1299 1293
546.981995 1301 1311 1321 1320 1319 1314 1305 1304 1297
546.994995 1302 1307 1323 1325 1317 1319 1308 1300 1299
547.007996 1302 1306 1313 1326 1323 1306 1300 1304 1302
547.020996 1298 1306 1316 1319 1320 1318 1303 1323 1306
547.034973 1299 1310 1316 1315 1318 1320 1300 1295 1304
547.047974 1303 1310 1321 1313 1327 1320 1304 1304 1292
547.060974 1302 1312 1325 1319 1319 1315 1299 1299 1296
547.073975 1299 1307 1319 1318 1319 1310 1303 1303 1304
547.086975 1301 1317 1322 1320 1323 1317 1306 1307 1303
547.099976 1301 1302 1317 1322 1322 1310 1310 1297 1296
547.112976 1301 1304 1317 1320 1329 1315 1304 1295 1307
547.125977 1294 1299 1318 1319 1319 1312 1313 1300 1301
547.138977 1303 1305 1311 1322 1316 1317 1302 1301 1302
547.151978 1297 1310 1314 1320 1319 1310 1307 1296 1303
547.164978 1299 1309 1319 1320 1321 1305 1305 1300 1296
547.177979 1296 1308 1313 1315 1307 1313 1308 1302 1298
547.190979 1299 1300 1317 1321 1318 1309 1301 1299 1297
547.203979 1298 1309 1317 1322 1316 1311 1301 1294 1302
547.21698 1301 1303 1313 1318 1316 1316 1306 1302 1296
547.22998 1295 1301 1318 1325 1322 1313 1304 1298 1294
547.244019 1297 1305 1310 1315 1317 1313 1305 1301 1299
547.257019 1297 1300 1314 1331 1318 1314 1300 1298 1296
547.27002 1301 1315 1327 1326 1334 1319 1306 1297 1301
547.28302 1299 1305 1319 1318 1319 1315 1295 1302 1297
547.296021 1295 1305 1320 1321 1318 1308 1301 1292 1296
547.309021 1300 1299 1319 1333 1309 1311 1306 1309 1300
547.322021 1295 1308 1321 1314 1330 1305 1299 1304 1304
547.335022 1300 1313 1319 1318 1319 1319 1303 1295 1298
547.348022 1299 1305 1315 1323 1320 1307 1305 1298 1295
547.361023 1305 1309 1317 1325 1317 1319 1303 1294 1302
547.374023 1307 1308 1310 1324 1323 1311 1309 1300 1296
547.387024 1302 1314 1314 1329 1318 1306 1303 1300 1293
547.400024 1300 1304 1310 1321 1305 1309 1312 1296 1300
547.413025 1302 1303 1310 1317 1316 1311 1299 1296 1302
547.426025 1302 1308 1313 1317 1316 1321 1299 1300 1297
547.439026 1299 1303 1320 1319 1320 1311 1301 1303 1301
547.452026 1300 1308 1312 1319 1311 1313 1303 1298 1303
547.465027 1300 1304 1309 1314 1318 1311 1298 1298 1304
547.478027 1291 1301 1313 1315 1313 1312 1306 1293 1297
547.491028 1297 1312 1313 1312 1307 1310 1300 1306 1298
547.504028 1297 1306 1321 1310 1321 1303 1305 1304 1303
547.518005 1301 1311 1321 1317 1323 1316 1301 1297 1299
547.531006 1304 1306 1317 1318 1318 1312 1304 1304 1299
547.544006 1306 1302 1313 1315 1323 1316 1297 1303 1304
547.557007 1304 1310 1312 1310 1322 1315 1309 1297 1299
547.570007 1296 1310 1313 1323 1315 1315 1309 1301 1305
547.583008 1303 1303 1314 1320 1316 1312 1314 1301 1309
547.596008 1299 1303 1305 1323 1326 1315 1309 1303 1294
547.609009 1304 1301 1313 1319 1315 1309 1306 1297 1297
547.622009 1310 1311 1315 1316 1314 1320 1305 1310 1306
547.63501 1323 1317 1312 1319 1319 1305 1311 1303 1311
547.64801 1305 1310 1316 1320 1318 1315 1314 1305 1311
547.661011 1308 1315 1319 1322 1316 1319 1308 1309 1302
547.674011 1314 1312 1310 1326 1326 1321 1308 1309 1306
547.687012 1305 1313 1318 1317 1313 1314 1312 1307 1305
547.700012 1306 1306 1310 1314 1315 1310 1304 1307 1304
547.713013 1300 1306 1307 1316 1315 1321 1302 1302 1304
547.726013 1301 1310 1316 1311 1314 1316 1306 1303 1302
547.739014 1301 1308 1316 1318 1316 1311 1306 1298 1306
547.752014 1300 1304 1301 1312 1318 1318 1304 1299 1295
547.765015 1298 1304 1317 1323 1319 1305 1303 1299 1300
547.778015 1302 1299 1304 1313 1314 1307 1298 1295 1297
547.791016 1301 1307 1313 1318 1314 1303 1313 1298 1302
547.804016 1294 1302 1308 1321 1310 1305 1305 1297 1295
547.817017 1301 1305 1305 1317 1320 1304 1305 1297 1301
547.830017 1298 1309 1317 1319 1317 1311 1305 1301 1295
547.843018 1292 1304 1314 1315 1311 1315 1302 1293 1296
547.856018 1300 1304 1307 1313 1312 1310 1305 1292 1300
547.869019 1293 1299 1305 1306 1312 1314 1302 1292 1297
547.882019 1300 1299 1312 1316 1314 1302 1300 1293 1305
547.89502 1297 1305 1312 1315 1312 1308 1297 1292 1288
547.90802 1298 1299 1311 1316 1309 1309 1303 1295 1295
547.921021 1298 1307 1310 1313 1316 1317 1296 1294 1294
547.934021 1296 1302 1311 1316 1320 1307 1304 1299 1297
547.947021 1301 1303 1314 1316 1317 1305 1297 1298 1289
547.960022 1291 1302 1312 1328 1316 1310 1304 1296 1285
547.973022 1299 1303 1313 1330 1318 1308 1296 1291 1298
547.986023 1294 1300 1304 1314 1318 1313 1300 1302 1297
547.999023 1297 1304 1308 1319 1303 1309 1297 1291 1297
548.012024 1294 1311 1309 1315 1311 1308 1299 1291 1291
548.025024 1297 1304 1306 1315 1317 1307 1304 1295 1293
548.038025 1297 1297 1312 1315 1311 1307 1302 1296 1295
548.051025 1304 1302 1306 1312 1315 1314 1301 1301 1296
548.064026 1295 1301 1309 1306 1310 1304 1299 1292 1295
548.077026 1294 1306 1313 1315 1316 1315 1299 1291 1296
548.090027 1294 1313 1309 1322 1313 1303 1299 1288 1299
548.103027 1296 1308 1312 1309 1315 1308 1300 1296 1300
548.116028 1299 1310 1299 1313 1315 1303 1299 1291 1296
548.129028 1298 1298 1314 1316 1303 1311 1296 1291 1294
548.142029 1299 1302 1311 1318 1312 1300 1302 1292 1300
548.155029 1296 1305 1310 1305 1314 1305 1297 1294 1296
548.16803 1297 1301 1311 1316 1318 1300 1299 1293 1299
548.18103 1299 1306 1309 1310 1316 1307 1300 1291 1303
548.19397 1298 1304 1311 1306 1317 1308 1295 1297 1294
548.20697 1300 1300 1308 1319 1314 1309 1305 1294 1295
548.219971 1295 1294 1307 1313 1314 1303 1294 1292 1297
548.232971 1296 1300 1305 1310 1302 1299 1298 1295 1301
548.245972 1292 1295 1307 1309 1308 1307 1296 1302 1296
548.258972 1299 1306 1311 1312 1313 1303 1301 1292 1295
548.271973 1293 1307 1314 1314 1315 1317 1297 1292 1296
548.284973 1296 1304 1314 1315 1314 1307 1299 1295 1300
548.297974 1297 1306 1304 1321 1313 1304 1296 1298 1291
548.310974 1294 1301 1312 1320 1315 1305 1295 1292 1298
548.323975 1294 1297 1312 1310 1311 1302 1301 1295 1293
548.336975 1288 1301 1311 1324 1313 1303 1299 1297 1296
548.349976 1302 1306 1312 1316 1310 1306 1306 1301 1296
548.362976 1303 1304 1310 1315 1315 1308 1306 1292 1299
548.375977 1301 1305 1303 1317 1315 1310 1304 1295 1297
548.388977 1295 1304 1313 1311 1303 1303 1301 1294 1289
548.401978 1298 1299 1304 1317 1309 1301 1302 1293 1295
548.414978 1298 1295 1311 1320 1311 1304 1302 1293 1286
548.427979 1296 1304 1307 1321 1317 1303 1298 1297 1294
548.440979 1295 1297 1311 1317 1309 1302 1296 1294 1298
548.453979 1292 1303 1310 1312 1315 1309 1301 1294 1291
548.46698 1299 1300 1305 1320 1313 1310 1300 1296 1297
548.47998 1290 1299 1304 1304 1312 1303 1304 1288 1292
548.492981 1292 1305 1305 1318 1312 1307 1298 1294 1294
548.505981 1292 1303 1309 1320 1310 1301 1296 1289 1292
548.518982 1294 1301 1306 1322 1318 1302 1293 1295 1292
548.531982 1297 1304 1312 1313 1315 1296 1297 1296 1293
548.544983 1297 1310 1306 1322 1322 1311 1303 1305 1296
548.557983 1294 1309 1310 1310 1318 1313 1303 1291 1296
548.570984 1296 1297 1308 1311 1315 1308 1296 1290 1294
548.583984 1294 1304 1315 1311 1310 1300 1304 1294 1292
548.596985 1298 1295 1310 1315 1307 1313 1295 1292 1294
548.609985 1292 1304 1318 1318 1307 1312 1296 1297 1292
548.622986 1293 1305 1315 1313 1316 1296 1294 1294 1298
548.635986 1302 1308 1314 1311 1318 1307 1302 1298 1298
548.648987 1289 1305 1315 1314 1306 1314 1306 1291 1293
548.661987 1295 1307 1311 1315 1313 1312 1308 1289 1301
548.674988 1294 1307 1310 1316 1316 1303 1304 1296 1294
548.687988 1296 1304 1307 1314 1314 1309 1304 1297 1294
548.700989 1297 1297 1314 1322 1312 1304 1302 1292 1292
548.713989 1294 1305 1313 1327 1322 1312 1304 1297 1298
548.72699 1299 1314 1308 1314 1328 1312 1303 1303 1299
548.739014 1296 1301 1314 1318 1316 1318 1308 1302 1290
