0 11.25 22.5 33.75 45 56.25 67.5 78.75 90
535.080017 1265 1266 1269 1268 1266 1267 1267 1267 1264
535.093994 1267 1267 1266 1265 1265 1266 1271 1265 1266
535.106995 1269 1266 1269 1266 1265 1269 1267 1269 1264
535.120972 1268 1269 1266 1265 1265 1266 1267 1268 1266
535.13501 1269 1270 1266 1271 1268 1268 1267 1268 1266
535.148987 1265 1266 1265 1267 1266 1263 1265 1264 1267
535.161987 1263 1264 1268 1266 1263 1267 1266 1265 1266
535.176025 1263 1266 1266 1262 1268 1265 1267 1266 1259
535.190002 1266 1265 1264 1268 1267 1266 1269 1266 1264
535.203003 1265 1266 1262 1265 1265 1266 1267 1266 1265
535.21698 1264 1265 1269 1267 1264 1267 1266 1263 1266
535.231018 1269 1265 1268 1265 1265 1264 1264 1264 1268
535.244995 1264 1267 1267 1266 1267 1265 1263 1263 1261
535.257996 1268 1266 1264 1265 1267 1267 1263 1263 1266
535.271973 1265 1266 1264 1263 1268 1268 1263 1265 1263
535.286011 1265 1266 1264 1262 1267 1266 1266 1266 1266
535.299011 1266 1262 1262 1261 1264 1264 1265 1265 1263
535.312988 1266 1265 1266 1265 1266 1266 1265 1266 1265
535.327026 1267 1263 1263 1267 1266 1267 1266 1266 1268
535.341003 1265 1267 1266 1263 1267 1264 1261 1264 1263
535.354004 1266 1264 1267 1265 1264 1262 1264 1258 1262
535.367981 1261 1264 1267 1264 1266 1263 1263 1264 1264
535.382019 1265 1266 1264 1267 1264 1263 1267 1265 1266
535.39502 1262 1268 1265 1263 1263 1262 1267 1265 1265
535.408997 1267 1263 1266 1265 1265 1265 1264 1264 1267
535.422974 1266 1267 1266 1265 1264 1268 1262 1265 1266
535.435974 1264 1266 1264 1264 1265 1265 1264 1265 1264
535.450012 1265 1264 1266 1265 1264 1263 1263 1263 1264
535.463989 1264 1262 1263 1265 1265 1264 1265 1262 1264
535.478027 1263 1266 1263 1262 1269 1265 1265 1262 1263
535.491028 1267 1263 1265 1266 1263 1266 1265 1263 1264
535.505005 1264 1263 1265 1266 1265 1262 1261 1266 1261
535.518982 1268 1268 1264 1264 1267 1267 1263 1265 1266
535.531982 1265 1263 1264 1265 1263 1266 1264 1267 1266
535.546021 1268 1265 1267 1267 1263 1267 1265 1263 1263
535.559998 1263 1262 1262 1264 1264 1267 1264 1261 1263
535.572998 1266 1264 1263 1264 1263 1267 1264 1264 1263
535.586975 1267 1261 1265 1265 1266 1266 1265 1268 1265
535.601013 1268 1266 1266 1265 1266 1265 1264 1266 1264
535.61499 1265 1266 1265 1265 1261 1265 1264 1264 1263
535.627991 1265 1265 1267 1267 1263 1263 1262 1267 1261
535.642029 1263 1264 1264 1264 1262 1263 1266 1261 1265
535.656006 1263 1265 1260 1268 1264 1267 1264 1266 1265
535.669006 1264 1265 1264 1263 1264 1266 1264 1266 1265
535.682983 1267 1265 1263 1263 1263 1264 1264 1265 1262
535.697021 1265 1267 1263 1266 1261 1262 1265 1263 1266
535.710022 1268 1268 1265 1264 1263 1264 1263 1263 1262
535.723999 1266 1266 1263 1264 1260 1265 1261 1265 1264
535.737976 1265 1265 1267 1266 1264 1264 1263 1264 1263
535.750977 1267 1266 1265 1265 1266 1266 1267 1262 1263
535.765015 1263 1264 1261 1264 1264 1265 1263 1265 1260
535.778992 1267 1268 1263 1265 1264 1265 1262 1265 1261
535.791992 1265 1265 1266 1266 1263 1264 1263 1266 1265
535.80603 1269 1264 1269 1264 1265 1263 1264 1263 1263
535.820007 1267 1264 1268 1265 1265 1262 1264 1266 1263
535.833984 1266 1262 1268 1264 1265 1261 1263 1263 1263
535.846985 1262 1266 1263 1263 1262 1265 1264 1264 1261
535.861023 1262 1265 1264 1262 1264 1263 1265 1264 1264
535.875 1265 1264 1264 1263 1263 1264 1268 1263 1261
535.888 1264 1265 1266 1263 1266 1264 1269 1264 1267
535.901978 1268 1266 1265 1264 1262 1265 1264 1264 1266
535.916016 1266 1265 1262 1264 1264 1262 1264 1264 1263
535.929016 1265 1265 1267 1261 1263 1263 1263 1265 1262
535.942993 1264 1265 1265 1262 1265 1264 1264 1262 1264
535.95697 1263 1264 1268 1264 1262 1267 1266 1264 1264
535.969971 1267 1264 1267 1264 1268 1264 1269 1265 1265
535.984009 1264 1264 1266 1266 1262 1267 1264 1266 1266
535.997986 1267 1263 1264 1266 1263 1264 1265 1266 1261
536.010986 1264 1263 1264 1267 1264 1266 1263 1265 1263
536.025024 1267 1265 1265 1263 1268 1263 1262 1264 1264
536.039001 1265 1267 1265 1261 1265 1268 1265 1263 1263
536.052002 1264 1266 1265 1264 1261 1265 1267 1263 1264
536.065979 1266 1267 1265 1266 1266 1264 1266 1263 1264
536.080017 1265 1266 1265 1262 1264 1262 1267 1262 1263
536.093018 1265 1262 1263 1262 1263 1264 1266 1265 1265
536.106995 1268 1265 1263 1265 1266 1264 1263 1263 1267
536.120972 1266 1266 1267 1263 1260 1262 1264 1262 1266
536.133972 1264 1263 1264 1263 1263 1265 1264 1263 1262
536.14801 1263 1265 1263 1262 1267 1266 1267 1264 1265
536.161987 1264 1264 1264 1266 1260 1266 1266 1267 1266
536.174988 1265 1265 1265 1264 1265 1265 1264 1264 1264
536.189026 1267 1266 1263 1264 1264 1264 1266 1264 1264
536.203003 1268 1266 1265 1266 1266 1264 1266 1266 1261
536.216003 1264 1263 1265 1265 1265 1266 1265 1264 1261
536.22998 1264 1267 1263 1265 1264 1265 1266 1266 1264
536.244019 1262 1262 1266 1262 1262 1264 1263 1262 1267
536.257019 1262 1266 1266 1264 1264 1263 1266 1266 1262
536.270996 1264 1266 1264 1268 1263 1267 1264 1263 1267
536.284973 1266 1267 1265 1262 1267 1264 1264 1264 1263
536.297974 1267 1269 1264 1265 1263 1265 1265 1260 1265
536.312012 1262 1267 1263 1265 1263 1263 1264 1264 1266
536.325989 1264 1266 1264 1265 1261 1264 1265 1264 1263
536.338989 1263 1264 1264 1264 1264 1264 1265 1265 1264
536.353027 1267 1263 1267 1261 1262 1260 1264 1263 1267
536.367004 1266 1265 1266 1264 1265 1262 1266 1264 1265
536.380005 1266 1266 1263 1265 1265 1265 1263 1263 1265
536.393982 1266 1266 1264 1263 1266 1262 1265 1263 1263
536.40802 1265 1268 1268 1264 1263 1265 1266 1267 1262
536.421021 1268 1265 1264 1264 1263 1267 1262 1264 1263
536.434998 1261 1263 1264 1262 1263 1265 1263 1263 1262
536.448975 1263 1265 1263 1265 1262 1266 1264 1264 1264
536.461975 1266 1264 1261 1263 1265 1268 1265 1267 1262
536.476013 1263 1265 1265 1266 1265 1262 1269 1262 1266
536.48999 1265 1266 1264 1269 1265 1264 1265 1263 1264
536.502991 1264 1267 1264 1266 1266 1262 1267 1262 1266
536.517029 1261 1265 1263 1266 1263 1265 1263 1265 1268
536.530029 1267 1266 1267 1265 1263 1267 1266 1263 1265
536.544006 1265 1267 1262 1262 1264 1264 1264 1261 1268
536.557983 1269 1265 1263 1262 1267 1263 1264 1264 1265
536.570984 1265 1267 1267 1263 1267 1262 1264 1265 1263
536.585022 1262 1268 1265 1265 1263 1264 1263 1263 1266
536.598999 1266 1261 1263 1264 1262 1262 1266 1269 1263
536.612 1267 1266 1264 1264 1264 1268 1266 1264 1263
536.625977 1268 1263 1262 1265 1264 1268 1263 1261 1264
536.640015 1265 1263 1264 1264 1265 1267 1264 1265 1262
536.653015 1267 1264 1268 1265 1263 1265 1264 1263 1264
536.666992 1265 1266 1266 1261 1267 1265 1264 1263 1263
536.68103 1267 1265 1265 1265 1264 1264 1261 1265 1266
536.69397 1264 1265 1267 1266 1264 1265 1266 1267 1264
536.708008 1265 1266 1265 1264 1264 1264 1261 1261 1265
536.721008 1264 1262 1262 1268 1265 1266 1260 1265 1266
536.734985 1265 1264 1267 1263 1266 1266 1265 1264 1261
536.749023 1267 1266 1265 1263 1263 1263 1264 1266 1266
536.762024 1262 1263 1266 1263 1264 1265 1262 1265 1265
536.776001 1264 1265 1266 1269 1261 1265 1264 1265 1265
536.789978 1267 1265 1263 1265 1264 1266 1265 1265 1264
536.802979 1267 1268 1267 1264 1265 1262 1266 1263 1265
536.817017 1263 1267 1264 1265 1267 1267 1269 1265 1264
536.830994 1265 1263 1267 1264 1263 1264 1268 1264 1264
536.843994 1264 1265 1264 1262 1266 1267 1263 1265 1265
536.857971 1265 1267 1265 1266 1265 1266 1264 1264 1261
536.870972 1264 1265 1265 1267 1262 1264 1265 1266 1261
536.88501 1263 1264 1263 1265 1261 1266 1264 1264 1264
536.898987 1265 1265 1264 1264 1264 1266 1266 1262 1264
536.911987 1266 1264 1266 1263 1265 1264 1266 1264 1267
536.926025 1266 1265 1267 1265 1266 1266 1263 1264 1263
536.940002 1264 1266 1266 1265 1265 1261 1264 1263 1263
536.953003 1266 1267 1263 1264 1265 1263 1267 1266 1264
536.96698 1266 1269 1263 1264 1262 1264 1266 1266 1265
536.97998 1268 1266 1267 1269 1265 1266 1263 1265 1265
536.994019 1264 1267 1266 1265 1264 1264 1265 1266 1264
537.007996 1262 1265 1266 1265 1269 1263 1266 1266 1263
537.020996 1265 1265 1265 1265 1262 1266 1266 1265 1261
537.034973 1264 1266 1265 1263 1265 1263 1267 1265 1265
537.049011 1265 1266 1262 1264 1267 1264 1268 1264 1264
537.062012 1263 1270 1270 1265 1267 1266 1269 1266 1265
537.075989 1263 1263 1270 1268 1266 1266 1263 1269 1265
537.088989 1267 1265 1267 1268 1267 1266 1265 1267 1265
537.103027 1264 1264 1267 1267 1269 1265 1267 1267 1264
537.117004 1263 1264 1268 1271 1267 1267 1266 1262 1267
537.130005 1265 1269 1269 1265 1268 1266 1269 1262 1264
537.143982 1264 1265 1266 1267 1265 1265 1264 1267 1268
537.15802 1268 1267 1268 1267 1263 1268 1264 1263 1268
537.171021 1268 1267 1265 1274 1265 1267 1264 1266 1268
537.184998 1266 1267 1267 1268 1266 1270 1264 1267 1264
537.197998 1269 1265 1269 1264 1264 1271 1264 1266 1264
537.211975 1267 1268 1264 1266 1269 1267 1266 1267 1268
537.226013 1267 1267 1271 1265 1267 1265 1267 1269 1263
537.239014 1272 1269 1270 1273 1271 1272 1275 1273 1274
537.252991 1271 1268 1267 1267 1271 1272 1268 1264 1267
537.265991 1271 1269 1270 1270 1267 1269 1267 1267 1267
537.280029 1267 1269 1270 1270 1270 1268 1271 1269 1267
537.294006 1270 1270 1272 1268 1274 1271 1272 1266 1267
537.307007 1268 1270 1272 1270 1272 1270 1268 1267 1272
537.320984 1268 1270 1272 1271 1274 1270 1270 1268 1271
537.333984 1275 1272 1276 1275 1277 1271 1272 1273 1270
537.348022 1275 1272 1274 1276 1275 1279 1277 1275 1276
537.362 1278 1278 1276 1276 1279 1279 1274 1274 1279
537.375 1279 1279 1270 1277 1274 1273 1279 1278 1279
537.388977 1275 1273 1275 1276 1273 1278 1278 1270 1277
537.403015 1271 1271 1276 1271 1276 1270 1270 1277 1274
537.416016 1272 1276 1273 1271 1270 1275 1275 1273 1274
537.429993 1273 1270 1269 1272 1273 1270 1270 1272 1267
537.442993 1273 1275 1270 1273 1270 1269 1269 1270 1269
537.45697 1271 1271 1271 1269 1271 1269 1268 1270 1269
537.471008 1270 1271 1271 1269 1270 1271 1267 1267 1267
537.484009 1268 1267 1271 1269 1268 1271 1268 1267 1269
537.497986 1264 1266 1270 1265 1269 1269 1268 1268 1271
537.510986 1269 1264 1272 1271 1269 1266 1268 1266 1268
537.525024 1268 1266 1267 1265 1272 1269 1268 1267 1262
537.539001 1268 1271 1270 1270 1270 1270 1269 1265 1269
537.552002 1267 1269 1269 1276 1272 1275 1271 1269 1270
537.565979 1272 1275 1274 1273 1271 1273 1268 1269 1270
537.578979 1272 1273 1273 1272 1273 1270 1270 1268 1272
537.593018 1268 1270 1268 1273 1266 1268 1273 1266 1268
537.606995 1273 1275 1269 1271 1274 1267 1268 1267 1271
537.619995 1272 1271 1269 1271 1272 1270 1271 1267 1269
537.633972 1270 1270 1271 1272 1271 1270 1271 1268 1266
537.646973 1270 1269 1275 1275 1273 1271 1270 1270 1273
537.661011 1270 1270 1271 1273 1278 1270 1272 1271 1269
537.674011 1272 1271 1273 1273 1270 1268 1270 1269 1270
537.687988 1270 1273 1271 1275 1276 1273 1268 1266 1270
537.702026 1271 1269 1271 1275 1276 1275 1273 1269 1269
537.715027 1268 1271 1275 1274 1273 1266 1270 1268 1271
537.729004 1274 1268 1272 1275 1272 1275 1273 1272 1271
537.742004 1278 1274 1274 1280 1276 1277 1272 1269 1276
537.755981 1275 1269 1276 1278 1276 1277 1272 1270 1272
537.77002 1275 1276 1275 1275 1274 1275 1272 1271 1273
537.78302 1276 1272 1274 1277 1281 1272 1278 1270 1270
537.796997 1275 1273 1273 1278 1276 1273 1275 1274 1274
537.809998 1269 1273 1279 1284 1275 1277 1276 1274 1270
537.823975 1273 1275 1276 1277 1279 1277 1279 1276 1275
537.836975 1274 1280 1277 1282 1280 1281 1275 1276 1277
537.851013 1283 1282 1280 1280 1284 1282 1272 1274 1273
537.86499 1278 1276 1281 1280 1278 1276 1277 1275 1280
537.877991 1280 1284 1282 1283 1278 1284 1275 1275 1275
537.892029 1280 1277 1285 1282 1286 1284 1281 1271 1273
537.905029 1278 1278 1276 1278 1283 1283 1278 1276 1273
537.919006 1278 1276 1281 1280 1280 1288 1275 1277 1274
537.932007 1278 1282 1283 1281 1281 1288 1280 1277 1274
537.945984 1282 1279 1283 1299 1283 1287 1280 1277 1284
537.960022 1276 1283 1281 1290 1287 1280 1283 1278 1279
537.973022 1281 1282 1280 1284 1287 1287 1282 1276 1281
537.987 1282 1279 1293 1288 1290 1280 1284 1281 1278
538 1279 1277 1281 1288 1283 1280 1284 1280 1277
538.013977 1281 1281 1284 1286 1289 1286 1281 1280 1285
538.028015 1285 1287 1287 1292 1283 1288 1286 1283 1280
538.041016 1280 1283 1287 1298 1297 1291 1286 1281 1283
538.054993 1285 1288 1291 1291 1289 1283 1283 1285 1284
538.067993 1285 1285 1282 1294 1291 1284 1282 1279 1282
538.08197 1290 1291 1292 1290 1293 1292 1286 1284 1288
538.094971 1285 1288 1294 1303 1292 1291 1289 1289 1282
538.109009 1287 1298 1287 1294 1296 1290 1285 1285 1283
538.122009 1287 1290 1297 1298 1301 1292 1285 1288 1290
538.135986 1287 1284 1292 1294 1300 1295 1287 1284 1282
538.150024 1293 1288 1297 1294 1297 1292 1284 1287 1285
538.163025 1289 1290 1299 1311 1295 1297 1292 1293 1289
538.177002 1293 1288 1296 1306 1297 1292 1297 1286 1288
538.190002 1291 1294 1300 1294 1300 1298 1294 1288 1283
538.203979 1286 1299 1303 1298 1304 1298 1291 1286 1289
538.21698 1290 1288 1301 1303 1308 1296 1295 1289 1289
538.231018 1297 1292 1302 1316 1298 1303 1292 1290 1298
538.244995 1294 1300 1308 1311 1310 1306 1304 1291 1297
538.257996 1297 1303 1301 1308 1309 1297 1294 1290 1291
538.271973 1293 1297 1308 1301 1309 1311 1301 1295 1291
538.284973 1296 1307 1302 1307 1314 1303 1298 1300 1291
538.299011 1303 1302 1311 1319 1320 1309 1298 1294 1298
538.312012 1312 1305 1315 1319 1315 1311 1312 1300 1292
538.325989 1308 1301 1321 1323 1322 1316 1307 1308 1302
538.338989 1304 1314 1313 1319 1313 1320 1311 1310 1306
538.353027 1309 1320 1321 1316 1327 1312 1310 1306 1310
538.367004 1311 1317 1326 1326 1315 1322 1308 1316 1312
538.380005 1312 1316 1322 1319 1325 1321 1315 1308 1314
538.393982 1314 1324 1331 1324 1321 1325 1325 1312 1308
538.406982 1323 1321 1325 1324 1320 1313 1317 1304 1313
538.421021 1318 1321 1329 1342 1322 1326 1321 1307 1313
538.434021 1311 1314 1330 1325 1327 1330 1323 1311 1313
538.447998 1318 1313 1325 1332 1333 1330 1315 1310 1315
538.460999 1320 1319 1339 1323 1336 1326 1319 1316 1313
538.474976 1321 1315 1326 1330 1330 1343 1320 1319 1318
538.489014 1321 1329 1328 1335 1336 1322 1318 1319 1320
538.502014 1318 1318 1332 1340 1331 1322 1313 1312 1314
538.515991 1317 1327 1325 1332 1335 1327 1315 1312 1311
538.528992 1316 1327 1333 1333 1328 1330 1316 1318 1313
538.54303 1315 1315 1330 1334 1326 1327 1311 1308 1314
538.55603 1304 1316 1327 1320 1333 1325 1315 1311 1308
538.570007 1316 1321 1318 1338 1331 1323 1315 1317 1308
538.583008 1309 1311 1324 1337 1334 1327 1310 1308 1305
538.596985 1308 1317 1328 1337 1342 1327 1315 1314 1307
538.609985 1319 1317 1329 1342 1330 1331 1318 1311 1312
538.624023 1311 1328 1322 1332 1335 1333 1318 1306 1315
538.638 1321 1322 1321 1329 1339 1319 1321 1310 1312
538.651001 1311 1319 1327 1333 1332 1334 1321 1302 1315
538.664978 1322 1319 1337 1338 1326 1328 1319 1314 1317
538.677979 1309 1321 1328 1342 1340 1328 1320 1307 1310
538.692017 1314 1319 1335 1330 1338 1340 1329 1315 1312
538.705017 1321 1327 1333 1340 1347 1340 1321 1316 1317
538.718994 1313 1322 1337 1336 1336 1336 1310 1311 1313
538.731995 1317 1317 1329 1341 1332 1337 1324 1319 1311
538.745972 1322 1327 1333 1338 1337 1326 1321 1316 1309
538.758972 1320 1319 1329 1340 1338 1334 1321 1316 1316
538.77301 1319 1321 1340 1333 1338 1329 1317 1326 1315
538.786011 1317 1324 1342 1344 1343 1322 1325 1320 1321
538.799988 1322 1326 1327 1352 1350 1335 1319 1319 1316
538.812988 1317 1329 1342 1349 1341 1328 1323 1325 1316
538.827026 1321 1331 1336 1348 1344 1334 1324 1311 1319
538.841003 1315 1332 1336 1337 1344 1330 1332 1321 1317
538.854004 1316 1326 1327 1357 1342 1339 1328 1318 1316
538.867981 1332 1331 1334 1342 1342 1334 1330 1315 1327
538.880981 1331 1329 1342 1344 1347 1342 1327 1322 1320
538.89502 1317 1330 1337 1349 1355 1337 1316 1321 1328
538.90802 1319 1338 1339 1333 1345 1337 1319 1325 1317
538.921997 1327 1328 1340 1347 1360 1338 1330 1316 1310
538.934998 1325 1335 1327 1347 1368 1342 1332 1316 1310
538.948975 1334 1334 1333 1345 1348 1346 1329 1322 1328
538.961975 1323 1327 1344 1348 1349 1333 1326 1323 1314
538.976013 1331 1338 1344 1353 1351 1338 1326 1327 1323
538.989014 1326 1333 1350 1351 1353 1349 1331 1324 1324
539.002991 1324 1335 1343 1354 1347 1344 1334 1319 1327
539.015991 1332 1342 1340 1363 1349 1343 1331 1324 1333
539.030029 1327 1338 1344 1354 1364 1344 1334 1331 1321
539.04303 1320 1334 1339 1357 1352 1352 1333 1319 1327
539.057007 1327 1338 1356 1360 1360 1353 1342 1328 1330
539.070007 1330 1333 1354 1353 1364 1350 1329 1335 1335
539.083984 1323 1349 1360 1366 1363 1351 1337 1330 1328
539.096985 1327 1335 1349 1360 1367 1345 1335 1329 1326
539.111023 1327 1341 1338 1360 1357 1347 1336 1326 1325
539.125 1330 1334 1348 1344 1350 1344 1336 1320 1324
539.138 1327 1329 1339 1354 1340 1336 1334 1332 1327
539.151978 1325 1329 1346 1352 1353 1347 1326 1331 1318
539.164978 1319 1331 1340 1357 1355 1338 1329 1320 1322
539.179016 1328 1332 1355 1357 1359 1356 1328 1323 1326
539.192017 1325 1322 1352 1349 1350 1339 1327 1315 1315
539.205994 1319 1325 1341 1350 1351 1333 1329 1319 1321
539.218994 1314 1325 1338 1338 1352 1336 1321 1323 1315
539.232971 1328 1330 1328 1361 1345 1333 1329 1319 1317
539.245972 1320 1320 1349 1355 1360 1347 1322 1316 1316
539.26001 1319 1338 1343 1351 1344 1341 1327 1325 1327
539.27301 1323 1324 1332 1352 1347 1343 1326 1318 1324
539.286987 1330 1328 1347 1350 1350 1338 1334 1313 1321
539.299988 1323 1336 1331 1348 1352 1341 1328 1326 1327
539.314026 1320 1331 1337 1356 1346 1338 1329 1312 1310
539.327026 1320 1321 1344 1352 1351 1349 1334 1319 1320
539.341003 1311 1330 1345 1341 1343 1347 1324 1315 1311
539.354004 1324 1334 1340 1354 1344 1333 1326 1319 1318
539.367981 1326 1330 1338 1348 1347 1328 1330 1316 1313
539.380981 1326 1325 1333 1359 1346 1332 1332 1318 1320
539.39502 1314 1332 1335 1359 1344 1342 1322 1317 1317
539.40802 1317 1332 1351 1357 1356 1333 1324 1318 1319
539.421997 1330 1324 1339 1348 1355 1342 1332 1320 1315
539.434998 1327 1338 1337 1347 1358 1341 1325 1318 1319
539.448975 1332 1327 1347 1353 1352 1342 1320 1325 1319
539.461975 1327 1325 1338 1365 1354 1338 1324 1311 1320
539.476013 1320 1335 1350 1348 1366 1341 1325 1317 1318
539.489014 1320 1327 1347 1354 1350 1348 1324 1314 1320
539.502991 1321 1334 1351 1355 1357 1342 1324 1309 1323
539.515991 1318 1330 1340 1363 1356 1352 1342 1312 1311
539.530029 1321 1331 1341 1363 1357 1340 1328 1318 1316
539.54303 1324 1332 1348 1356 1365 1343 1331 1314 1317
539.557007 1316 1350 1346 1368 1368 1357 1334 1326 1324
539.570007 1328 1344 1355 1363 1370 1349 1336 1328 1320
539.583984 1331 1342 1368 1394 1375 1361 1335 1317 1317
539.596985 1321 1355 1380 1404 1415 1363 1338 1318 1319
539.611023 1324 1358 1402 1426 1425 1389 1353 1320 1330
539.624023 1329 1364 1411 1444 1455 1412 1354 1312 1331
539.638 1334 1361 1426 1475 1456 1416 1355 1324 1323
539.651001 1340 1365 1452 1474 1464 1435 1369 1322 1334
539.664001 1328 1386 1438 1465 1478 1430 1370 1329 1311
539.677979 1329 1372 1424 1462 1455 1437 1358 1326 1325
539.690979 1331 1363 1406 1433 1453 1406 1355 1327 1320
539.705017 1326 1351 1394 1422 1408 1385 1342 1332 1332
539.718018 1329 1354 1383 1409 1401 1378 1343 1328 1323
539.731995 1322 1344 1378 1401 1391 1364 1335 1319 1327
539.744995 1326 1339 1363 1386 1376 1370 1336 1318 1322
539.758972 1325 1345 1350 1377 1366 1354 1331 1326 1323
539.771973 1320 1331 1356 1361 1370 1347 1326 1312 1328
539.786011 1314 1329 1355 1367 1361 1358 1333 1326 1318
539.799011 1325 1342 1351 1369 1366 1354 1329 1318 1320
539.812988 1317 1326 1350 1358 1350 1349 1327 1321 1323
539.825989 1334 1334 1358 1362 1357 1355 1323 1321 1311
539.840027 1324 1338 1362 1366 1362 1356 1328 1320 1308
539.853027 1329 1328 1342 1366 1357 1350 1325 1318 1317
539.867004 1323 1336 1349 1367 1363 1343 1324 1319 1320
539.880005 1324 1335 1348 1359 1351 1345 1330 1315 1318
539.893982 1317 1336 1337 1352 1351 1349 1328 1317 1324
539.906982 1323 1340 1346 1347 1361 1346 1333 1323 1315
539.921021 1321 1347 1348 1360 1367 1348 1332 1325 1321
539.934021 1315 1342 1343 1357 1357 1341 1334 1327 1325
539.947998 1325 1331 1350 1358 1348 1340 1337 1323 1323
539.960999 1328 1339 1343 1369 1359 1337 1328 1324 1316
539.973999 1323 1336 1344 1354 1365 1340 1326 1316 1318
539.987976 1321 1338 1346 1357 1358 1348 1337 1317 1321
540.000977 1323 1337 1350 1355 1357 1341 1329 1317 1321
540.015015 1332 1337 1358 1353 1367 1340 1322 1322 1322
540.028015 1325 1337 1349 1357 1363 1343 1335 1317 1318
540.041992 1326 1348 1343 1363 1353 1348 1322 1316 1323
540.054993 1324 1328 1349 1355 1349 1349 1330 1322 1321
540.06897 1324 1335 1339 1352 1351 1345 1322 1316 1321
540.08197 1325 1332 1341 1369 1354 1345 1324 1334 1317
540.096008 1323 1337 1347 1351 1365 1341 1334 1313 1321
540.109009 1319 1330 1348 1371 1359 1349 1324 1320 1307
540.122986 1326 1330 1343 1356 1366 1348 1326 1319 1324
540.135986 1329 1330 1338 1359 1359 1342 1326 1318 1326
540.150024 1322 1336 1354 1357 1356 1338 1336 1313 1319
540.163025 1322 1333 1350 1360 1354 1363 1325 1320 1327
540.176025 1325 1338 1354 1353 1346 1342 1329 1328 1320
540.190002 1331 1327 1347 1362 1363 1338 1339 1318 1317
540.203003 1327 1345 1339 1360 1360 1347 1338 1311 1324
540.21698 1327 1336 1349 1364 1363 1344 1335 1317 1320
540.22998 1327 1338 1348 1375 1357 1344 1336 1320 1318
540.244019 1326 1335 1357 1363 1348 1348 1329 1323 1312
540.257019 1321 1331 1355 1353 1361 1350 1332 1328 1321
540.270996 1319 1338 1347 1355 1361 1355 1336 1320 1327
540.283997 1322 1340 1348 1364 1350 1345 1325 1314 1323
540.297974 1325 1335 1354 1366 1363 1344 1334 1318 1320
540.310974 1329 1345 1346 1362 1357 1338 1329 1323 1318
540.323975 1328 1338 1344 1360 1350 1348 1332 1318 1325
540.338013 1327 1342 1347 1365 1365 1339 1335 1320 1324
540.351013 1319 1326 1352 1358 1344 1343 1325 1314 1319
540.36499 1327 1336 1345 1355 1361 1350 1327 1325 1327
540.377991 1330 1344 1356 1362 1365 1350 1338 1326 1331
540.392029 1340 1339 1356 1373 1375 1356 1338 1317 1326
540.405029 1332 1339 1367 1362 1356 1356 1345 1330 1336
540.419006 1345 1355 1366 1376 1370 1364 1343 1331 1331
540.432007 1333 1351 1362 1374 1364 1354 1334 1333 1329
540.445007 1346 1352 1361 1370 1364 1349 1343 1332 1336
540.458984 1341 1351 1353 1377 1366 1352 1343 1336 1325
540.471985 1350 1351 1358 1363 1372 1356 1346 1328 1343
540.486023 1336 1348 1366 1371 1363 1352 1346 1328 1335
540.499023 1333 1345 1358 1375 1366 1357 1339 1329 1331
540.513 1339 1346 1355 1373 1367 1356 1346 1330 1327
540.526001 1340 1340 1344 1364 1361 1350 1344 1322 1340
540.539978 1323 1336 1357 1369 1364 1354 1338 1324 1333
540.552979 1328 1343 1359 1354 1350 1351 1335 1329 1332
540.565979 1326 1342 1352 1356 1355 1349 1336 1328 1323
540.580017 1331 1338 1341 1356 1360 1343 1328 1324 1322
540.593018 1327 1334 1348 1356 1352 1348 1337 1321 1321
540.606995 1325 1328 1347 1355 1359 1349 1335 1324 1321
540.619995 1333 1333 1356 1356 1368 1345 1323 1330 1333
540.633972 1329 1337 1345 1364 1362 1348 1334 1332 1314
540.646973 1329 1341 1347 1354 1356 1356 1341 1325 1325
540.659973 1318 1333 1353 1360 1357 1340 1330 1320 1318
540.674011 1327 1334 1345 1353 1358 1349 1338 1321 1322
540.687012 1323 1334 1345 1362 1360 1341 1327 1328 1317
540.700989 1327 1338 1350 1365 1352 1333 1330 1319 1324
540.713989 1325 1337 1352 1353 1351 1347 1327 1326 1330
540.728027 1324 1337 1349 1359 1349 1349 1340 1323 1325
540.741028 1332 1336 1346 1364 1360 1354 1338 1325 1321
540.754028 1323 1338 1351 1358 1348 1339 1326 1322 1326
540.768005 1321 1339 1355 1357 1354 1339 1326 1320 1325
540.781006 1328 1341 1352 1367 1369 1352 1343 1319 1321
540.794983 1320 1342 1352 1356 1349 1334 1327 1321 1328
540.807983 1321 1326 1348 1364 1344 1354 1331 1332 1320
540.822021 1322 1338 1341 1361 1358 1345 1324 1329 1324
540.835022 1320 1339 1347 1353 1354 1356 1330 1329 1322
540.848022 1338 1343 1345 1354 1356 1338 1337 1313 1320
540.862 1330 1339 1356 1358 1365 1348 1330 1331 1327
540.875 1328 1337 1343 1366 1359 1348 1334 1321 1326
540.888977 1321 1340 1347 1362 1364 1364 1331 1322 1315
540.901978 1326 1336 1344 1367 1356 1353 1339 1319 1327
540.916016 1330 1337 1357 1374 1345 1351 1328 1321 1319
540.929016 1324 1341 1348 1364 1365 1347 1324 1320 1318
540.942017 1323 1342 1352 1362 1353 1349 1334 1320 1328
540.955994 1328 1348 1346 1368 1360 1356 1332 1320 1323
540.968994 1335 1340 1352 1362 1363 1346 1325 1324 1324
540.982971 1328 1341 1354 1360 1360 1348 1330 1314 1320
540.995972 1330 1341 1346 1375 1358 1352 1333 1323 1322
541.008972 1333 1342 1358 1348 1357 1337 1335 1324 1327
541.02301 1321 1336 1348 1365 1354 1350 1326 1326 1326
541.036011 1328 1335 1347 1360 1379 1354 1325 1320 1320
541.049988 1326 1346 1350 1358 1364 1354 1330 1323 1321
541.062988 1330 1343 1342 1368 1365 1353 1335 1320 1323
541.075989 1329 1333 1350 1357 1362 1360 1326 1320 1330
541.090027 1327 1333 1358 1361 1359 1350 1328 1329 1321
541.103027 1332 1333 1353 1369 1358 1349 1328 1318 1334
541.117004 1325 1336 1348 1365 1356 1365 1333 1316 1312
541.130005 1312 1333 1363 1357 1353 1357 1329 1321 1327
541.143982 1325 1342 1351 1357 1366 1344 1335 1327 1322
541.156982 1330 1333 1350 1363 1363 1345 1342 1319 1324
541.169983 1326 1346 1353 1367 1361 1357 1342 1329 1329
541.184021 1333 1337 1346 1367 1360 1349 1334 1325 1323
541.197021 1323 1339 1352 1363 1356 1348 1336 1317 1327
541.210999 1327 1329 1348 1361 1364 1350 1328 1322 1322
541.223999 1322 1332 1352 1363 1363 1353 1339 1325 1330
541.237 1330 1337 1342 1366 1361 1351 1331 1330 1323
541.250977 1324 1347 1357 1369 1368 1348 1322 1323 1331
541.263977 1329 1341 1361 1358 1365 1351 1333 1323 1328
541.278015 1333 1339 1358 1355 1372 1357 1333 1319 1322
541.291016 1322 1344 1354 1364 1362 1355 1333 1325 1324
541.304016 1330 1349 1357 1363 1366 1350 1318 1323 1336
541.317993 1332 1335 1356 1354 1369 1353 1338 1321 1331
541.330994 1324 1338 1363 1357 1370 1345 1329 1317 1320
541.344971 1326 1338 1353 1351 1364 1350 1328 1331 1328
541.357971 1322 1342 1346 1364 1358 1348 1339 1316 1318
541.370972 1328 1342 1345 1371 1358 1353 1335 1317 1331
541.38501 1318 1332 1346 1364 1352 1355 1336 1328 1318
541.39801 1319 1348 1343 1362 1357 1352 1328 1327 1323
541.411011 1331 1338 1343 1357 1356 1344 1335 1322 1324
541.424988 1327 1336 1354 1360 1364 1351 1343 1326 1322
541.437988 1328 1336 1348 1356 1360 1347 1338 1318 1321
541.452026 1327 1340 1349 1370 1362 1348 1341 1325 1320
541.465027 1327 1332 1353 1364 1357 1348 1334 1319 1328
541.478027 1324 1338 1360 1361 1363 1354 1333 1322 1323
541.492004 1334 1335 1351 1348 1361 1346 1322 1326 1325
541.505005 1321 1344 1345 1360 1358 1340 1325 1327 1325
541.518982 1331 1339 1350 1362 1364 1356 1335 1328 1316
541.531982 1333 1341 1354 1362 1355 1363 1333 1320 1326
541.544983 1332 1336 1350 1356 1360 1339 1338 1330 1325
541.559021 1333 1337 1346 1365 1379 1351 1344 1322 1321
541.572021 1324 1348 1349 1357 1374 1369 1330 1327 1334
541.585999 1323 1342 1348 1356 1359 1346 1329 1331 1321
541.598999 1329 1337 1352 1366 1354 1351 1335 1320 1318
541.612 1330 1345 1355 1365 1356 1340 1337 1328 1331
541.625977 1318 1340 1362 1376 1350 1347 1337 1318 1330
541.638977 1327 1337 1354 1362 1368 1350 1346 1322 1323
541.651978 1331 1343 1361 1367 1357 1340 1330 1328 1321
541.666016 1331 1342 1352 1354 1373 1354 1332 1329 1326
541.679016 1324 1337 1348 1356 1370 1360 1327 1322 1328
541.692993 1331 1333 1348 1363 1366 1346 1334 1325 1316
541.705994 1331 1341 1352 1368 1362 1353 1336 1326 1323
541.718994 1323 1334 1344 1344 1362 1352 1333 1334 1324
541.732971 1323 1334 1346 1355 1364 1343 1337 1326 1329
541.745972 1325 1331 1365 1359 1350 1344 1336 1330 1320
541.758972 1319 1321 1349 1343 1340 1334 1323 1314 1327
541.77301 1335 1346 1340 1367 1362 1353 1340 1328 1325
541.786011 1324 1338 1351 1360 1351 1348 1338 1326 1319
541.799988 1327 1338 1349 1366 1360 1357 1332 1309 1324
541.812988 1325 1339 1346 1364 1362 1352 1336 1323 1335
541.825989 1328 1344 1349 1366 1350 1344 1336 1336 1326
541.840027 1333 1330 1346 1364 1357 1353 1337 1328 1321
541.853027 1335 1341 1340 1352 1362 1341 1331 1325 1323
541.866028 1334 1333 1353 1368 1357 1346 1332 1325 1327
541.880005 1324 1341 1337 1356 1362 1342 1334 1326 1320
541.893005 1327 1349 1341 1353 1362 1353 1322 1331 1323
541.906006 1323 1340 1355 1356 1353 1336 1340 1333 1321
541.919983 1316 1343 1355 1354 1350 1347 1326 1326 1328
541.932983 1331 1335 1342 1360 1359 1344 1329 1335 1321
541.947021 1327 1339 1351 1360 1361 1349 1325 1328 1324
541.960022 1320 1344 1353 1359 1356 1349 1331 1323 1332
541.973022 1326 1342 1354 1352 1360 1342 1328 1329 1335
541.987 1323 1344 1360 1358 1356 1342 1333 1316 1317
542 1324 1337 1351 1358 1371 1361 1336 1327 1322
542.013 1321 1350 1348 1373 1352 1353 1345 1322 1312
542.026978 1321 1333 1350 1366 1366 1348 1338 1329 1325
542.039978 1317 1333 1347 1365 1359 1350 1343 1323 1322
542.052979 1337 1341 1352 1367 1362 1345 1330 1320 1331
542.067017 1327 1335 1352 1366 1357 1342 1340 1324 1328
542.080017 1328 1335 1348 1368 1359 1345 1334 1325 1319
542.093994 1315 1344 1348 1366 1362 1349 1334 1326 1323
542.106995 1328 1337 1357 1364 1359 1341 1340 1326 1331
542.119995 1330 1339 1342 1355 1353 1348 1337 1326 1317
542.133972 1325 1353 1349 1375 1365 1342 1335 1321 1331
542.146973 1335 1341 1347 1370 1365 1344 1331 1322 1326
542.159973 1319 1339 1356 1360 1364 1346 1344 1326 1333
542.174011 1331 1347 1356 1364 1373 1352 1332 1330 1331
542.187012 1330 1336 1354 1356 1352 1352 1327 1321 1335
542.200012 1325 1341 1351 1363 1361 1334 1334 1328 1332
542.213989 1332 1337 1356 1366 1370 1365 1324 1327 1330
542.22699 1338 1341 1353 1358 1364 1357 1339 1328 1324
542.23999 1334 1350 1344 1363 1358 1353 1331 1319 1330
542.254028 1325 1341 1358 1369 1362 1352 1342 1333 1326
542.267029 1329 1341 1351 1357 1370 1352 1333 1334 1324
542.280029 1328 1343 1363 1359 1367 1363 1334 1325 1324
542.294006 1323 1345 1356 1361 1372 1346 1332 1327 1328
542.307007 1328 1340 1350 1372 1371 1357 1338 1332 1326
542.320007 1337 1343 1357 1369 1366 1348 1337 1332 1328
542.333984 1325 1349 1362 1375 1371 1354 1345 1318 1324
542.346985 1337 1343 1349 1368 1377 1347 1341 1324 1328
542.359985 1331 1332 1351 1370 1364 1359 1338 1325 1321
542.374023 1327 1350 1350 1364 1362 1353 1347 1327 1322
542.387024 1338 1342 1362 1376 1364 1353 1337 1327 1319
542.400024 1332 1357 1359 1371 1357 1359 1338 1326 1324
542.414001 1337 1350 1353 1371 1367 1351 1330 1318 1333
542.427002 1322 1344 1365 1368 1374 1348 1338 1329 1324
542.440002 1332 1343 1357 1361 1364 1351 1335 1323 1326
542.453979 1338 1346 1368 1377 1363 1352 1334 1323 1324
542.46698 1322 1344 1358 1369 1372 1349 1335 1321 1321
542.47998 1327 1336 1347 1362 1366 1348 1339 1323 1331
542.494019 1329 1345 1356 1371 1374 1353 1338 1320 1329
542.507019 1337 1345 1363 1374 1367 1348 1342 1320 1334
542.52002 1326 1347 1353 1369 1366 1352 1338 1329 1332
542.533997 1329 1343 1361 1357 1378 1339 1330 1332 1323
542.546997 1329 1340 1357 1373 1374 1358 1339 1322 1329
542.559998 1335 1342 1357 1376 1379 1357 1341 1335 1323
542.573975 1323 1342 1361 1381 1367 1350 1345 1322 1328
542.586975 1335 1341 1360 1379 1375 1364 1332 1331 1328
542.599976 1333 1336 1363 1375 1368 1360 1344 1331 1318
542.614014 1327 1345 1350 1372 1375 1367 1341 1328 1327
542.627014 1330 1338 1367 1369 1377 1364 1337 1324 1331
542.640015 1329 1343 1360 1372 1368 1360 1341 1323 1319
542.653992 1333 1343 1349 1374 1362 1356 1338 1332 1325
542.666992 1328 1338 1362 1379 1375 1354 1343 1333 1327
542.679993 1331 1339 1364 1375 1360 1357 1341 1322 1322
542.69397 1333 1351 1357 1365 1365 1365 1336 1320 1321
542.70697 1328 1355 1353 1368 1367 1348 1339 1325 1329
542.719971 1338 1338 1363 1370 1361 1354 1332 1329 1319
542.734009 1324 1344 1365 1372 1377 1361 1345 1326 1324
542.747009 1330 1334 1348 1366 1377 1347 1349 1334 1339
542.76001 1331 1340 1363 1357 1362 1369 1341 1335 1327
542.773987 1338 1340 1355 1370 1362 1360 1337 1326 1329
542.786987 1326 1335 1358 1372 1363 1357 1331 1315 1327
542.799988 1331 1351 1360 1384 1366 1350 1335 1317 1331
542.812988 1330 1355 1356 1363 1366 1361 1340 1332 1323
542.827026 1328 1348 1366 1372 1355 1365 1334 1320 1334
542.840027 1327 1338 1347 1373 1363 1359 1340 1327 1323
542.853027 1328 1340 1355 1361 1366 1364 1343 1330 1329
542.867004 1329 1350 1361 1365 1355 1353 1333 1320 1322
542.880005 1329 1338 1362 1363 1368 1351 1334 1321 1321
542.893005 1329 1341 1358 1365 1368 1359 1328 1321 1326
542.906982 1336 1339 1352 1367 1358 1354 1334 1319 1318
542.919983 1326 1349 1360 1370 1364 1359 1347 1332 1313
542.932983 1327 1348 1351 1369 1376 1352 1337 1329 1326
542.947021 1332 1339 1365 1371 1374 1352 1338 1325 1321
542.960022 1333 1350 1357 1371 1366 1353 1343 1332 1328
542.973022 1328 1345 1368 1372 1372 1359 1343 1332 1335
542.987 1327 1343 1364 1376 1377 1364 1341 1331 1328
543 1329 1346 1368 1370 1366 1354 1346 1328 1318
543.013 1330 1358 1360 1372 1377 1358 1342 1323 1329
543.026001 1326 1341 1368 1371 1388 1356 1343 1327 1326
543.039978 1328 1347 1354 1377 1379 1355 1349 1332 1331
543.052979 1332 1345 1367 1387 1375 1355 1346 1330 1321
543.065979 1346 1342 1372 1386 1378 1369 1344 1328 1329
543.080017 1331 1348 1359 1383 1372 1368 1338 1325 1333
543.093018 1338 1353 1372 1386 1383 1356 1340 1321 1326
543.106018 1335 1347 1381 1401 1399 1371 1344 1336 1326
543.119995 1331 1350 1370 1390 1393 1376 1335 1331 1323
543.132996 1344 1362 1375 1399 1385 1371 1336 1325 1325
543.145996 1344 1353 1373 1410 1394 1366 1357 1321 1332
543.158997 1333 1358 1396 1403 1383 1381 1350 1330 1332
543.172974 1334 1360 1397 1389 1396 1390 1340 1325 1324
543.185974 1337 1356 1391 1401 1394 1379 1362 1317 1327
543.198975 1337 1366 1398 1395 1417 1387 1354 1339 1333
543.213013 1338 1360 1394 1420 1400 1396 1347 1328 1320
543.226013 1334 1361 1385 1405 1407 1374 1355 1337 1333
543.239014 1341 1366 1399 1428 1405 1390 1342 1324 1339
543.252014 1345 1370 1393 1411 1428 1387 1346 1341 1335
543.265991 1338 1368 1398 1413 1419 1392 1362 1328 1339
543.278992 1338 1362 1397 1424 1428 1395 1359 1336 1336
543.291992 1339 1367 1391 1420 1393 1382 1344 1328 1328
543.30603 1340 1357 1395 1412 1417 1389 1353 1322 1322
543.31897 1341 1362 1391 1412 1410 1387 1348 1333 1330
543.33197 1336 1353 1388 1409 1419 1391 1356 1331 1334
543.344971 1331 1363 1389 1419 1409 1385 1358 1329 1334
543.359009 1338 1362 1386 1421 1407 1394 1352 1326 1335
543.372009 1341 1350 1401 1412 1400 1387 1354 1335 1338
543.38501 1338 1370 1393 1417 1411 1384 1351 1342 1328
543.398987 1335 1368 1399 1425 1409 1390 1344 1324 1336
543.411987 1334 1366 1396 1428 1422 1394 1348 1327 1331
543.424988 1340 1365 1420 1433 1432 1398 1353 1327 1316
543.437988 1338 1382 1412 1447 1449 1396 1353 1335 1326
543.452026 1335 1380 1413 1467 1457 1430 1364 1337 1335
543.465027 1330 1388 1434 1486 1466 1421 1381 1327 1331
543.478027 1341 1388 1446 1500 1483 1436 1384 1335 1322
543.491028 1330 1403 1468 1501 1500 1470 1387 1339 1335
543.505005 1337 1406 1486 1552 1548 1476 1394 1328 1344
543.518005 1340 1422 1512 1568 1555 1496 1390 1339 1346
543.531006 1344 1429 1525 1589 1576 1501 1403 1333 1342
543.544983 1342 1415 1517 1559 1594 1526 1392 1335 1340
543.557983 1346 1414 1507 1581 1570 1512 1406 1337 1336
543.570984 1340 1406 1497 1538 1548 1492 1395 1331 1335
543.583984 1340 1409 1470 1526 1524 1474 1379 1343 1337
543.598022 1348 1388 1452 1504 1484 1429 1371 1327 1339
543.611023 1343 1384 1427 1487 1452 1425 1366 1333 1331
543.624023 1332 1380 1426 1448 1438 1414 1366 1330 1322
543.637024 1329 1357 1410 1438 1431 1404 1357 1330 1322
543.651001 1329 1369 1403 1418 1413 1384 1343 1333 1321
543.664001 1327 1358 1398 1417 1412 1387 1358 1331 1329
543.677002 1332 1347 1388 1402 1405 1371 1353 1321 1324
543.690002 1334 1358 1372 1392 1395 1387 1349 1321 1325
543.703979 1338 1355 1376 1400 1403 1388 1345 1331 1332
543.71698 1336 1360 1374 1394 1387 1377 1348 1324 1331
543.72998 1331 1357 1366 1390 1385 1377 1347 1322 1323
543.744019 1321 1350 1385 1384 1382 1359 1339 1330 1331
543.757019 1330 1352 1374 1390 1383 1355 1344 1320 1332
543.77002 1326 1350 1369 1380 1382 1367 1348 1327 1327
543.78302 1329 1343 1376 1376 1365 1359 1340 1319 1322
543.796997 1335 1349 1365 1381 1377 1366 1340 1332 1330
543.809998 1342 1342 1360 1387 1372 1363 1338 1326 1337
543.822998 1334 1337 1360 1374 1373 1369 1339 1323 1323
543.835999 1328 1350 1366 1374 1376 1369 1333 1323 1331
543.849976 1333 1339 1365 1367 1369 1346 1337 1320 1325
543.862976 1322 1336 1375 1383 1370 1356 1334 1319 1324
543.875977 1329 1339 1366 1364 1379 1355 1333 1325 1326
543.888977 1335 1349 1362 1375 1376 1360 1346 1323 1324
543.903015 1331 1352 1366 1383 1376 1360 1337 1324 1333
543.916016 1334 1347 1367 1368 1378 1363 1337 1336 1323
543.929016 1328 1348 1369 1379 1373 1355 1336 1323 1324
543.942017 1340 1348 1361 1372 1381 1361 1340 1324 1328
543.955994 1325 1345 1372 1368 1382 1371 1337 1324 1325
543.968994 1337 1346 1362 1382 1376 1359 1341 1325 1320
543.981995 1330 1347 1370 1370 1370 1356 1343 1329 1333
543.994995 1334 1340 1351 1383 1376 1359 1344 1327 1324
544.008972 1335 1341 1364 1388 1373 1358 1331 1319 1328
544.021973 1322 1355 1368 1383 1363 1365 1332 1334 1325
544.034973 1329 1344 1368 1364 1377 1362 1336 1330 1329
544.047974 1325 1355 1366 1381 1377 1355 1349 1323 1317
544.062012 1324 1333 1353 1374 1376 1358 1334 1320 1330
544.075012 1328 1345 1358 1375 1363 1363 1332 1322 1314
544.088013 1333 1344 1361 1385 1377 1364 1333 1318 1321
544.101013 1335 1346 1374 1379 1377 1345 1328 1321 1312
544.11499 1323 1338 1363 1379 1359 1364 1331 1324 1326
544.127991 1330 1342 1371 1383 1362 1355 1340 1325 1328
544.140991 1321 1347 1358 1361 1373 1350 1343 1321 1315
544.153992 1330 1336 1357 1384 1364 1356 1334 1329 1322
544.166992 1329 1348 1376 1368 1369 1357 1332 1322 1326
544.18103 1328 1347 1362 1376 1368 1350 1337 1324 1322
544.19397 1337 1329 1363 1372 1375 1361 1334 1320 1327
544.20697 1326 1333 1369 1369 1366 1355 1335 1319 1330
544.219971 1333 1343 1356 1369 1375 1368 1338 1332 1329
544.234009 1324 1338 1363 1372 1377 1357 1341 1325 1331
544.247009 1322 1346 1363 1375 1368 1351 1348 1323 1324
544.26001 1323 1345 1361 1378 1369 1358 1333 1326 1321
544.27301 1330 1341 1355 1383 1379 1364 1346 1321 1327
544.286987 1325 1344 1357 1378 1382 1359 1336 1327 1325
544.299988 1321 1351 1366 1373 1366 1361 1336 1323 1321
544.312988 1329 1349 1365 1387 1369 1361 1339 1324 1325
544.325989 1331 1350 1354 1380 1376 1358 1335 1318 1327
544.338989 1338 1355 1366 1361 1367 1368 1344 1332 1316
544.353027 1327 1339 1356 1373 1375 1355 1342 1323 1330
544.366028 1325 1347 1359 1374 1388 1357 1341 1321 1334
544.379028 1322 1350 1357 1374 1369 1369 1333 1333 1320
544.392029 1334 1345 1374 1373 1353 1360 1336 1323 1326
544.406006 1322 1339 1370 1379 1389 1364 1330 1323 1329
544.419006 1331 1337 1368 1370 1378 1346 1330 1321 1323
544.432007 1322 1342 1360 1376 1372 1359 1332 1315 1319
544.445007 1333 1346 1364 1381 1365 1347 1339 1316 1330
544.458008 1337 1345 1357 1375 1372 1365 1341 1320 1328
544.471985 1324 1351 1364 1369 1370 1355 1339 1327 1318
544.484985 1324 1343 1367 1368 1366 1365 1338 1329 1332
544.497986 1325 1344 1362 1378 1369 1356 1329 1319 1332
544.510986 1331 1341 1364 1364 1371 1347 1341 1328 1336
544.525024 1329 1341 1368 1367 1387 1361 1343 1314 1325
544.538025 1325 1343 1357 1371 1366 1360 1339 1325 1327
544.551025 1328 1338 1366 1371 1374 1371 1337 1321 1321
544.564026 1321 1341 1368 1380 1370 1360 1333 1327 1321
544.577026 1325 1345 1368 1373 1379 1369 1330 1327 1329
544.591003 1320 1349 1369 1385 1366 1356 1342 1331 1317
544.604004 1332 1349 1375 1395 1380 1375 1338 1325 1327
544.617004 1334 1354 1365 1377 1368 1358 1336 1324 1323
544.630005 1325 1346 1368 1374 1379 1360 1340 1319 1336
544.643005 1328 1336 1361 1370 1384 1358 1335 1318 1325
544.656982 1332 1339 1371 1376 1373 1365 1327 1324 1328
544.669983 1327 1346 1362 1383 1373 1376 1347 1327 1325
544.682983 1326 1344 1372 1370 1375 1359 1340 1323 1327
544.695984 1323 1345 1372 1367 1370 1360 1341 1324 1324
544.710022 1327 1345 1354 1379 1369 1352 1329 1316 1323
544.723022 1332 1331 1356 1377 1374 1370 1334 1320 1333
544.736023 1328 1351 1355 1371 1366 1363 1337 1325 1321
544.749023 1335 1337 1367 1380 1371 1351 1333 1318 1323
544.762024 1329 1347 1360 1377 1370 1354 1333 1320 1317
544.776001 1324 1343 1361 1382 1379 1364 1333 1320 1324
544.789001 1324 1342 1358 1373 1372 1355 1327 1325 1332
544.802002 1330 1341 1363 1373 1378 1360 1337 1322 1328
544.815002 1324 1343 1360 1370 1367 1354 1341 1323 1319
544.828003 1327 1348 1367 1376 1376 1356 1328 1328 1328
544.84198 1331 1343 1362 1377 1377 1354 1323 1319 1327
544.85498 1327 1344 1362 1392 1377 1362 1340 1316 1328
544.867981 1323 1342 1369 1390 1374 1355 1340 1314 1324
544.880981 1337 1350 1360 1382 1386 1360 1349 1332 1325
544.893982 1336 1345 1361 1377 1375 1357 1336 1326 1326
544.90802 1335 1350 1360 1386 1379 1364 1343 1325 1332
544.921021 1330 1355 1358 1380 1376 1366 1343 1326 1329
544.934021 1334 1348 1369 1392 1377 1361 1346 1322 1330
544.947021 1323 1350 1372 1383 1375 1371 1339 1324 1327
544.960022 1328 1349 1368 1380 1390 1365 1345 1325 1319
544.973022 1345 1353 1371 1376 1380 1367 1336 1324 1316
544.987 1320 1353 1370 1380 1369 1357 1335 1327 1322
545 1332 1342 1372 1388 1382 1362 1348 1330 1326
545.013 1331 1343 1364 1384 1394 1360 1344 1332 1328
545.026001 1324 1345 1369 1390 1378 1364 1336 1321 1317
545.039001 1323 1340 1377 1390 1385 1373 1337 1318 1320
545.052979 1332 1342 1368 1384 1380 1370 1333 1326 1328
545.065979 1334 1344 1372 1389 1373 1361 1336 1326 1318
545.078979 1329 1348 1382 1387 1373 1367 1335 1320 1329
545.09198 1326 1342 1369 1379 1391 1373 1352 1320 1324
545.10498 1324 1347 1363 1381 1390 1362 1339 1330 1325
545.117981 1329 1351 1371 1380 1391 1365 1336 1331 1322
545.132019 1323 1350 1371 1386 1381 1377 1336 1323 1327
545.14502 1336 1348 1378 1386 1388 1372 1346 1326 1316
545.15802 1327 1350 1371 1396 1388 1366 1328 1329 1332
545.171021 1328 1352 1369 1388 1391 1364 1347 1313 1326
545.184021 1330 1346 1382 1391 1400 1375 1346 1322 1334
545.197998 1327 1345 1372 1389 1376 1358 1345 1328 1327
545.210999 1328 1349 1368 1388 1378 1361 1341 1326 1327
545.223999 1338 1347 1363 1399 1383 1363 1332 1331 1326
545.237 1335 1339 1380 1379 1389 1361 1342 1334 1320
545.25 1333 1350 1369 1396 1382 1359 1335 1320 1322
545.263 1327 1344 1368 1384 1378 1369 1340 1321 1321
545.276978 1324 1345 1372 1383 1381 1362 1333 1315 1326
545.289978 1325 1345 1372 1385 1376 1364 1342 1322 1324
545.302979 1338 1354 1360 1386 1377 1361 1347 1325 1325
545.315979 1329 1347 1370 1391 1391 1369 1336 1325 1315
545.328979 1327 1347 1355 1373 1377 1355 1338 1314 1323
545.34198 1338 1356 1366 1377 1382 1361 1340 1323 1324
545.356018 1319 1349 1373 1381 1375 1361 1333 1315 1329
545.369019 1332 1346 1366 1384 1384 1356 1337 1324 1315
545.382019 1324 1338 1371 1385 1377 1356 1337 1319 1317
545.39502 1321 1338 1364 1391 1372 1352 1332 1322 1316
545.40802 1319 1339 1361 1374 1372 1359 1344 1328 1321
545.421021 1324 1340 1361 1376 1372 1368 1334 1324 1325
545.434998 1332 1344 1359 1382 1375 1344 1329 1317 1321
545.447998 1324 1344 1366 1374 1370 1357 1327 1320 1325
545.460999 1327 1341 1358 1373 1381 1339 1334 1323 1331
545.473999 1323 1343 1365 1363 1370 1359 1332 1323 1319
545.487 1316 1332 1361 1372 1370 1360 1324 1327 1320
545.5 1334 1345 1353 1373 1362 1350 1325 1326 1312
545.513977 1324 1343 1349 1364 1363 1354 1334 1320 1319
545.526978 1319 1335 1358 1368 1360 1348 1322 1319 1326
545.539978 1328 1345 1354 1362 1364 1350 1327 1322 1323
545.552979 1327 1331 1346 1369 1362 1341 1328 1322 1325
545.565979 1321 1335 1351 1361 1360 1344 1332 1314 1320
545.578979 1317 1335 1357 1364 1361 1347 1331 1327 1314
545.593018 1318 1335 1349 1378 1363 1353 1328 1327 1317
545.606018 1327 1332 1347 1359 1353 1339 1329 1317 1321
545.619019 1322 1341 1359 1360 1365 1354 1333 1313 1324
545.632019 1317 1335 1352 1365 1360 1353 1339 1313 1324
545.64502 1328 1340 1348 1356 1360 1342 1332 1321 1314
545.65802 1328 1337 1347 1358 1354 1349 1329 1315 1328
545.671021 1324 1332 1355 1361 1354 1354 1338 1325 1322
545.684998 1328 1334 1337 1367 1364 1340 1327 1321 1326
545.697998 1323 1335 1357 1355 1352 1345 1329 1325 1321
545.710999 1327 1338 1359 1361 1364 1341 1328 1321 1315
545.723999 1324 1330 1339 1364 1363 1343 1326 1317 1317
545.737 1318 1330 1352 1363 1355 1340 1333 1313 1316
545.75 1314 1328 1345 1360 1346 1338 1327 1320 1317
545.763 1327 1334 1347 1364 1350 1349 1324 1318 1316
545.776978 1320 1341 1351 1369 1359 1338 1323 1320 1317
545.789978 1327 1325 1356 1345 1348 1341 1325 1311 1327
545.802979 1327 1335 1349 1346 1360 1340 1326 1318 1320
545.815979 1326 1343 1338 1357 1355 1347 1325 1308 1312
545.828979 1314 1329 1343 1365 1353 1341 1331 1315 1322
545.84198 1314 1329 1348 1354 1347 1340 1323 1327 1322
545.85498 1319 1339 1344 1353 1356 1347 1327 1320 1320
545.869019 1320 1333 1340 1355 1364 1344 1326 1313 1316
545.882019 1327 1329 1342 1355 1363 1353 1333 1311 1318
545.89502 1327 1329 1344 1357 1348 1355 1329 1318 1313
545.90802 1321 1337 1354 1360 1350 1353 1329 1319 1314
545.921021 1324 1328 1347 1360 1340 1341 1329 1315 1324
545.934021 1328 1335 1346 1344 1367 1347 1326 1314 1312
545.947021 1328 1334 1349 1361 1348 1338 1340 1313 1316
545.960022 1321 1329 1340 1359 1339 1336 1322 1322 1324
545.973999 1326 1339 1353 1358 1357 1340 1323 1319 1319
545.987 1318 1338 1337 1355 1368 1343 1326 1321 1311
546 1328 1329 1339 1352 1354 1339 1329 1316 1320
546.013 1318 1334 1334 1358 1348 1352 1330 1317 1318
546.026001 1319 1333 1343 1349 1357 1345 1330 1319 1319
546.039001 1322 1334 1350 1354 1344 1341 1324 1317 1310
546.052002 1312 1334 1334 1363 1352 1342 1329 1313 1305
546.065002 1320 1332 1345 1358 1343 1335 1330 1318 1316
546.078979 1321 1327 1340 1352 1342 1343 1329 1317 1314
546.09198 1317 1325 1343 1347 1339 1328 1328 1313 1312
546.10498 1320 1326 1339 1341 1338 1338 1323 1313 1323
546.117981 1316 1332 1338 1342 1350 1340 1326 1315 1314
546.130981 1319 1334 1350 1351 1349 1337 1322 1314 1317
546.143982 1320 1331 1346 1363 1335 1336 1330 1309 1314
546.156982 1325 1333 1336 1354 1342 1339 1313 1316 1318
546.169983 1320 1319 1344 1348 1346 1333 1325 1312 1316
546.184021 1325 1332 1347 1344 1347 1342 1322 1311 1312
546.197021 1325 1332 1334 1350 1341 1331 1317 1308 1317
546.210022 1315 1328 1337 1360 1344 1335 1328 1313 1310
546.223022 1321 1325 1335 1345 1340 1337 1319 1318 1321
546.236023 1322 1337 1344 1347 1353 1348 1323 1322 1320
546.249023 1324 1336 1335 1359 1347 1341 1329 1312 1316
546.262024 1311 1325 1348 1349 1350 1337 1320 1314 1316
546.275024 1313 1332 1351 1350 1349 1333 1322 1311 1313
546.289001 1326 1330 1338 1350 1346 1336 1325 1319 1311
546.302002 1317 1325 1353 1341 1352 1346 1324 1321 1323
546.315002 1326 1328 1344 1356 1358 1353 1321 1316 1312
546.328003 1328 1335 1345 1349 1342 1337 1322 1316 1323
546.341003 1326 1334 1341 1358 1345 1335 1317 1307 1317
546.354004 1322 1325 1350 1356 1347 1329 1323 1311 1312
546.367004 1319 1326 1340 1346 1352 1337 1319 1321 1312
546.380005 1318 1334 1341 1355 1354 1339 1319 1317 1316
546.393005 1323 1335 1345 1350 1349 1335 1321 1307 1322
546.406006 1311 1335 1334 1338 1341 1329 1320 1316 1321
546.419983 1321 1319 1333 1346 1340 1340 1321 1316 1313
546.432983 1324 1327 1335 1344 1349 1345 1317 1315 1319
546.445984 1321 1332 1345 1344 1346 1341 1320 1310 1317
546.458984 1324 1324 1348 1360 1337 1334 1323 1315 1316
546.471985 1317 1320 1327 1339 1346 1341 1330 1312 1313
546.484985 1317 1319 1347 1349 1344 1330 1324 1326 1303
546.497986 1317 1324 1339 1342 1344 1337 1308 1320 1314
546.510986 1313 1332 1339 1354 1339 1320 1319 1318 1319
546.523987 1318 1333 1339 1352 1351 1341 1318 1311 1310
546.536987 1322 1330 1336 1356 1354 1335 1325 1308 1316
546.551025 1320 1328 1344 1345 1354 1338 1323 1316 1323
546.564026 1317 1327 1343 1344 1339 1341 1319 1310 1313
546.577026 1323 1332 1339 1338 1332 1332 1324 1312 1311
546.590027 1321 1326 1336 1346 1349 1334 1323 1308 1309
546.603027 1317 1330 1332 1336 1340 1328 1328 1321 1314
546.616028 1321 1332 1335 1345 1339 1328 1327 1311 1324
546.629028 1313 1337 1337 1343 1340 1337 1323 1316 1320
546.642029 1319 1333 1337 1352 1350 1335 1319 1321 1319
546.655029 1320 1319 1333 1342 1335 1337 1327 1319 1317
546.66803 1320 1330 1336 1341 1361 1327 1327 1317 1315
546.682007 1318 1334 1339 1343 1338 1330 1320 1317 1311
546.695007 1319 1329 1335 1340 1336 1332 1321 1311 1317
546.708008 1320 1329 1333 1334 1348 1345 1320 1320 1313
546.721008 1319 1323 1342 1346 1342 1330 1330 1307 1318
546.734009 1316 1331 1333 1338 1340 1328 1330 1312 1310
546.747009 1317 1331 1339 1338 1339 1328 1319 1322 1316
546.76001 1312 1321 1326 1346 1339 1334 1329 1314 1322
546.77301 1323 1327 1332 1339 1334 1329 1320 1320 1315
546.786011 1318 1320 1333 1333 1330 1325 1321 1313 1314
546.799011 1321 1330 1324 1340 1337 1334 1327 1314 1316
546.812012 1322 1332 1338 1347 1337 1330 1318 1317 1313
546.825012 1321 1325 1325 1329 1338 1328 1319 1316 1315
546.838989 1320 1328 1337 1340 1344 1328 1318 1312 1315
546.85199 1319 1325 1335 1337 1336 1327 1315 1313 1319
546.86499 1317 1320 1328 1335 1346 1328 1315 1321 1317
546.877991 1330 1324 1343 1339 1341 1325 1317 1318 1312
546.890991 1322 1333 1342 1337 1330 1333 1326 1314 1310
546.903992 1315 1338 1340 1342 1332 1337 1325 1314 1316
546.916992 1321 1325 1346 1342 1343 1330 1322 1315 1310
546.929993 1312 1318 1329 1339 1349 1326 1327 1317 1313
546.942993 1321 1323 1328 1339 1336 1331 1327 1318 1313
546.955994 1316 1322 1338 1349 1343 1332 1315 1309 1322
546.968994 1322 1327 1332 1336 1334 1328 1317 1316 1314
546.981995 1331 1328 1331 1341 1337 1331 1320 1311 1316
546.994995 1316 1337 1341 1336 1335 1321 1326 1322 1315
547.007996 1311 1333 1330 1339 1334 1332 1321 1309 1304
547.020996 1318 1336 1327 1336 1334 1331 1324 1320 1316
547.034973 1321 1325 1330 1332 1338 1331 1326 1312 1313
547.047974 1314 1333 1334 1338 1333 1327 1311 1313 1318
547.060974 1315 1311 1335 1340 1334 1336 1328 1319 1318
547.073975 1323 1324 1329 1331 1336 1329 1318 1312 1315
547.086975 1330 1322 1326 1340 1344 1337 1325 1314 1319
547.099976 1328 1332 1334 1339 1340 1337 1316 1313 1318
547.112976 1317 1328 1343 1329 1334 1330 1326 1320 1318
547.125977 1312 1323 1339 1329 1334 1325 1319 1315 1319
547.138977 1317 1321 1325 1329 1338 1331 1322 1322 1316
547.151978 1325 1321 1331 1334 1335 1330 1328 1329 1326
547.164978 1316 1334 1331 1332 1333 1328 1321 1324 1320
547.177979 1331 1327 1336 1337 1336 1325 1327 1333 1320
547.190979 1326 1326 1329 1330 1331 1336 1329 1326 1322
547.203979 1333 1323 1334 1342 1332 1325 1327 1324 1328
547.21698 1327 1323 1329 1334 1337 1337 1323 1320 1324
547.22998 1325 1322 1328 1333 1331 1337 1330 1324 1328
547.244019 1317 1326 1331 1337 1336 1325 1323 1327 1328
547.257019 1324 1338 1338 1327 1331 1340 1330 1330 1327
547.27002 1336 1334 1339 1341 1331 1334 1332 1324 1320
547.28302 1328 1330 1336 1333 1336 1326 1324 1315 1324
547.296021 1324 1316 1331 1323 1340 1337 1326 1322 1326
547.309021 1337 1331 1324 1335 1330 1330 1325 1325 1323
547.322021 1322 1317 1328 1334 1335 1333 1332 1331 1320
547.335022 1334 1322 1327 1339 1332 1335 1327 1326 1324
547.348022 1322 1326 1333 1338 1328 1334 1330 1335 1317
547.361023 1330 1319 1335 1335 1333 1334 1324 1329 1325
547.374023 1321 1331 1337 1331 1328 1337 1337 1317 1330
547.387024 1318 1319 1330 1337 1333 1332 1332 1336 1325
547.400024 1332 1335 1323 1337 1329 1339 1335 1339 1327
547.413025 1328 1331 1328 1334 1324 1330 1327 1329 1331
547.426025 1331 1326 1332 1330 1327 1326 1335 1333 1332
547.439026 1339 1337 1335 1333 1332 1342 1342 1337 1335
547.452026 1333 1336 1329 1337 1332 1339 1337 1341 1332
547.465027 1349 1333 1329 1343 1334 1332 1340 1340 1336
547.478027 1339 1332 1328 1334 1332 1344 1337 1353 1354
547.491028 1342 1337 1336 1334 1338 1348 1344 1339 1346
547.504028 1348 1337 1331 1331 1331 1345 1343 1359 1363
547.518005 1358 1338 1337 1335 1341 1343 1352 1353 1360
547.531006 1365 1347 1340 1332 1350 1353 1356 1367 1373
547.544006 1364 1365 1343 1333 1345 1359 1367 1384 1381
547.557007 1380 1368 1340 1330 1344 1369 1387 1389 1393
547.570007 1383 1376 1344 1342 1338 1376 1397 1399 1398
547.583008 1398 1365 1350 1337 1352 1367 1419 1432 1423
547.596008 1444 1390 1360 1322 1358 1380 1441 1464 1450
547.609009 1471 1420 1366 1328 1344 1391 1461 1506 1467
547.622009 1483 1427 1368 1344 1367 1423 1497 1545 1514
547.63501 1536 1469 1380 1346 1366 1446 1555 1608 1568
547.64801 1587 1497 1409 1335 1377 1491 1612 1667 1648
547.661011 1667 1544 1418 1331 1384 1511 1680 1771 1734
547.674011 1738 1595 1432 1350 1411 1555 1740 1835 1807
547.687012 1788 1597 1437 1342 1402 1587 1811 1944 1838
547.700012 1834 1624 1442 1349 1398 1607 1834 1983 1917
547.713013 1864 1669 1461 1353 1416 1632 1876 2015 1945
547.726013 1841 1664 1444 1345 1400 1651 1885 2023 1970
547.739014 1832 1674 1460 1341 1419 1606 1868 2002 1949
547.752014 1797 1653 1439 1348 1410 1620 1824 1977 1957
547.765015 1742 1599 1426 1354 1390 1568 1790 1889 1867
547.778015 1670 1548 1403 1332 1396 1518 1710 1819 1751
547.791016 1601 1505 1392 1346 1386 1507 1641 1704 1685
547.804016 1550 1475 1380 1339 1369 1452 1549 1621 1594
547.817017 1511 1447 1374 1337 1368 1435 1512 1570 1539
547.830017 1473 1418 1373 1335 1357 1406 1473 1520 1488
547.843018 1433 1408 1350 1325 1343 1394 1443 1461 1465
547.856018 1412 1396 1354 1332 1343 1385 1429 1450 1435
547.869019 1407 1377 1346 1333 1335 1369 1405 1426 1424
547.882019 1390 1377 1337 1324 1339 1374 1400 1420 1401
547.89502 1369 1362 1331 1332 1345 1369 1383 1400 1388
547.90802 1390 1347 1337 1339 1337 1360 1385 1398 1388
547.921021 1361 1361 1343 1325 1344 1348 1370 1375 1378
547.934021 1372 1345 1338 1332 1330 1338 1358 1377 1365
547.947021 1355 1343 1343 1329 1338 1358 1361 1369 1367
547.960022 1346 1339 1332 1324 1337 1338 1355 1366 1353
547.973022 1356 1345 1334 1332 1339 1342 1347 1357 1352
547.986023 1353 1339 1331 1325 1344 1334 1348 1346 1353
547.999023 1336 1344 1334 1331 1333 1334 1344 1350 1338
548.012024 1337 1339 1329 1327 1331 1341 1342 1344 1339
548.025024 1335 1325 1324 1332 1325 1343 1344 1329 1336
548.038025 1334 1329 1334 1330 1323 1326 1346 1334 1340
548.051025 1325 1332 1325 1330 1332 1332 1339 1342 1334
548.064026 1337 1329 1336 1328 1332 1325 1332 1342 1342
548.077026 1325 1329 1325 1326 1330 1329 1330 1326 1327
548.090027 1329 1331 1321 1331 1343 1334 1334 1330 1332
548.103027 1335 1326 1325 1327 1327 1335 1332 1329 1334
548.116028 1327 1333 1323 1321 1327 1335 1332 1330 1321
548.129028 1320 1322 1327 1334 1331 1335 1339 1320 1326
548.142029 1323 1322 1328 1329 1325 1330 1324 1324 1324
548.155029 1318 1337 1328 1330 1333 1330 1332 1324 1332
548.16803 1325 1331 1318 1324 1337 1331 1319 1332 1322
548.18103 1311 1316 1322 1339 1331 1329 1320 1320 1316
548.19397 1317 1319 1325 1331 1324 1327 1323 1322 1321
548.20697 1314 1320 1326 1329 1320 1335 1326 1321 1321
548.219971 1319 1318 1322 1322 1328 1320 1321 1310 1323
548.232971 1320 1324 1331 1323 1335 1330 1319 1313 1316
548.245972 1320 1321 1329 1326 1324 1333 1313 1317 1324
548.258972 1317 1323 1324 1333 1327 1326 1324 1317 1315
548.271973 1315 1326 1320 1324 1333 1322 1320 1321 1318
548.284973 1321 1327 1320 1332 1324 1322 1319 1318 1318
548.297974 1315 1325 1320 1322 1327 1329 1325 1314 1316
548.310974 1311 1319 1314 1328 1333 1325 1314 1320 1322
548.323975 1313 1317 1321 1317 1334 1318 1319 1314 1312
548.336975 1314 1318 1322 1322 1330 1324 1326 1316 1315
548.349976 1320 1313 1326 1321 1328 1325 1317 1312 1312
548.362976 1313 1316 1328 1336 1339 1329 1321 1311 1321
548.375977 1312 1324 1311 1328 1328 1329 1316 1313 1312
548.388977 1317 1318 1322 1330 1319 1326 1317 1321 1321
548.401978 1314 1320 1324 1317 1324 1329 1313 1315 1305
548.414978 1318 1322 1327 1325 1328 1325 1320 1308 1317
548.427979 1317 1317 1327 1325 1331 1323 1323 1315 1313
548.440979 1319 1321 1308 1316 1333 1320 1319 1317 1305
548.453979 1313 1318 1324 1321 1322 1312 1318 1313 1319
548.46698 1318 1314 1329 1326 1325 1331 1322 1320 1314
548.47998 1314 1319 1322 1337 1328 1321 1317 1315 1322
548.492981 1318 1317 1322 1325 1333 1321 1305 1313 1310
548.505981 1310 1319 1317 1320 1338 1322 1308 1308 1313
548.518982 1316 1308 1321 1327 1323 1322 1317 1315 1308
548.531982 1320 1317 1326 1331 1324 1313 1319 1322 1311
548.544983 1315 1316 1318 1325 1332 1323 1315 1322 1314
548.557983 1306 1317 1329 1338 1332 1334 1306 1310 1310
548.570984 1320 1320 1322 1318 1327 1322 1309 1298 1320
548.583984 1310 1319 1323 1334 1324 1321 1314 1310 1308
548.596985 1315 1312 1321 1331 1324 1324 1311 1310 1305
548.609985 1316 1311 1322 1323 1327 1315 1326 1308 1308
548.622986 1310 1322 1317 1318 1319 1314 1308 1310 1312
548.635986 1306 1319 1314 1326 1326 1331 1305 1308 1316
548.648987 1320 1316 1317 1326 1327 1319 1313 1308 1309
548.661987 1308 1317 1323 1326 1319 1317 1320 1311 1305
548.674988 1309 1318 1326 1319 1322 1316 1316 1302 1317
548.687988 1321 1323 1324 1325 1332 1322 1314 1304 1307
548.700989 1313 1320 1328 1326 1329 1323 1317 1312 1310
548.713989 1307 1314 1318 1324 1324 1325 1317 1307 1309
548.72699 1312 1325 1327 1334 1326 1325 1310 1310 1310
548.739014 1314 1320 1332 1332 1337 1322 1309 1311 1314
