0 11.25 22.5 33.75 45 56.25 67.5 78.75 90
535.080017 1270 1271 1270 1270 1268 1272 1263 1269 1271
535.093994 1272 1271 1272 1268 1267 1265 1266 1269 1269
535.106995 1268 1268 1265 1266 1267 1269 1269 1271 1268
535.120972 1267 1267 1266 1270 1268 1269 1270 1265 1264
535.13501 1268 1266 1268 1267 1267 1268 1270 1269 1268
535.148987 1266 1269 1268 1264 1268 1268 1268 1266 1266
535.161987 1267 1268 1268 1268 1268 1266 1270 1268 1267
535.176025 1266 1271 1267 1266 1269 1268 1267 1268 1268
535.190002 1269 1269 1268 1265 1268 1268 1265 1267 1269
535.203003 1268 1266 1265 1265 1265 1268 1267 1268 1266
535.21698 1267 1266 1267 1267 1266 1269 1264 1267 1266
535.231018 1267 1265 1269 1265 1267 1269 1268 1267 1262
535.244995 1266 1267 1267 1268 1268 1266 1270 1267 1266
535.257996 1267 1269 1265 1267 1268 1266 1269 1267 1267
535.271973 1267 1271 1266 1267 1264 1266 1268 1269 1267
535.286011 1268 1269 1267 1267 1268 1268 1265 1265 1268
535.299011 1266 1265 1267 1266 1267 1267 1266 1267 1267
535.312988 1266 1263 1271 1267 1265 1271 1267 1266 1266
535.327026 1267 1266 1265 1269 1266 1268 1268 1264 1267
535.341003 1264 1268 1264 1267 1268 1264 1266 1268 1264
535.354004 1263 1269 1268 1270 1265 1267 1266 1265 1267
535.367981 1268 1270 1267 1264 1267 1264 1269 1268 1269
535.382019 1270 1267 1267 1266 1267 1268 1265 1269 1267
535.39502 1270 1268 1265 1265 1268 1265 1266 1266 1266
535.408997 1267 1269 1267 1267 1269 1269 1265 1265 1263
535.422974 1268 1267 1267 1266 1263 1268 1268 1266 1266
535.435974 1265 1268 1269 1267 1265 1267 1268 1265 1269
535.450012 1266 1268 1264 1264 1267 1265 1265 1267 1267
535.463989 1268 1267 1266 1265 1268 1267 1266 1266 1266
535.478027 1266 1265 1266 1263 1265 1269 1267 1269 1267
535.491028 1265 1264 1266 1265 1267 1265 1266 1266 1265
535.505005 1267 1265 1267 1264 1267 1270 1267 1265 1269
535.518982 1267 1266 1266 1266 1265 1267 1267 1270 1267
535.531982 1269 1267 1266 1264 1263 1266 1267 1265 1268
535.546021 1264 1265 1266 1266 1267 1266 1267 1265 1267
535.559998 1267 1268 1267 1267 1268 1266 1266 1266 1265
535.572998 1265 1268 1266 1266 1264 1267 1266 1265 1267
535.586975 1268 1267 1269 1267 1264 1269 1265 1264 1266
535.601013 1267 1265 1267 1266 1266 1268 1268 1266 1267
535.61499 1267 1268 1265 1263 1266 1268 1267 1264 1265
535.627991 1265 1265 1266 1266 1267 1265 1266 1264 1266
535.642029 1266 1265 1265 1266 1268 1264 1269 1270 1269
535.656006 1263 1266 1269 1271 1268 1263 1264 1265 1269
535.669006 1267 1267 1267 1261 1266 1263 1267 1270 1266
535.682983 1265 1266 1267 1263 1264 1268 1265 1264 1267
535.697021 1264 1267 1266 1263 1265 1265 1267 1264 1265
535.710022 1268 1267 1266 1265 1266 1268 1267 1267 1267
535.723999 1264 1268 1266 1268 1265 1266 1265 1265 1267
535.737976 1267 1266 1268 1269 1263 1267 1269 1267 1263
535.750977 1266 1264 1267 1267 1266 1263 1265 1265 1266
535.765015 1266 1267 1269 1264 1267 1264 1265 1268 1266
535.778992 1264 1265 1267 1263 1264 1268 1267 1268 1266
535.791992 1265 1266 1265 1268 1267 1264 1262 1262 1266
535.80603 1267 1267 1267 1264 1267 1266 1265 1264 1266
535.820007 1268 1264 1264 1269 1268 1269 1267 1267 1266
535.833984 1268 1267 1267 1262 1264 1267 1264 1264 1266
535.846985 1265 1265 1270 1264 1267 1264 1267 1267 1266
535.861023 1264 1268 1266 1268 1268 1267 1266 1268 1264
535.875 1267 1266 1267 1263 1263 1263 1265 1265 1267
535.888 1265 1265 1264 1264 1262 1264 1266 1267 1266
535.901978 1266 1265 1264 1268 1263 1266 1269 1264 1266
535.916016 1268 1268 1267 1266 1268 1271 1264 1264 1267
535.929016 1269 1266 1266 1267 1267 1266 1267 1266 1266
535.942993 1264 1268 1267 1267 1267 1266 1265 1265 1266
535.95697 1268 1265 1267 1263 1265 1266 1265 1266 1269
535.969971 1267 1268 1267 1264 1265 1270 1264 1268 1270
535.984009 1266 1264 1266 1266 1267 1264 1262 1265 1265
535.997986 1268 1267 1265 1266 1264 1263 1265 1266 1263
536.010986 1262 1268 1266 1264 1264 1264 1268 1264 1265
536.025024 1266 1264 1263 1264 1269 1265 1266 1267 1266
536.039001 1266 1264 1268 1267 1267 1267 1264 1269 1267
536.052002 1264 1267 1266 1265 1266 1262 1265 1267 1269
536.065979 1267 1269 1269 1266 1265 1264 1264 1268 1266
536.080017 1265 1266 1267 1265 1265 1266 1266 1267 1267
536.093018 1264 1265 1265 1265 1268 1265 1267 1265 1266
536.106995 1265 1265 1269 1266 1263 1265 1265 1264 1266
536.120972 1264 1267 1266 1268 1265 1265 1268 1267 1265
536.133972 1268 1266 1263 1267 1267 1265 1268 1264 1265
536.14801 1264 1264 1267 1267 1269 1269 1266 1266 1266
536.161987 1267 1268 1265 1268 1269 1264 1264 1267 1267
536.174988 1265 1266 1263 1266 1267 1268 1266 1268 1264
536.189026 1265 1266 1266 1266 1266 1268 1269 1265 1267
536.203003 1265 1267 1263 1267 1265 1266 1264 1266 1264
536.216003 1265 1265 1267 1265 1266 1268 1269 1265 1267
536.22998 1266 1267 1265 1266 1266 1270 1269 1266 1268
536.244019 1266 1267 1266 1265 1263 1266 1268 1266 1265
536.257019 1267 1267 1265 1266 1264 1265 1267 1267 1266
536.270996 1268 1269 1266 1264 1266 1265 1267 1265 1266
536.284973 1267 1265 1267 1265 1264 1264 1265 1265 1267
536.297974 1264 1267 1265 1266 1267 1265 1268 1264 1267
536.312012 1266 1266 1269 1266 1268 1266 1266 1263 1269
536.325989 1269 1266 1265 1268 1266 1265 1266 1268 1266
536.338989 1266 1267 1266 1266 1264 1264 1266 1267 1268
536.353027 1264 1264 1268 1267 1269 1266 1265 1267 1267
536.367004 1267 1268 1265 1266 1266 1266 1264 1263 1266
536.380005 1265 1266 1269 1264 1266 1264 1267 1266 1265
536.393982 1266 1265 1265 1263 1267 1265 1263 1265 1265
536.40802 1265 1263 1269 1264 1265 1267 1266 1268 1268
536.421021 1266 1265 1267 1267 1264 1267 1266 1266 1266
536.434998 1268 1270 1266 1267 1263 1266 1265 1266 1266
536.448975 1263 1264 1267 1265 1265 1264 1262 1265 1266
536.461975 1266 1267 1267 1267 1262 1266 1267 1267 1264
536.476013 1263 1267 1266 1263 1266 1264 1266 1265 1265
536.48999 1265 1266 1266 1266 1266 1264 1268 1263 1264
536.502991 1264 1264 1266 1268 1267 1266 1268 1265 1266
536.517029 1262 1265 1268 1267 1266 1267 1269 1267 1268
536.530029 1266 1265 1268 1266 1264 1266 1265 1267 1268
536.544006 1263 1265 1267 1263 1263 1266 1267 1270 1264
536.557983 1266 1266 1265 1266 1266 1266 1263 1264 1266
536.570984 1266 1268 1266 1268 1269 1268 1265 1266 1266
536.585022 1264 1264 1265 1268 1265 1266 1267 1267 1265
536.598999 1262 1266 1265 1266 1267 1264 1268 1264 1266
536.612 1266 1268 1267 1268 1267 1267 1268 1267 1267
536.625977 1266 1265 1268 1267 1264 1266 1268 1268 1269
536.640015 1267 1267 1266 1266 1262 1264 1266 1267 1265
536.653015 1261 1267 1266 1266 1264 1264 1264 1266 1265
536.666992 1264 1268 1265 1265 1265 1263 1264 1268 1266
536.68103 1265 1267 1264 1265 1267 1267 1267 1268 1267
536.69397 1266 1262 1265 1266 1271 1267 1268 1267 1263
536.708008 1265 1266 1267 1268 1268 1265 1269 1268 1267
536.721008 1268 1264 1264 1266 1264 1267 1264 1265 1267
536.734985 1266 1269 1268 1269 1264 1265 1265 1266 1266
536.749023 1269 1269 1263 1263 1266 1265 1264 1266 1269
536.762024 1264 1268 1268 1264 1266 1263 1265 1265 1269
536.776001 1267 1263 1263 1267 1265 1266 1263 1265 1264
536.789978 1268 1262 1268 1265 1267 1268 1266 1266 1271
536.802979 1267 1265 1266 1267 1265 1267 1271 1265 1267
536.817017 1266 1269 1267 1265 1264 1269 1265 1265 1268
536.830994 1268 1267 1267 1270 1265 1262 1269 1266 1267
536.843994 1268 1266 1268 1266 1264 1264 1265 1268 1268
536.857971 1267 1268 1267 1266 1266 1267 1267 1266 1265
536.870972 1268 1267 1268 1263 1269 1267 1265 1268 1264
536.88501 1267 1265 1265 1267 1269 1268 1266 1268 1265
536.898987 1267 1266 1270 1267 1264 1267 1268 1265 1268
536.911987 1264 1268 1267 1267 1266 1264 1267 1268 1269
536.926025 1264 1268 1266 1267 1262 1266 1266 1264 1267
536.940002 1265 1268 1268 1266 1268 1268 1268 1267 1266
536.953003 1267 1269 1263 1264 1267 1266 1269 1266 1268
536.96698 1268 1268 1267 1264 1266 1267 1265 1268 1267
536.97998 1267 1269 1269 1267 1268 1270 1267 1267 1267
536.994019 1266 1266 1269 1268 1266 1267 1271 1268 1271
537.007996 1269 1266 1269 1266 1267 1267 1265 1268 1267
537.020996 1268 1268 1268 1268 1266 1265 1263 1267 1266
537.034973 1266 1266 1268 1268 1268 1264 1267 1268 1265
537.049011 1267 1267 1267 1267 1268 1267 1265 1265 1264
537.062012 1265 1268 1265 1263 1269 1266 1267 1269 1262
537.075989 1266 1265 1265 1270 1266 1266 1267 1265 1266
537.088989 1268 1267 1268 1269 1270 1270 1267 1265 1267
537.103027 1268 1271 1267 1267 1269 1268 1271 1266 1269
537.117004 1266 1270 1268 1268 1266 1266 1268 1263 1269
537.130005 1267 1269 1268 1263 1267 1266 1265 1267 1267
537.143982 1267 1271 1268 1266 1268 1267 1268 1267 1266
537.15802 1269 1268 1268 1263 1273 1268 1264 1268 1267
537.171021 1267 1267 1267 1266 1266 1265 1268 1266 1268
537.184998 1264 1265 1270 1271 1267 1269 1269 1268 1265
537.197998 1271 1268 1268 1266 1267 1270 1267 1265 1268
537.211975 1269 1269 1268 1270 1269 1268 1267 1268 1269
537.226013 1264 1266 1269 1264 1269 1264 1268 1267 1268
537.239014 1269 1275 1274 1274 1271 1272 1269 1275 1270
537.252991 1269 1267 1267 1263 1272 1266 1268 1269 1269
537.265991 1266 1268 1269 1270 1271 1268 1268 1268 1269
537.280029 1271 1270 1270 1268 1271 1270 1269 1269 1266
537.294006 1268 1268 1269 1270 1267 1268 1271 1272 1272
537.307007 1270 1269 1274 1271 1269 1269 1271 1268 1274
537.320984 1273 1272 1270 1272 1272 1270 1267 1268 1286
537.333984 1270 1272 1270 1271 1270 1269 1271 1271 1307
537.348022 1272 1271 1273 1268 1277 1270 1274 1271 1286
537.362 1269 1271 1270 1273 1273 1272 1269 1271 1275
537.375 1270 1267 1270 1274 1275 1270 1274 1269 1271
537.388977 1271 1268 1270 1273 1267 1269 1269 1270 1273
537.403015 1266 1269 1273 1273 1270 1269 1267 1270 1266
537.416016 1267 1269 1267 1271 1269 1268 1269 1268 1267
537.429993 1272 1270 1268 1269 1270 1271 1266 1269 1267
537.442993 1271 1269 1267 1266 1270 1270 1273 1269 1269
537.45697 1268 1270 1271 1271 1271 1270 1268 1268 1269
537.471008 1269 1269 1272 1273 1270 1269 1268 1269 1272
537.484009 1268 1266 1269 1268 1268 1272 1270 1269 1269
537.497986 1270 1269 1272 1272 1269 1268 1270 1271 1269
537.510986 1269 1271 1270 1272 1272 1268 1272 1271 1271
537.525024 1268 1269 1274 1269 1269 1274 1271 1267 1267
537.539001 1269 1267 1269 1267 1270 1265 1269 1268 1268
537.552002 1268 1267 1269 1269 1272 1269 1269 1269 1269
537.565979 1271 1265 1272 1272 1272 1274 1269 1268 1269
537.578979 1268 1269 1270 1272 1274 1268 1272 1270 1271
537.593018 1271 1268 1271 1269 1271 1271 1270 1268 1272
537.606995 1271 1268 1269 1274 1268 1270 1270 1271 1265
537.619995 1270 1269 1269 1269 1274 1269 1272 1272 1266
537.633972 1271 1269 1272 1266 1276 1271 1270 1270 1267
537.646973 1272 1273 1274 1270 1277 1273 1270 1271 1265
537.661011 1271 1269 1277 1277 1274 1271 1270 1269 1267
537.674011 1270 1271 1272 1274 1272 1271 1273 1269 1270
537.687988 1268 1273 1272 1271 1273 1272 1268 1272 1271
537.702026 1273 1274 1272 1276 1277 1271 1267 1269 1273
537.715027 1272 1272 1270 1273 1269 1274 1270 1268 1270
537.729004 1273 1274 1270 1273 1276 1273 1269 1268 1268
537.742004 1276 1271 1272 1271 1273 1278 1271 1271 1276
537.755981 1274 1271 1277 1279 1277 1279 1269 1269 1274
537.77002 1270 1274 1274 1276 1276 1279 1275 1271 1275
537.78302 1270 1271 1274 1277 1277 1277 1272 1268 1271
537.796997 1274 1273 1270 1276 1279 1272 1271 1275 1276
537.809998 1275 1273 1275 1273 1274 1275 1271 1273 1269
537.823975 1274 1268 1277 1277 1278 1274 1274 1271 1271
537.836975 1273 1270 1282 1287 1282 1273 1276 1278 1271
537.851013 1272 1272 1276 1278 1275 1274 1273 1279 1272
537.86499 1278 1277 1277 1278 1281 1278 1278 1271 1277
537.877991 1272 1275 1277 1280 1279 1277 1274 1276 1273
537.892029 1276 1280 1276 1280 1277 1272 1280 1276 1273
537.905029 1274 1275 1277 1274 1281 1279 1276 1274 1271
537.919006 1275 1280 1284 1281 1282 1280 1271 1273 1281
537.932007 1276 1270 1281 1281 1286 1282 1279 1278 1272
537.945984 1276 1278 1282 1287 1283 1279 1275 1278 1278
537.960022 1277 1276 1282 1283 1285 1280 1278 1271 1276
537.973022 1276 1279 1283 1282 1282 1279 1276 1280 1278
537.987 1273 1282 1287 1285 1286 1281 1277 1279 1280
538 1279 1276 1279 1285 1278 1282 1284 1276 1275
538.013977 1277 1280 1283 1280 1279 1289 1278 1279 1276
538.028015 1280 1280 1289 1285 1281 1286 1284 1275 1276
538.041016 1282 1279 1283 1290 1289 1284 1283 1282 1281
538.054993 1277 1283 1283 1287 1283 1286 1277 1280 1283
538.067993 1276 1280 1285 1294 1287 1286 1280 1279 1277
538.08197 1277 1284 1285 1287 1285 1283 1282 1279 1288
538.094971 1276 1287 1291 1291 1295 1284 1282 1279 1278
538.109009 1279 1283 1289 1295 1290 1292 1282 1280 1276
538.122009 1285 1287 1290 1294 1293 1286 1284 1283 1282
538.135986 1279 1279 1289 1293 1292 1294 1285 1282 1283
538.150024 1282 1284 1291 1293 1290 1287 1285 1283 1277
538.163025 1280 1285 1295 1291 1293 1289 1287 1283 1282
538.177002 1286 1284 1290 1292 1289 1289 1284 1278 1283
538.190002 1284 1290 1292 1297 1302 1283 1287 1283 1281
538.203979 1285 1287 1289 1298 1302 1301 1282 1283 1285
538.21698 1285 1292 1295 1291 1299 1296 1287 1283 1287
538.231018 1286 1289 1295 1295 1300 1298 1288 1291 1289
538.244995 1292 1287 1293 1300 1301 1291 1288 1288 1286
538.257996 1285 1289 1299 1300 1293 1295 1290 1289 1289
538.271973 1287 1297 1296 1307 1302 1296 1292 1291 1286
538.284973 1289 1295 1296 1300 1299 1294 1292 1290 1298
538.299011 1292 1296 1299 1294 1305 1297 1297 1292 1288
538.312012 1296 1298 1305 1305 1309 1311 1292 1293 1290
538.325989 1298 1297 1307 1303 1309 1299 1297 1290 1296
538.338989 1297 1299 1314 1313 1307 1307 1296 1302 1296
538.353027 1300 1304 1315 1322 1308 1306 1303 1298 1299
538.367004 1308 1316 1308 1325 1312 1306 1304 1300 1295
538.380005 1296 1311 1306 1322 1319 1313 1300 1299 1307
538.393982 1309 1310 1321 1316 1315 1314 1311 1303 1301
538.406982 1307 1308 1320 1312 1328 1314 1309 1304 1311
538.421021 1303 1311 1317 1323 1315 1315 1312 1305 1307
538.434021 1301 1313 1313 1323 1324 1312 1306 1301 1312
538.447998 1307 1308 1321 1316 1312 1316 1315 1309 1301
538.460999 1312 1304 1324 1317 1310 1326 1311 1311 1303
538.474976 1307 1316 1323 1322 1323 1315 1314 1304 1304
538.489014 1311 1312 1323 1323 1328 1313 1314 1308 1312
538.502014 1305 1312 1322 1321 1312 1315 1314 1302 1298
538.515991 1306 1311 1322 1322 1322 1313 1307 1301 1313
538.528992 1306 1317 1322 1329 1320 1318 1304 1301 1307
538.54303 1298 1303 1310 1316 1320 1314 1299 1297 1294
538.55603 1296 1304 1313 1331 1313 1303 1310 1298 1295
538.570007 1304 1304 1322 1312 1327 1310 1303 1297 1296
538.583008 1304 1305 1316 1322 1322 1311 1310 1303 1300
538.596985 1301 1305 1315 1325 1318 1311 1302 1297 1302
538.609985 1301 1308 1314 1318 1326 1313 1306 1304 1298
538.624023 1300 1311 1319 1326 1326 1312 1309 1300 1304
538.638 1300 1309 1309 1326 1327 1317 1299 1295 1293
538.651001 1301 1308 1311 1310 1319 1308 1305 1298 1301
538.664978 1300 1314 1317 1331 1324 1306 1300 1292 1305
538.677979 1307 1315 1317 1326 1321 1317 1305 1299 1299
538.692017 1297 1309 1326 1324 1327 1313 1300 1295 1296
538.705017 1308 1309 1318 1313 1319 1314 1311 1311 1305
538.718994 1298 1312 1318 1323 1329 1325 1308 1304 1303
538.731995 1298 1313 1321 1327 1325 1319 1310 1305 1300
538.745972 1306 1308 1309 1334 1322 1319 1303 1302 1306
538.758972 1310 1302 1326 1324 1334 1325 1309 1301 1306
538.77301 1315 1316 1319 1324 1324 1324 1310 1301 1306
538.786011 1311 1313 1327 1328 1332 1316 1301 1294 1304
538.799988 1303 1318 1324 1329 1334 1312 1308 1300 1304
538.812988 1302 1305 1317 1331 1320 1318 1308 1303 1305
538.827026 1308 1314 1322 1337 1335 1324 1314 1302 1305
538.841003 1304 1313 1328 1330 1324 1314 1313 1298 1304
538.854004 1304 1319 1322 1332 1328 1321 1318 1304 1300
538.867981 1300 1318 1326 1328 1328 1326 1315 1307 1301
538.880981 1312 1306 1322 1334 1325 1321 1313 1308 1306
538.89502 1301 1310 1334 1340 1343 1333 1311 1300 1302
538.90802 1305 1313 1331 1333 1326 1321 1311 1308 1307
538.921997 1306 1310 1322 1334 1345 1319 1312 1303 1296
538.934998 1306 1314 1332 1338 1329 1321 1315 1314 1307
538.948975 1306 1319 1342 1336 1331 1326 1315 1302 1303
538.961975 1304 1310 1337 1330 1337 1329 1307 1313 1307
538.976013 1309 1325 1322 1334 1329 1329 1310 1315 1307
538.989014 1297 1314 1328 1335 1335 1324 1312 1307 1309
539.002991 1302 1322 1330 1342 1332 1325 1316 1307 1311
539.015991 1307 1320 1329 1343 1330 1330 1320 1306 1307
539.030029 1302 1323 1323 1345 1334 1336 1308 1307 1310
539.04303 1310 1323 1326 1331 1337 1329 1313 1304 1307
539.057007 1309 1313 1332 1341 1339 1324 1317 1304 1312
539.070007 1312 1319 1331 1339 1333 1332 1305 1300 1311
539.083984 1304 1310 1331 1328 1335 1327 1314 1305 1299
539.096985 1310 1321 1327 1337 1344 1325 1313 1295 1302
539.111023 1311 1320 1332 1339 1335 1330 1310 1303 1301
539.125 1307 1328 1316 1335 1326 1318 1318 1304 1310
539.138 1306 1318 1339 1330 1330 1332 1305 1300 1307
539.151978 1301 1313 1331 1330 1338 1322 1305 1309 1309
539.164978 1298 1315 1331 1334 1337 1324 1312 1308 1306
539.179016 1316 1315 1338 1344 1332 1323 1321 1311 1317
539.192017 1310 1316 1331 1328 1339 1328 1309 1303 1299
539.205994 1311 1310 1317 1329 1328 1322 1315 1301 1306
539.218994 1305 1308 1326 1342 1340 1314 1318 1300 1304
539.232971 1307 1316 1323 1326 1339 1321 1309 1304 1303
539.245972 1305 1316 1325 1341 1343 1328 1310 1303 1306
539.26001 1309 1325 1322 1335 1332 1324 1305 1300 1306
539.27301 1311 1317 1330 1333 1343 1325 1305 1304 1306
539.286987 1297 1314 1325 1325 1342 1322 1316 1309 1304
539.299988 1305 1316 1328 1331 1341 1322 1315 1304 1305
539.314026 1312 1310 1324 1334 1332 1313 1310 1298 1309
539.327026 1308 1319 1329 1336 1335 1315 1313 1309 1307
539.341003 1302 1314 1327 1346 1326 1329 1316 1303 1297
539.354004 1309 1317 1335 1341 1327 1324 1310 1312 1301
539.367981 1306 1317 1320 1338 1335 1324 1319 1304 1301
539.380981 1308 1318 1325 1340 1326 1327 1305 1308 1301
539.39502 1311 1320 1329 1328 1333 1320 1310 1300 1306
539.40802 1307 1316 1339 1335 1330 1329 1317 1316 1306
539.421997 1301 1320 1327 1335 1338 1334 1308 1302 1312
539.434998 1309 1310 1329 1337 1332 1320 1317 1305 1305
539.448975 1310 1318 1325 1338 1338 1322 1320 1302 1318
539.461975 1312 1330 1330 1337 1340 1321 1311 1301 1306
539.476013 1309 1316 1334 1339 1342 1327 1314 1301 1302
539.489014 1316 1313 1333 1335 1333 1321 1316 1303 1308
539.502991 1307 1324 1328 1346 1336 1319 1308 1305 1301
539.515991 1306 1326 1335 1345 1334 1338 1313 1309 1310
539.530029 1298 1318 1327 1338 1343 1328 1300 1302 1306
539.54303 1305 1318 1333 1346 1347 1329 1321 1305 1312
539.557007 1304 1331 1345 1350 1355 1332 1317 1312 1305
539.570007 1313 1323 1347 1349 1350 1335 1321 1304 1306
539.583984 1317 1327 1350 1366 1354 1335 1314 1310 1309
539.596985 1306 1330 1350 1371 1362 1339 1318 1304 1303
539.611023 1303 1334 1370 1373 1368 1345 1328 1299 1310
539.624023 1314 1331 1358 1378 1366 1354 1316 1306 1306
539.638 1302 1331 1349 1371 1367 1350 1325 1309 1310
539.651001 1301 1318 1357 1375 1369 1343 1317 1314 1310
539.664001 1305 1323 1357 1358 1360 1339 1317 1305 1312
539.677979 1307 1332 1353 1354 1357 1348 1313 1312 1312
539.690979 1318 1329 1342 1350 1354 1330 1318 1304 1309
539.705017 1302 1321 1334 1350 1351 1329 1320 1301 1311
539.718018 1307 1319 1329 1347 1348 1326 1321 1304 1299
539.731995 1305 1319 1336 1348 1345 1328 1308 1306 1303
539.744995 1306 1315 1336 1344 1338 1324 1321 1298 1302
539.758972 1308 1316 1347 1344 1337 1324 1318 1305 1302
539.771973 1307 1321 1334 1335 1347 1324 1312 1309 1296
539.786011 1311 1316 1343 1339 1339 1329 1312 1295 1304
539.799011 1315 1318 1341 1343 1335 1333 1314 1309 1311
539.812988 1301 1321 1335 1343 1339 1324 1310 1300 1305
539.825989 1312 1308 1329 1336 1343 1329 1307 1308 1303
539.840027 1311 1324 1334 1342 1350 1331 1307 1300 1302
539.853027 1309 1322 1334 1344 1341 1328 1315 1304 1308
539.867004 1309 1317 1335 1338 1341 1325 1314 1300 1308
539.880005 1308 1319 1326 1333 1340 1332 1316 1306 1305
539.893982 1311 1319 1341 1342 1338 1326 1320 1308 1291
539.906982 1303 1320 1334 1354 1337 1327 1315 1294 1305
539.921021 1304 1319 1335 1338 1343 1325 1313 1311 1308
539.934021 1307 1315 1336 1346 1341 1332 1311 1310 1308
539.947998 1307 1323 1332 1341 1343 1330 1314 1305 1305
539.960999 1308 1310 1336 1341 1342 1328 1310 1308 1307
539.973999 1316 1323 1332 1343 1335 1322 1308 1307 1307
539.987976 1315 1313 1332 1337 1335 1331 1312 1303 1308
540.000977 1305 1313 1331 1336 1329 1326 1313 1305 1306
540.015015 1308 1324 1343 1345 1346 1324 1313 1306 1313
540.028015 1311 1317 1327 1339 1349 1328 1318 1297 1307
540.041992 1308 1313 1327 1340 1333 1326 1310 1305 1301
540.054993 1313 1323 1339 1342 1344 1325 1311 1301 1296
540.06897 1301 1318 1332 1335 1344 1327 1309 1310 1308
540.08197 1311 1319 1335 1342 1337 1324 1319 1307 1310
540.096008 1301 1315 1338 1349 1348 1329 1310 1308 1303
540.109009 1305 1317 1327 1342 1334 1326 1312 1306 1303
540.122986 1312 1310 1328 1336 1335 1328 1315 1303 1305
540.135986 1299 1309 1328 1334 1331 1328 1313 1304 1308
540.150024 1306 1317 1326 1333 1339 1332 1304 1305 1312
540.163025 1316 1320 1337 1346 1338 1327 1321 1306 1304
540.176025 1309 1317 1345 1348 1348 1327 1312 1308 1309
540.190002 1310 1314 1337 1337 1330 1324 1316 1299 1306
540.203003 1313 1307 1333 1333 1343 1320 1311 1312 1307
540.21698 1305 1325 1340 1340 1330 1321 1307 1303 1309
540.22998 1314 1318 1334 1349 1338 1321 1317 1300 1310
540.244019 1315 1320 1334 1348 1362 1332 1310 1295 1308
540.257019 1311 1315 1328 1337 1342 1337 1316 1309 1311
540.270996 1306 1323 1336 1343 1336 1323 1317 1305 1309
540.283997 1313 1322 1341 1342 1348 1329 1315 1310 1309
540.297974 1312 1331 1332 1349 1341 1319 1315 1302 1314
540.310974 1317 1320 1336 1339 1331 1329 1320 1310 1311
540.323975 1319 1336 1324 1342 1344 1335 1308 1305 1303
540.338013 1317 1326 1347 1342 1349 1337 1304 1304 1306
540.351013 1326 1326 1337 1354 1338 1346 1328 1311 1320
540.36499 1318 1329 1339 1340 1351 1320 1329 1310 1318
540.377991 1318 1326 1346 1348 1347 1334 1330 1321 1319
540.392029 1321 1326 1340 1354 1337 1335 1318 1311 1321
540.405029 1319 1334 1343 1353 1352 1340 1326 1308 1316
540.419006 1316 1331 1345 1347 1349 1330 1329 1318 1308
540.432007 1317 1329 1338 1356 1358 1331 1325 1315 1317
540.445007 1312 1327 1341 1353 1354 1341 1332 1308 1319
540.458984 1316 1332 1351 1365 1347 1345 1320 1306 1315
540.471985 1312 1329 1339 1346 1342 1333 1314 1311 1306
540.486023 1314 1339 1340 1344 1362 1329 1319 1308 1316
540.499023 1319 1323 1338 1343 1342 1334 1316 1306 1304
540.513 1319 1328 1331 1338 1347 1320 1312 1308 1307
540.526001 1313 1324 1335 1345 1346 1335 1317 1307 1308
540.539978 1309 1326 1338 1355 1342 1336 1305 1315 1307
540.552979 1310 1330 1342 1331 1348 1335 1323 1303 1309
540.565979 1314 1310 1326 1339 1345 1330 1316 1311 1309
540.580017 1314 1325 1348 1352 1332 1334 1312 1304 1309
540.593018 1316 1319 1332 1351 1349 1329 1317 1304 1314
540.606995 1312 1325 1325 1347 1344 1327 1304 1303 1305
540.619995 1312 1322 1334 1345 1344 1332 1320 1307 1303
540.633972 1307 1321 1343 1338 1339 1335 1312 1302 1309
540.646973 1307 1318 1336 1342 1352 1333 1317 1305 1314
540.659973 1314 1320 1332 1345 1341 1338 1317 1300 1306
540.674011 1308 1322 1348 1345 1346 1334 1321 1309 1309
540.687012 1310 1313 1329 1345 1341 1334 1306 1304 1311
540.700989 1308 1324 1334 1343 1350 1324 1313 1302 1301
540.713989 1307 1318 1335 1340 1342 1334 1316 1307 1306
540.728027 1302 1317 1341 1339 1341 1325 1313 1304 1306
540.741028 1307 1324 1333 1339 1343 1330 1319 1312 1304
540.754028 1306 1318 1333 1341 1346 1335 1304 1307 1305
540.768005 1301 1322 1336 1349 1352 1331 1309 1305 1309
540.781006 1302 1317 1331 1347 1342 1327 1316 1298 1309
540.794983 1309 1321 1336 1347 1340 1336 1307 1312 1309
540.807983 1314 1323 1339 1350 1338 1335 1313 1304 1302
540.822021 1307 1322 1333 1336 1340 1344 1315 1303 1313
540.835022 1310 1308 1335 1350 1343 1327 1310 1297 1305
540.848022 1315 1326 1338 1338 1346 1327 1308 1302 1312
540.862 1312 1326 1335 1344 1342 1338 1313 1304 1308
540.875 1320 1325 1337 1345 1346 1325 1325 1304 1313
540.888977 1307 1315 1325 1351 1352 1330 1307 1303 1304
540.901978 1303 1326 1344 1342 1345 1330 1321 1303 1311
540.916016 1305 1324 1344 1343 1355 1331 1317 1310 1304
540.929016 1303 1328 1336 1355 1341 1322 1322 1310 1305
540.942017 1314 1324 1350 1347 1347 1341 1312 1301 1308
540.955994 1310 1322 1345 1353 1348 1338 1316 1307 1310
540.968994 1302 1319 1345 1355 1345 1328 1310 1304 1304
540.982971 1308 1320 1333 1346 1349 1331 1304 1311 1307
540.995972 1308 1329 1338 1349 1343 1334 1322 1306 1309
541.008972 1308 1319 1344 1353 1350 1340 1315 1307 1310
541.02301 1308 1323 1351 1354 1348 1332 1316 1302 1310
541.036011 1305 1321 1346 1351 1343 1329 1317 1301 1308
541.049988 1310 1323 1344 1352 1357 1332 1316 1312 1303
541.062988 1306 1321 1336 1344 1351 1330 1311 1308 1310
541.075989 1317 1318 1329 1353 1345 1329 1313 1309 1308
541.090027 1316 1330 1342 1363 1347 1335 1313 1309 1303
541.103027 1306 1327 1341 1350 1356 1340 1310 1309 1306
541.117004 1310 1328 1337 1353 1340 1334 1319 1303 1310
541.130005 1307 1326 1335 1357 1334 1331 1319 1308 1300
541.143982 1299 1320 1340 1348 1350 1327 1316 1301 1312
541.156982 1300 1317 1336 1349 1348 1329 1305 1311 1309
541.169983 1307 1323 1336 1358 1350 1324 1312 1304 1309
541.184021 1308 1319 1331 1346 1342 1322 1315 1304 1311
541.197021 1310 1328 1342 1361 1355 1336 1321 1303 1306
541.210999 1303 1319 1337 1353 1345 1331 1323 1303 1313
541.223999 1311 1324 1330 1353 1342 1332 1321 1302 1306
541.237 1309 1326 1348 1343 1348 1329 1313 1301 1303
541.250977 1307 1319 1329 1345 1342 1321 1312 1306 1314
541.263977 1313 1310 1340 1347 1350 1327 1318 1309 1302
541.278015 1309 1318 1335 1349 1344 1330 1313 1301 1305
541.291016 1311 1316 1337 1355 1347 1328 1314 1311 1304
541.304016 1309 1325 1342 1343 1341 1328 1311 1300 1315
541.317993 1311 1328 1341 1347 1341 1343 1316 1306 1307
541.330994 1304 1321 1335 1350 1342 1330 1312 1309 1304
541.344971 1305 1315 1331 1341 1338 1329 1318 1304 1309
541.357971 1306 1323 1332 1352 1333 1326 1317 1301 1306
541.370972 1301 1324 1345 1347 1349 1338 1308 1305 1309
541.38501 1306 1321 1333 1343 1349 1323 1310 1303 1302
541.39801 1309 1321 1337 1342 1337 1325 1313 1311 1312
541.411011 1308 1319 1335 1345 1339 1334 1315 1303 1311
541.424988 1302 1320 1329 1338 1337 1337 1315 1300 1306
541.437988 1313 1320 1327 1336 1338 1322 1319 1305 1302
541.452026 1306 1321 1334 1339 1344 1329 1312 1308 1297
541.465027 1316 1319 1329 1337 1338 1325 1307 1305 1310
541.478027 1300 1326 1335 1343 1348 1313 1311 1305 1311
541.492004 1310 1320 1337 1344 1340 1321 1310 1302 1312
541.505005 1308 1321 1338 1345 1345 1333 1320 1305 1310
541.518982 1315 1323 1336 1337 1341 1334 1317 1296 1309
541.531982 1307 1318 1333 1352 1338 1335 1313 1308 1302
541.544983 1307 1312 1336 1342 1349 1325 1315 1306 1305
541.559021 1309 1325 1336 1330 1342 1328 1312 1301 1310
541.572021 1315 1323 1326 1337 1336 1333 1317 1305 1307
541.585999 1317 1317 1335 1340 1344 1333 1319 1309 1310
541.598999 1306 1325 1335 1342 1337 1332 1312 1304 1308
541.612 1307 1315 1340 1345 1341 1330 1314 1300 1314
541.625977 1310 1327 1330 1343 1338 1326 1315 1307 1305
541.638977 1314 1324 1328 1348 1348 1337 1312 1303 1315
541.651978 1311 1319 1335 1340 1349 1341 1311 1311 1307
541.666016 1314 1318 1334 1338 1342 1338 1318 1307 1309
541.679016 1307 1311 1330 1355 1345 1332 1323 1304 1309
541.692993 1311 1315 1324 1338 1340 1335 1316 1307 1313
541.705994 1311 1325 1329 1341 1327 1323 1313 1307 1308
541.718994 1307 1318 1334 1343 1338 1321 1320 1304 1303
541.732971 1311 1315 1334 1336 1334 1326 1316 1305 1306
541.745972 1306 1311 1325 1338 1339 1326 1309 1301 1305
541.758972 1300 1310 1324 1334 1328 1319 1308 1298 1300
541.77301 1308 1331 1329 1340 1338 1329 1319 1311 1305
541.786011 1311 1320 1331 1343 1340 1335 1324 1303 1308
541.799988 1302 1318 1328 1348 1346 1321 1311 1304 1314
541.812988 1311 1323 1324 1351 1335 1317 1310 1309 1310
541.825989 1304 1321 1323 1335 1344 1323 1316 1295 1304
541.840027 1309 1319 1336 1341 1338 1319 1304 1306 1303
541.853027 1300 1317 1328 1337 1346 1327 1315 1307 1299
541.866028 1302 1312 1324 1340 1338 1328 1310 1301 1305
541.880005 1311 1315 1334 1341 1333 1322 1309 1300 1306
541.893005 1314 1322 1326 1330 1331 1320 1313 1301 1301
541.906006 1311 1316 1338 1333 1334 1328 1320 1300 1306
541.919983 1311 1311 1336 1341 1343 1321 1307 1309 1302
541.932983 1308 1311 1332 1342 1341 1327 1315 1307 1307
541.947021 1312 1313 1321 1340 1334 1319 1316 1299 1313
541.960022 1310 1321 1331 1336 1344 1330 1307 1297 1305
541.973022 1308 1316 1335 1339 1329 1325 1312 1302 1306
541.987 1306 1320 1327 1335 1340 1338 1326 1307 1312
542 1305 1321 1334 1341 1337 1329 1320 1307 1310
542.013 1305 1323 1326 1337 1338 1326 1310 1304 1315
542.026978 1303 1311 1335 1338 1332 1330 1317 1303 1307
542.039978 1310 1317 1331 1343 1336 1327 1316 1303 1309
542.052979 1302 1323 1322 1336 1348 1328 1319 1302 1304
542.067017 1303 1314 1326 1329 1329 1333 1309 1308 1308
542.080017 1310 1327 1335 1340 1333 1325 1322 1301 1304
542.093994 1310 1321 1331 1331 1333 1324 1320 1307 1309
542.106995 1316 1321 1335 1338 1339 1325 1307 1302 1307
542.119995 1310 1322 1333 1333 1341 1337 1310 1307 1306
542.133972 1308 1326 1337 1325 1331 1324 1314 1306 1300
542.146973 1307 1323 1329 1339 1335 1321 1306 1299 1307
542.159973 1313 1316 1330 1325 1330 1319 1313 1306 1304
542.174011 1306 1310 1337 1350 1340 1335 1312 1303 1309
542.187012 1305 1325 1337 1340 1333 1332 1314 1301 1304
542.200012 1306 1313 1340 1345 1339 1325 1313 1307 1301
542.213989 1304 1311 1340 1334 1329 1326 1318 1298 1305
542.22699 1306 1321 1333 1345 1339 1322 1304 1309 1310
542.23999 1309 1320 1329 1347 1337 1332 1317 1307 1310
542.254028 1309 1316 1338 1344 1343 1323 1317 1309 1311
542.267029 1302 1321 1333 1345 1334 1328 1317 1301 1310
542.280029 1316 1321 1328 1347 1338 1331 1310 1300 1307
542.294006 1307 1319 1332 1343 1350 1329 1314 1312 1307
542.307007 1312 1320 1335 1332 1344 1325 1308 1303 1310
542.320007 1306 1319 1328 1338 1333 1344 1315 1305 1308
542.333984 1305 1319 1327 1340 1337 1330 1320 1298 1308
542.346985 1304 1312 1334 1341 1334 1326 1314 1305 1307
542.359985 1311 1322 1327 1337 1341 1316 1310 1309 1305
542.374023 1312 1320 1333 1337 1338 1316 1308 1296 1310
542.387024 1311 1314 1325 1338 1348 1330 1316 1310 1308
542.400024 1313 1320 1334 1339 1337 1328 1315 1301 1307
542.414001 1307 1321 1342 1351 1341 1327 1318 1304 1306
542.427002 1302 1321 1347 1338 1342 1329 1316 1307 1306
542.440002 1311 1318 1335 1345 1333 1321 1319 1305 1302
542.453979 1305 1323 1328 1343 1338 1329 1307 1301 1307
542.46698 1308 1315 1339 1338 1337 1333 1313 1306 1319
542.47998 1312 1325 1333 1348 1341 1324 1305 1300 1298
542.494019 1311 1312 1335 1339 1341 1322 1309 1305 1309
542.507019 1316 1319 1330 1349 1332 1327 1319 1308 1313
542.52002 1303 1323 1329 1343 1347 1331 1317 1311 1309
542.533997 1305 1320 1338 1349 1340 1331 1309 1298 1309
542.546997 1314 1315 1328 1347 1340 1327 1314 1303 1306
542.559998 1313 1311 1329 1337 1340 1326 1310 1309 1308
542.573975 1312 1321 1333 1337 1346 1327 1312 1305 1309
542.586975 1305 1311 1330 1340 1339 1329 1308 1304 1302
542.599976 1310 1329 1340 1348 1348 1340 1306 1303 1307
542.614014 1304 1319 1334 1343 1338 1329 1316 1304 1305
542.627014 1306 1315 1325 1349 1346 1332 1319 1299 1301
542.640015 1314 1320 1331 1341 1336 1323 1313 1303 1308
542.653992 1311 1317 1332 1346 1342 1329 1309 1305 1305
542.666992 1311 1315 1334 1341 1345 1336 1315 1303 1304
542.679993 1303 1321 1333 1340 1348 1330 1312 1304 1306
542.69397 1305 1321 1326 1335 1343 1340 1303 1309 1303
542.70697 1312 1313 1344 1341 1335 1315 1312 1308 1310
542.719971 1309 1314 1332 1349 1328 1332 1313 1300 1302
542.734009 1306 1324 1340 1333 1335 1338 1316 1301 1304
542.747009 1302 1319 1330 1350 1333 1326 1320 1307 1312
542.76001 1314 1327 1342 1339 1338 1325 1310 1305 1310
542.773987 1307 1309 1333 1346 1341 1325 1312 1305 1320
542.786987 1297 1317 1338 1340 1340 1328 1310 1299 1302
542.799988 1309 1321 1330 1339 1335 1321 1320 1296 1299
542.812988 1304 1312 1339 1344 1342 1334 1307 1303 1307
542.827026 1305 1325 1332 1348 1327 1331 1313 1299 1303
542.840027 1305 1327 1342 1337 1337 1328 1309 1305 1305
542.853027 1309 1317 1330 1344 1335 1326 1313 1305 1306
542.867004 1307 1322 1327 1345 1337 1330 1307 1307 1314
542.880005 1307 1313 1335 1342 1341 1321 1313 1299 1298
542.893005 1309 1318 1341 1344 1341 1329 1319 1302 1303
542.906982 1305 1324 1333 1341 1337 1319 1311 1305 1307
542.919983 1310 1318 1337 1341 1341 1328 1305 1301 1306
542.932983 1308 1322 1326 1349 1343 1328 1318 1301 1303
542.947021 1305 1319 1338 1342 1342 1328 1311 1308 1311
542.960022 1304 1316 1342 1346 1346 1328 1309 1303 1312
542.973022 1304 1322 1336 1359 1332 1325 1321 1302 1306
542.987 1311 1323 1333 1344 1343 1344 1315 1308 1308
543 1305 1325 1334 1351 1343 1325 1313 1309 1306
543.013 1310 1315 1334 1346 1345 1325 1320 1302 1312
543.026001 1301 1319 1343 1353 1346 1331 1313 1303 1310
543.039978 1301 1328 1341 1359 1352 1331 1315 1307 1306
543.052979 1306 1326 1333 1347 1341 1324 1321 1304 1302
543.065979 1318 1320 1337 1358 1340 1338 1320 1296 1304
543.080017 1304 1317 1345 1345 1355 1331 1319 1308 1309
543.093018 1313 1319 1353 1356 1355 1342 1315 1305 1307
543.106018 1305 1323 1350 1349 1362 1337 1322 1308 1311
543.119995 1305 1333 1345 1350 1355 1338 1322 1304 1311
543.132996 1308 1328 1350 1356 1365 1332 1325 1304 1307
543.145996 1313 1321 1350 1354 1355 1335 1315 1306 1312
543.158997 1317 1330 1344 1365 1361 1339 1316 1297 1301
543.172974 1315 1316 1339 1364 1346 1342 1314 1305 1317
543.185974 1310 1331 1349 1362 1355 1330 1321 1304 1308
543.198975 1310 1326 1349 1359 1364 1343 1318 1296 1303
543.213013 1317 1330 1353 1364 1367 1337 1319 1306 1307
543.226013 1317 1320 1351 1359 1365 1352 1313 1304 1311
543.239014 1306 1330 1360 1362 1365 1345 1318 1298 1307
543.252014 1319 1333 1355 1362 1368 1339 1314 1303 1311
543.265991 1314 1327 1350 1367 1361 1342 1318 1309 1312
543.278992 1315 1333 1348 1367 1362 1349 1324 1308 1313
543.291992 1300 1334 1364 1360 1365 1341 1318 1301 1303
543.30603 1306 1331 1359 1369 1366 1351 1323 1305 1308
543.31897 1318 1326 1349 1369 1363 1345 1319 1305 1312
543.33197 1310 1335 1352 1366 1354 1339 1318 1309 1310
543.344971 1309 1328 1352 1374 1374 1345 1313 1303 1308
543.359009 1314 1333 1359 1373 1368 1348 1319 1302 1312
543.372009 1317 1328 1357 1368 1378 1350 1318 1301 1312
543.38501 1315 1336 1351 1369 1381 1352 1325 1307 1303
543.398987 1313 1334 1371 1380 1369 1363 1320 1307 1306
543.411987 1313 1339 1365 1399 1380 1348 1318 1305 1312
543.424988 1310 1343 1375 1388 1367 1359 1321 1309 1311
543.437988 1313 1349 1372 1398 1390 1364 1332 1308 1314
543.452026 1307 1345 1383 1410 1404 1362 1323 1307 1321
543.465027 1319 1355 1385 1408 1412 1382 1333 1301 1310
543.478027 1317 1355 1389 1433 1429 1369 1340 1307 1312
543.491028 1314 1357 1397 1418 1427 1380 1331 1298 1314
543.505005 1312 1353 1406 1421 1421 1375 1331 1303 1318
543.518005 1307 1342 1394 1436 1406 1378 1328 1307 1320
543.531006 1322 1350 1389 1418 1416 1370 1331 1307 1311
543.544983 1310 1351 1386 1414 1404 1369 1327 1300 1313
543.557983 1308 1349 1378 1392 1393 1361 1327 1307 1311
543.570984 1312 1334 1368 1388 1376 1356 1331 1305 1311
543.583984 1303 1337 1375 1379 1370 1357 1318 1305 1309
543.598022 1307 1331 1352 1382 1365 1337 1322 1305 1306
543.611023 1308 1332 1358 1369 1366 1345 1318 1302 1307
543.624023 1308 1328 1343 1374 1365 1339 1319 1299 1306
543.637024 1304 1322 1342 1366 1359 1346 1316 1302 1306
543.651001 1315 1322 1342 1350 1359 1348 1313 1305 1301
543.664001 1306 1316 1344 1359 1360 1336 1318 1305 1306
543.677002 1301 1322 1347 1354 1351 1327 1313 1301 1302
543.690002 1305 1324 1345 1355 1338 1337 1313 1303 1307
543.703979 1311 1324 1335 1337 1347 1333 1321 1302 1315
543.71698 1305 1317 1340 1350 1340 1320 1315 1305 1307
543.72998 1313 1321 1335 1347 1336 1328 1309 1303 1300
543.744019 1297 1318 1331 1345 1333 1324 1316 1302 1297
543.757019 1301 1315 1335 1346 1344 1327 1318 1311 1306
543.77002 1309 1320 1351 1341 1350 1328 1312 1298 1306
543.78302 1307 1320 1332 1344 1342 1316 1313 1303 1312
543.796997 1306 1311 1339 1335 1347 1329 1312 1304 1304
543.809998 1296 1307 1329 1347 1334 1324 1313 1301 1300
543.822998 1306 1324 1331 1343 1342 1325 1301 1300 1299
543.835999 1301 1317 1322 1346 1345 1321 1308 1306 1301
543.849976 1304 1320 1341 1344 1337 1334 1309 1306 1309
543.862976 1306 1332 1331 1340 1334 1332 1314 1307 1304
543.875977 1304 1329 1332 1351 1334 1322 1313 1302 1295
543.888977 1303 1320 1334 1336 1342 1321 1312 1303 1306
543.903015 1309 1318 1331 1337 1344 1333 1309 1302 1301
543.916016 1306 1313 1333 1346 1340 1326 1311 1296 1298
543.929016 1304 1324 1330 1350 1342 1331 1318 1307 1302
543.942017 1305 1325 1329 1333 1346 1319 1315 1300 1305
543.955994 1311 1318 1339 1349 1337 1327 1315 1305 1309
543.968994 1308 1325 1339 1338 1332 1326 1310 1303 1306
543.981995 1308 1310 1334 1352 1335 1327 1314 1303 1305
543.994995 1304 1314 1330 1348 1341 1333 1316 1303 1302
544.008972 1303 1319 1336 1346 1339 1326 1312 1301 1306
544.021973 1301 1311 1333 1350 1337 1321 1305 1304 1303
544.034973 1302 1313 1337 1342 1336 1328 1311 1304 1301
544.047974 1304 1322 1333 1345 1343 1321 1306 1297 1301
544.062012 1303 1316 1328 1337 1339 1322 1306 1302 1308
544.075012 1308 1306 1338 1351 1340 1328 1310 1301 1302
544.088013 1308 1310 1332 1340 1330 1318 1305 1303 1300
544.101013 1301 1311 1333 1334 1341 1322 1310 1301 1305
544.11499 1307 1312 1322 1338 1338 1324 1309 1304 1293
544.127991 1307 1321 1328 1337 1338 1335 1311 1301 1303
544.140991 1309 1312 1330 1346 1342 1330 1310 1294 1307
544.153992 1304 1311 1327 1349 1329 1324 1307 1302 1303
544.166992 1308 1316 1336 1337 1337 1319 1303 1300 1296
544.18103 1299 1316 1326 1339 1335 1325 1305 1299 1299
544.19397 1308 1316 1327 1330 1343 1326 1306 1302 1306
544.20697 1307 1328 1335 1336 1338 1322 1303 1304 1298
544.219971 1310 1313 1328 1334 1338 1326 1310 1302 1302
544.234009 1307 1313 1333 1331 1336 1325 1315 1303 1303
544.247009 1309 1315 1341 1344 1342 1324 1302 1302 1306
544.26001 1303 1313 1329 1346 1337 1330 1307 1306 1303
544.27301 1303 1313 1336 1341 1338 1329 1311 1309 1300
544.286987 1308 1320 1333 1338 1331 1327 1305 1297 1300
544.299988 1310 1320 1325 1331 1337 1324 1303 1300 1304
544.312988 1304 1313 1327 1334 1344 1331 1317 1299 1304
544.325989 1302 1310 1335 1336 1340 1328 1312 1305 1300
544.338989 1304 1317 1325 1346 1340 1325 1314 1302 1301
544.353027 1309 1323 1323 1343 1338 1322 1311 1303 1301
544.366028 1308 1314 1325 1326 1336 1316 1318 1300 1301
544.379028 1300 1322 1333 1336 1342 1321 1307 1303 1306
544.392029 1308 1321 1326 1336 1348 1322 1307 1296 1301
544.406006 1304 1309 1337 1337 1333 1320 1304 1297 1300
544.419006 1305 1312 1335 1332 1343 1323 1312 1306 1298
544.432007 1305 1318 1332 1335 1330 1318 1311 1303 1305
544.445007 1300 1317 1329 1340 1333 1321 1310 1300 1298
544.458008 1307 1314 1336 1345 1338 1317 1310 1302 1300
544.471985 1303 1319 1325 1339 1339 1335 1306 1296 1310
544.484985 1306 1320 1321 1342 1344 1325 1311 1304 1300
544.497986 1300 1314 1327 1353 1340 1322 1310 1297 1302
544.510986 1302 1319 1336 1350 1344 1319 1307 1300 1307
544.525024 1307 1316 1344 1349 1342 1332 1306 1300 1300
544.538025 1307 1309 1331 1323 1335 1326 1313 1294 1301
544.551025 1300 1317 1334 1339 1346 1324 1313 1300 1297
544.564026 1302 1313 1334 1336 1340 1328 1313 1299 1302
544.577026 1307 1317 1333 1342 1339 1329 1299 1296 1298
544.591003 1303 1318 1336 1339 1342 1317 1311 1295 1301
544.604004 1301 1315 1336 1334 1332 1331 1307 1302 1307
544.617004 1303 1318 1334 1347 1339 1327 1314 1296 1303
544.630005 1301 1313 1326 1344 1334 1326 1312 1293 1305
544.643005 1300 1308 1344 1344 1340 1324 1303 1300 1304
544.656982 1307 1321 1324 1346 1339 1323 1308 1299 1310
544.669983 1306 1315 1332 1339 1341 1322 1310 1298 1299
544.682983 1307 1312 1328 1338 1340 1329 1312 1290 1305
544.695984 1301 1317 1333 1339 1335 1320 1310 1303 1304
544.710022 1305 1314 1331 1347 1342 1331 1314 1295 1308
544.723022 1307 1311 1330 1342 1337 1325 1306 1297 1307
544.736023 1310 1314 1321 1334 1338 1316 1305 1296 1301
544.749023 1307 1313 1323 1325 1333 1323 1311 1295 1299
544.762024 1308 1320 1324 1335 1330 1329 1308 1299 1306
544.776001 1301 1316 1329 1337 1342 1325 1310 1303 1305
544.789001 1304 1309 1324 1345 1335 1329 1310 1299 1300
544.802002 1305 1315 1334 1338 1337 1323 1307 1302 1295
544.815002 1306 1313 1330 1342 1335 1334 1308 1299 1308
544.828003 1306 1315 1337 1342 1332 1317 1313 1294 1302
544.84198 1308 1314 1324 1333 1327 1322 1315 1302 1300
544.85498 1302 1316 1324 1334 1339 1326 1306 1297 1307
544.867981 1311 1319 1335 1342 1340 1332 1311 1297 1298
544.880981 1307 1317 1349 1345 1351 1325 1308 1299 1299
544.893982 1310 1314 1329 1350 1333 1328 1313 1302 1309
544.90802 1299 1318 1322 1335 1343 1332 1311 1298 1309
544.921021 1304 1316 1335 1346 1331 1331 1309 1301 1301
544.934021 1308 1318 1330 1341 1337 1320 1309 1294 1303
544.947021 1305 1321 1344 1347 1346 1333 1303 1306 1301
544.960022 1306 1317 1328 1348 1338 1332 1313 1303 1302
544.973022 1302 1318 1339 1338 1339 1328 1303 1296 1302
544.987 1309 1319 1338 1347 1347 1327 1313 1303 1298
545 1305 1315 1339 1339 1335 1319 1308 1297 1304
545.013 1304 1310 1343 1351 1342 1334 1306 1297 1298
545.026001 1297 1318 1334 1338 1334 1327 1315 1302 1306
545.039001 1307 1314 1339 1345 1335 1323 1305 1303 1301
545.052979 1311 1319 1333 1340 1339 1328 1304 1301 1303
545.065979 1306 1310 1333 1346 1337 1333 1305 1300 1301
545.078979 1305 1321 1342 1351 1345 1318 1309 1297 1305
545.09198 1310 1318 1326 1348 1338 1322 1315 1304 1302
545.10498 1308 1306 1330 1343 1330 1332 1307 1295 1297
545.117981 1306 1317 1323 1344 1339 1324 1315 1298 1301
545.132019 1305 1315 1349 1340 1347 1326 1314 1299 1300
545.14502 1303 1317 1335 1342 1338 1321 1305 1299 1297
545.15802 1306 1308 1335 1342 1342 1326 1316 1301 1301
545.171021 1303 1314 1339 1344 1333 1338 1315 1296 1296
545.184021 1303 1316 1324 1338 1339 1337 1308 1300 1299
545.197998 1302 1313 1325 1344 1325 1321 1306 1305 1301
545.210999 1304 1320 1334 1342 1342 1323 1312 1300 1306
545.223999 1308 1325 1322 1335 1341 1324 1308 1297 1296
545.237 1309 1324 1329 1334 1335 1322 1305 1301 1299
545.25 1305 1312 1331 1330 1333 1323 1303 1296 1300
545.263 1300 1315 1325 1340 1335 1317 1309 1300 1300
545.276978 1302 1318 1335 1337 1339 1331 1306 1293 1305
545.289978 1303 1310 1325 1332 1340 1329 1302 1299 1301
545.302979 1298 1311 1327 1326 1329 1319 1313 1300 1298
545.315979 1297 1314 1327 1339 1344 1319 1306 1303 1297
545.328979 1304 1313 1325 1334 1333 1322 1310 1301 1298
545.34198 1306 1307 1321 1335 1346 1317 1310 1291 1297
545.356018 1302 1318 1332 1331 1330 1322 1308 1299 1301
545.369019 1296 1315 1322 1334 1327 1316 1303 1292 1303
545.382019 1303 1314 1319 1328 1337 1313 1302 1289 1301
545.39502 1312 1317 1325 1333 1339 1309 1307 1298 1299
545.40802 1306 1314 1328 1328 1327 1322 1301 1293 1299
545.421021 1309 1304 1326 1335 1326 1319 1310 1295 1295
545.434998 1301 1307 1319 1330 1337 1320 1311 1296 1307
545.447998 1295 1310 1328 1338 1322 1314 1306 1298 1303
545.460999 1308 1317 1323 1330 1321 1321 1306 1300 1303
545.473999 1299 1311 1324 1330 1324 1320 1307 1297 1299
545.487 1302 1308 1324 1329 1325 1308 1307 1300 1302
545.5 1303 1307 1327 1325 1318 1322 1296 1296 1304
545.513977 1298 1302 1323 1328 1325 1315 1310 1302 1295
545.526978 1295 1305 1327 1330 1312 1322 1301 1297 1298
545.539978 1301 1304 1323 1332 1323 1315 1302 1298 1304
545.552979 1297 1310 1324 1338 1316 1321 1305 1300 1296
545.565979 1304 1304 1333 1330 1326 1314 1305 1300 1297
545.578979 1299 1306 1316 1333 1327 1313 1305 1296 1298
545.593018 1305 1315 1320 1332 1329 1310 1300 1302 1295
545.606018 1304 1314 1320 1326 1322 1310 1309 1301 1303
545.619019 1302 1309 1312 1321 1320 1320 1300 1300 1305
545.632019 1301 1313 1322 1331 1324 1313 1302 1294 1298
545.64502 1298 1310 1313 1320 1329 1310 1306 1289 1296
545.65802 1306 1306 1326 1327 1328 1310 1303 1296 1303
545.671021 1302 1309 1325 1312 1331 1321 1305 1299 1295
545.684998 1306 1312 1324 1331 1328 1312 1303 1301 1302
545.697998 1306 1301 1321 1326 1324 1317 1298 1293 1300
545.710999 1298 1310 1324 1325 1330 1314 1309 1297 1297
545.723999 1300 1303 1323 1336 1326 1315 1302 1302 1298
545.737 1293 1303 1316 1328 1318 1319 1306 1296 1295
545.75 1293 1306 1320 1324 1327 1315 1301 1304 1295
545.763 1302 1316 1310 1333 1321 1312 1298 1292 1292
545.776978 1297 1308 1320 1325 1322 1313 1301 1295 1295
545.789978 1290 1304 1314 1332 1317 1311 1306 1297 1298
545.802979 1297 1304 1321 1328 1318 1319 1301 1295 1292
545.815979 1297 1299 1314 1323 1318 1314 1303 1295 1297
545.828979 1306 1305 1314 1318 1325 1314 1306 1294 1302
545.84198 1309 1308 1320 1325 1320 1309 1297 1300 1295
545.85498 1301 1303 1315 1329 1326 1316 1297 1297 1299
545.869019 1303 1298 1314 1321 1319 1313 1300 1294 1291
545.882019 1298 1311 1312 1320 1322 1306 1301 1304 1294
545.89502 1291 1301 1317 1316 1322 1311 1307 1289 1294
545.90802 1302 1309 1314 1324 1317 1320 1299 1296 1299
545.921021 1294 1309 1314 1315 1330 1313 1306 1291 1300
545.934021 1298 1309 1317 1335 1319 1315 1299 1298 1292
545.947021 1299 1309 1313 1323 1320 1314 1301 1292 1298
545.960022 1300 1301 1322 1320 1323 1315 1301 1293 1294
545.973999 1297 1303 1319 1316 1321 1310 1301 1298 1291
545.987 1302 1310 1323 1323 1321 1320 1302 1294 1291
546 1302 1307 1317 1327 1319 1319 1302 1293 1297
546.013 1298 1303 1310 1319 1325 1313 1303 1294 1300
546.026001 1304 1309 1326 1318 1323 1312 1303 1295 1296
546.039001 1295 1310 1316 1320 1318 1319 1303 1302 1298
546.052002 1306 1305 1320 1315 1321 1313 1297 1303 1303
546.065002 1301 1300 1317 1321 1321 1320 1307 1287 1298
546.078979 1305 1305 1313 1323 1318 1313 1303 1300 1297
546.09198 1300 1305 1321 1317 1319 1313 1302 1298 1300
546.10498 1303 1311 1316 1324 1315 1310 1304 1296 1298
546.117981 1300 1307 1309 1322 1316 1313 1299 1296 1301
546.130981 1301 1309 1310 1315 1318 1306 1302 1295 1293
546.143982 1296 1303 1308 1327 1318 1308 1297 1295 1296
546.156982 1300 1307 1308 1312 1320 1303 1297 1295 1296
546.169983 1298 1308 1308 1324 1317 1319 1302 1299 1289
546.184021 1306 1302 1315 1312 1320 1310 1304 1303 1297
546.197021 1304 1308 1313 1320 1317 1309 1307 1300 1298
546.210022 1297 1302 1313 1319 1330 1308 1299 1295 1296
546.223022 1304 1303 1316 1320 1319 1304 1300 1298 1299
546.236023 1302 1311 1311 1315 1317 1309 1298 1298 1298
546.249023 1297 1301 1310 1317 1313 1309 1295 1297 1297
546.262024 1304 1301 1320 1314 1325 1317 1308 1299 1305
546.275024 1297 1310 1321 1322 1320 1319 1296 1296 1294
546.289001 1303 1308 1311 1319 1320 1311 1299 1297 1303
546.302002 1295 1302 1316 1310 1324 1311 1301 1300 1298
546.315002 1303 1306 1317 1327 1318 1315 1302 1294 1299
546.328003 1300 1297 1315 1321 1326 1307 1298 1300 1300
546.341003 1295 1302 1315 1324 1322 1310 1297 1300 1298
546.354004 1303 1306 1316 1320 1313 1316 1302 1298 1292
546.367004 1302 1305 1315 1323 1321 1312 1302 1300 1295
546.380005 1301 1311 1309 1325 1322 1307 1300 1296 1297
546.393005 1301 1308 1310 1316 1315 1308 1309 1304 1298
546.406006 1296 1308 1316 1313 1326 1305 1299 1307 1302
546.419983 1302 1305 1308 1317 1320 1317 1300 1303 1299
546.432983 1301 1308 1318 1325 1313 1318 1300 1296 1299
546.445984 1299 1302 1316 1320 1323 1310 1300 1295 1297
546.458984 1305 1299 1311 1319 1315 1306 1305 1295 1298
546.471985 1300 1307 1312 1321 1315 1308 1311 1300 1300
546.484985 1299 1312 1309 1314 1315 1309 1305 1303 1294
546.497986 1301 1307 1313 1312 1318 1312 1303 1295 1297
546.510986 1295 1306 1312 1316 1312 1309 1295 1294 1299
546.523987 1302 1304 1317 1318 1324 1308 1297 1299 1302
546.536987 1298 1304 1314 1317 1328 1306 1304 1300 1299
546.551025 1302 1307 1312 1320 1320 1301 1306 1298 1304
546.564026 1296 1305 1317 1319 1310 1304 1303 1300 1296
546.577026 1304 1309 1315 1314 1320 1298 1299 1297 1298
546.590027 1296 1311 1313 1319 1312 1315 1305 1303 1299
546.603027 1298 1306 1315 1318 1314 1309 1300 1300 1302
546.616028 1294 1308 1322 1322 1317 1311 1299 1300 1300
546.629028 1301 1305 1313 1323 1312 1306 1298 1303 1307
546.642029 1305 1309 1314 1316 1319 1303 1303 1300 1296
546.655029 1301 1308 1311 1310 1316 1312 1302 1303 1302
546.66803 1296 1315 1313 1324 1315 1306 1305 1300 1296
546.682007 1301 1299 1316 1314 1319 1304 1298 1302 1298
546.695007 1303 1302 1310 1312 1321 1302 1301 1299 1300
546.708008 1296 1304 1315 1314 1321 1308 1298 1307 1299
546.721008 1304 1301 1312 1321 1315 1312 1302 1297 1301
546.734009 1298 1309 1317 1321 1320 1308 1304 1300 1298
546.747009 1302 1310 1304 1321 1314 1310 1306 1294 1300
546.76001 1306 1306 1309 1318 1312 1311 1304 1298 1301
546.77301 1306 1310 1304 1309 1319 1312 1299 1294 1295
546.786011 1303 1309 1308 1311 1305 1311 1300 1296 1302
546.799011 1309 1307 1308 1319 1315 1315 1301 1297 1294
546.812012 1295 1302 1311 1312 1316 1307 1303 1296 1296
546.825012 1304 1303 1306 1315 1317 1312 1304 1296 1303
546.838989 1304 1309 1310 1319 1312 1307 1301 1300 1298
546.85199 1300 1309 1311 1315 1316 1311 1306 1304 1300
546.86499 1302 1312 1306 1312 1312 1304 1302 1302 1308
546.877991 1305 1312 1316 1314 1312 1315 1301 1297 1296
546.890991 1302 1307 1315 1314 1311 1303 1310 1300 1299
546.903992 1302 1312 1311 1310 1306 1307 1299 1296 1299
546.916992 1303 1308 1313 1320 1317 1310 1306 1292 1303
546.929993 1301 1302 1316 1314 1310 1310 1309 1301 1302
546.942993 1301 1309 1310 1311 1311 1304 1304 1297 1307
546.955994 1305 1310 1312 1312 1314 1313 1300 1302 1303
546.968994 1302 1311 1319 1310 1314 1308 1310 1307 1308
546.981995 1302 1314 1300 1320 1320 1315 1303 1305 1301
546.994995 1304 1307 1310 1313 1315 1310 1307 1300 1311
547.007996 1307 1311 1314 1314 1314 1306 1311 1300 1306
547.020996 1308 1313 1313 1309 1313 1312 1309 1311 1306
547.034973 1312 1298 1316 1324 1314 1312 1305 1311 1309
547.047974 1315 1309 1313 1316 1318 1310 1315 1307 1307
547.060974 1312 1316 1316 1305 1312 1314 1317 1318 1319
547.073975 1312 1312 1309 1317 1312 1314 1312 1321 1306
547.086975 1311 1311 1310 1306 1307 1316 1308 1310 1312
547.099976 1312 1308 1314 1317 1319 1313 1316 1314 1312
547.112976 1315 1321 1313 1308 1318 1317 1315 1322 1316
547.125977 1318 1314 1316 1315 1316 1314 1319 1318 1329
547.138977 1320 1316 1316 1308 1316 1316 1328 1326 1316
547.151978 1318 1321 1311 1318 1308 1321 1314 1326 1317
547.164978 1331 1315 1307 1311 1311 1310 1320 1324 1330
547.177979 1318 1315 1305 1308 1317 1328 1319 1333 1332
547.190979 1323 1312 1319 1316 1319 1313 1314 1312 1315
547.203979 1321 1322 1311 1316 1309 1314 1321 1320 1324
547.21698 1319 1317 1306 1308 1313 1328 1317 1325 1320
547.22998 1320 1317 1313 1313 1315 1315 1321 1330 1330
547.244019 1324 1322 1315 1308 1309 1320 1323 1318 1314
547.257019 1320 1317 1309 1317 1306 1321 1325 1333 1316
547.27002 1328 1327 1322 1327 1319 1325 1321 1339 1331
547.28302 1336 1322 1320 1310 1319 1319 1324 1322 1328
547.296021 1333 1319 1309 1309 1314 1314 1317 1330 1323
547.309021 1332 1328 1318 1306 1317 1315 1333 1335 1334
547.322021 1322 1317 1316 1309 1309 1310 1331 1344 1342
547.335022 1331 1327 1320 1316 1320 1323 1327 1331 1340
547.348022 1336 1331 1317 1315 1311 1325 1337 1341 1339
547.361023 1339 1333 1322 1313 1311 1331 1345 1346 1354
547.374023 1341 1332 1312 1312 1318 1328 1343 1346 1348
547.387024 1351 1334 1325 1312 1311 1328 1334 1361 1354
547.400024 1352 1346 1322 1312 1317 1338 1346 1359 1365
547.413025 1375 1339 1319 1315 1323 1330 1355 1376 1389
547.426025 1372 1353 1339 1316 1311 1337 1366 1386 1377
547.439026 1383 1342 1326 1315 1316 1340 1369 1389 1394
547.452026 1391 1358 1341 1307 1317 1345 1373 1407 1406
547.465027 1413 1386 1338 1307 1319 1360 1392 1407 1417
547.478027 1427 1382 1331 1312 1326 1362 1415 1429 1429
547.491028 1439 1389 1343 1317 1328 1370 1415 1463 1443
547.504028 1473 1418 1358 1314 1328 1375 1439 1492 1498
547.518005 1504 1439 1354 1313 1336 1389 1484 1507 1512
547.531006 1536 1458 1366 1316 1334 1408 1510 1565 1546
547.544006 1592 1492 1379 1326 1340 1432 1561 1623 1624
547.557007 1654 1542 1399 1319 1353 1457 1603 1707 1697
547.570007 1742 1594 1443 1324 1353 1501 1702 1798 1803
547.583008 1839 1672 1449 1317 1369 1552 1752 1910 1898
547.596008 1996 1738 1493 1337 1386 1589 1901 2046 2063
547.609009 2132 1853 1517 1341 1380 1687 1979 2209 2188
547.622009 2254 1911 1558 1332 1400 1709 2095 2366 2324
547.63501 2352 1996 1565 1335 1419 1755 2191 2491 2426
547.64801 2417 2043 1617 1337 1422 1803 2262 2567 2490
547.661011 2477 2060 1605 1346 1416 1778 2301 2580 2527
547.674011 2450 2049 1606 1333 1420 1799 2272 2564 2507
547.687012 2383 2010 1582 1339 1423 1785 2194 2503 2435
547.700012 2266 1949 1562 1338 1401 1742 2133 2353 2327
547.713013 2138 1868 1530 1338 1394 1668 2047 2252 2191
547.726013 1998 1789 1501 1336 1385 1614 1888 2081 2055
547.739014 1886 1675 1468 1322 1348 1567 1788 1935 1908
547.752014 1781 1615 1437 1319 1356 1504 1703 1816 1807
547.765015 1691 1561 1427 1322 1343 1497 1639 1747 1714
547.778015 1632 1511 1387 1316 1341 1437 1557 1646 1635
547.791016 1570 1488 1381 1312 1333 1427 1511 1589 1564
547.804016 1527 1447 1357 1317 1329 1405 1492 1548 1542
547.817017 1502 1436 1367 1307 1323 1398 1454 1520 1513
547.830017 1488 1407 1348 1313 1315 1378 1436 1477 1481
547.843018 1464 1415 1343 1305 1322 1366 1412 1460 1467
547.856018 1418 1384 1341 1314 1327 1364 1405 1449 1449
547.869019 1411 1374 1337 1314 1315 1346 1393 1432 1413
547.882019 1406 1379 1328 1307 1319 1347 1395 1409 1399
547.89502 1381 1367 1332 1311 1320 1344 1388 1395 1392
547.90802 1378 1363 1328 1319 1313 1332 1363 1389 1384
547.921021 1376 1356 1327 1306 1310 1334 1358 1389 1387
547.934021 1366 1348 1332 1304 1314 1342 1356 1365 1373
547.947021 1355 1338 1323 1309 1316 1328 1350 1364 1356
547.960022 1361 1349 1325 1315 1315 1333 1353 1355 1355
547.973022 1354 1337 1320 1308 1303 1330 1346 1355 1352
547.986023 1343 1339 1310 1312 1310 1325 1342 1344 1347
547.999023 1340 1345 1307 1307 1303 1325 1334 1351 1347
548.012024 1337 1327 1317 1313 1315 1314 1321 1343 1346
548.025024 1335 1327 1304 1313 1312 1321 1326 1345 1341
548.038025 1333 1320 1311 1301 1310 1329 1336 1340 1339
548.051025 1336 1324 1313 1310 1316 1319 1330 1328 1327
548.064026 1322 1325 1312 1309 1316 1317 1338 1338 1332
548.077026 1321 1326 1313 1305 1311 1318 1324 1341 1335
548.090027 1329 1322 1308 1314 1318 1308 1319 1326 1325
548.103027 1325 1317 1308 1304 1308 1317 1320 1330 1325
548.116028 1326 1314 1312 1312 1312 1315 1329 1307 1321
548.129028 1320 1311 1320 1308 1316 1316 1321 1331 1324
548.142029 1316 1312 1310 1309 1314 1318 1311 1317 1320
548.155029 1319 1319 1312 1314 1307 1308 1313 1320 1318
548.16803 1322 1319 1313 1303 1308 1320 1312 1321 1320
548.18103 1317 1316 1299 1307 1305 1309 1322 1314 1317
548.19397 1313 1314 1310 1306 1306 1310 1309 1324 1308
548.20697 1312 1311 1311 1308 1304 1306 1308 1314 1314
548.219971 1314 1324 1304 1302 1309 1311 1308 1322 1311
548.232971 1320 1311 1302 1308 1302 1314 1315 1314 1313
548.245972 1310 1318 1306 1310 1308 1303 1308 1315 1316
548.258972 1312 1312 1317 1306 1306 1304 1309 1312 1314
548.271973 1309 1314 1310 1313 1307 1300 1307 1309 1314
548.284973 1308 1309 1305 1309 1312 1307 1313 1312 1320
548.297974 1309 1308 1310 1311 1302 1308 1302 1308 1312
548.310974 1307 1305 1312 1305 1313 1308 1311 1311 1309
548.323975 1304 1310 1304 1313 1310 1300 1312 1315 1307
548.336975 1306 1312 1315 1309 1310 1309 1316 1312 1303
548.349976 1311 1317 1299 1307 1313 1303 1305 1310 1308
548.362976 1304 1309 1298 1307 1309 1300 1302 1309 1303
548.375977 1312 1313 1307 1303 1301 1307 1305 1307 1300
548.388977 1307 1305 1303 1308 1298 1301 1299 1304 1299
548.401978 1306 1301 1317 1309 1304 1312 1302 1303 1303
548.414978 1305 1300 1309 1311 1316 1300 1307 1308 1308
548.427979 1304 1310 1302 1311 1304 1308 1301 1305 1305
548.440979 1302 1311 1307 1301 1310 1304 1300 1310 1309
548.453979 1303 1301 1306 1303 1302 1303 1296 1298 1308
548.46698 1294 1305 1309 1301 1303 1303 1295 1305 1304
548.47998 1299 1305 1305 1298 1306 1310 1303 1305 1295
548.492981 1301 1301 1312 1310 1307 1298 1305 1305 1308
548.505981 1298 1306 1308 1305 1302 1312 1304 1294 1305
548.518982 1301 1306 1304 1314 1304 1302 1310 1304 1305
548.531982 1301 1307 1305 1308 1303 1304 1306 1301 1305
548.544983 1296 1304 1301 1305 1308 1299 1301 1304 1299
548.557983 1298 1299 1296 1304 1304 1304 1300 1301 1295
548.570984 1295 1298 1311 1309 1304 1301 1299 1296 1299
548.583984 1305 1305 1310 1306 1308 1312 1300 1297 1303
548.596985 1295 1302 1304 1302 1306 1314 1300 1296 1297
548.609985 1301 1306 1304 1314 1302 1300 1308 1296 1302
548.622986 1293 1300 1304 1310 1311 1306 1296 1298 1302
548.635986 1301 1299 1303 1317 1308 1298 1297 1299 1304
548.648987 1302 1296 1309 1303 1307 1303 1301 1299 1292
548.661987 1305 1297 1301 1304 1315 1303 1298 1304 1297
548.674988 1298 1303 1314 1310 1308 1307 1299 1299 1300
548.687988 1298 1303 1311 1316 1310 1313 1297 1297 1298
548.700989 1300 1302 1302 1310 1310 1310 1302 1299 1302
548.713989 1301 1300 1306 1315 1307 1304 1305 1297 1300
548.72699 1303 1301 1300 1308 1306 1314 1300 1296 1297
548.739014 1304 1303 1310 1310 1305 1308 1301 1297 1303
