0 11.25 22.5 33.75 45 56.25 67.5 78.75 90
535.080017 1268 1268 1269 1268 1267 1268 1268 1268 1268
535.093994 1267 1268 1269 1269 1270 1271 1273 1268 1267
535.106995 1270 1268 1267 1269 1269 1270 1267 1269 1269
535.120972 1270 1268 1268 1266 1266 1268 1272 1268 1266
535.13501 1268 1265 1267 1270 1265 1270 1268 1268 1268
535.148987 1268 1266 1268 1268 1270 1268 1272 1266 1266
535.161987 1266 1267 1267 1267 1268 1268 1268 1270 1268
535.176025 1267 1266 1268 1265 1266 1268 1268 1265 1265
535.190002 1269 1266 1266 1265 1269 1268 1270 1264 1266
535.203003 1268 1266 1266 1266 1268 1265 1266 1267 1267
535.21698 1268 1262 1265 1267 1268 1266 1268 1272 1269
535.231018 1266 1265 1269 1268 1268 1269 1267 1268 1268
535.244995 1267 1266 1266 1269 1267 1267 1267 1266 1269
535.257996 1267 1266 1266 1269 1268 1267 1266 1266 1263
535.271973 1267 1264 1266 1266 1267 1265 1267 1268 1267
535.286011 1267 1270 1268 1266 1265 1269 1269 1266 1264
535.299011 1268 1266 1268 1269 1268 1268 1267 1268 1267
535.312988 1266 1265 1269 1269 1266 1267 1268 1268 1267
535.327026 1268 1265 1266 1269 1270 1266 1266 1268 1270
535.341003 1268 1266 1264 1268 1266 1264 1267 1268 1267
535.354004 1267 1268 1266 1267 1269 1268 1268 1266 1264
535.367981 1269 1268 1266 1267 1265 1268 1268 1263 1265
535.382019 1265 1266 1268 1267 1264 1267 1268 1267 1267
535.39502 1269 1266 1266 1267 1270 1266 1266 1267 1268
535.408997 1267 1268 1266 1269 1266 1265 1265 1267 1268
535.422974 1267 1264 1267 1267 1267 1267 1265 1265 1264
535.435974 1265 1265 1265 1267 1269 1268 1265 1269 1267
535.450012 1263 1263 1266 1267 1268 1268 1268 1263 1268
535.463989 1264 1263 1268 1266 1268 1271 1268 1266 1264
535.478027 1266 1267 1267 1263 1268 1264 1265 1266 1263
535.491028 1265 1266 1263 1268 1265 1267 1264 1265 1266
535.505005 1265 1265 1268 1268 1264 1267 1266 1268 1268
535.518982 1266 1263 1269 1271 1266 1263 1267 1268 1267
535.531982 1265 1266 1266 1266 1265 1268 1266 1264 1269
535.546021 1265 1265 1267 1265 1264 1266 1267 1267 1265
535.559998 1264 1267 1266 1267 1262 1266 1265 1267 1266
535.572998 1264 1266 1265 1267 1267 1266 1266 1269 1266
535.586975 1267 1266 1266 1267 1266 1268 1267 1268 1265
535.601013 1265 1266 1268 1267 1268 1266 1267 1266 1270
535.61499 1264 1268 1267 1267 1265 1266 1268 1266 1267
535.627991 1264 1265 1265 1265 1264 1265 1265 1264 1266
535.642029 1262 1264 1267 1270 1267 1265 1266 1264 1264
535.656006 1265 1267 1265 1266 1265 1266 1267 1265 1267
535.669006 1265 1265 1266 1270 1268 1267 1268 1264 1262
535.682983 1263 1264 1267 1264 1264 1268 1265 1265 1266
535.697021 1267 1265 1266 1268 1267 1267 1266 1267 1264
535.710022 1267 1265 1266 1270 1265 1265 1265 1264 1267
535.723999 1265 1263 1264 1266 1269 1265 1263 1265 1266
535.737976 1267 1267 1265 1263 1265 1269 1267 1264 1265
535.750977 1266 1265 1268 1263 1265 1266 1268 1265 1265
535.765015 1265 1265 1269 1268 1265 1270 1267 1265 1264
535.778992 1267 1266 1268 1265 1268 1263 1267 1267 1266
535.791992 1263 1265 1267 1268 1267 1267 1266 1269 1266
535.80603 1266 1266 1267 1267 1264 1268 1264 1267 1266
535.820007 1264 1264 1264 1264 1266 1267 1267 1268 1265
535.833984 1264 1269 1266 1267 1262 1271 1269 1266 1261
535.846985 1265 1268 1266 1265 1265 1266 1263 1265 1263
535.861023 1263 1267 1268 1267 1265 1267 1264 1266 1266
535.875 1264 1263 1269 1267 1267 1264 1268 1265 1265
535.888 1268 1266 1266 1268 1265 1268 1271 1268 1267
535.901978 1268 1264 1268 1266 1266 1268 1266 1268 1267
535.916016 1265 1262 1267 1266 1265 1267 1266 1266 1267
535.929016 1264 1264 1266 1265 1266 1267 1267 1264 1267
535.942993 1268 1266 1269 1263 1264 1267 1268 1264 1263
535.95697 1268 1266 1265 1264 1261 1267 1264 1267 1265
535.969971 1266 1265 1268 1267 1267 1267 1264 1266 1269
535.984009 1264 1266 1268 1265 1267 1263 1267 1267 1268
535.997986 1267 1263 1264 1268 1268 1267 1267 1267 1267
536.010986 1264 1269 1267 1266 1266 1268 1267 1269 1267
536.025024 1265 1265 1267 1266 1266 1265 1265 1267 1265
536.039001 1266 1266 1266 1265 1266 1266 1265 1267 1265
536.052002 1266 1268 1267 1269 1264 1266 1267 1265 1264
536.065979 1262 1269 1265 1267 1267 1265 1265 1268 1265
536.080017 1269 1265 1263 1267 1266 1267 1265 1268 1271
536.093018 1263 1268 1265 1266 1266 1268 1264 1267 1263
536.106995 1269 1268 1264 1266 1269 1269 1265 1267 1266
536.120972 1268 1266 1265 1270 1267 1267 1265 1264 1266
536.133972 1267 1268 1266 1268 1269 1272 1267 1266 1266
536.14801 1267 1264 1268 1265 1264 1267 1263 1266 1269
536.161987 1267 1266 1270 1264 1267 1266 1265 1267 1267
536.174988 1266 1267 1266 1267 1267 1268 1269 1267 1263
536.189026 1266 1266 1266 1265 1271 1266 1265 1268 1265
536.203003 1266 1268 1263 1267 1269 1263 1267 1267 1268
536.216003 1268 1266 1267 1265 1266 1266 1269 1271 1266
536.22998 1264 1269 1268 1264 1268 1266 1268 1267 1265
536.244019 1266 1270 1264 1269 1265 1270 1263 1265 1269
536.257019 1265 1269 1266 1264 1266 1265 1265 1271 1268
536.270996 1265 1265 1265 1268 1268 1265 1265 1269 1266
536.284973 1266 1265 1266 1263 1270 1267 1268 1267 1266
536.297974 1265 1261 1266 1265 1267 1271 1266 1264 1265
536.312012 1265 1264 1267 1264 1267 1264 1268 1266 1264
536.325989 1267 1267 1269 1268 1264 1268 1270 1264 1265
536.338989 1266 1265 1267 1267 1265 1267 1265 1265 1267
536.353027 1266 1268 1268 1268 1266 1267 1265 1267 1267
536.367004 1266 1269 1266 1266 1263 1265 1268 1266 1265
536.380005 1267 1266 1265 1265 1266 1265 1265 1270 1265
536.393982 1266 1268 1266 1266 1267 1268 1268 1265 1268
536.40802 1267 1265 1267 1263 1266 1268 1264 1268 1266
536.421021 1267 1263 1266 1266 1264 1268 1267 1263 1263
536.434998 1265 1265 1267 1266 1263 1267 1264 1266 1263
536.448975 1266 1266 1266 1267 1264 1264 1265 1265 1262
536.461975 1264 1266 1268 1264 1265 1268 1266 1266 1267
536.476013 1264 1266 1266 1268 1264 1265 1266 1265 1262
536.48999 1268 1267 1266 1266 1265 1265 1268 1268 1265
536.502991 1266 1265 1270 1265 1264 1268 1268 1266 1266
536.517029 1266 1265 1266 1266 1268 1267 1270 1266 1266
536.530029 1265 1267 1263 1266 1268 1269 1267 1266 1264
536.544006 1264 1267 1268 1268 1265 1268 1269 1264 1268
536.557983 1263 1266 1267 1268 1267 1266 1267 1265 1266
536.570984 1267 1265 1267 1266 1268 1268 1266 1264 1265
536.585022 1264 1266 1264 1266 1271 1265 1268 1265 1267
536.598999 1265 1262 1265 1268 1268 1266 1266 1270 1265
536.612 1262 1269 1267 1266 1266 1265 1268 1267 1264
536.625977 1266 1269 1266 1267 1264 1264 1268 1266 1268
536.640015 1266 1267 1264 1268 1270 1267 1264 1266 1265
536.653015 1266 1268 1267 1267 1267 1266 1269 1268 1269
536.666992 1264 1266 1266 1265 1269 1265 1265 1268 1266
536.68103 1265 1269 1266 1266 1267 1268 1267 1267 1261
536.69397 1267 1263 1267 1268 1268 1263 1266 1267 1268
536.708008 1265 1267 1266 1268 1265 1264 1262 1265 1264
536.721008 1264 1265 1266 1266 1263 1265 1267 1270 1267
536.734985 1261 1264 1267 1265 1266 1266 1265 1264 1267
536.749023 1265 1267 1265 1265 1270 1266 1267 1265 1271
536.762024 1269 1269 1269 1269 1269 1270 1266 1265 1267
536.776001 1264 1262 1262 1269 1267 1267 1267 1263 1265
536.789978 1267 1265 1267 1269 1269 1264 1270 1264 1266
536.802979 1264 1267 1266 1267 1270 1266 1266 1269 1263
536.817017 1264 1266 1268 1267 1265 1265 1265 1265 1264
536.830994 1263 1269 1268 1267 1267 1265 1267 1267 1265
536.843994 1265 1267 1268 1265 1271 1266 1267 1266 1265
536.857971 1267 1267 1268 1272 1268 1265 1269 1269 1267
536.870972 1264 1266 1266 1266 1269 1266 1267 1269 1265
536.88501 1267 1266 1266 1266 1267 1269 1267 1269 1267
536.898987 1265 1266 1267 1268 1265 1269 1268 1268 1266
536.911987 1260 1266 1269 1264 1262 1266 1267 1267 1265
536.926025 1262 1268 1269 1266 1266 1267 1265 1266 1268
536.940002 1262 1269 1269 1266 1264 1267 1268 1266 1266
536.953003 1266 1269 1266 1269 1268 1269 1268 1266 1266
536.96698 1265 1267 1265 1267 1268 1264 1265 1266 1264
536.97998 1272 1264 1266 1266 1269 1268 1268 1265 1269
536.994019 1266 1263 1265 1265 1266 1268 1266 1266 1265
537.007996 1266 1268 1265 1272 1266 1267 1265 1268 1263
537.020996 1269 1268 1270 1269 1267 1269 1266 1265 1266
537.034973 1267 1267 1266 1266 1268 1269 1267 1268 1266
537.049011 1265 1268 1270 1268 1272 1267 1269 1268 1268
537.062012 1268 1266 1267 1268 1268 1268 1269 1270 1268
537.075989 1265 1265 1269 1267 1268 1271 1267 1266 1268
537.088989 1268 1269 1267 1269 1267 1266 1268 1268 1265
537.103027 1264 1267 1267 1267 1266 1269 1266 1268 1266
537.117004 1269 1268 1270 1271 1267 1268 1268 1271 1268
537.130005 1267 1267 1269 1266 1273 1272 1269 1269 1268
537.143982 1269 1264 1265 1267 1268 1267 1269 1269 1269
537.15802 1270 1272 1269 1271 1271 1272 1273 1267 1268
537.171021 1269 1269 1267 1272 1271 1271 1268 1266 1267
537.184998 1268 1266 1270 1269 1270 1271 1266 1270 1266
537.197998 1267 1269 1269 1272 1271 1269 1270 1269 1271
537.211975 1266 1271 1270 1274 1269 1268 1272 1268 1269
537.226013 1268 1267 1270 1271 1271 1271 1268 1269 1270
537.239014 1278 1273 1278 1272 1279 1279 1278 1272 1279
537.252991 1272 1270 1274 1270 1275 1274 1271 1269 1269
537.265991 1274 1275 1268 1275 1274 1271 1272 1272 1271
537.280029 1269 1273 1274 1275 1273 1268 1276 1270 1266
537.294006 1270 1273 1277 1273 1276 1273 1274 1269 1273
537.307007 1268 1278 1276 1275 1273 1275 1271 1271 1279
537.320984 1270 1276 1274 1274 1281 1272 1274 1276 1271
537.333984 1269 1275 1273 1274 1277 1273 1273 1270 1272
537.348022 1273 1273 1274 1272 1277 1275 1273 1275 1270
537.362 1272 1274 1275 1276 1272 1271 1276 1274 1272
537.375 1272 1273 1273 1275 1267 1272 1273 1270 1270
537.388977 1271 1272 1271 1278 1274 1269 1269 1271 1272
537.403015 1268 1269 1272 1278 1272 1275 1270 1273 1272
537.416016 1267 1270 1269 1273 1274 1276 1272 1273 1272
537.429993 1269 1267 1274 1273 1274 1273 1268 1270 1271
537.442993 1267 1269 1274 1275 1269 1272 1273 1267 1273
537.45697 1269 1270 1270 1274 1274 1268 1269 1269 1269
537.471008 1272 1267 1271 1273 1268 1272 1270 1271 1268
537.484009 1268 1267 1274 1274 1273 1269 1271 1275 1270
537.497986 1270 1274 1271 1272 1273 1271 1269 1267 1269
537.510986 1268 1271 1270 1274 1274 1272 1271 1266 1270
537.525024 1271 1272 1267 1273 1276 1272 1273 1270 1269
537.539001 1269 1274 1273 1272 1273 1269 1268 1273 1269
537.552002 1270 1272 1275 1273 1272 1270 1270 1270 1269
537.565979 1268 1271 1273 1274 1273 1267 1273 1268 1271
537.578979 1270 1274 1271 1277 1273 1276 1273 1268 1272
537.593018 1268 1269 1270 1275 1274 1273 1274 1271 1271
537.606995 1272 1269 1279 1278 1277 1274 1274 1270 1271
537.619995 1274 1274 1271 1278 1273 1275 1271 1271 1272
537.633972 1273 1274 1272 1276 1276 1275 1274 1271 1274
537.646973 1272 1275 1276 1280 1277 1269 1273 1273 1269
537.661011 1270 1271 1275 1274 1279 1275 1271 1274 1274
537.674011 1275 1271 1274 1274 1272 1276 1275 1276 1270
537.687988 1270 1275 1275 1277 1279 1278 1276 1274 1272
537.702026 1274 1280 1273 1280 1275 1278 1275 1272 1268
537.715027 1270 1278 1276 1272 1278 1270 1275 1269 1273
537.729004 1271 1273 1280 1277 1279 1275 1274 1274 1274
537.742004 1275 1273 1275 1280 1279 1281 1277 1280 1275
537.755981 1270 1274 1275 1278 1276 1274 1278 1274 1272
537.77002 1274 1275 1281 1284 1279 1274 1272 1273 1274
537.78302 1276 1275 1281 1278 1286 1279 1275 1273 1273
537.796997 1273 1276 1278 1276 1274 1279 1281 1276 1273
537.809998 1276 1278 1279 1281 1279 1278 1279 1273 1276
537.823975 1273 1279 1286 1285 1282 1277 1278 1276 1269
537.836975 1275 1276 1281 1280 1282 1278 1278 1279 1283
537.851013 1277 1282 1284 1285 1286 1283 1286 1281 1278
537.86499 1278 1277 1280 1286 1289 1282 1275 1276 1280
537.877991 1278 1279 1281 1282 1280 1283 1276 1273 1277
537.892029 1277 1282 1281 1288 1282 1282 1281 1271 1276
537.905029 1279 1283 1281 1280 1282 1283 1282 1279 1281
537.919006 1281 1277 1283 1282 1291 1282 1279 1280 1277
537.932007 1279 1285 1285 1290 1286 1282 1284 1278 1282
537.945984 1283 1281 1290 1286 1288 1285 1282 1281 1281
537.960022 1284 1280 1289 1295 1292 1285 1283 1277 1283
537.973022 1276 1285 1286 1286 1292 1280 1288 1280 1277
537.987 1278 1280 1285 1288 1288 1293 1287 1280 1280
538 1279 1290 1287 1287 1297 1286 1287 1278 1279
538.013977 1280 1286 1290 1293 1295 1289 1282 1283 1289
538.028015 1277 1284 1292 1292 1290 1288 1283 1289 1279
538.041016 1282 1283 1289 1301 1301 1296 1289 1287 1291
538.054993 1285 1292 1297 1292 1291 1289 1284 1285 1286
538.067993 1290 1288 1293 1300 1292 1292 1286 1284 1285
538.08197 1282 1292 1300 1300 1289 1291 1289 1284 1285
538.094971 1291 1291 1295 1304 1302 1290 1288 1287 1284
538.109009 1288 1292 1294 1292 1295 1295 1284 1284 1287
538.122009 1288 1292 1302 1298 1302 1298 1289 1287 1285
538.135986 1288 1295 1303 1294 1299 1287 1288 1288 1290
538.150024 1289 1295 1297 1301 1305 1299 1293 1286 1293
538.163025 1291 1290 1301 1302 1303 1299 1295 1291 1293
538.177002 1297 1297 1305 1308 1304 1299 1296 1293 1294
538.190002 1294 1297 1296 1304 1310 1299 1300 1286 1294
538.203979 1302 1294 1302 1310 1305 1302 1301 1294 1295
538.21698 1290 1299 1310 1311 1305 1300 1303 1295 1291
538.231018 1291 1302 1298 1313 1310 1301 1295 1294 1299
538.244995 1294 1300 1312 1315 1305 1307 1304 1294 1295
538.257996 1290 1301 1309 1309 1314 1302 1302 1292 1293
538.271973 1295 1302 1302 1313 1317 1302 1304 1298 1297
538.284973 1293 1305 1312 1312 1314 1308 1305 1302 1293
538.299011 1305 1315 1319 1322 1318 1317 1302 1302 1312
538.312012 1309 1308 1320 1324 1314 1311 1313 1300 1306
538.325989 1302 1316 1320 1326 1318 1320 1314 1303 1309
538.338989 1305 1311 1329 1329 1313 1325 1313 1302 1310
538.353027 1307 1314 1330 1332 1321 1319 1314 1307 1309
538.367004 1315 1316 1331 1324 1332 1320 1316 1313 1311
538.380005 1310 1332 1330 1330 1334 1326 1320 1308 1319
538.393982 1314 1324 1318 1330 1329 1334 1317 1313 1313
538.406982 1317 1322 1337 1335 1332 1324 1325 1316 1319
538.421021 1318 1318 1339 1341 1329 1327 1314 1318 1316
538.434021 1326 1327 1327 1342 1335 1332 1318 1314 1321
538.447998 1312 1317 1328 1338 1338 1331 1326 1314 1305
538.460999 1320 1327 1333 1334 1334 1343 1327 1310 1321
538.474976 1319 1333 1333 1340 1332 1334 1322 1320 1317
538.489014 1331 1326 1335 1331 1339 1331 1330 1316 1320
538.502014 1315 1331 1340 1333 1343 1326 1318 1319 1322
538.515991 1321 1327 1339 1341 1340 1343 1326 1323 1321
538.528992 1320 1324 1330 1329 1339 1328 1326 1312 1314
538.54303 1308 1321 1346 1340 1340 1331 1319 1321 1313
538.55603 1311 1324 1335 1329 1348 1330 1321 1309 1319
538.570007 1311 1318 1333 1331 1342 1324 1318 1315 1324
538.583008 1311 1321 1333 1335 1344 1336 1327 1313 1315
538.596985 1309 1325 1337 1344 1341 1331 1321 1319 1316
538.609985 1317 1318 1327 1344 1334 1334 1322 1325 1322
538.624023 1317 1329 1337 1347 1336 1324 1320 1316 1321
538.638 1325 1318 1333 1334 1345 1325 1321 1305 1308
538.651001 1311 1322 1342 1335 1342 1332 1319 1316 1308
538.664978 1314 1327 1330 1349 1343 1336 1316 1320 1311
538.677979 1307 1324 1329 1350 1352 1328 1328 1315 1312
538.692017 1315 1321 1341 1347 1348 1329 1330 1311 1305
538.705017 1325 1331 1345 1350 1352 1330 1326 1324 1318
538.718994 1319 1332 1354 1355 1337 1337 1330 1320 1316
538.731995 1316 1328 1352 1346 1342 1334 1317 1312 1326
538.745972 1319 1325 1341 1349 1346 1337 1322 1321 1313
538.758972 1313 1343 1340 1355 1342 1331 1328 1320 1318
538.77301 1319 1326 1346 1346 1351 1336 1322 1326 1313
538.786011 1318 1323 1347 1355 1355 1344 1324 1314 1321
538.799988 1320 1321 1345 1342 1342 1345 1330 1325 1320
538.812988 1324 1329 1356 1358 1343 1331 1327 1319 1324
538.827026 1311 1332 1341 1348 1346 1345 1336 1317 1324
538.841003 1323 1328 1340 1352 1348 1346 1327 1318 1325
538.854004 1330 1325 1350 1349 1348 1333 1330 1327 1321
538.867981 1319 1329 1349 1353 1346 1323 1332 1323 1315
538.880981 1332 1330 1346 1348 1357 1345 1322 1323 1320
538.89502 1325 1331 1341 1352 1353 1348 1326 1326 1325
538.90802 1319 1326 1343 1358 1355 1337 1324 1324 1329
538.921997 1321 1329 1342 1342 1353 1342 1328 1328 1322
538.934998 1326 1327 1350 1354 1363 1349 1335 1315 1320
538.948975 1325 1328 1341 1356 1351 1344 1328 1320 1329
538.961975 1321 1328 1353 1365 1393 1355 1331 1323 1324
538.976013 1329 1329 1356 1358 1355 1340 1325 1328 1327
538.989014 1328 1339 1354 1361 1360 1347 1333 1317 1334
539.002991 1330 1334 1351 1369 1350 1348 1335 1332 1329
539.015991 1319 1335 1356 1355 1348 1347 1339 1323 1328
539.030029 1320 1336 1357 1350 1357 1339 1329 1316 1324
539.04303 1325 1330 1359 1352 1359 1357 1332 1318 1321
539.057007 1324 1337 1350 1361 1350 1359 1330 1320 1325
539.070007 1320 1328 1345 1358 1361 1344 1325 1326 1331
539.083984 1318 1330 1351 1356 1351 1341 1330 1326 1323
539.096985 1322 1334 1350 1351 1353 1339 1331 1328 1323
539.111023 1324 1331 1349 1351 1354 1341 1331 1322 1323
539.125 1331 1333 1346 1351 1365 1337 1330 1319 1325
539.138 1321 1331 1349 1369 1346 1344 1329 1319 1313
539.151978 1321 1335 1347 1352 1343 1337 1326 1322 1321
539.164978 1322 1328 1344 1359 1348 1336 1324 1323 1327
539.179016 1327 1345 1357 1358 1351 1348 1339 1325 1329
539.192017 1318 1335 1346 1353 1363 1342 1332 1315 1321
539.205994 1321 1326 1350 1360 1349 1347 1333 1323 1322
539.218994 1316 1330 1350 1359 1349 1345 1320 1317 1319
539.232971 1321 1323 1338 1355 1360 1338 1324 1311 1325
539.245972 1321 1332 1347 1352 1357 1344 1333 1327 1326
539.26001 1325 1334 1343 1347 1354 1334 1327 1333 1319
539.27301 1323 1325 1353 1354 1360 1339 1329 1327 1321
539.286987 1315 1337 1356 1350 1355 1349 1334 1319 1324
539.299988 1321 1334 1353 1342 1352 1341 1334 1330 1331
539.314026 1327 1328 1346 1369 1353 1343 1325 1325 1321
539.327026 1320 1333 1344 1349 1349 1344 1328 1323 1322
539.341003 1323 1329 1341 1349 1351 1341 1328 1317 1328
539.354004 1315 1326 1344 1352 1361 1335 1331 1316 1321
539.367981 1319 1336 1346 1352 1366 1342 1324 1326 1324
539.380981 1324 1335 1333 1356 1355 1335 1322 1322 1329
539.39502 1318 1337 1348 1364 1355 1348 1324 1326 1322
539.40802 1318 1338 1341 1349 1349 1350 1325 1316 1315
539.421997 1318 1336 1351 1354 1339 1338 1331 1308 1323
539.434998 1320 1337 1348 1361 1356 1335 1323 1325 1328
539.448975 1317 1335 1349 1345 1348 1340 1330 1320 1318
539.461975 1317 1336 1339 1348 1344 1346 1329 1321 1328
539.476013 1320 1338 1348 1356 1359 1340 1329 1321 1322
539.489014 1325 1334 1341 1361 1361 1358 1336 1325 1313
539.502991 1318 1329 1354 1361 1350 1347 1334 1319 1319
539.515991 1328 1332 1347 1356 1358 1342 1336 1315 1320
539.530029 1321 1337 1353 1366 1373 1355 1331 1319 1322
539.54303 1321 1340 1352 1376 1367 1351 1339 1322 1319
539.557007 1327 1337 1353 1382 1383 1357 1330 1326 1332
539.570007 1332 1336 1362 1383 1376 1365 1331 1318 1321
539.583984 1330 1341 1368 1387 1383 1372 1347 1323 1322
539.596985 1330 1350 1383 1392 1388 1371 1339 1321 1326
539.611023 1324 1346 1384 1393 1393 1355 1335 1326 1329
539.624023 1327 1355 1374 1397 1379 1369 1340 1319 1333
539.638 1329 1341 1385 1391 1385 1367 1351 1330 1330
539.651001 1320 1346 1374 1396 1394 1367 1340 1321 1331
539.664001 1320 1339 1373 1382 1383 1370 1347 1314 1342
539.677979 1323 1348 1370 1373 1375 1358 1340 1336 1329
539.690979 1322 1350 1362 1390 1377 1362 1349 1326 1320
539.705017 1321 1340 1360 1375 1372 1354 1348 1324 1322
539.718018 1322 1338 1355 1365 1365 1356 1334 1324 1333
539.731995 1324 1342 1354 1370 1384 1345 1329 1316 1326
539.744995 1326 1341 1356 1376 1372 1345 1329 1322 1322
539.758972 1324 1327 1356 1370 1372 1347 1328 1327 1320
539.771973 1329 1329 1349 1373 1364 1335 1331 1320 1322
539.786011 1327 1341 1354 1362 1364 1348 1333 1320 1324
539.799011 1327 1341 1359 1368 1364 1348 1334 1324 1326
539.812988 1327 1333 1354 1345 1349 1355 1330 1319 1319
539.825989 1328 1342 1354 1365 1359 1348 1324 1324 1328
539.840027 1329 1340 1355 1354 1366 1347 1332 1314 1322
539.853027 1318 1340 1350 1372 1365 1348 1328 1322 1332
539.867004 1327 1337 1362 1364 1365 1354 1329 1316 1324
539.880005 1323 1331 1351 1366 1355 1341 1334 1321 1330
539.893982 1321 1337 1345 1352 1355 1345 1328 1319 1326
539.906982 1316 1327 1345 1360 1354 1347 1336 1324 1328
539.921021 1328 1347 1355 1363 1361 1348 1329 1323 1328
539.934021 1324 1331 1343 1366 1352 1349 1333 1327 1329
539.947998 1327 1337 1357 1365 1362 1344 1322 1321 1327
539.960999 1326 1337 1357 1350 1366 1356 1331 1319 1317
539.973999 1325 1327 1362 1363 1359 1342 1334 1321 1321
539.987976 1321 1329 1356 1362 1363 1345 1327 1324 1334
540.000977 1319 1329 1342 1355 1366 1348 1331 1317 1322
540.015015 1320 1344 1343 1363 1372 1344 1334 1320 1326
540.028015 1320 1331 1356 1370 1373 1345 1336 1317 1332
540.041992 1326 1329 1344 1363 1354 1348 1338 1326 1337
540.054993 1327 1333 1350 1368 1359 1352 1338 1324 1329
540.06897 1324 1338 1354 1355 1360 1348 1333 1327 1331
540.08197 1325 1339 1348 1354 1345 1351 1334 1325 1321
540.096008 1323 1343 1346 1366 1354 1355 1336 1314 1328
540.109009 1324 1345 1347 1355 1357 1342 1338 1323 1321
540.122986 1319 1335 1346 1356 1365 1353 1327 1320 1324
540.135986 1332 1335 1357 1353 1363 1340 1330 1331 1331
540.150024 1322 1330 1348 1355 1348 1349 1331 1325 1327
540.163025 1327 1332 1351 1351 1371 1349 1333 1332 1326
540.176025 1325 1337 1355 1355 1353 1356 1333 1324 1329
540.190002 1328 1335 1360 1362 1361 1355 1335 1324 1327
540.203003 1330 1334 1361 1367 1358 1354 1344 1321 1331
540.21698 1325 1342 1359 1371 1366 1353 1332 1320 1319
540.22998 1330 1333 1364 1372 1361 1359 1334 1329 1320
540.244019 1331 1340 1361 1367 1368 1347 1338 1325 1341
540.257019 1340 1339 1365 1370 1362 1356 1329 1329 1329
540.270996 1336 1349 1368 1381 1363 1358 1347 1330 1339
540.283997 1332 1345 1359 1372 1361 1355 1351 1338 1338
540.297974 1336 1363 1368 1375 1375 1358 1345 1340 1330
540.310974 1342 1354 1367 1379 1373 1363 1345 1347 1351
540.323975 1351 1358 1375 1382 1371 1363 1353 1331 1348
540.338013 1352 1357 1367 1386 1375 1370 1353 1350 1349
540.351013 1341 1372 1387 1376 1381 1368 1344 1338 1352
540.36499 1339 1352 1362 1387 1382 1360 1354 1354 1353
540.377991 1358 1366 1374 1392 1378 1359 1354 1340 1353
540.392029 1352 1364 1377 1391 1380 1373 1352 1347 1356
540.405029 1356 1359 1367 1386 1389 1372 1352 1350 1356
540.419006 1337 1355 1375 1375 1380 1378 1356 1349 1356
540.432007 1350 1357 1374 1378 1382 1365 1351 1348 1343
540.445007 1341 1347 1376 1371 1381 1364 1340 1343 1344
540.458984 1340 1356 1362 1375 1371 1368 1341 1341 1333
540.471985 1343 1353 1361 1383 1363 1360 1350 1348 1341
540.486023 1339 1353 1368 1377 1379 1357 1345 1332 1334
540.499023 1338 1338 1350 1369 1365 1356 1344 1328 1340
540.513 1324 1354 1356 1366 1364 1359 1339 1338 1333
540.526001 1328 1345 1356 1362 1371 1363 1341 1338 1336
540.539978 1329 1343 1372 1356 1355 1348 1333 1331 1343
540.552979 1323 1342 1358 1359 1363 1350 1334 1336 1328
540.565979 1330 1339 1357 1353 1371 1353 1342 1327 1329
540.580017 1340 1335 1357 1358 1357 1347 1345 1330 1328
540.593018 1337 1337 1350 1362 1364 1340 1334 1324 1331
540.606995 1321 1346 1345 1376 1359 1348 1326 1331 1331
540.619995 1324 1345 1353 1362 1368 1348 1340 1334 1334
540.633972 1330 1332 1354 1357 1364 1349 1329 1328 1324
540.646973 1334 1339 1357 1364 1361 1351 1339 1326 1329
540.659973 1327 1339 1349 1360 1364 1341 1334 1323 1329
540.674011 1327 1337 1359 1365 1367 1347 1329 1312 1330
540.687012 1316 1331 1349 1356 1351 1339 1338 1323 1323
540.700989 1340 1333 1350 1352 1362 1349 1328 1331 1320
540.713989 1331 1324 1348 1356 1367 1352 1329 1323 1326
540.728027 1323 1337 1354 1358 1358 1346 1342 1316 1329
540.741028 1323 1335 1353 1362 1355 1350 1328 1322 1334
540.754028 1332 1335 1348 1361 1359 1346 1331 1319 1321
540.768005 1324 1331 1347 1361 1350 1358 1336 1318 1326
540.781006 1315 1345 1351 1356 1354 1338 1333 1329 1327
540.794983 1329 1335 1348 1355 1353 1351 1338 1331 1331
540.807983 1328 1344 1365 1359 1362 1363 1338 1318 1328
540.822021 1322 1330 1344 1358 1363 1345 1333 1327 1325
540.835022 1326 1341 1359 1363 1353 1350 1336 1330 1329
540.848022 1318 1342 1358 1372 1365 1341 1334 1324 1337
540.862 1319 1337 1360 1358 1356 1345 1326 1324 1329
540.875 1324 1341 1358 1366 1361 1346 1335 1323 1327
540.888977 1330 1349 1343 1361 1358 1352 1333 1326 1329
540.901978 1323 1331 1348 1348 1364 1347 1329 1324 1330
540.916016 1325 1343 1349 1361 1367 1349 1328 1324 1334
540.929016 1326 1331 1355 1369 1359 1341 1329 1334 1330
540.942017 1324 1330 1358 1371 1357 1347 1339 1316 1334
540.955994 1332 1340 1350 1359 1366 1347 1329 1324 1323
540.968994 1326 1343 1348 1357 1364 1340 1332 1317 1329
540.982971 1329 1351 1357 1358 1351 1347 1326 1323 1335
540.995972 1327 1338 1359 1355 1352 1351 1339 1324 1331
541.008972 1321 1337 1358 1361 1361 1347 1332 1329 1323
541.02301 1330 1329 1348 1360 1352 1344 1339 1320 1321
541.036011 1316 1327 1361 1349 1346 1344 1339 1321 1325
541.049988 1323 1335 1345 1361 1369 1345 1336 1327 1319
541.062988 1326 1328 1349 1362 1360 1349 1329 1326 1321
541.075989 1323 1348 1343 1356 1351 1347 1331 1329 1328
541.090027 1335 1336 1346 1360 1356 1353 1337 1320 1313
541.103027 1325 1345 1342 1365 1350 1345 1336 1332 1315
541.117004 1319 1334 1345 1373 1359 1343 1332 1327 1327
541.130005 1320 1339 1347 1358 1358 1344 1335 1329 1324
541.143982 1325 1334 1352 1349 1355 1341 1333 1322 1329
541.156982 1318 1326 1346 1358 1360 1344 1340 1329 1324
541.169983 1329 1338 1340 1379 1358 1346 1333 1326 1325
541.184021 1324 1332 1356 1355 1344 1352 1331 1324 1330
541.197021 1323 1338 1341 1358 1344 1336 1333 1325 1318
541.210999 1317 1332 1356 1363 1360 1359 1334 1317 1325
541.223999 1323 1331 1345 1356 1350 1350 1334 1318 1324
541.237 1332 1335 1354 1342 1353 1351 1338 1323 1322
541.250977 1323 1338 1352 1375 1359 1351 1336 1325 1322
541.263977 1321 1336 1348 1365 1356 1346 1330 1315 1327
541.278015 1323 1347 1350 1358 1359 1346 1325 1325 1332
541.291016 1322 1339 1346 1360 1352 1348 1328 1325 1327
541.304016 1332 1333 1350 1357 1360 1338 1325 1323 1324
541.317993 1315 1340 1352 1350 1356 1347 1342 1328 1334
541.330994 1321 1336 1354 1358 1357 1346 1329 1321 1332
541.344971 1330 1332 1349 1349 1356 1343 1339 1321 1331
541.357971 1320 1332 1348 1351 1360 1357 1331 1324 1323
541.370972 1321 1324 1349 1359 1359 1349 1330 1319 1328
541.38501 1322 1335 1342 1362 1349 1348 1332 1328 1317
541.39801 1329 1337 1351 1362 1359 1349 1334 1328 1328
541.411011 1321 1327 1349 1363 1359 1343 1334 1321 1328
541.424988 1327 1336 1362 1362 1351 1348 1323 1324 1324
541.437988 1331 1341 1358 1360 1352 1361 1336 1320 1336
541.452026 1319 1344 1353 1363 1357 1347 1333 1324 1322
541.465027 1328 1343 1342 1359 1356 1347 1333 1325 1322
541.478027 1332 1328 1353 1365 1358 1340 1331 1323 1324
541.492004 1322 1338 1344 1369 1351 1347 1330 1317 1327
541.505005 1324 1324 1349 1367 1348 1342 1330 1326 1326
541.518982 1330 1336 1360 1364 1356 1356 1342 1325 1324
541.531982 1326 1332 1352 1368 1352 1346 1330 1322 1324
541.544983 1321 1343 1358 1359 1362 1351 1330 1324 1331
541.559021 1332 1331 1346 1362 1360 1348 1333 1331 1330
541.572021 1319 1342 1351 1360 1346 1359 1341 1328 1321
541.585999 1318 1346 1354 1362 1363 1358 1337 1330 1321
541.598999 1324 1335 1342 1364 1353 1341 1333 1324 1325
541.612 1334 1341 1352 1366 1361 1356 1337 1320 1323
541.625977 1320 1342 1348 1361 1363 1353 1335 1321 1330
541.638977 1324 1343 1343 1358 1366 1349 1327 1326 1330
541.651978 1330 1340 1346 1352 1359 1343 1329 1335 1315
541.666016 1331 1341 1361 1360 1360 1349 1326 1324 1322
541.679016 1326 1333 1354 1370 1365 1346 1332 1321 1321
541.692993 1322 1333 1337 1364 1367 1341 1338 1331 1329
541.705994 1322 1338 1345 1366 1355 1346 1334 1328 1321
541.718994 1317 1344 1342 1351 1362 1344 1333 1325 1320
541.732971 1323 1334 1347 1349 1354 1340 1324 1317 1323
541.745972 1329 1336 1354 1360 1363 1349 1324 1320 1320
541.758972 1316 1333 1350 1370 1338 1341 1330 1323 1315
541.77301 1327 1332 1357 1347 1361 1341 1347 1330 1333
541.786011 1324 1334 1352 1360 1358 1341 1330 1319 1322
541.799988 1327 1332 1350 1357 1359 1350 1342 1315 1322
541.812988 1324 1344 1353 1358 1369 1348 1337 1330 1326
541.825989 1325 1340 1358 1354 1362 1350 1330 1316 1322
541.840027 1327 1339 1345 1361 1350 1337 1333 1325 1329
541.853027 1336 1339 1345 1361 1354 1347 1319 1329 1331
541.866028 1323 1336 1351 1367 1359 1352 1335 1318 1324
541.880005 1329 1334 1355 1358 1359 1345 1339 1328 1325
541.893005 1317 1339 1355 1355 1364 1351 1327 1319 1323
541.906006 1323 1337 1358 1361 1355 1349 1334 1327 1325
541.919983 1340 1348 1355 1364 1352 1340 1330 1327 1334
541.932983 1323 1334 1357 1351 1367 1345 1324 1320 1317
541.947021 1325 1339 1345 1367 1353 1359 1327 1324 1323
541.960022 1331 1330 1361 1362 1355 1351 1339 1325 1330
541.973022 1328 1336 1358 1361 1357 1345 1340 1317 1327
541.987 1317 1339 1351 1374 1348 1340 1340 1318 1324
542 1313 1334 1359 1348 1351 1347 1330 1325 1318
542.013 1323 1341 1363 1358 1353 1337 1334 1319 1320
542.026978 1317 1336 1344 1372 1358 1344 1331 1328 1318
542.039978 1325 1336 1356 1364 1350 1346 1332 1317 1325
542.052979 1320 1334 1353 1365 1357 1349 1328 1329 1323
542.067017 1323 1335 1345 1360 1359 1350 1329 1324 1319
542.080017 1326 1334 1347 1363 1366 1346 1337 1321 1323
542.093994 1328 1332 1353 1362 1364 1342 1331 1322 1321
542.106995 1329 1344 1355 1361 1363 1351 1332 1314 1337
542.119995 1319 1333 1344 1358 1353 1348 1336 1317 1325
542.133972 1322 1337 1351 1363 1368 1355 1339 1321 1326
542.146973 1332 1342 1344 1358 1349 1349 1340 1322 1323
542.159973 1322 1340 1361 1360 1353 1344 1339 1328 1326
542.174011 1327 1330 1356 1360 1360 1353 1326 1329 1331
542.187012 1321 1341 1352 1365 1371 1347 1338 1323 1320
542.200012 1322 1342 1354 1366 1353 1350 1336 1324 1330
542.213989 1331 1345 1350 1365 1359 1346 1330 1326 1330
542.22699 1328 1339 1339 1356 1354 1347 1341 1319 1324
542.23999 1328 1340 1360 1359 1373 1352 1330 1331 1332
542.254028 1339 1335 1350 1355 1357 1352 1336 1326 1334
542.267029 1327 1340 1354 1365 1355 1351 1328 1332 1323
542.280029 1325 1342 1355 1366 1374 1357 1333 1320 1336
542.294006 1330 1339 1351 1356 1365 1348 1332 1332 1320
542.307007 1333 1335 1358 1357 1361 1357 1341 1329 1328
542.320007 1325 1335 1339 1369 1363 1348 1343 1330 1337
542.333984 1324 1340 1358 1368 1375 1350 1340 1321 1326
542.346985 1324 1331 1351 1363 1362 1347 1331 1322 1320
542.359985 1327 1343 1359 1358 1365 1351 1341 1322 1324
542.374023 1325 1345 1356 1367 1357 1356 1336 1317 1331
542.387024 1320 1333 1353 1370 1369 1351 1335 1318 1329
542.400024 1331 1336 1358 1369 1368 1344 1335 1317 1321
542.414001 1326 1339 1351 1365 1376 1351 1333 1329 1324
542.427002 1330 1340 1345 1371 1353 1353 1324 1321 1322
542.440002 1327 1326 1356 1363 1359 1353 1336 1336 1323
542.453979 1322 1354 1355 1363 1363 1346 1331 1319 1325
542.46698 1323 1329 1348 1368 1361 1354 1341 1326 1323
542.47998 1324 1335 1351 1363 1364 1348 1338 1318 1330
542.494019 1329 1336 1360 1366 1358 1352 1339 1321 1324
542.507019 1331 1341 1365 1368 1367 1352 1341 1324 1321
542.52002 1331 1345 1353 1365 1368 1359 1336 1326 1332
542.533997 1335 1345 1353 1361 1371 1352 1328 1324 1328
542.546997 1330 1338 1361 1364 1366 1357 1337 1322 1336
542.559998 1323 1340 1362 1366 1357 1354 1336 1331 1331
542.573975 1322 1348 1351 1371 1370 1349 1333 1314 1331
542.586975 1325 1349 1355 1356 1359 1350 1330 1334 1325
542.599976 1336 1350 1356 1371 1367 1355 1331 1333 1334
542.614014 1328 1334 1355 1375 1364 1351 1341 1326 1321
542.627014 1320 1336 1355 1380 1360 1355 1332 1321 1335
542.640015 1321 1348 1352 1369 1357 1350 1335 1319 1326
542.653992 1328 1338 1356 1365 1362 1360 1331 1328 1331
542.666992 1328 1344 1359 1368 1368 1346 1335 1325 1324
542.679993 1322 1345 1359 1360 1363 1353 1337 1327 1316
542.69397 1324 1334 1364 1363 1362 1350 1333 1325 1323
542.70697 1327 1337 1362 1365 1371 1355 1332 1327 1332
542.719971 1323 1339 1357 1377 1361 1351 1338 1333 1324
542.734009 1336 1329 1350 1364 1372 1350 1329 1323 1323
542.747009 1329 1340 1367 1364 1356 1340 1333 1324 1325
542.76001 1330 1334 1359 1378 1367 1356 1335 1329 1313
542.773987 1324 1334 1352 1372 1365 1343 1334 1319 1328
542.786987 1329 1335 1348 1370 1365 1343 1331 1327 1324
542.799988 1319 1351 1362 1375 1368 1342 1340 1329 1326
542.812988 1323 1343 1360 1358 1380 1362 1332 1319 1318
542.827026 1331 1331 1358 1373 1357 1352 1334 1323 1323
542.840027 1323 1345 1350 1364 1365 1349 1332 1324 1315
542.853027 1330 1339 1368 1368 1373 1356 1328 1326 1327
542.867004 1318 1347 1351 1366 1374 1350 1335 1326 1324
542.880005 1329 1339 1357 1373 1369 1352 1344 1320 1327
542.893005 1322 1349 1360 1377 1376 1355 1335 1320 1330
542.906982 1322 1343 1368 1366 1363 1355 1329 1325 1331
542.919983 1333 1341 1376 1381 1365 1364 1329 1321 1325
542.932983 1335 1349 1354 1379 1365 1358 1331 1328 1320
542.947021 1321 1344 1355 1359 1364 1355 1341 1318 1327
542.960022 1327 1334 1369 1365 1367 1359 1336 1328 1323
542.973022 1331 1345 1364 1371 1374 1359 1341 1326 1335
542.987 1325 1346 1362 1384 1384 1358 1334 1335 1327
543 1325 1341 1370 1376 1381 1367 1344 1326 1339
543.013 1312 1345 1367 1390 1382 1364 1341 1324 1322
543.026001 1331 1344 1368 1385 1367 1356 1342 1329 1323
543.039978 1335 1358 1357 1387 1386 1362 1342 1319 1330
543.052979 1328 1348 1372 1396 1378 1367 1342 1324 1324
543.065979 1329 1342 1369 1385 1401 1380 1342 1325 1330
543.080017 1335 1347 1383 1393 1386 1373 1336 1324 1328
543.093018 1332 1347 1379 1387 1388 1364 1343 1326 1331
543.106018 1331 1349 1367 1398 1392 1374 1338 1317 1327
543.119995 1322 1357 1368 1402 1395 1360 1341 1326 1329
543.132996 1328 1353 1381 1410 1392 1378 1349 1329 1329
543.145996 1331 1357 1383 1411 1408 1380 1347 1326 1319
543.158997 1328 1344 1388 1411 1388 1381 1351 1326 1335
543.172974 1327 1360 1387 1402 1404 1376 1344 1330 1319
543.185974 1328 1365 1376 1409 1406 1375 1347 1329 1325
543.198975 1337 1353 1395 1407 1397 1379 1346 1330 1327
543.213013 1335 1365 1380 1402 1399 1393 1348 1326 1331
543.226013 1335 1362 1385 1412 1401 1383 1347 1327 1332
543.239014 1327 1359 1385 1426 1417 1385 1353 1329 1332
543.252014 1334 1361 1393 1412 1415 1389 1355 1322 1316
543.265991 1332 1370 1390 1423 1406 1378 1356 1330 1344
543.278992 1325 1355 1396 1428 1414 1375 1348 1340 1341
543.291992 1335 1366 1403 1431 1421 1393 1347 1329 1329
543.30603 1334 1364 1403 1424 1437 1381 1347 1332 1324
543.31897 1331 1362 1410 1426 1430 1387 1370 1328 1329
543.33197 1324 1364 1413 1439 1422 1394 1362 1331 1343
543.344971 1328 1379 1418 1437 1439 1401 1365 1329 1336
543.359009 1327 1364 1411 1454 1446 1399 1350 1333 1338
543.372009 1334 1372 1426 1445 1444 1402 1353 1323 1328
543.38501 1326 1360 1417 1452 1450 1416 1362 1331 1338
543.398987 1318 1372 1433 1478 1470 1420 1351 1328 1330
543.411987 1335 1369 1434 1489 1462 1424 1369 1327 1329
543.424988 1331 1394 1427 1475 1462 1424 1370 1331 1328
543.437988 1331 1379 1451 1474 1473 1444 1361 1332 1327
543.452026 1338 1389 1448 1479 1480 1441 1369 1330 1337
543.465027 1335 1391 1450 1492 1486 1449 1364 1329 1329
543.478027 1334 1387 1459 1496 1480 1449 1368 1333 1337
543.491028 1339 1386 1454 1483 1487 1441 1384 1320 1332
543.505005 1327 1378 1458 1481 1476 1437 1377 1328 1335
543.518005 1331 1382 1428 1471 1481 1423 1359 1327 1327
543.531006 1332 1374 1446 1457 1458 1419 1354 1335 1337
543.544983 1327 1374 1416 1453 1436 1393 1355 1331 1334
543.557983 1332 1371 1415 1443 1443 1400 1355 1327 1331
543.570984 1324 1369 1405 1420 1437 1394 1362 1334 1325
543.583984 1336 1345 1409 1417 1420 1386 1346 1326 1332
543.598022 1326 1363 1394 1408 1415 1371 1350 1318 1339
543.611023 1321 1357 1398 1416 1401 1383 1340 1318 1325
543.624023 1328 1352 1369 1380 1406 1362 1342 1326 1319
543.637024 1324 1357 1383 1395 1390 1362 1340 1325 1331
543.651001 1329 1339 1381 1403 1380 1368 1339 1323 1317
543.664001 1328 1343 1369 1384 1386 1364 1338 1326 1325
543.677002 1326 1346 1366 1378 1386 1370 1327 1325 1331
543.690002 1326 1346 1368 1396 1384 1374 1339 1323 1320
543.703979 1325 1344 1368 1385 1387 1366 1343 1330 1320
543.71698 1324 1346 1367 1371 1372 1360 1340 1322 1330
543.72998 1320 1335 1363 1380 1370 1357 1339 1323 1316
543.744019 1316 1334 1363 1383 1364 1348 1333 1324 1326
543.757019 1317 1350 1356 1373 1382 1347 1338 1321 1327
543.77002 1319 1337 1359 1372 1385 1360 1340 1328 1325
543.78302 1327 1346 1357 1372 1375 1361 1326 1322 1317
543.796997 1323 1331 1364 1367 1363 1349 1340 1329 1340
543.809998 1326 1337 1363 1369 1366 1341 1329 1328 1324
543.822998 1329 1333 1351 1368 1372 1363 1336 1326 1320
543.835999 1329 1340 1359 1361 1365 1349 1327 1319 1329
543.849976 1323 1334 1358 1367 1359 1350 1328 1322 1326
543.862976 1324 1344 1367 1373 1378 1363 1339 1324 1323
543.875977 1321 1335 1350 1380 1361 1358 1327 1322 1330
543.888977 1322 1339 1369 1358 1375 1355 1328 1315 1317
543.903015 1319 1340 1364 1371 1366 1353 1335 1323 1327
543.916016 1326 1338 1354 1367 1372 1351 1346 1315 1326
543.929016 1319 1337 1350 1363 1359 1349 1333 1315 1328
543.942017 1318 1339 1365 1364 1368 1350 1335 1319 1328
543.955994 1325 1340 1359 1368 1371 1355 1337 1319 1322
543.968994 1319 1336 1365 1371 1366 1355 1334 1333 1325
543.981995 1319 1338 1360 1360 1373 1351 1339 1322 1318
543.994995 1320 1341 1361 1369 1367 1357 1327 1318 1329
544.008972 1314 1331 1361 1372 1369 1353 1319 1318 1326
544.021973 1320 1337 1364 1372 1370 1341 1337 1316 1323
544.034973 1319 1325 1364 1368 1360 1346 1342 1315 1321
544.047974 1321 1342 1358 1370 1363 1354 1336 1316 1316
544.062012 1318 1330 1354 1366 1363 1355 1336 1322 1322
544.075012 1315 1336 1344 1363 1366 1347 1325 1317 1320
544.088013 1319 1341 1356 1370 1352 1356 1327 1318 1329
544.101013 1323 1333 1350 1365 1372 1352 1328 1324 1324
544.11499 1318 1332 1358 1376 1364 1348 1334 1319 1325
544.127991 1311 1329 1349 1358 1359 1340 1329 1319 1322
544.140991 1310 1339 1364 1360 1364 1342 1326 1323 1316
544.153992 1315 1333 1366 1358 1356 1355 1329 1319 1329
544.166992 1321 1335 1360 1366 1358 1353 1326 1319 1318
544.18103 1329 1335 1361 1360 1375 1350 1330 1323 1320
544.19397 1319 1324 1344 1367 1351 1353 1340 1322 1321
544.20697 1324 1338 1364 1361 1360 1349 1327 1320 1320
544.219971 1321 1328 1347 1368 1355 1348 1332 1324 1320
544.234009 1330 1338 1361 1360 1358 1349 1329 1329 1317
544.247009 1329 1327 1362 1367 1353 1340 1328 1327 1312
544.26001 1315 1338 1361 1363 1351 1347 1325 1319 1326
544.27301 1321 1346 1352 1362 1358 1349 1332 1323 1332
544.286987 1325 1331 1364 1367 1368 1347 1332 1314 1326
544.299988 1322 1347 1350 1363 1368 1348 1334 1318 1322
544.312988 1314 1337 1349 1369 1358 1348 1333 1320 1306
544.325989 1321 1346 1356 1365 1357 1342 1338 1323 1329
544.338989 1321 1331 1359 1355 1367 1345 1327 1315 1319
544.353027 1315 1324 1351 1358 1365 1353 1327 1319 1324
544.366028 1329 1341 1353 1361 1376 1337 1325 1319 1324
544.379028 1327 1339 1361 1348 1367 1354 1317 1311 1322
544.392029 1322 1335 1358 1355 1375 1351 1328 1318 1320
544.406006 1321 1336 1359 1365 1356 1346 1336 1317 1329
544.419006 1319 1339 1357 1360 1352 1352 1327 1313 1324
544.432007 1323 1335 1343 1366 1363 1350 1325 1312 1322
544.445007 1323 1332 1358 1352 1364 1352 1327 1312 1318
544.458008 1322 1337 1349 1360 1356 1355 1344 1320 1326
544.471985 1321 1336 1340 1365 1357 1346 1329 1321 1312
544.484985 1314 1335 1353 1357 1361 1344 1330 1310 1322
544.497986 1318 1328 1353 1353 1358 1345 1335 1315 1328
544.510986 1320 1339 1359 1361 1362 1346 1325 1323 1316
544.525024 1314 1325 1350 1362 1365 1357 1333 1313 1317
544.538025 1318 1334 1357 1367 1360 1344 1329 1325 1329
544.551025 1315 1331 1355 1370 1361 1342 1328 1322 1322
544.564026 1327 1340 1350 1367 1378 1340 1329 1319 1326
544.577026 1321 1346 1352 1359 1364 1337 1328 1319 1329
544.591003 1322 1343 1370 1364 1365 1338 1335 1326 1312
544.604004 1322 1327 1346 1365 1365 1348 1330 1315 1319
544.617004 1317 1336 1357 1362 1356 1349 1332 1327 1318
544.630005 1323 1331 1358 1363 1362 1348 1329 1316 1323
544.643005 1329 1345 1353 1352 1366 1350 1334 1319 1315
544.656982 1317 1341 1351 1373 1373 1346 1326 1322 1319
544.669983 1316 1329 1356 1371 1372 1357 1326 1319 1323
544.682983 1324 1343 1345 1375 1361 1351 1330 1318 1323
544.695984 1327 1330 1343 1368 1360 1353 1327 1322 1319
544.710022 1323 1339 1365 1368 1364 1356 1325 1312 1312
544.723022 1322 1334 1356 1362 1346 1347 1329 1319 1321
544.736023 1317 1336 1354 1354 1352 1347 1334 1319 1320
544.749023 1325 1332 1350 1370 1360 1349 1321 1320 1323
544.762024 1328 1335 1354 1351 1369 1356 1326 1319 1324
544.776001 1328 1331 1345 1366 1365 1351 1331 1319 1321
544.789001 1327 1333 1350 1357 1360 1351 1323 1320 1321
544.802002 1319 1335 1358 1384 1360 1353 1334 1321 1321
544.815002 1316 1339 1355 1367 1364 1348 1324 1316 1322
544.828003 1323 1331 1357 1368 1364 1348 1333 1316 1323
544.84198 1321 1341 1350 1358 1349 1359 1326 1312 1322
544.85498 1320 1335 1355 1376 1369 1346 1338 1327 1318
544.867981 1314 1335 1351 1363 1365 1352 1329 1320 1326
544.880981 1316 1338 1361 1369 1352 1343 1333 1318 1317
544.893982 1324 1334 1361 1373 1363 1358 1334 1320 1325
544.90802 1324 1337 1358 1367 1374 1356 1325 1318 1321
544.921021 1321 1340 1361 1369 1367 1347 1325 1315 1315
544.934021 1318 1342 1358 1368 1370 1349 1339 1320 1317
544.947021 1312 1336 1357 1360 1365 1344 1334 1321 1318
544.960022 1324 1342 1361 1372 1368 1362 1327 1324 1319
544.973022 1317 1329 1355 1379 1368 1352 1327 1319 1318
544.987 1313 1333 1364 1373 1365 1351 1339 1315 1323
545 1316 1336 1361 1363 1373 1356 1334 1315 1313
545.013 1313 1338 1359 1374 1364 1351 1336 1320 1324
545.026001 1315 1336 1355 1367 1367 1354 1329 1330 1321
545.039001 1321 1333 1347 1363 1375 1350 1333 1319 1314
545.052979 1319 1325 1355 1365 1362 1355 1328 1319 1329
545.065979 1326 1338 1357 1374 1367 1344 1328 1313 1316
545.078979 1326 1331 1365 1360 1362 1348 1327 1322 1326
545.09198 1324 1324 1360 1367 1371 1357 1333 1313 1318
545.10498 1307 1344 1349 1373 1364 1348 1337 1316 1321
545.117981 1324 1336 1362 1365 1378 1348 1328 1309 1314
545.132019 1319 1332 1356 1373 1356 1351 1330 1320 1320
545.14502 1326 1327 1349 1376 1349 1352 1328 1314 1313
545.15802 1316 1332 1348 1372 1367 1354 1329 1316 1327
545.171021 1319 1330 1347 1377 1364 1349 1333 1312 1318
545.184021 1317 1333 1356 1374 1370 1345 1333 1316 1315
545.197998 1316 1326 1350 1360 1369 1348 1319 1321 1316
545.210999 1312 1330 1356 1352 1347 1341 1327 1316 1322
545.223999 1319 1329 1353 1366 1361 1355 1323 1315 1323
545.237 1317 1325 1361 1346 1366 1337 1324 1313 1325
545.25 1313 1341 1348 1359 1357 1343 1327 1317 1323
545.263 1319 1330 1359 1365 1361 1341 1330 1322 1323
545.276978 1318 1337 1351 1362 1362 1330 1329 1319 1319
545.289978 1312 1320 1348 1346 1358 1351 1323 1318 1318
545.302979 1316 1320 1346 1364 1360 1346 1325 1315 1316
545.315979 1316 1331 1350 1367 1354 1337 1320 1315 1316
545.328979 1318 1338 1350 1358 1361 1342 1324 1313 1317
545.34198 1318 1326 1353 1367 1352 1348 1327 1321 1314
545.356018 1316 1330 1343 1363 1358 1349 1324 1317 1314
545.369019 1319 1323 1346 1367 1356 1339 1319 1310 1317
545.382019 1310 1322 1342 1355 1345 1336 1334 1307 1316
545.39502 1312 1330 1348 1354 1357 1341 1323 1312 1306
545.40802 1321 1323 1344 1362 1358 1336 1318 1316 1319
545.421021 1329 1332 1346 1351 1354 1343 1319 1310 1319
545.434998 1315 1330 1339 1349 1360 1339 1325 1309 1313
545.447998 1319 1324 1339 1352 1346 1328 1325 1315 1320
545.460999 1311 1323 1337 1360 1347 1344 1328 1319 1317
545.473999 1317 1330 1346 1356 1348 1332 1325 1313 1314
545.487 1313 1329 1348 1348 1346 1328 1325 1312 1320
545.5 1312 1326 1334 1355 1352 1345 1323 1317 1313
545.513977 1310 1330 1341 1350 1340 1346 1327 1319 1312
545.526978 1324 1322 1341 1351 1354 1330 1321 1310 1311
545.539978 1311 1326 1340 1353 1343 1333 1310 1310 1316
545.552979 1321 1329 1343 1336 1339 1331 1324 1315 1318
545.565979 1315 1323 1342 1360 1355 1340 1326 1311 1317
545.578979 1312 1322 1338 1347 1343 1338 1321 1309 1311
545.593018 1314 1327 1337 1347 1343 1342 1327 1310 1318
545.606018 1320 1321 1337 1355 1348 1347 1318 1311 1314
545.619019 1304 1321 1346 1362 1343 1328 1325 1317 1318
545.632019 1314 1332 1337 1346 1350 1328 1323 1312 1318
545.64502 1310 1321 1333 1361 1352 1331 1328 1315 1307
545.65802 1312 1316 1345 1349 1341 1343 1324 1309 1314
545.671021 1311 1324 1341 1351 1363 1343 1327 1306 1307
545.684998 1308 1330 1336 1350 1344 1341 1318 1319 1314
545.697998 1315 1331 1331 1353 1351 1336 1319 1322 1313
545.710999 1315 1334 1334 1358 1347 1344 1319 1309 1317
545.723999 1316 1321 1344 1347 1353 1333 1313 1317 1308
545.737 1309 1322 1337 1344 1337 1341 1320 1311 1320
545.75 1307 1332 1331 1344 1341 1341 1318 1310 1318
545.763 1309 1326 1326 1347 1356 1341 1314 1313 1308
545.776978 1308 1327 1327 1353 1339 1337 1319 1307 1308
545.789978 1312 1327 1343 1347 1339 1339 1317 1317 1310
545.802979 1311 1327 1331 1343 1338 1340 1316 1314 1315
545.815979 1316 1327 1341 1337 1345 1336 1319 1310 1305
545.828979 1311 1322 1337 1354 1344 1337 1316 1299 1315
545.84198 1315 1322 1342 1345 1345 1328 1322 1302 1316
545.85498 1306 1323 1345 1337 1344 1323 1322 1315 1312
545.869019 1314 1317 1322 1350 1343 1329 1322 1308 1311
545.882019 1313 1321 1340 1344 1337 1335 1314 1315 1316
545.89502 1314 1318 1337 1357 1349 1326 1312 1309 1313
545.90802 1312 1325 1336 1344 1337 1333 1321 1318 1307
545.921021 1314 1321 1339 1357 1338 1328 1319 1310 1303
545.934021 1306 1325 1332 1343 1334 1332 1320 1304 1314
545.947021 1316 1333 1332 1334 1341 1330 1315 1302 1309
545.960022 1312 1324 1331 1346 1342 1330 1315 1308 1310
545.973999 1309 1323 1339 1340 1340 1325 1319 1314 1311
545.987 1314 1322 1345 1348 1345 1319 1316 1317 1312
546 1311 1320 1336 1360 1346 1331 1322 1312 1315
546.013 1308 1325 1337 1341 1344 1328 1319 1306 1310
546.026001 1307 1329 1343 1344 1357 1330 1319 1312 1306
546.039001 1310 1317 1343 1336 1340 1334 1318 1309 1305
546.052002 1315 1314 1335 1337 1346 1339 1316 1309 1308
546.065002 1309 1326 1320 1336 1347 1328 1323 1309 1309
546.078979 1309 1328 1333 1340 1344 1339 1314 1314 1309
546.09198 1308 1326 1327 1343 1335 1330 1319 1310 1307
546.10498 1318 1318 1335 1339 1339 1335 1320 1309 1304
546.117981 1314 1335 1328 1343 1335 1323 1315 1307 1312
546.130981 1305 1325 1345 1333 1352 1329 1324 1302 1311
546.143982 1303 1323 1330 1341 1325 1329 1319 1312 1321
546.156982 1309 1313 1327 1342 1334 1328 1315 1308 1307
546.169983 1312 1325 1330 1347 1333 1330 1318 1309 1315
546.184021 1312 1326 1329 1332 1336 1332 1327 1315 1311
546.197021 1312 1320 1330 1348 1348 1324 1313 1313 1303
546.210022 1307 1326 1322 1341 1342 1325 1312 1307 1310
546.223022 1312 1321 1329 1334 1343 1328 1315 1305 1304
546.236023 1307 1325 1333 1330 1346 1323 1313 1308 1305
546.249023 1309 1319 1332 1337 1340 1329 1318 1308 1315
546.262024 1303 1323 1332 1332 1327 1323 1316 1310 1311
546.275024 1306 1321 1333 1345 1340 1323 1321 1307 1315
546.289001 1323 1314 1329 1343 1345 1318 1317 1308 1313
546.302002 1307 1321 1329 1337 1337 1328 1309 1307 1312
546.315002 1305 1324 1333 1341 1332 1331 1317 1318 1312
546.328003 1312 1325 1325 1337 1336 1329 1321 1313 1312
546.341003 1312 1322 1336 1337 1328 1330 1321 1314 1308
546.354004 1306 1324 1324 1339 1337 1324 1313 1311 1308
546.367004 1309 1321 1329 1336 1342 1328 1315 1311 1315
546.380005 1312 1311 1330 1336 1339 1330 1317 1314 1310
546.393005 1309 1328 1335 1339 1331 1333 1319 1304 1306
546.406006 1304 1315 1334 1328 1332 1331 1317 1305 1315
546.419983 1309 1327 1333 1343 1328 1325 1314 1303 1314
546.432983 1310 1322 1324 1342 1333 1324 1321 1308 1300
546.445984 1314 1318 1328 1334 1340 1324 1314 1313 1302
546.458984 1311 1314 1329 1344 1326 1327 1312 1308 1309
546.471985 1305 1321 1326 1330 1331 1328 1319 1306 1311
546.484985 1300 1317 1329 1339 1334 1326 1317 1303 1314
546.497986 1314 1322 1324 1332 1333 1320 1316 1303 1302
546.510986 1308 1319 1331 1333 1335 1325 1318 1303 1306
546.523987 1302 1321 1332 1329 1332 1334 1307 1311 1313
546.536987 1311 1316 1325 1338 1325 1323 1317 1313 1309
546.551025 1311 1316 1331 1338 1339 1323 1311 1305 1307
546.564026 1315 1324 1332 1335 1320 1328 1306 1302 1308
546.577026 1307 1315 1330 1340 1334 1331 1310 1312 1314
546.590027 1321 1314 1330 1335 1333 1323 1318 1305 1305
546.603027 1306 1321 1330 1338 1328 1332 1315 1305 1315
546.616028 1306 1308 1322 1344 1337 1338 1314 1311 1311
546.629028 1311 1316 1329 1335 1337 1323 1317 1305 1311
546.642029 1304 1322 1330 1343 1333 1326 1313 1308 1309
546.655029 1310 1317 1325 1342 1331 1325 1313 1305 1308
546.66803 1319 1307 1325 1340 1322 1331 1308 1308 1306
546.682007 1317 1320 1329 1337 1334 1332 1309 1305 1309
546.695007 1306 1321 1325 1344 1326 1320 1313 1303 1302
546.708008 1308 1312 1324 1341 1326 1330 1318 1301 1305
546.721008 1311 1316 1317 1334 1327 1324 1316 1313 1304
546.734009 1311 1321 1310 1334 1329 1330 1311 1308 1315
546.747009 1304 1319 1324 1330 1324 1324 1315 1309 1306
546.76001 1309 1314 1326 1328 1326 1327 1311 1300 1307
546.77301 1306 1320 1327 1332 1325 1319 1307 1312 1306
546.786011 1311 1316 1323 1341 1329 1328 1308 1310 1306
546.799011 1309 1319 1323 1335 1334 1327 1315 1301 1303
546.812012 1306 1309 1328 1333 1325 1330 1319 1305 1302
546.825012 1298 1312 1330 1332 1337 1320 1312 1307 1313
546.838989 1308 1319 1322 1327 1329 1322 1310 1311 1302
546.85199 1301 1311 1323 1334 1332 1324 1311 1310 1304
546.86499 1304 1306 1330 1333 1337 1319 1318 1304 1314
546.877991 1311 1311 1328 1331 1336 1323 1309 1302 1305
546.890991 1303 1323 1320 1340 1328 1319 1316 1311 1306
546.903992 1308 1317 1323 1337 1338 1319 1306 1304 1309
546.916992 1309 1311 1327 1328 1334 1320 1312 1304 1306
546.929993 1303 1312 1330 1324 1332 1325 1308 1309 1308
546.942993 1306 1317 1325 1330 1332 1319 1321 1311 1308
546.955994 1304 1309 1336 1325 1323 1328 1310 1302 1314
546.968994 1314 1313 1324 1323 1330 1318 1313 1302 1302
546.981995 1301 1314 1326 1329 1330 1321 1313 1315 1293
546.994995 1304 1320 1327 1324 1329 1326 1311 1308 1308
547.007996 1312 1318 1324 1328 1328 1319 1310 1303 1309
547.020996 1298 1317 1321 1331 1336 1319 1304 1305 1300
547.034973 1310 1316 1332 1338 1332 1321 1312 1295 1311
547.047974 1310 1314 1322 1332 1333 1311 1318 1306 1300
547.060974 1305 1313 1320 1327 1325 1318 1315 1303 1306
547.073975 1308 1318 1323 1331 1328 1318 1316 1302 1298
547.086975 1302 1308 1321 1334 1324 1322 1308 1296 1315
547.099976 1313 1320 1319 1329 1335 1323 1312 1300 1300
547.112976 1298 1316 1324 1321 1325 1320 1312 1304 1306
547.125977 1307 1310 1325 1324 1335 1318 1311 1317 1305
547.138977 1305 1314 1329 1336 1330 1311 1313 1297 1299
547.151978 1306 1314 1331 1332 1336 1315 1305 1304 1303
547.164978 1307 1312 1322 1323 1332 1316 1309 1307 1303
547.177979 1303 1319 1318 1326 1325 1322 1313 1302 1309
547.190979 1307 1319 1314 1323 1330 1306 1314 1301 1307
547.203979 1304 1308 1327 1331 1327 1319 1308 1303 1309
547.21698 1302 1310 1329 1325 1321 1320 1309 1303 1301
547.22998 1304 1310 1317 1324 1322 1334 1309 1300 1304
547.244019 1303 1313 1324 1325 1328 1324 1311 1297 1310
547.257019 1307 1307 1331 1327 1326 1316 1312 1306 1310
547.27002 1309 1318 1325 1340 1334 1323 1317 1314 1305
547.28302 1308 1320 1322 1333 1324 1322 1311 1305 1312
547.296021 1308 1303 1321 1320 1332 1319 1305 1306 1311
547.309021 1303 1313 1319 1326 1335 1324 1310 1310 1311
547.322021 1310 1309 1321 1324 1338 1320 1313 1305 1308
547.335022 1297 1316 1318 1325 1327 1318 1316 1307 1298
547.348022 1307 1307 1333 1329 1329 1314 1308 1300 1307
547.361023 1307 1315 1320 1326 1323 1315 1309 1300 1305
547.374023 1305 1309 1326 1332 1327 1315 1309 1314 1299
547.387024 1309 1318 1320 1334 1318 1322 1310 1308 1306
547.400024 1301 1310 1323 1324 1321 1312 1316 1304 1302
547.413025 1310 1312 1318 1324 1322 1318 1310 1310 1307
547.426025 1298 1318 1322 1316 1317 1323 1312 1297 1308
547.439026 1307 1314 1319 1316 1323 1318 1308 1306 1306
547.452026 1308 1308 1316 1338 1329 1319 1318 1307 1312
547.465027 1310 1303 1324 1321 1328 1320 1308 1308 1309
547.478027 1308 1313 1321 1326 1327 1325 1312 1303 1314
547.491028 1310 1317 1318 1335 1326 1325 1308 1312 1308
547.504028 1315 1317 1319 1324 1320 1324 1316 1306 1310
547.518005 1313 1308 1314 1323 1322 1321 1317 1310 1310
547.531006 1316 1317 1323 1324 1314 1322 1320 1316 1311
547.544006 1306 1323 1323 1329 1321 1324 1328 1313 1311
547.557007 1321 1323 1320 1324 1326 1315 1316 1318 1327
547.570007 1327 1320 1324 1320 1316 1331 1326 1324 1325
547.583008 1327 1328 1333 1329 1337 1332 1330 1326 1331
547.596008 1341 1334 1324 1324 1324 1330 1333 1340 1329
547.609009 1342 1335 1331 1322 1330 1328 1333 1336 1346
547.622009 1342 1339 1332 1323 1331 1339 1347 1343 1348
547.63501 1353 1341 1332 1330 1331 1342 1341 1348 1341
547.64801 1339 1336 1336 1324 1338 1339 1348 1354 1347
547.661011 1351 1335 1323 1328 1329 1339 1351 1350 1341
547.674011 1347 1338 1331 1337 1335 1340 1347 1338 1354
547.687012 1343 1343 1332 1323 1328 1333 1333 1349 1336
547.700012 1332 1328 1335 1330 1332 1334 1337 1344 1332
547.713013 1336 1325 1333 1331 1329 1331 1333 1332 1332
547.726013 1326 1332 1327 1328 1331 1335 1321 1325 1334
547.739014 1322 1319 1331 1321 1331 1324 1324 1327 1319
547.752014 1315 1321 1328 1321 1325 1327 1324 1318 1317
547.765015 1313 1308 1321 1332 1319 1319 1318 1322 1311
547.778015 1310 1312 1319 1325 1321 1324 1306 1313 1311
547.791016 1314 1315 1328 1326 1318 1316 1319 1309 1313
547.804016 1310 1319 1328 1319 1326 1315 1310 1310 1307
547.817017 1313 1308 1316 1327 1319 1317 1313 1303 1309
547.830017 1305 1308 1314 1322 1321 1317 1305 1303 1305
547.843018 1310 1311 1318 1319 1331 1315 1305 1302 1303
547.856018 1305 1318 1322 1323 1325 1316 1312 1302 1305
547.869019 1308 1301 1309 1314 1307 1321 1307 1302 1299
547.882019 1308 1310 1316 1329 1317 1318 1317 1302 1308
547.89502 1300 1305 1320 1315 1323 1318 1302 1306 1303
547.90802 1309 1311 1320 1330 1322 1319 1311 1294 1297
547.921021 1305 1309 1318 1326 1325 1316 1306 1307 1307
547.934021 1303 1304 1316 1328 1322 1314 1308 1300 1306
547.947021 1304 1301 1321 1319 1323 1312 1305 1306 1306
547.960022 1302 1307 1316 1316 1320 1317 1306 1303 1294
547.973022 1304 1310 1311 1321 1328 1307 1304 1305 1303
547.986023 1297 1306 1323 1325 1321 1315 1304 1300 1307
547.999023 1306 1306 1311 1322 1316 1311 1303 1300 1306
548.012024 1298 1306 1303 1327 1324 1318 1301 1311 1296
548.025024 1299 1305 1317 1317 1326 1308 1304 1309 1301
548.038025 1305 1306 1314 1317 1320 1316 1306 1302 1303
548.051025 1298 1313 1318 1321 1321 1311 1309 1302 1298
548.064026 1301 1303 1310 1321 1319 1314 1311 1305 1306
548.077026 1299 1305 1322 1323 1318 1319 1309 1297 1300
548.090027 1300 1312 1312 1319 1321 1314 1306 1298 1297
548.103027 1297 1310 1316 1333 1322 1314 1303 1297 1307
548.116028 1299 1305 1314 1323 1316 1313 1296 1300 1304
548.129028 1309 1304 1310 1322 1318 1309 1311 1297 1308
548.142029 1291 1307 1313 1328 1324 1314 1302 1299 1297
548.155029 1290 1309 1314 1321 1317 1314 1302 1300 1301
548.16803 1295 1306 1313 1323 1318 1314 1311 1298 1296
548.18103 1307 1308 1316 1324 1326 1318 1301 1303 1302
548.19397 1305 1305 1319 1319 1322 1303 1306 1294 1304
548.20697 1303 1309 1322 1322 1316 1302 1295 1302 1296
548.219971 1300 1309 1309 1317 1313 1311 1312 1305 1305
548.232971 1304 1302 1317 1325 1318 1312 1306 1298 1300
548.245972 1302 1303 1317 1322 1315 1308 1314 1303 1299
548.258972 1302 1302 1317 1321 1323 1310 1299 1292 1299
548.271973 1296 1297 1314 1317 1314 1313 1308 1296 1305
548.284973 1299 1303 1311 1321 1316 1314 1305 1298 1307
548.297974 1302 1311 1306 1318 1323 1314 1302 1296 1295
548.310974 1302 1306 1320 1323 1316 1312 1301 1294 1295
548.323975 1301 1304 1322 1324 1317 1303 1300 1301 1300
548.336975 1299 1303 1323 1315 1321 1314 1303 1300 1305
548.349976 1297 1305 1319 1320 1317 1309 1305 1303 1304
548.362976 1304 1307 1316 1319 1322 1314 1302 1302 1294
548.375977 1302 1314 1318 1318 1315 1319 1304 1302 1306
548.388977 1297 1314 1320 1322 1318 1316 1311 1298 1302
548.401978 1301 1305 1317 1320 1330 1308 1301 1307 1297
548.414978 1305 1306 1322 1332 1309 1309 1297 1298 1307
548.427979 1296 1303 1317 1322 1312 1304 1308 1301 1301
548.440979 1298 1315 1305 1316 1317 1315 1307 1295 1310
548.453979 1300 1309 1319 1318 1324 1308 1302 1295 1297
548.46698 1298 1308 1311 1324 1323 1313 1302 1289 1298
548.47998 1302 1300 1317 1319 1316 1314 1307 1301 1297
548.492981 1297 1307 1314 1318 1317 1311 1305 1303 1299
548.505981 1298 1302 1313 1327 1323 1318 1309 1299 1294
548.518982 1301 1308 1309 1318 1319 1312 1302 1296 1295
548.531982 1299 1305 1315 1323 1319 1313 1306 1303 1308
548.544983 1297 1303 1308 1319 1321 1320 1307 1303 1304
548.557983 1298 1301 1317 1317 1324 1315 1302 1296 1303
548.570984 1297 1304 1315 1315 1316 1319 1302 1301 1301
548.583984 1304 1310 1310 1313 1317 1310 1301 1290 1296
548.596985 1297 1311 1321 1315 1325 1314 1297 1300 1300
548.609985 1299 1309 1319 1322 1324 1314 1305 1295 1298
548.622986 1293 1315 1310 1325 1310 1318 1304 1296 1304
548.635986 1297 1310 1312 1322 1324 1319 1314 1304 1305
548.648987 1296 1307 1313 1315 1319 1314 1299 1307 1302
548.661987 1302 1304 1319 1320 1324 1319 1310 1296 1306
548.674988 1304 1307 1315 1321 1318 1317 1305 1308 1307
548.687988 1295 1310 1318 1327 1317 1315 1307 1299 1297
548.700989 1295 1316 1318 1325 1319 1313 1313 1306 1306
548.713989 1300 1312 1323 1321 1328 1325 1309 1308 1303
548.72699 1303 1315 1324 1329 1318 1319 1302 1310 1304
548.739014 1309 1315 1321 1327 1329 1325 1305 1311 1313
