0 11.25 22.5 33.75 45 56.25 67.5 78.75 90
535.080017 1270 1267 1268 1265 1268 1269 1267 1266 1268
535.093994 1270 1266 1266 1265 1266 1268 1272 1270 1271
535.106995 1265 1267 1266 1267 1268 1267 1267 1267 1265
535.120972 1268 1266 1267 1269 1267 1266 1267 1264 1269
535.13501 1264 1268 1269 1269 1264 1267 1265 1265 1268
535.148987 1269 1267 1270 1265 1266 1269 1266 1266 1265
535.161987 1266 1266 1266 1267 1269 1269 1262 1270 1266
535.176025 1270 1267 1268 1269 1268 1266 1265 1268 1264
535.190002 1266 1266 1267 1264 1267 1263 1267 1266 1268
535.203003 1269 1266 1266 1266 1266 1267 1264 1263 1267
535.21698 1267 1271 1267 1266 1268 1265 1268 1265 1268
535.231018 1264 1267 1267 1268 1265 1264 1264 1263 1267
535.244995 1264 1267 1268 1268 1264 1266 1263 1267 1264
535.257996 1265 1267 1263 1264 1265 1264 1266 1265 1264
535.271973 1267 1264 1265 1267 1266 1266 1265 1265 1266
535.286011 1265 1265 1265 1265 1265 1268 1266 1265 1266
535.299011 1266 1268 1263 1266 1266 1263 1263 1266 1264
535.312988 1267 1265 1266 1266 1267 1267 1267 1264 1265
535.327026 1266 1265 1267 1266 1266 1267 1264 1267 1268
535.341003 1263 1266 1265 1265 1267 1268 1266 1268 1265
535.354004 1265 1267 1267 1264 1266 1266 1264 1265 1263
535.367981 1266 1265 1267 1264 1265 1266 1267 1264 1263
535.382019 1267 1270 1265 1266 1266 1264 1267 1266 1264
535.39502 1268 1266 1265 1267 1265 1263 1266 1268 1264
535.408997 1266 1264 1265 1261 1264 1262 1266 1262 1264
535.422974 1262 1266 1266 1266 1264 1261 1263 1263 1264
535.435974 1269 1269 1266 1267 1268 1264 1264 1262 1265
535.450012 1265 1262 1264 1265 1266 1267 1266 1265 1263
535.463989 1266 1264 1266 1263 1263 1267 1264 1265 1264
535.478027 1269 1264 1263 1266 1263 1263 1265 1264 1266
535.491028 1264 1267 1266 1265 1262 1264 1268 1264 1263
535.505005 1265 1266 1265 1265 1265 1264 1264 1263 1265
535.518982 1264 1267 1265 1267 1263 1264 1263 1267 1267
535.531982 1266 1265 1265 1265 1267 1266 1266 1268 1264
535.546021 1266 1267 1267 1268 1265 1265 1266 1264 1265
535.559998 1263 1265 1266 1263 1266 1264 1265 1266 1265
535.572998 1264 1264 1265 1265 1265 1266 1267 1265 1262
535.586975 1266 1265 1266 1267 1265 1267 1267 1265 1265
535.601013 1265 1265 1267 1264 1261 1266 1264 1263 1264
535.61499 1267 1266 1266 1265 1266 1262 1262 1265 1265
535.627991 1264 1266 1265 1266 1264 1266 1264 1265 1266
535.642029 1264 1262 1269 1266 1266 1263 1264 1266 1263
535.656006 1265 1266 1266 1263 1267 1265 1264 1264 1265
535.669006 1264 1266 1265 1268 1267 1266 1264 1263 1265
535.682983 1266 1265 1263 1264 1265 1263 1264 1262 1263
535.697021 1266 1264 1264 1263 1267 1262 1265 1265 1267
535.710022 1264 1266 1267 1264 1265 1264 1264 1263 1264
535.723999 1268 1264 1267 1264 1262 1265 1265 1266 1264
535.737976 1263 1267 1267 1261 1265 1268 1266 1263 1265
535.750977 1266 1262 1264 1264 1267 1265 1264 1263 1264
535.765015 1264 1266 1263 1265 1267 1269 1266 1264 1265
535.778992 1266 1266 1263 1262 1263 1265 1262 1261 1265
535.791992 1266 1267 1266 1265 1267 1264 1265 1265 1265
535.80603 1262 1266 1263 1262 1262 1263 1265 1267 1264
535.820007 1265 1267 1268 1265 1266 1264 1266 1265 1263
535.833984 1265 1262 1265 1267 1263 1264 1264 1268 1265
535.846985 1265 1265 1267 1265 1265 1266 1264 1266 1266
535.861023 1267 1265 1264 1265 1264 1264 1267 1266 1266
535.875 1263 1265 1267 1266 1261 1266 1264 1266 1264
535.888 1266 1266 1264 1266 1262 1262 1264 1264 1264
535.901978 1265 1263 1268 1263 1262 1262 1263 1266 1265
535.916016 1265 1269 1268 1264 1266 1265 1266 1265 1261
535.929016 1264 1264 1265 1262 1267 1265 1265 1264 1262
535.942993 1264 1264 1266 1265 1265 1265 1265 1267 1267
535.95697 1264 1266 1263 1266 1267 1267 1262 1262 1265
535.969971 1267 1266 1265 1268 1266 1266 1262 1262 1268
535.984009 1268 1266 1266 1263 1264 1261 1264 1263 1264
535.997986 1263 1264 1264 1263 1266 1263 1266 1264 1264
536.010986 1267 1263 1267 1267 1262 1263 1265 1264 1267
536.025024 1262 1262 1264 1264 1267 1266 1264 1268 1263
536.039001 1268 1264 1264 1264 1268 1265 1266 1266 1263
536.052002 1267 1266 1264 1266 1263 1268 1264 1265 1265
536.065979 1267 1264 1265 1264 1264 1261 1264 1263 1266
536.080017 1267 1265 1265 1266 1263 1260 1264 1263 1265
536.093018 1265 1268 1265 1263 1264 1262 1263 1265 1264
536.106995 1264 1266 1263 1267 1264 1264 1263 1265 1266
536.120972 1267 1264 1267 1267 1266 1265 1263 1267 1262
536.133972 1262 1265 1267 1264 1266 1266 1263 1266 1267
536.14801 1268 1262 1263 1262 1268 1266 1263 1264 1265
536.161987 1265 1267 1265 1266 1264 1264 1262 1266 1264
536.174988 1266 1268 1265 1264 1264 1266 1263 1262 1267
536.189026 1268 1264 1264 1261 1264 1265 1266 1265 1267
536.203003 1264 1263 1265 1263 1266 1263 1263 1264 1262
536.216003 1265 1265 1267 1264 1263 1266 1264 1266 1264
536.22998 1267 1265 1265 1265 1269 1267 1264 1264 1264
536.244019 1263 1268 1263 1263 1268 1268 1262 1263 1267
536.257019 1269 1262 1262 1267 1265 1265 1265 1263 1266
536.270996 1266 1264 1263 1263 1263 1265 1265 1265 1264
536.284973 1265 1265 1268 1268 1264 1264 1264 1262 1265
536.297974 1264 1264 1265 1267 1265 1263 1264 1265 1262
536.312012 1267 1264 1265 1265 1267 1270 1264 1266 1263
536.325989 1265 1264 1265 1265 1264 1263 1266 1265 1264
536.338989 1265 1263 1264 1264 1269 1266 1265 1263 1263
536.353027 1265 1265 1269 1265 1264 1263 1264 1262 1266
536.367004 1264 1265 1265 1267 1264 1264 1265 1262 1263
536.380005 1264 1267 1263 1266 1263 1265 1265 1263 1263
536.393982 1266 1262 1266 1270 1262 1264 1265 1263 1262
536.40802 1263 1263 1264 1264 1263 1264 1265 1265 1261
536.421021 1261 1267 1269 1262 1266 1265 1262 1265 1264
536.434998 1267 1263 1263 1265 1267 1265 1267 1263 1268
536.448975 1267 1265 1265 1265 1264 1261 1267 1267 1269
536.461975 1269 1268 1265 1264 1260 1267 1263 1261 1268
536.476013 1264 1264 1269 1265 1264 1262 1267 1265 1266
536.48999 1263 1263 1265 1265 1264 1261 1264 1267 1261
536.502991 1263 1266 1267 1263 1264 1267 1266 1264 1264
536.517029 1265 1267 1266 1263 1264 1268 1262 1268 1267
536.530029 1267 1263 1263 1267 1267 1264 1263 1266 1267
536.544006 1265 1267 1265 1264 1263 1265 1267 1262 1263
536.557983 1269 1266 1266 1263 1263 1267 1264 1263 1263
536.570984 1264 1264 1267 1264 1263 1262 1264 1262 1263
536.585022 1267 1263 1266 1265 1267 1262 1264 1268 1263
536.598999 1262 1262 1266 1265 1266 1267 1266 1264 1265
536.612 1262 1264 1268 1264 1265 1265 1262 1263 1266
536.625977 1264 1264 1263 1262 1263 1272 1263 1264 1267
536.640015 1268 1264 1267 1265 1265 1269 1264 1261 1265
536.653015 1267 1270 1266 1264 1263 1266 1263 1266 1265
536.666992 1269 1263 1266 1265 1265 1265 1264 1263 1265
536.68103 1264 1266 1264 1268 1262 1264 1261 1264 1263
536.69397 1264 1264 1264 1265 1265 1268 1262 1265 1261
536.708008 1265 1265 1264 1266 1267 1266 1266 1263 1265
536.721008 1264 1268 1265 1267 1266 1263 1263 1263 1264
536.734985 1267 1266 1264 1266 1266 1268 1264 1265 1266
536.749023 1264 1267 1267 1269 1262 1265 1262 1263 1262
536.762024 1266 1263 1269 1264 1264 1263 1268 1263 1264
536.776001 1267 1264 1263 1265 1266 1267 1268 1264 1262
536.789978 1264 1265 1266 1265 1264 1266 1267 1262 1265
536.802979 1262 1265 1268 1266 1267 1266 1267 1268 1264
536.817017 1265 1268 1267 1267 1262 1265 1267 1265 1266
536.830994 1267 1267 1264 1263 1266 1269 1269 1265 1262
536.843994 1271 1268 1266 1266 1265 1264 1262 1266 1264
536.857971 1267 1263 1264 1267 1269 1267 1268 1264 1264
536.870972 1268 1263 1267 1267 1263 1264 1266 1263 1267
536.88501 1264 1264 1265 1264 1264 1265 1264 1265 1265
536.898987 1264 1267 1269 1266 1270 1269 1266 1265 1266
536.911987 1269 1267 1264 1266 1268 1268 1265 1266 1266
536.926025 1266 1266 1264 1264 1268 1266 1263 1264 1266
536.940002 1269 1266 1265 1264 1266 1264 1265 1267 1264
536.953003 1266 1268 1264 1264 1264 1267 1266 1263 1266
536.96698 1267 1265 1262 1267 1265 1263 1268 1265 1266
536.97998 1265 1264 1265 1264 1266 1266 1266 1266 1262
536.994019 1265 1268 1269 1267 1270 1265 1265 1267 1267
537.007996 1265 1265 1267 1266 1262 1267 1266 1262 1263
537.020996 1266 1264 1263 1264 1267 1266 1264 1265 1264
537.034973 1268 1267 1266 1266 1263 1268 1265 1264 1267
537.049011 1268 1266 1265 1265 1265 1266 1268 1266 1263
537.062012 1267 1266 1262 1266 1266 1267 1266 1265 1268
537.075989 1267 1266 1265 1266 1269 1265 1264 1261 1264
537.088989 1267 1262 1266 1266 1268 1265 1263 1266 1267
537.103027 1266 1265 1268 1264 1265 1264 1266 1267 1268
537.117004 1266 1263 1267 1265 1265 1266 1268 1268 1266
537.130005 1267 1264 1268 1266 1266 1267 1269 1266 1265
537.143982 1270 1265 1267 1267 1266 1264 1266 1264 1263
537.15802 1266 1263 1266 1269 1267 1264 1265 1269 1266
537.171021 1266 1266 1266 1268 1268 1268 1266 1267 1267
537.184998 1266 1264 1268 1269 1267 1264 1268 1266 1269
537.197998 1266 1268 1265 1269 1267 1270 1267 1266 1268
537.211975 1266 1264 1264 1263 1268 1268 1263 1266 1266
537.226013 1267 1271 1267 1263 1267 1266 1263 1265 1267
537.239014 1268 1275 1273 1272 1272 1273 1274 1270 1270
537.252991 1266 1266 1264 1268 1267 1269 1269 1270 1267
537.265991 1266 1264 1264 1270 1267 1269 1268 1266 1265
537.280029 1262 1268 1268 1265 1269 1268 1263 1268 1270
537.294006 1269 1266 1272 1271 1272 1269 1266 1270 1269
537.307007 1267 1267 1271 1266 1271 1270 1268 1269 1270
537.320984 1274 1271 1267 1268 1272 1271 1270 1263 1270
537.333984 1274 1270 1273 1272 1269 1274 1271 1269 1270
537.348022 1270 1271 1277 1270 1273 1270 1272 1276 1274
537.362 1275 1275 1272 1273 1277 1276 1272 1271 1273
537.375 1269 1278 1276 1275 1280 1272 1273 1273 1273
537.388977 1273 1277 1277 1277 1278 1273 1270 1276 1279
537.403015 1274 1273 1276 1277 1275 1278 1278 1277 1275
537.416016 1275 1280 1272 1276 1277 1272 1276 1274 1270
537.429993 1275 1273 1275 1273 1275 1276 1272 1272 1272
537.442993 1268 1272 1276 1269 1270 1269 1273 1271 1268
537.45697 1274 1269 1270 1270 1267 1270 1274 1270 1269
537.471008 1266 1269 1271 1267 1273 1267 1269 1270 1268
537.484009 1271 1267 1270 1267 1272 1269 1265 1268 1266
537.497986 1270 1271 1271 1269 1270 1271 1267 1271 1266
537.510986 1271 1270 1268 1270 1270 1271 1268 1268 1272
537.525024 1270 1268 1270 1269 1268 1271 1268 1268 1267
537.539001 1271 1264 1272 1270 1273 1269 1270 1266 1268
537.552002 1270 1268 1269 1272 1268 1265 1266 1271 1269
537.565979 1269 1274 1273 1268 1272 1269 1269 1269 1271
537.578979 1272 1271 1270 1267 1272 1269 1269 1264 1269
537.593018 1269 1270 1269 1269 1271 1272 1270 1270 1266
537.606995 1269 1267 1272 1267 1270 1273 1268 1267 1271
537.619995 1271 1269 1275 1276 1274 1268 1269 1270 1271
537.633972 1274 1268 1274 1273 1269 1270 1270 1271 1270
537.646973 1268 1270 1269 1272 1268 1273 1274 1273 1272
537.661011 1271 1274 1274 1272 1272 1271 1289 1269 1270
537.674011 1273 1274 1273 1274 1275 1272 1274 1266 1271
537.687988 1270 1275 1277 1274 1275 1270 1274 1267 1272
537.702026 1274 1278 1274 1270 1275 1272 1286 1271 1271
537.715027 1268 1267 1267 1274 1273 1271 1269 1271 1272
537.729004 1276 1271 1271 1278 1273 1273 1272 1271 1273
537.742004 1273 1274 1277 1277 1275 1269 1271 1269 1271
537.755981 1272 1274 1272 1276 1277 1277 1271 1266 1272
537.77002 1272 1275 1277 1274 1279 1271 1269 1272 1274
537.78302 1272 1272 1280 1273 1278 1270 1271 1270 1273
537.796997 1272 1273 1273 1273 1274 1275 1278 1268 1271
537.809998 1270 1273 1276 1274 1277 1273 1275 1271 1276
537.823975 1267 1277 1277 1277 1275 1277 1271 1274 1277
537.836975 1272 1278 1278 1278 1279 1279 1275 1274 1272
537.851013 1284 1280 1276 1277 1284 1277 1276 1277 1275
537.86499 1272 1274 1281 1280 1280 1278 1277 1274 1276
537.877991 1277 1275 1287 1283 1283 1281 1276 1277 1276
537.892029 1275 1276 1281 1282 1281 1283 1278 1276 1276
537.905029 1274 1274 1285 1287 1280 1282 1280 1272 1276
537.919006 1276 1276 1279 1285 1284 1283 1273 1275 1274
537.932007 1278 1280 1283 1287 1287 1278 1277 1276 1279
537.945984 1280 1279 1291 1287 1282 1286 1276 1282 1283
537.960022 1280 1282 1283 1280 1287 1285 1277 1276 1281
537.973022 1276 1279 1281 1280 1285 1282 1279 1281 1282
537.987 1273 1284 1283 1286 1279 1279 1281 1272 1279
538 1280 1284 1284 1286 1277 1278 1278 1275 1278
538.013977 1280 1280 1286 1288 1284 1282 1281 1280 1280
538.028015 1280 1281 1285 1283 1284 1285 1284 1274 1280
538.041016 1280 1287 1285 1290 1288 1287 1288 1276 1279
538.054993 1283 1285 1291 1284 1283 1285 1284 1279 1277
538.067993 1283 1288 1287 1288 1288 1285 1280 1283 1279
538.08197 1283 1289 1290 1290 1291 1291 1286 1282 1283
538.094971 1287 1284 1294 1296 1288 1287 1284 1280 1285
538.109009 1282 1287 1287 1291 1291 1286 1286 1282 1282
538.122009 1283 1289 1290 1290 1292 1290 1290 1284 1279
538.135986 1286 1285 1295 1296 1295 1287 1288 1287 1285
538.150024 1282 1289 1288 1294 1293 1293 1286 1285 1289
538.163025 1287 1292 1294 1298 1303 1291 1289 1287 1285
538.177002 1294 1288 1294 1301 1293 1289 1290 1289 1291
538.190002 1283 1297 1297 1305 1300 1297 1288 1288 1282
538.203979 1290 1295 1298 1298 1293 1292 1291 1281 1288
538.21698 1286 1295 1298 1304 1292 1296 1291 1284 1291
538.231018 1284 1291 1303 1303 1305 1299 1283 1289 1297
538.244995 1285 1297 1304 1300 1306 1291 1289 1290 1287
538.257996 1292 1296 1303 1304 1308 1299 1291 1291 1289
538.271973 1295 1298 1301 1301 1302 1303 1299 1290 1286
538.284973 1297 1296 1311 1308 1312 1305 1294 1292 1289
538.299011 1302 1298 1301 1310 1309 1299 1300 1292 1296
538.312012 1299 1303 1316 1313 1308 1305 1304 1291 1305
538.325989 1303 1312 1309 1315 1309 1315 1305 1302 1302
538.338989 1302 1306 1311 1309 1311 1315 1311 1303 1310
538.353027 1311 1317 1315 1307 1315 1319 1306 1302 1302
538.367004 1300 1318 1316 1321 1313 1312 1309 1307 1302
538.380005 1312 1316 1316 1325 1320 1320 1304 1304 1305
538.393982 1314 1315 1321 1318 1321 1318 1309 1306 1309
538.406982 1316 1310 1322 1319 1322 1321 1311 1310 1310
538.421021 1309 1315 1322 1328 1324 1317 1312 1301 1314
538.434021 1305 1316 1323 1324 1318 1320 1316 1307 1312
538.447998 1309 1311 1324 1325 1319 1329 1310 1314 1304
538.460999 1313 1318 1324 1329 1321 1329 1318 1312 1314
538.474976 1321 1331 1332 1326 1327 1325 1312 1318 1318
538.489014 1313 1315 1322 1332 1326 1330 1315 1309 1314
538.502014 1307 1325 1325 1325 1322 1330 1317 1308 1314
538.515991 1310 1325 1322 1321 1332 1328 1311 1315 1310
538.528992 1316 1313 1324 1324 1331 1315 1311 1306 1307
538.54303 1314 1314 1324 1332 1320 1319 1315 1307 1302
538.55603 1315 1314 1312 1324 1321 1313 1312 1305 1302
538.570007 1312 1311 1319 1329 1328 1324 1311 1306 1307
538.583008 1306 1313 1322 1331 1326 1323 1309 1304 1308
538.596985 1309 1312 1324 1325 1323 1315 1307 1305 1303
538.609985 1307 1317 1326 1326 1330 1320 1307 1312 1312
538.624023 1316 1324 1319 1333 1321 1321 1313 1309 1307
538.638 1312 1319 1320 1341 1322 1321 1317 1305 1314
538.651001 1310 1319 1326 1326 1326 1321 1315 1304 1305
538.664978 1312 1316 1322 1325 1332 1321 1322 1310 1305
538.677979 1304 1312 1319 1329 1328 1325 1311 1304 1309
538.692017 1313 1319 1328 1327 1327 1321 1317 1298 1310
538.705017 1314 1322 1331 1334 1326 1319 1308 1306 1307
538.718994 1310 1309 1331 1326 1328 1325 1319 1305 1312
538.731995 1314 1316 1334 1335 1332 1326 1317 1318 1305
538.745972 1318 1322 1323 1339 1328 1326 1321 1307 1315
538.758972 1321 1324 1326 1327 1321 1337 1320 1306 1307
538.77301 1319 1323 1324 1330 1334 1323 1315 1316 1308
538.786011 1317 1320 1339 1335 1325 1335 1316 1313 1312
538.799988 1319 1320 1327 1336 1340 1325 1316 1312 1312
538.812988 1319 1318 1330 1338 1328 1333 1311 1308 1317
538.827026 1318 1327 1338 1345 1333 1336 1320 1317 1315
538.841003 1315 1331 1328 1340 1333 1339 1331 1316 1313
538.854004 1317 1324 1330 1342 1332 1325 1321 1311 1313
538.867981 1324 1324 1345 1338 1334 1322 1330 1309 1311
538.880981 1310 1334 1335 1331 1349 1327 1323 1312 1315
538.89502 1324 1322 1331 1347 1342 1334 1323 1314 1313
538.90802 1321 1330 1337 1343 1337 1329 1320 1314 1318
538.921997 1317 1322 1339 1341 1341 1338 1320 1315 1317
538.934998 1324 1320 1337 1348 1340 1332 1321 1320 1315
538.948975 1325 1332 1330 1344 1334 1346 1338 1310 1321
538.961975 1325 1330 1332 1347 1334 1335 1329 1324 1315
538.976013 1324 1321 1332 1330 1343 1334 1319 1311 1319
538.989014 1315 1331 1337 1342 1341 1338 1316 1316 1324
539.002991 1319 1323 1338 1347 1340 1333 1330 1320 1322
539.015991 1319 1329 1332 1339 1337 1335 1337 1318 1319
539.030029 1325 1332 1337 1345 1339 1342 1324 1325 1314
539.04303 1333 1328 1340 1353 1352 1337 1332 1324 1312
539.057007 1331 1333 1341 1356 1341 1334 1322 1320 1323
539.070007 1332 1330 1342 1345 1342 1347 1330 1327 1329
539.083984 1325 1340 1343 1353 1354 1337 1326 1323 1323
539.096985 1332 1338 1341 1344 1346 1345 1332 1330 1324
539.111023 1326 1334 1345 1356 1354 1343 1340 1323 1325
539.125 1323 1336 1335 1355 1338 1341 1333 1329 1330
539.138 1327 1336 1348 1353 1351 1343 1336 1327 1325
539.151978 1330 1339 1340 1352 1350 1341 1338 1318 1326
539.164978 1326 1337 1341 1343 1348 1344 1316 1321 1320
539.179016 1331 1333 1346 1363 1346 1348 1325 1321 1326
539.192017 1316 1325 1343 1347 1361 1344 1318 1317 1313
539.205994 1319 1325 1346 1351 1336 1338 1326 1319 1317
539.218994 1318 1317 1341 1341 1343 1329 1322 1318 1315
539.232971 1321 1322 1334 1342 1338 1339 1319 1313 1313
539.245972 1315 1322 1332 1340 1347 1330 1322 1316 1314
539.26001 1319 1325 1326 1338 1339 1322 1321 1308 1308
539.27301 1310 1329 1349 1340 1341 1331 1309 1305 1308
539.286987 1328 1326 1327 1341 1344 1337 1321 1314 1310
539.299988 1320 1328 1341 1340 1337 1322 1322 1315 1306
539.314026 1316 1328 1336 1342 1341 1327 1324 1318 1320
539.327026 1320 1328 1329 1337 1335 1332 1321 1311 1322
539.341003 1313 1320 1336 1344 1338 1333 1325 1311 1326
539.354004 1324 1327 1341 1334 1332 1332 1315 1319 1314
539.367981 1313 1326 1341 1335 1342 1339 1324 1316 1316
539.380981 1315 1319 1335 1334 1341 1334 1326 1313 1315
539.39502 1315 1326 1342 1347 1347 1337 1327 1311 1320
539.40802 1323 1326 1336 1352 1347 1340 1318 1305 1314
539.421997 1317 1335 1331 1346 1340 1340 1318 1308 1323
539.434998 1316 1330 1336 1348 1346 1329 1320 1310 1314
539.448975 1318 1327 1334 1340 1339 1331 1311 1315 1317
539.461975 1323 1323 1339 1340 1345 1333 1315 1307 1316
539.476013 1329 1331 1333 1345 1335 1335 1325 1320 1310
539.489014 1314 1328 1343 1350 1338 1328 1325 1315 1323
539.502991 1321 1327 1346 1341 1341 1350 1323 1317 1315
539.515991 1314 1330 1338 1347 1349 1341 1324 1299 1320
539.530029 1324 1333 1341 1348 1350 1336 1326 1310 1310
539.54303 1315 1335 1345 1351 1348 1333 1321 1310 1318
539.557007 1328 1344 1350 1369 1353 1347 1331 1316 1313
539.570007 1314 1325 1344 1353 1355 1343 1328 1313 1313
539.583984 1323 1339 1356 1371 1357 1347 1320 1317 1313
539.596985 1321 1331 1364 1387 1371 1361 1335 1302 1317
539.611023 1330 1346 1374 1395 1386 1363 1335 1310 1322
539.624023 1321 1356 1391 1408 1418 1382 1342 1311 1320
539.638 1329 1377 1422 1440 1450 1410 1360 1322 1318
539.651001 1324 1385 1443 1489 1475 1428 1364 1312 1329
539.664001 1342 1409 1475 1517 1497 1457 1374 1323 1335
539.677979 1337 1395 1484 1523 1516 1454 1378 1322 1332
539.690979 1326 1387 1471 1513 1510 1446 1364 1316 1318
539.705017 1331 1372 1444 1479 1483 1434 1365 1318 1331
539.718018 1330 1365 1417 1446 1443 1406 1349 1315 1325
539.731995 1326 1359 1390 1411 1410 1380 1339 1318 1326
539.744995 1329 1352 1374 1393 1395 1366 1331 1326 1320
539.758972 1327 1344 1376 1373 1375 1347 1337 1315 1312
539.771973 1313 1329 1358 1365 1370 1350 1327 1314 1317
539.786011 1317 1340 1349 1351 1354 1347 1329 1325 1321
539.799011 1324 1340 1348 1355 1361 1351 1327 1315 1315
539.812988 1318 1339 1351 1356 1352 1341 1326 1315 1321
539.825989 1321 1330 1348 1369 1342 1346 1320 1312 1325
539.840027 1323 1330 1348 1364 1345 1353 1322 1309 1319
539.853027 1321 1330 1342 1350 1358 1342 1325 1314 1317
539.867004 1308 1326 1349 1356 1346 1347 1330 1318 1316
539.880005 1322 1332 1346 1362 1358 1344 1320 1324 1318
539.893982 1321 1324 1343 1354 1346 1353 1322 1323 1316
539.906982 1326 1339 1346 1353 1346 1341 1319 1316 1321
539.921021 1323 1334 1334 1363 1356 1349 1330 1315 1326
539.934021 1321 1331 1341 1355 1345 1324 1327 1315 1322
539.947998 1318 1329 1357 1352 1351 1339 1321 1324 1320
539.960999 1318 1325 1346 1356 1353 1339 1323 1311 1313
539.973999 1327 1341 1347 1348 1352 1338 1326 1325 1318
539.987976 1324 1333 1343 1348 1341 1344 1322 1327 1312
540.000977 1325 1325 1350 1346 1351 1346 1337 1307 1313
540.015015 1320 1334 1345 1358 1354 1339 1324 1316 1316
540.028015 1328 1328 1351 1366 1351 1346 1323 1319 1320
540.041992 1329 1338 1344 1351 1354 1350 1339 1319 1325
540.054993 1320 1339 1346 1350 1350 1345 1324 1324 1315
540.06897 1322 1330 1343 1357 1351 1350 1325 1316 1321
540.08197 1322 1334 1342 1348 1354 1343 1329 1321 1325
540.096008 1319 1335 1351 1346 1350 1336 1331 1312 1325
540.109009 1322 1332 1344 1346 1353 1343 1322 1318 1326
540.122986 1321 1325 1341 1360 1344 1336 1324 1313 1314
540.135986 1316 1326 1338 1359 1352 1334 1326 1328 1321
540.150024 1316 1327 1351 1366 1357 1340 1323 1315 1317
540.163025 1321 1328 1345 1367 1352 1329 1325 1318 1327
540.176025 1334 1336 1343 1356 1358 1335 1327 1317 1315
540.190002 1317 1336 1350 1348 1347 1343 1324 1321 1319
540.203003 1323 1341 1342 1348 1348 1341 1324 1313 1323
540.21698 1313 1329 1348 1355 1355 1350 1317 1315 1317
540.22998 1324 1337 1355 1360 1358 1355 1325 1313 1321
540.244019 1317 1332 1348 1353 1349 1339 1331 1317 1321
540.257019 1328 1339 1340 1359 1361 1342 1335 1325 1322
540.270996 1320 1326 1341 1359 1359 1345 1334 1313 1322
540.283997 1317 1343 1338 1344 1355 1343 1326 1315 1325
540.297974 1326 1336 1337 1365 1350 1341 1327 1322 1331
540.310974 1330 1332 1339 1348 1355 1355 1323 1317 1317
540.323975 1323 1336 1343 1358 1343 1342 1337 1316 1317
540.338013 1322 1322 1352 1350 1338 1339 1320 1312 1318
540.351013 1318 1328 1355 1358 1348 1332 1331 1317 1318
540.36499 1325 1330 1337 1350 1347 1349 1324 1316 1323
540.377991 1325 1328 1352 1348 1338 1337 1331 1324 1319
540.392029 1324 1336 1346 1365 1361 1345 1330 1321 1319
540.405029 1329 1333 1345 1361 1352 1353 1325 1319 1327
540.419006 1335 1349 1357 1363 1356 1352 1327 1325 1325
540.432007 1332 1347 1358 1371 1361 1350 1334 1328 1324
540.445007 1333 1340 1344 1372 1370 1347 1338 1332 1333
540.458984 1337 1347 1358 1354 1353 1358 1340 1330 1331
540.471985 1348 1349 1363 1371 1359 1346 1335 1328 1330
540.486023 1354 1351 1364 1354 1363 1353 1343 1339 1345
540.499023 1342 1344 1360 1358 1360 1347 1330 1338 1330
540.513 1339 1341 1354 1373 1352 1350 1331 1339 1326
540.526001 1339 1346 1346 1364 1354 1341 1331 1323 1336
540.539978 1331 1341 1350 1362 1352 1347 1335 1326 1315
540.552979 1328 1340 1343 1343 1341 1350 1322 1326 1325
540.565979 1329 1343 1355 1360 1353 1347 1330 1325 1321
540.580017 1336 1330 1353 1350 1345 1341 1331 1322 1322
540.593018 1336 1331 1342 1352 1348 1337 1328 1317 1327
540.606995 1321 1326 1336 1351 1351 1355 1335 1322 1315
540.619995 1328 1341 1352 1356 1348 1343 1322 1325 1319
540.633972 1328 1329 1345 1349 1354 1333 1327 1323 1317
540.646973 1331 1332 1348 1349 1350 1353 1326 1323 1328
540.659973 1325 1330 1344 1345 1358 1340 1333 1323 1324
540.674011 1321 1339 1354 1355 1346 1348 1323 1311 1325
540.687012 1320 1336 1342 1354 1346 1341 1327 1322 1321
540.700989 1316 1333 1349 1357 1351 1336 1331 1315 1321
540.713989 1323 1336 1354 1348 1345 1340 1318 1327 1325
540.728027 1326 1330 1344 1348 1359 1340 1330 1322 1316
540.741028 1327 1335 1342 1363 1362 1343 1336 1320 1316
540.754028 1326 1329 1344 1358 1353 1342 1317 1322 1315
540.768005 1320 1333 1348 1347 1353 1341 1339 1315 1324
540.781006 1326 1328 1341 1347 1351 1345 1327 1315 1327
540.794983 1333 1331 1345 1355 1358 1340 1332 1334 1325
540.807983 1319 1338 1345 1352 1355 1336 1319 1317 1317
540.822021 1324 1335 1348 1357 1364 1336 1322 1325 1320
540.835022 1320 1336 1344 1356 1357 1344 1324 1321 1319
540.848022 1331 1326 1354 1353 1352 1344 1331 1315 1317
540.862 1323 1342 1342 1363 1357 1348 1334 1314 1313
540.875 1329 1335 1344 1346 1344 1349 1333 1324 1324
540.888977 1327 1336 1358 1350 1352 1352 1327 1321 1321
540.901978 1324 1340 1351 1360 1353 1350 1331 1328 1327
540.916016 1322 1327 1343 1354 1357 1339 1330 1315 1319
540.929016 1327 1340 1351 1360 1355 1348 1324 1321 1324
540.942017 1322 1332 1346 1350 1355 1344 1328 1314 1320
540.955994 1328 1334 1350 1358 1352 1340 1340 1320 1331
540.968994 1328 1336 1351 1362 1357 1344 1330 1322 1322
540.982971 1318 1335 1348 1357 1358 1348 1331 1321 1318
540.995972 1323 1327 1346 1359 1364 1339 1335 1322 1324
541.008972 1323 1337 1362 1363 1359 1344 1323 1315 1327
541.02301 1330 1333 1350 1348 1367 1347 1336 1313 1321
541.036011 1326 1332 1348 1362 1360 1354 1328 1317 1319
541.049988 1318 1335 1352 1350 1358 1342 1325 1323 1334
541.062988 1325 1344 1345 1360 1357 1348 1339 1319 1317
541.075989 1332 1336 1351 1352 1356 1344 1323 1319 1321
541.090027 1324 1329 1357 1361 1358 1350 1336 1318 1316
541.103027 1327 1342 1352 1352 1363 1349 1333 1322 1320
541.117004 1323 1336 1351 1358 1355 1352 1339 1321 1323
541.130005 1325 1331 1348 1363 1358 1346 1324 1315 1323
541.143982 1326 1340 1344 1361 1357 1354 1327 1320 1318
541.156982 1335 1335 1351 1352 1360 1346 1333 1317 1316
541.169983 1315 1344 1353 1365 1356 1343 1336 1322 1323
541.184021 1317 1334 1342 1351 1350 1342 1336 1313 1326
541.197021 1323 1337 1350 1366 1356 1346 1332 1329 1327
541.210999 1321 1345 1354 1365 1362 1357 1333 1322 1326
541.223999 1327 1336 1352 1359 1360 1348 1330 1324 1331
541.237 1335 1345 1351 1356 1352 1340 1323 1321 1320
541.250977 1326 1333 1348 1364 1354 1347 1330 1328 1324
541.263977 1336 1334 1348 1352 1356 1354 1338 1319 1315
541.278015 1334 1342 1351 1362 1366 1342 1332 1325 1321
541.291016 1322 1335 1358 1360 1363 1349 1335 1328 1329
541.304016 1327 1343 1354 1347 1343 1350 1332 1326 1333
541.317993 1334 1337 1349 1365 1357 1345 1336 1323 1322
541.330994 1324 1337 1350 1363 1366 1350 1329 1313 1319
541.344971 1324 1340 1358 1370 1360 1340 1328 1320 1323
541.357971 1324 1342 1350 1367 1357 1344 1333 1329 1324
541.370972 1323 1339 1350 1363 1350 1347 1327 1321 1323
541.38501 1324 1347 1364 1371 1364 1350 1333 1324 1326
541.39801 1320 1336 1361 1362 1360 1346 1339 1314 1329
541.411011 1318 1334 1357 1369 1358 1349 1339 1324 1319
541.424988 1319 1342 1351 1361 1351 1341 1324 1322 1313
541.437988 1322 1343 1351 1357 1360 1349 1330 1327 1319
541.452026 1331 1343 1351 1357 1352 1344 1329 1319 1328
541.465027 1328 1331 1356 1362 1345 1357 1332 1323 1325
541.478027 1328 1343 1352 1355 1346 1341 1333 1318 1319
541.492004 1333 1338 1350 1352 1354 1344 1331 1323 1321
541.505005 1326 1328 1357 1357 1357 1340 1337 1319 1311
541.518982 1330 1338 1355 1355 1363 1346 1330 1330 1326
541.531982 1337 1341 1349 1356 1343 1350 1329 1327 1329
541.544983 1329 1339 1358 1352 1356 1350 1338 1332 1328
541.559021 1322 1330 1360 1354 1349 1346 1325 1327 1325
541.572021 1328 1343 1351 1360 1369 1351 1323 1329 1334
541.585999 1333 1339 1344 1359 1359 1349 1335 1329 1320
541.598999 1321 1339 1358 1367 1357 1346 1320 1319 1329
541.612 1323 1340 1349 1366 1351 1346 1331 1322 1326
541.625977 1333 1329 1350 1350 1352 1344 1335 1329 1324
541.638977 1334 1329 1356 1365 1352 1344 1330 1326 1323
541.651978 1329 1342 1346 1350 1348 1336 1328 1322 1324
541.666016 1337 1332 1344 1357 1351 1352 1334 1313 1324
541.679016 1331 1341 1358 1365 1357 1354 1335 1329 1317
541.692993 1325 1344 1351 1358 1360 1348 1346 1325 1320
541.705994 1332 1325 1349 1371 1361 1343 1338 1322 1320
541.718994 1335 1342 1337 1363 1360 1346 1340 1326 1317
541.732971 1334 1332 1351 1364 1352 1346 1331 1324 1325
541.745972 1328 1336 1353 1358 1353 1349 1336 1321 1327
541.758972 1327 1337 1341 1349 1357 1338 1328 1319 1327
541.77301 1323 1339 1351 1364 1363 1344 1329 1327 1321
541.786011 1338 1334 1348 1353 1363 1352 1332 1319 1324
541.799988 1330 1337 1347 1361 1356 1336 1334 1323 1325
541.812988 1334 1334 1352 1353 1343 1340 1341 1320 1319
541.825989 1323 1340 1353 1361 1362 1337 1339 1323 1327
541.840027 1329 1344 1353 1370 1356 1350 1328 1327 1326
541.853027 1332 1335 1337 1352 1363 1340 1325 1318 1317
541.866028 1327 1342 1350 1359 1355 1341 1329 1337 1326
541.880005 1333 1338 1354 1352 1366 1344 1326 1328 1326
541.893005 1333 1332 1340 1361 1359 1346 1328 1328 1334
541.906006 1327 1336 1344 1373 1351 1344 1334 1323 1321
541.919983 1326 1337 1344 1355 1347 1350 1330 1319 1330
541.932983 1330 1330 1348 1353 1352 1356 1331 1326 1323
541.947021 1323 1339 1349 1355 1353 1340 1332 1319 1322
541.960022 1329 1340 1358 1362 1343 1341 1327 1331 1319
541.973022 1326 1340 1348 1349 1351 1353 1326 1323 1328
541.987 1330 1338 1347 1347 1360 1353 1336 1329 1322
542 1333 1330 1342 1357 1360 1342 1335 1320 1328
542.013 1325 1340 1355 1351 1350 1334 1335 1323 1320
542.026978 1325 1336 1348 1345 1356 1339 1332 1320 1333
542.039978 1332 1344 1346 1359 1338 1354 1326 1322 1315
542.052979 1320 1340 1349 1361 1349 1346 1327 1327 1328
542.067017 1326 1333 1345 1358 1358 1340 1325 1320 1323
542.080017 1332 1340 1344 1350 1352 1342 1342 1331 1330
542.093994 1321 1339 1355 1368 1362 1344 1345 1321 1328
542.106995 1336 1341 1340 1364 1366 1348 1331 1326 1325
542.119995 1326 1338 1347 1354 1342 1341 1329 1331 1325
542.133972 1333 1349 1347 1356 1361 1343 1327 1319 1321
542.146973 1333 1344 1341 1356 1356 1343 1330 1330 1325
542.159973 1320 1336 1361 1358 1357 1341 1325 1325 1324
542.174011 1330 1344 1355 1362 1371 1345 1326 1321 1324
542.187012 1340 1332 1360 1353 1350 1339 1345 1328 1320
542.200012 1324 1343 1348 1359 1354 1349 1334 1324 1325
542.213989 1323 1343 1360 1359 1354 1345 1329 1326 1332
542.22699 1317 1339 1358 1369 1371 1335 1332 1326 1323
542.23999 1329 1345 1358 1350 1363 1349 1333 1331 1324
542.254028 1323 1338 1364 1369 1351 1344 1331 1321 1324
542.267029 1337 1352 1357 1357 1362 1347 1334 1327 1325
542.280029 1336 1346 1353 1367 1367 1342 1340 1318 1328
542.294006 1342 1332 1356 1352 1364 1354 1334 1325 1329
542.307007 1333 1339 1356 1362 1362 1342 1334 1323 1332
542.320007 1334 1346 1359 1365 1356 1354 1333 1333 1325
542.333984 1324 1346 1354 1354 1365 1354 1341 1327 1331
542.346985 1332 1340 1352 1360 1365 1352 1332 1334 1325
542.359985 1339 1347 1354 1369 1359 1344 1333 1330 1329
542.374023 1328 1339 1352 1370 1365 1348 1331 1326 1319
542.387024 1336 1347 1358 1372 1364 1354 1332 1325 1324
542.400024 1332 1350 1369 1372 1366 1350 1337 1328 1330
542.414001 1334 1340 1361 1363 1354 1344 1334 1328 1333
542.427002 1330 1346 1356 1363 1363 1351 1333 1333 1323
542.440002 1349 1347 1348 1374 1356 1353 1328 1324 1326
542.453979 1332 1346 1364 1366 1358 1351 1337 1324 1325
542.46698 1341 1343 1358 1364 1366 1353 1339 1327 1335
542.47998 1328 1347 1357 1363 1362 1349 1331 1316 1320
542.494019 1344 1338 1364 1359 1363 1348 1341 1330 1335
542.507019 1331 1347 1359 1371 1360 1354 1336 1323 1331
542.52002 1322 1348 1368 1371 1370 1354 1337 1335 1329
542.533997 1330 1347 1365 1367 1370 1357 1337 1317 1323
542.546997 1329 1343 1356 1367 1381 1358 1335 1325 1332
542.559998 1339 1339 1358 1371 1366 1366 1341 1321 1332
542.573975 1333 1340 1354 1365 1372 1357 1342 1333 1336
542.586975 1342 1355 1373 1371 1356 1345 1338 1317 1323
542.599976 1332 1348 1361 1371 1367 1352 1342 1324 1330
542.614014 1332 1347 1355 1368 1373 1359 1325 1325 1340
542.627014 1330 1353 1353 1371 1375 1359 1345 1331 1332
542.640015 1338 1343 1365 1374 1379 1353 1336 1328 1326
542.653992 1331 1350 1359 1359 1369 1354 1347 1330 1329
542.666992 1336 1346 1356 1365 1373 1366 1342 1325 1340
542.679993 1338 1342 1356 1382 1372 1358 1344 1327 1335
542.69397 1329 1338 1362 1363 1378 1355 1331 1332 1329
542.70697 1335 1345 1359 1367 1366 1347 1339 1320 1330
542.719971 1323 1351 1363 1375 1370 1362 1347 1328 1315
542.734009 1324 1352 1356 1367 1374 1356 1333 1328 1331
542.747009 1333 1353 1359 1370 1371 1361 1341 1327 1324
542.76001 1336 1341 1367 1375 1357 1360 1328 1326 1323
542.773987 1339 1345 1353 1368 1366 1345 1334 1329 1326
542.786987 1335 1336 1361 1364 1358 1351 1329 1323 1333
542.799988 1331 1343 1371 1375 1365 1367 1341 1313 1329
542.812988 1322 1338 1361 1371 1371 1359 1342 1333 1323
542.827026 1324 1338 1356 1375 1369 1356 1336 1329 1332
542.840027 1329 1339 1354 1373 1355 1358 1333 1330 1329
542.853027 1335 1357 1351 1377 1370 1350 1338 1322 1323
542.867004 1335 1335 1356 1379 1359 1348 1326 1322 1331
542.880005 1335 1340 1352 1365 1367 1349 1339 1329 1328
542.893005 1329 1349 1366 1367 1366 1357 1337 1326 1326
542.906982 1338 1349 1356 1370 1367 1355 1335 1320 1325
542.919983 1335 1339 1359 1371 1364 1353 1331 1327 1336
542.932983 1334 1337 1354 1363 1360 1345 1335 1322 1329
542.947021 1336 1332 1364 1364 1361 1356 1338 1327 1335
542.960022 1329 1349 1359 1363 1361 1365 1340 1331 1324
542.973022 1332 1344 1362 1376 1364 1352 1336 1320 1330
542.987 1335 1337 1359 1368 1368 1353 1335 1325 1335
543 1329 1343 1366 1358 1365 1350 1339 1331 1342
543.013 1344 1345 1370 1367 1376 1353 1337 1337 1319
543.026001 1329 1342 1365 1365 1361 1368 1335 1318 1317
543.039978 1341 1347 1368 1383 1364 1358 1347 1322 1330
543.052979 1330 1347 1371 1383 1379 1354 1336 1328 1325
543.065979 1330 1348 1371 1369 1378 1361 1336 1337 1331
543.080017 1333 1344 1363 1373 1380 1352 1340 1330 1331
543.093018 1334 1344 1363 1379 1381 1359 1334 1326 1323
543.106018 1340 1340 1374 1386 1383 1377 1330 1329 1328
543.119995 1337 1363 1370 1380 1388 1380 1347 1334 1325
543.132996 1327 1355 1373 1397 1388 1354 1343 1330 1335
543.145996 1329 1348 1383 1402 1390 1375 1336 1325 1326
543.158997 1345 1352 1399 1395 1385 1368 1352 1339 1323
543.172974 1341 1360 1376 1404 1390 1384 1352 1332 1332
543.185974 1334 1358 1383 1407 1398 1375 1355 1329 1342
543.198975 1333 1369 1396 1420 1405 1379 1354 1337 1335
543.213013 1342 1360 1388 1414 1402 1392 1349 1335 1338
543.226013 1347 1359 1398 1406 1393 1390 1357 1328 1332
543.239014 1345 1355 1392 1414 1395 1386 1348 1333 1335
543.252014 1348 1364 1387 1414 1405 1377 1359 1337 1340
543.265991 1338 1367 1386 1412 1412 1378 1346 1338 1335
543.278992 1342 1369 1384 1413 1407 1379 1345 1333 1335
543.291992 1341 1365 1403 1415 1399 1388 1351 1329 1329
543.30603 1334 1369 1389 1401 1404 1392 1356 1329 1338
543.31897 1338 1371 1391 1420 1405 1373 1348 1333 1345
543.33197 1337 1363 1398 1420 1411 1387 1364 1323 1333
543.344971 1341 1366 1399 1415 1405 1367 1344 1325 1338
543.359009 1340 1350 1395 1417 1421 1372 1356 1332 1338
543.372009 1334 1359 1396 1410 1406 1388 1353 1327 1333
543.38501 1335 1363 1397 1407 1410 1383 1352 1335 1333
543.398987 1328 1359 1398 1415 1410 1386 1357 1336 1330
543.411987 1332 1359 1405 1421 1406 1378 1344 1324 1325
543.424988 1343 1373 1398 1415 1416 1376 1349 1330 1336
543.437988 1334 1370 1409 1413 1430 1384 1361 1326 1334
543.452026 1342 1373 1407 1431 1435 1396 1360 1332 1328
543.465027 1337 1375 1438 1459 1469 1429 1365 1325 1326
543.478027 1334 1392 1450 1473 1464 1425 1372 1335 1342
543.491028 1347 1405 1445 1490 1498 1435 1377 1334 1348
543.505005 1341 1404 1481 1521 1507 1464 1377 1331 1338
543.518005 1346 1428 1492 1580 1539 1483 1406 1329 1343
543.531006 1345 1451 1538 1616 1618 1506 1399 1327 1346
543.544983 1356 1452 1573 1643 1601 1528 1398 1338 1345
543.557983 1350 1451 1570 1640 1628 1527 1406 1342 1351
543.570984 1349 1464 1558 1653 1610 1546 1417 1329 1352
543.583984 1361 1435 1546 1608 1595 1537 1401 1334 1352
543.598022 1357 1419 1518 1587 1562 1484 1391 1331 1347
543.611023 1347 1429 1504 1545 1529 1479 1386 1333 1348
543.624023 1353 1409 1478 1506 1485 1434 1387 1334 1338
543.637024 1349 1388 1451 1485 1470 1420 1373 1328 1339
543.651001 1341 1374 1426 1439 1449 1403 1361 1336 1346
543.664001 1343 1372 1406 1436 1430 1397 1363 1333 1334
543.677002 1339 1371 1400 1438 1424 1393 1353 1325 1340
543.690002 1350 1369 1398 1413 1416 1388 1354 1325 1339
543.703979 1331 1368 1378 1418 1397 1376 1343 1332 1330
543.71698 1336 1365 1376 1404 1402 1367 1342 1324 1341
543.72998 1335 1349 1386 1392 1394 1364 1343 1334 1331
543.744019 1332 1347 1383 1394 1389 1371 1345 1326 1328
543.757019 1333 1361 1374 1385 1383 1367 1342 1327 1327
543.77002 1337 1359 1378 1384 1382 1365 1343 1329 1334
543.78302 1345 1352 1378 1378 1391 1364 1348 1325 1322
543.796997 1343 1358 1371 1385 1391 1365 1344 1328 1329
543.809998 1340 1350 1375 1384 1378 1367 1354 1319 1333
543.822998 1337 1346 1378 1375 1367 1370 1341 1326 1325
543.835999 1329 1352 1363 1371 1387 1362 1347 1332 1325
543.849976 1327 1346 1370 1369 1384 1357 1342 1332 1336
543.862976 1326 1348 1360 1386 1376 1366 1343 1324 1331
543.875977 1339 1350 1365 1381 1383 1362 1342 1326 1331
543.888977 1332 1360 1369 1384 1369 1357 1336 1328 1332
543.903015 1339 1349 1386 1378 1373 1363 1349 1323 1334
543.916016 1335 1338 1385 1384 1382 1367 1347 1335 1318
543.929016 1337 1351 1368 1373 1381 1369 1337 1321 1330
543.942017 1345 1352 1367 1383 1379 1365 1336 1327 1333
543.955994 1342 1354 1354 1385 1378 1367 1335 1330 1331
543.968994 1338 1352 1365 1388 1369 1375 1337 1319 1336
543.981995 1336 1349 1360 1387 1386 1365 1333 1335 1336
543.994995 1328 1355 1365 1377 1371 1364 1340 1337 1326
544.008972 1340 1354 1372 1383 1378 1372 1345 1320 1328
544.021973 1341 1362 1372 1396 1379 1359 1338 1336 1319
544.034973 1340 1347 1367 1378 1373 1366 1353 1336 1329
544.047974 1334 1342 1367 1383 1378 1355 1340 1328 1331
544.062012 1339 1358 1364 1383 1381 1368 1341 1332 1327
544.075012 1332 1350 1382 1377 1373 1363 1335 1324 1337
544.088013 1335 1352 1371 1376 1381 1363 1337 1329 1347
544.101013 1334 1351 1374 1382 1375 1359 1342 1323 1328
544.11499 1330 1357 1367 1384 1375 1361 1338 1329 1326
544.127991 1344 1351 1367 1375 1379 1355 1347 1322 1333
544.140991 1329 1350 1358 1380 1372 1349 1331 1328 1331
544.153992 1333 1345 1374 1380 1379 1372 1340 1325 1325
544.166992 1334 1369 1361 1376 1368 1356 1345 1329 1327
544.18103 1333 1343 1370 1372 1368 1355 1337 1327 1320
544.19397 1332 1365 1374 1379 1371 1369 1342 1317 1331
544.20697 1338 1353 1358 1378 1368 1359 1343 1337 1327
544.219971 1336 1349 1372 1374 1385 1361 1340 1327 1337
544.234009 1334 1347 1375 1373 1387 1361 1347 1332 1337
544.247009 1335 1350 1363 1370 1375 1361 1347 1335 1336
544.26001 1336 1355 1372 1376 1378 1361 1338 1333 1326
544.27301 1333 1347 1381 1365 1377 1355 1340 1322 1338
544.286987 1324 1358 1358 1388 1364 1356 1341 1329 1328
544.299988 1342 1345 1354 1383 1370 1361 1342 1337 1333
544.312988 1329 1354 1371 1377 1380 1358 1338 1331 1332
544.325989 1332 1347 1364 1375 1381 1364 1345 1323 1328
544.338989 1337 1350 1371 1377 1371 1371 1342 1323 1323
544.353027 1335 1346 1380 1389 1376 1360 1342 1332 1330
544.366028 1339 1359 1375 1387 1377 1367 1341 1327 1329
544.379028 1338 1352 1358 1395 1374 1359 1348 1331 1337
544.392029 1334 1345 1377 1383 1372 1364 1341 1330 1323
544.406006 1332 1351 1366 1382 1385 1359 1335 1323 1330
544.419006 1336 1352 1370 1388 1379 1367 1344 1327 1334
544.432007 1333 1343 1370 1383 1381 1366 1340 1322 1332
544.445007 1333 1350 1370 1375 1366 1362 1341 1334 1327
544.458008 1334 1348 1369 1377 1376 1363 1341 1329 1322
544.471985 1336 1342 1367 1385 1382 1365 1341 1330 1334
544.484985 1336 1356 1372 1383 1376 1368 1342 1322 1328
544.497986 1337 1354 1378 1383 1378 1351 1355 1327 1332
544.510986 1326 1343 1372 1377 1381 1364 1348 1327 1338
544.525024 1329 1350 1359 1384 1374 1363 1346 1328 1332
544.538025 1330 1354 1370 1370 1373 1375 1338 1340 1334
544.551025 1335 1349 1365 1367 1382 1357 1340 1326 1337
544.564026 1321 1343 1375 1390 1375 1366 1346 1335 1331
544.577026 1342 1350 1372 1366 1379 1363 1343 1335 1329
544.591003 1327 1342 1367 1379 1380 1352 1344 1326 1322
544.604004 1342 1350 1378 1393 1376 1373 1340 1330 1333
544.617004 1327 1348 1373 1395 1376 1362 1346 1325 1337
544.630005 1333 1362 1377 1383 1373 1367 1341 1329 1335
544.643005 1337 1349 1374 1382 1378 1360 1340 1331 1329
544.656982 1335 1353 1374 1389 1372 1355 1342 1327 1326
544.669983 1338 1348 1380 1387 1384 1354 1342 1330 1326
544.682983 1329 1352 1377 1391 1383 1369 1344 1334 1338
544.695984 1346 1346 1365 1379 1363 1362 1337 1325 1335
544.710022 1336 1345 1377 1386 1381 1361 1346 1331 1326
544.723022 1336 1371 1368 1373 1378 1353 1342 1323 1319
544.736023 1327 1344 1371 1375 1370 1365 1332 1321 1330
544.749023 1326 1353 1367 1379 1382 1360 1337 1332 1323
544.762024 1342 1357 1371 1385 1377 1364 1332 1325 1336
544.776001 1328 1351 1357 1380 1364 1349 1343 1328 1327
544.789001 1325 1358 1374 1371 1380 1365 1333 1333 1331
544.802002 1337 1345 1368 1372 1379 1359 1344 1337 1335
544.815002 1336 1343 1382 1367 1369 1358 1342 1328 1331
544.828003 1338 1355 1379 1383 1378 1354 1337 1330 1326
544.84198 1334 1350 1370 1381 1384 1361 1346 1333 1327
544.85498 1341 1349 1376 1385 1371 1366 1347 1335 1331
544.867981 1326 1350 1358 1385 1368 1358 1340 1329 1331
544.880981 1344 1348 1375 1384 1399 1374 1337 1333 1329
544.893982 1339 1345 1372 1377 1376 1371 1337 1339 1339
544.90802 1339 1352 1357 1386 1389 1365 1348 1328 1339
544.921021 1337 1358 1380 1385 1381 1361 1343 1333 1329
544.934021 1348 1351 1382 1389 1371 1377 1348 1341 1330
544.947021 1333 1361 1380 1380 1390 1359 1345 1337 1339
544.960022 1331 1354 1385 1382 1395 1365 1351 1331 1327
544.973022 1346 1358 1371 1376 1391 1369 1335 1330 1343
544.987 1342 1361 1376 1388 1395 1368 1347 1335 1341
545 1344 1353 1382 1380 1391 1371 1346 1332 1346
545.013 1338 1356 1381 1393 1387 1376 1346 1331 1329
545.026001 1342 1367 1386 1386 1379 1372 1340 1334 1331
545.039001 1331 1363 1371 1393 1379 1365 1345 1327 1336
545.052979 1332 1343 1378 1405 1397 1381 1350 1331 1327
545.065979 1343 1349 1377 1393 1385 1363 1348 1333 1332
545.078979 1349 1345 1382 1394 1386 1367 1334 1329 1323
545.09198 1347 1344 1380 1375 1380 1365 1342 1331 1329
545.10498 1348 1364 1384 1375 1396 1372 1350 1323 1336
545.117981 1342 1351 1377 1396 1390 1367 1339 1328 1334
545.132019 1334 1360 1377 1405 1398 1374 1339 1334 1330
545.14502 1330 1352 1384 1400 1398 1379 1341 1328 1331
545.15802 1331 1350 1389 1395 1389 1376 1346 1327 1335
545.171021 1343 1356 1384 1413 1401 1369 1346 1333 1331
545.184021 1341 1353 1385 1397 1399 1375 1343 1334 1335
545.197998 1341 1357 1380 1394 1396 1382 1341 1328 1333
545.210999 1341 1354 1376 1392 1393 1375 1341 1334 1328
545.223999 1325 1351 1386 1396 1392 1364 1335 1326 1332
545.237 1337 1357 1379 1391 1396 1378 1350 1323 1329
545.25 1350 1363 1385 1396 1391 1380 1339 1327 1335
545.263 1335 1355 1389 1400 1395 1371 1347 1335 1333
545.276978 1327 1357 1372 1401 1385 1367 1345 1328 1317
545.289978 1344 1351 1373 1402 1383 1372 1342 1324 1329
545.302979 1327 1359 1390 1400 1394 1367 1336 1332 1325
545.315979 1335 1354 1377 1391 1406 1365 1342 1335 1328
545.328979 1331 1348 1385 1402 1391 1360 1348 1330 1332
545.34198 1343 1365 1364 1390 1394 1374 1347 1328 1327
545.356018 1335 1348 1390 1403 1388 1369 1328 1321 1333
545.369019 1334 1355 1378 1384 1379 1378 1359 1333 1327
545.382019 1335 1359 1376 1403 1382 1358 1339 1323 1324
545.39502 1336 1343 1377 1391 1391 1366 1340 1334 1335
545.40802 1331 1352 1382 1392 1396 1370 1337 1324 1326
545.421021 1336 1347 1383 1396 1383 1365 1338 1341 1329
545.434998 1323 1355 1375 1381 1381 1356 1345 1325 1330
545.447998 1324 1347 1370 1377 1392 1373 1339 1316 1320
545.460999 1330 1349 1377 1393 1386 1362 1338 1332 1336
545.473999 1330 1353 1376 1379 1364 1365 1341 1326 1328
545.487 1329 1348 1364 1380 1378 1353 1338 1323 1315
545.5 1330 1349 1364 1386 1376 1357 1336 1328 1329
545.513977 1329 1348 1356 1373 1370 1358 1341 1331 1321
545.526978 1329 1337 1368 1380 1366 1355 1335 1325 1328
545.539978 1333 1344 1365 1390 1367 1358 1331 1328 1322
545.552979 1326 1337 1362 1379 1363 1359 1339 1332 1321
545.565979 1330 1339 1364 1369 1366 1362 1340 1326 1342
545.578979 1329 1354 1360 1375 1361 1348 1332 1322 1325
545.593018 1318 1348 1370 1371 1376 1347 1334 1325 1327
545.606018 1328 1338 1359 1368 1354 1350 1327 1330 1330
545.619019 1323 1336 1358 1372 1368 1348 1330 1325 1318
545.632019 1329 1342 1352 1370 1365 1345 1337 1331 1320
545.64502 1336 1344 1363 1358 1358 1362 1337 1324 1323
545.65802 1333 1348 1366 1376 1357 1359 1333 1333 1334
545.671021 1336 1339 1359 1364 1361 1344 1331 1320 1323
545.684998 1330 1331 1355 1364 1363 1351 1336 1326 1321
545.697998 1331 1345 1373 1356 1362 1350 1337 1329 1332
545.710999 1327 1346 1356 1369 1358 1360 1332 1329 1336
545.723999 1333 1343 1375 1365 1352 1356 1342 1329 1323
545.737 1330 1351 1362 1366 1361 1348 1330 1327 1324
545.75 1332 1341 1360 1369 1359 1352 1335 1318 1331
545.763 1336 1343 1355 1360 1351 1358 1337 1317 1325
545.776978 1332 1336 1354 1373 1354 1354 1336 1321 1332
545.789978 1326 1343 1344 1363 1360 1344 1328 1324 1319
545.802979 1320 1335 1348 1360 1350 1344 1327 1325 1316
545.815979 1337 1328 1348 1364 1355 1348 1331 1323 1316
545.828979 1331 1335 1356 1366 1365 1355 1324 1320 1325
545.84198 1321 1338 1355 1362 1371 1344 1334 1316 1332
545.85498 1327 1340 1356 1368 1357 1354 1329 1323 1328
545.869019 1325 1340 1355 1363 1361 1341 1343 1318 1326
545.882019 1332 1339 1348 1363 1351 1342 1337 1328 1325
545.89502 1325 1350 1357 1366 1360 1341 1331 1321 1327
545.90802 1330 1344 1351 1361 1355 1349 1330 1333 1321
545.921021 1327 1336 1358 1363 1357 1355 1333 1330 1320
545.934021 1329 1330 1345 1363 1364 1346 1337 1327 1331
545.947021 1334 1345 1352 1365 1349 1350 1330 1323 1323
545.960022 1322 1347 1350 1357 1354 1334 1336 1323 1325
545.973999 1332 1334 1346 1364 1367 1350 1330 1328 1328
545.987 1329 1341 1366 1354 1360 1346 1329 1329 1331
546 1326 1345 1356 1360 1367 1354 1340 1323 1325
546.013 1335 1327 1365 1359 1360 1354 1335 1327 1319
546.026001 1327 1338 1340 1363 1350 1346 1338 1318 1330
546.039001 1330 1344 1347 1360 1363 1352 1330 1318 1321
546.052002 1325 1335 1344 1348 1356 1357 1322 1323 1329
546.065002 1320 1336 1358 1353 1358 1350 1333 1322 1325
546.078979 1336 1340 1337 1363 1345 1346 1331 1319 1320
546.09198 1320 1329 1360 1362 1354 1351 1333 1327 1327
546.10498 1327 1335 1344 1356 1355 1339 1331 1317 1319
546.117981 1332 1341 1353 1339 1348 1347 1332 1325 1325
546.130981 1335 1333 1345 1351 1351 1346 1333 1323 1328
546.143982 1321 1334 1359 1350 1353 1342 1334 1325 1326
546.156982 1325 1330 1346 1340 1358 1347 1325 1321 1312
546.169983 1323 1332 1342 1360 1352 1337 1335 1315 1322
546.184021 1323 1338 1344 1368 1348 1349 1319 1325 1321
546.197021 1324 1339 1354 1352 1346 1344 1330 1326 1326
546.210022 1330 1341 1351 1347 1348 1345 1324 1323 1327
546.223022 1330 1333 1358 1357 1354 1347 1332 1327 1327
546.236023 1322 1333 1346 1347 1347 1348 1325 1320 1320
546.249023 1330 1336 1358 1350 1356 1348 1341 1323 1321
546.262024 1326 1336 1349 1355 1347 1348 1332 1321 1320
546.275024 1333 1331 1354 1361 1352 1342 1336 1328 1322
546.289001 1336 1334 1346 1348 1355 1350 1337 1322 1323
546.302002 1324 1334 1343 1370 1352 1352 1333 1318 1331
546.315002 1320 1336 1351 1362 1353 1350 1328 1316 1322
546.328003 1327 1325 1354 1349 1359 1339 1335 1330 1315
546.341003 1329 1338 1354 1361 1352 1352 1332 1317 1329
546.354004 1320 1343 1345 1353 1355 1350 1342 1312 1315
546.367004 1328 1343 1352 1364 1355 1342 1337 1324 1334
546.380005 1327 1332 1347 1361 1355 1336 1341 1332 1330
546.393005 1324 1334 1346 1360 1356 1358 1330 1322 1320
546.406006 1324 1335 1344 1356 1346 1336 1332 1326 1329
546.419983 1328 1336 1350 1358 1368 1342 1333 1317 1329
546.432983 1333 1346 1346 1344 1345 1342 1332 1322 1321
546.445984 1321 1338 1361 1347 1355 1341 1325 1327 1323
546.458984 1326 1337 1351 1356 1357 1348 1329 1315 1323
546.471985 1329 1328 1348 1352 1360 1352 1324 1326 1326
546.484985 1321 1329 1341 1353 1348 1331 1332 1318 1324
546.497986 1334 1330 1345 1358 1351 1334 1330 1317 1319
546.510986 1330 1334 1340 1347 1353 1347 1331 1323 1320
546.523987 1320 1337 1336 1363 1354 1339 1327 1322 1333
546.536987 1328 1335 1352 1358 1352 1344 1337 1324 1320
546.551025 1326 1342 1341 1347 1349 1335 1331 1316 1330
546.564026 1326 1340 1345 1361 1364 1346 1327 1321 1322
546.577026 1329 1338 1348 1343 1352 1348 1333 1324 1321
546.590027 1323 1339 1348 1346 1351 1338 1324 1317 1324
546.603027 1328 1340 1348 1359 1346 1337 1326 1322 1323
546.616028 1332 1342 1345 1342 1359 1335 1340 1313 1322
546.629028 1326 1330 1344 1354 1350 1338 1327 1319 1323
546.642029 1327 1341 1348 1351 1351 1342 1331 1327 1313
546.655029 1329 1319 1342 1347 1336 1339 1321 1320 1317
546.66803 1331 1336 1350 1350 1363 1333 1334 1313 1319
546.682007 1325 1325 1329 1353 1347 1338 1334 1320 1322
546.695007 1329 1329 1337 1357 1353 1337 1326 1327 1329
546.708008 1324 1336 1349 1351 1344 1335 1315 1321 1324
546.721008 1342 1337 1343 1345 1341 1343 1328 1319 1315
546.734009 1325 1333 1339 1351 1355 1351 1330 1329 1309
546.747009 1331 1331 1338 1341 1348 1345 1328 1313 1317
546.76001 1325 1337 1341 1347 1344 1337 1335 1327 1322
546.77301 1323 1332 1338 1349 1339 1348 1322 1320 1314
546.786011 1319 1332 1338 1346 1345 1336 1321 1316 1325
546.799011 1325 1328 1344 1351 1351 1341 1329 1328 1310
546.812012 1321 1327 1345 1339 1339 1338 1321 1326 1319
546.825012 1323 1340 1349 1354 1351 1337 1327 1323 1319
546.838989 1312 1338 1336 1345 1345 1329 1326 1332 1318
546.85199 1330 1329 1344 1344 1340 1340 1323 1322 1318
546.86499 1327 1333 1342 1360 1342 1337 1329 1321 1319
546.877991 1337 1330 1338 1347 1359 1334 1325 1318 1319
546.890991 1332 1330 1345 1345 1337 1333 1328 1311 1323
546.903992 1334 1326 1341 1349 1339 1335 1327 1321 1318
546.916992 1324 1332 1347 1346 1340 1339 1318 1318 1322
546.929993 1327 1335 1346 1348 1345 1342 1325 1323 1323
546.942993 1315 1336 1345 1352 1350 1325 1324 1315 1320
546.955994 1333 1329 1343 1353 1332 1332 1325 1326 1332
546.968994 1326 1332 1333 1350 1342 1339 1330 1314 1327
546.981995 1323 1331 1333 1351 1340 1329 1320 1312 1324
546.994995 1325 1316 1340 1341 1346 1340 1332 1328 1316
547.007996 1329 1323 1344 1339 1352 1326 1324 1323 1324
547.020996 1324 1328 1345 1337 1337 1333 1330 1317 1326
547.034973 1323 1331 1328 1346 1334 1334 1325 1315 1318
547.047974 1318 1330 1340 1353 1343 1328 1328 1320 1316
547.060974 1327 1333 1338 1348 1359 1338 1318 1316 1323
547.073975 1320 1331 1337 1337 1344 1334 1319 1322 1324
547.086975 1335 1334 1332 1340 1340 1333 1329 1322 1319
547.099976 1319 1332 1342 1356 1335 1340 1323 1317 1322
547.112976 1330 1332 1350 1348 1340 1341 1322 1332 1328
547.125977 1331 1328 1331 1347 1335 1338 1329 1327 1316
547.138977 1329 1325 1344 1340 1331 1330 1327 1328 1325
547.151978 1337 1326 1348 1337 1337 1325 1336 1323 1335
547.164978 1329 1333 1337 1339 1336 1341 1331 1325 1319
547.177979 1330 1339 1329 1340 1334 1329 1322 1330 1324
547.190979 1330 1317 1337 1337 1334 1338 1336 1329 1320
547.203979 1339 1330 1335 1341 1336 1333 1329 1325 1331
547.21698 1332 1329 1338 1337 1335 1337 1328 1332 1327
547.22998 1325 1331 1339 1334 1347 1338 1328 1329 1334
547.244019 1334 1330 1348 1338 1341 1344 1333 1319 1326
547.257019 1330 1342 1338 1333 1339 1335 1334 1328 1330
547.27002 1337 1341 1346 1348 1336 1333 1337 1334 1330
547.28302 1341 1345 1339 1335 1340 1334 1333 1333 1318
547.296021 1330 1343 1337 1350 1344 1339 1327 1334 1327
547.309021 1336 1337 1335 1337 1350 1335 1335 1331 1328
547.322021 1337 1334 1339 1349 1335 1337 1334 1346 1329
547.335022 1333 1333 1337 1337 1333 1341 1338 1330 1329
547.348022 1334 1340 1339 1346 1337 1341 1332 1330 1327
547.361023 1328 1336 1349 1344 1346 1335 1331 1329 1335
547.374023 1328 1329 1334 1335 1336 1336 1340 1339 1329
547.387024 1334 1335 1332 1329 1337 1342 1337 1333 1335
547.400024 1331 1335 1337 1345 1340 1345 1333 1331 1342
547.413025 1340 1331 1328 1341 1347 1342 1346 1329 1331
547.426025 1332 1339 1344 1340 1341 1335 1337 1333 1333
547.439026 1346 1334 1334 1345 1336 1334 1330 1333 1334
547.452026 1333 1346 1339 1339 1335 1335 1338 1333 1342
547.465027 1345 1345 1339 1345 1338 1328 1345 1347 1334
547.478027 1340 1330 1347 1355 1337 1335 1340 1348 1349
547.491028 1340 1345 1346 1336 1337 1341 1342 1351 1347
547.504028 1345 1350 1341 1343 1343 1344 1344 1353 1353
547.518005 1361 1355 1342 1330 1333 1340 1358 1350 1353
547.531006 1356 1349 1336 1345 1338 1350 1353 1360 1372
547.544006 1368 1353 1341 1339 1346 1353 1352 1374 1357
547.557007 1376 1361 1349 1342 1344 1356 1367 1389 1379
547.570007 1375 1375 1351 1339 1344 1359 1386 1389 1385
547.583008 1391 1382 1357 1335 1344 1361 1388 1397 1386
547.596008 1414 1387 1357 1349 1345 1375 1405 1417 1420
547.609009 1428 1400 1361 1343 1343 1382 1432 1440 1432
547.622009 1455 1409 1357 1346 1347 1394 1452 1480 1461
547.63501 1500 1448 1386 1356 1354 1396 1473 1521 1503
547.64801 1540 1461 1397 1342 1358 1435 1537 1581 1549
547.661011 1617 1504 1411 1349 1377 1453 1579 1659 1621
547.674011 1656 1563 1421 1351 1378 1504 1653 1734 1704
547.687012 1735 1604 1435 1345 1383 1556 1700 1852 1792
547.700012 1797 1658 1464 1343 1387 1593 1767 1901 1849
547.713013 1845 1687 1454 1359 1405 1589 1826 1945 1917
547.726013 1889 1685 1472 1357 1406 1620 1836 2019 1948
547.739014 1903 1727 1475 1347 1406 1606 1847 1981 1974
547.752014 1863 1695 1482 1351 1402 1596 1857 2001 1982
547.765015 1862 1674 1465 1350 1400 1595 1823 1995 1947
547.778015 1802 1666 1460 1348 1387 1584 1771 1932 1862
547.791016 1737 1608 1437 1343 1394 1527 1701 1829 1795
547.804016 1652 1554 1427 1343 1388 1486 1633 1724 1701
547.817017 1575 1499 1403 1339 1342 1456 1564 1637 1608
547.830017 1515 1459 1381 1350 1356 1427 1515 1570 1565
547.843018 1480 1418 1365 1343 1355 1405 1491 1522 1511
547.856018 1459 1417 1363 1342 1350 1386 1458 1480 1486
547.869019 1434 1404 1357 1340 1344 1392 1421 1455 1443
547.882019 1414 1393 1350 1331 1348 1392 1414 1444 1430
547.89502 1411 1372 1362 1347 1350 1381 1407 1411 1416
547.90802 1386 1374 1342 1340 1335 1368 1391 1399 1398
547.921021 1387 1372 1357 1330 1337 1350 1382 1391 1404
547.934021 1372 1356 1348 1342 1343 1358 1375 1389 1370
547.947021 1368 1353 1344 1332 1338 1363 1355 1379 1375
547.960022 1369 1351 1343 1347 1343 1357 1371 1367 1368
547.973022 1370 1348 1342 1344 1329 1355 1361 1362 1362
547.986023 1350 1353 1338 1331 1335 1346 1354 1365 1357
547.999023 1347 1347 1341 1336 1334 1343 1345 1358 1349
548.012024 1351 1350 1340 1338 1325 1343 1348 1354 1355
548.025024 1352 1342 1343 1343 1339 1345 1339 1341 1343
548.038025 1344 1343 1336 1339 1341 1347 1344 1354 1350
548.051025 1348 1338 1340 1328 1342 1340 1338 1339 1349
548.064026 1337 1342 1341 1337 1339 1343 1339 1347 1340
548.077026 1342 1347 1338 1330 1340 1326 1351 1331 1346
548.090027 1347 1341 1339 1331 1345 1328 1335 1328 1338
548.103027 1334 1319 1331 1330 1336 1334 1340 1347 1339
548.116028 1342 1335 1332 1339 1328 1334 1329 1332 1329
548.129028 1338 1335 1345 1333 1337 1339 1331 1344 1341
548.142029 1334 1331 1329 1338 1337 1338 1337 1329 1324
548.155029 1330 1342 1333 1323 1337 1347 1332 1329 1333
548.16803 1327 1335 1324 1331 1341 1331 1332 1335 1327
548.18103 1326 1329 1338 1332 1329 1330 1334 1327 1330
548.19397 1337 1339 1337 1330 1328 1333 1331 1326 1331
548.20697 1328 1325 1334 1341 1337 1327 1326 1333 1327
548.219971 1330 1334 1340 1336 1339 1337 1330 1325 1330
548.232971 1332 1324 1335 1333 1325 1331 1323 1327 1339
548.245972 1328 1336 1331 1330 1342 1328 1330 1331 1337
548.258972 1321 1330 1327 1334 1337 1325 1322 1316 1322
548.271973 1319 1341 1326 1338 1328 1321 1324 1318 1321
548.284973 1338 1328 1330 1332 1340 1331 1326 1326 1331
548.297974 1320 1336 1336 1334 1331 1330 1331 1324 1320
548.310974 1324 1328 1336 1330 1336 1341 1328 1320 1329
548.323975 1343 1327 1325 1337 1329 1340 1320 1324 1320
548.336975 1328 1327 1334 1334 1336 1337 1324 1327 1326
548.349976 1322 1329 1330 1331 1338 1326 1322 1323 1323
548.362976 1322 1319 1329 1332 1332 1331 1332 1314 1319
548.375977 1308 1325 1337 1339 1333 1339 1328 1330 1317
548.388977 1326 1324 1340 1325 1339 1327 1329 1323 1318
548.401978 1329 1327 1329 1337 1326 1328 1318 1318 1319
548.414978 1315 1328 1327 1328 1336 1334 1331 1317 1318
548.427979 1324 1335 1340 1331 1325 1330 1330 1318 1319
548.440979 1324 1321 1331 1337 1334 1334 1317 1322 1323
548.453979 1325 1322 1338 1334 1331 1331 1320 1311 1317
548.46698 1329 1325 1341 1329 1332 1321 1322 1324 1321
548.47998 1316 1328 1337 1335 1338 1334 1319 1325 1318
548.492981 1318 1325 1336 1329 1334 1329 1326 1316 1315
548.505981 1330 1327 1328 1340 1334 1327 1313 1315 1319
548.518982 1325 1336 1322 1335 1341 1331 1319 1322 1316
548.531982 1321 1320 1334 1344 1326 1333 1324 1312 1314
548.544983 1324 1330 1330 1343 1331 1327 1326 1321 1327
548.557983 1318 1321 1327 1337 1325 1322 1320 1314 1314
548.570984 1330 1321 1324 1336 1329 1334 1319 1315 1321
548.583984 1318 1319 1332 1338 1329 1325 1313 1317 1313
548.596985 1321 1328 1328 1333 1335 1335 1323 1312 1317
548.609985 1332 1328 1336 1336 1334 1330 1327 1315 1321
548.622986 1329 1320 1331 1328 1339 1331 1318 1317 1318
548.635986 1316 1321 1330 1338 1335 1328 1314 1314 1319
548.648987 1317 1328 1324 1328 1335 1326 1318 1311 1318
548.661987 1318 1326 1322 1331 1328 1331 1310 1314 1318
548.674988 1321 1333 1329 1337 1333 1332 1318 1315 1319
548.687988 1309 1333 1327 1336 1335 1333 1316 1312 1319
548.700989 1322 1326 1335 1339 1334 1328 1321 1319 1312
548.713989 1322 1319 1330 1341 1331 1329 1327 1318 1319
548.72699 1318 1323 1342 1344 1333 1336 1331 1323 1313
548.739014 1317 1325 1335 1341 1338 1328 1320 1316 1311
