0 11.25 22.5 33.75 45 56.25 67.5 78.75 90
535.080017 1268 1270 1268 1267 1266 1269 1267 1269 1266
535.093994 1264 1269 1267 1266 1268 1269 1267 1265 1265
535.106995 1266 1270 1268 1265 1267 1265 1267 1264 1266
535.120972 1265 1267 1268 1271 1265 1265 1267 1264 1269
535.13501 1265 1268 1267 1263 1266 1263 1267 1262 1265
535.148987 1266 1264 1263 1268 1266 1265 1268 1267 1265
535.161987 1267 1266 1267 1266 1268 1266 1263 1266 1263
535.176025 1265 1267 1263 1266 1266 1267 1263 1268 1265
535.190002 1263 1267 1263 1267 1267 1266 1266 1266 1267
535.203003 1262 1266 1265 1262 1266 1267 1268 1263 1265
535.21698 1264 1265 1265 1266 1266 1263 1265 1263 1264
535.231018 1265 1266 1263 1266 1262 1264 1267 1267 1265
535.244995 1264 1266 1266 1264 1265 1266 1267 1261 1265
535.257996 1265 1265 1265 1264 1264 1266 1265 1265 1264
535.271973 1265 1262 1267 1262 1267 1263 1265 1264 1267
535.286011 1263 1266 1264 1265 1265 1267 1263 1266 1268
535.299011 1265 1265 1262 1266 1267 1264 1260 1265 1266
535.312988 1261 1265 1263 1263 1266 1267 1267 1266 1264
535.327026 1269 1266 1267 1268 1266 1263 1267 1264 1265
535.341003 1265 1261 1265 1264 1263 1264 1267 1262 1266
535.354004 1268 1263 1266 1264 1266 1266 1264 1264 1266
535.367981 1264 1269 1264 1263 1264 1266 1262 1267 1264
535.382019 1262 1266 1266 1259 1264 1265 1265 1264 1265
535.39502 1263 1266 1262 1264 1265 1264 1268 1266 1264
535.408997 1263 1267 1265 1264 1267 1264 1266 1263 1263
535.422974 1263 1264 1263 1266 1267 1263 1266 1264 1265
535.435974 1265 1266 1265 1265 1262 1265 1263 1262 1263
535.450012 1264 1263 1264 1265 1265 1267 1261 1269 1267
535.463989 1264 1263 1263 1266 1263 1268 1262 1264 1267
535.478027 1264 1264 1262 1263 1262 1266 1264 1267 1268
535.491028 1263 1263 1264 1263 1264 1263 1263 1264 1263
535.505005 1262 1260 1263 1265 1264 1265 1266 1263 1268
535.518982 1266 1263 1265 1265 1264 1265 1265 1262 1264
535.531982 1261 1266 1266 1265 1266 1266 1262 1263 1265
535.546021 1263 1263 1263 1263 1266 1265 1263 1266 1264
535.559998 1266 1265 1261 1267 1263 1266 1264 1266 1264
535.572998 1263 1266 1263 1263 1264 1262 1264 1263 1263
535.586975 1262 1267 1266 1263 1263 1267 1267 1264 1263
535.601013 1266 1261 1262 1264 1263 1263 1264 1261 1264
535.61499 1263 1265 1265 1266 1264 1265 1264 1264 1264
535.627991 1264 1261 1262 1268 1265 1265 1266 1262 1264
535.642029 1265 1265 1263 1264 1263 1263 1265 1266 1263
535.656006 1261 1265 1263 1265 1266 1267 1264 1265 1265
535.669006 1264 1262 1264 1262 1262 1267 1263 1263 1262
535.682983 1266 1264 1264 1264 1264 1266 1264 1263 1263
535.697021 1261 1264 1265 1262 1261 1265 1265 1263 1266
535.710022 1267 1264 1264 1265 1264 1264 1266 1266 1265
535.723999 1261 1265 1262 1267 1265 1265 1264 1266 1265
535.737976 1262 1263 1266 1263 1265 1265 1263 1262 1265
535.750977 1263 1263 1263 1263 1266 1260 1266 1266 1263
535.765015 1263 1263 1265 1261 1264 1266 1264 1265 1261
535.778992 1268 1263 1265 1260 1265 1264 1262 1263 1267
535.791992 1264 1266 1262 1263 1263 1267 1265 1263 1265
535.80603 1264 1262 1261 1266 1265 1264 1264 1265 1262
535.820007 1264 1262 1266 1266 1261 1265 1268 1267 1264
535.833984 1266 1262 1261 1265 1262 1262 1262 1262 1262
535.846985 1264 1265 1260 1264 1265 1264 1264 1264 1262
535.861023 1264 1263 1266 1266 1264 1268 1264 1264 1264
535.875 1266 1265 1263 1263 1263 1266 1268 1266 1267
535.888 1262 1265 1264 1265 1264 1265 1266 1260 1264
535.901978 1263 1261 1264 1266 1263 1261 1265 1263 1264
535.916016 1264 1265 1265 1264 1265 1265 1265 1262 1266
535.929016 1267 1264 1262 1266 1264 1265 1264 1266 1261
535.942993 1268 1263 1265 1262 1267 1265 1267 1263 1262
535.95697 1265 1265 1266 1262 1263 1266 1265 1265 1266
535.969971 1264 1267 1263 1265 1267 1271 1265 1261 1264
535.984009 1263 1263 1263 1265 1267 1264 1264 1264 1264
535.997986 1264 1264 1263 1266 1263 1264 1265 1263 1266
536.010986 1266 1264 1263 1264 1263 1260 1264 1265 1264
536.025024 1265 1266 1266 1261 1264 1263 1262 1264 1262
536.039001 1264 1267 1264 1264 1263 1264 1263 1263 1264
536.052002 1264 1264 1265 1264 1261 1267 1262 1264 1263
536.065979 1265 1264 1267 1266 1266 1266 1263 1265 1266
536.080017 1266 1264 1263 1265 1265 1265 1264 1266 1267
536.093018 1263 1262 1262 1265 1268 1263 1264 1265 1264
536.106995 1263 1263 1262 1264 1263 1264 1264 1265 1267
536.120972 1265 1269 1265 1266 1265 1264 1265 1265 1263
536.133972 1264 1265 1266 1262 1264 1264 1265 1263 1264
536.14801 1265 1261 1265 1261 1264 1264 1265 1266 1266
536.161987 1268 1265 1264 1263 1260 1266 1265 1266 1267
536.174988 1264 1263 1263 1263 1264 1266 1263 1266 1264
536.189026 1265 1265 1264 1265 1263 1263 1265 1263 1265
536.203003 1264 1265 1261 1265 1261 1264 1266 1263 1264
536.216003 1266 1262 1265 1266 1262 1262 1264 1265 1266
536.22998 1263 1264 1263 1261 1266 1266 1264 1268 1267
536.244019 1263 1266 1267 1263 1264 1265 1263 1265 1265
536.257019 1261 1264 1264 1262 1264 1265 1264 1263 1267
536.270996 1262 1262 1263 1264 1265 1262 1265 1265 1267
536.284973 1263 1263 1266 1265 1262 1264 1267 1263 1265
536.297974 1264 1264 1262 1266 1267 1263 1265 1266 1262
536.312012 1262 1263 1261 1263 1265 1267 1262 1266 1264
536.325989 1262 1266 1263 1265 1265 1266 1265 1266 1263
536.338989 1263 1267 1264 1263 1265 1265 1263 1265 1265
536.353027 1266 1265 1264 1265 1264 1265 1266 1263 1265
536.367004 1265 1266 1263 1264 1267 1265 1267 1261 1266
536.380005 1266 1263 1267 1266 1263 1263 1265 1262 1266
536.393982 1263 1262 1267 1263 1264 1260 1265 1266 1266
536.40802 1263 1267 1264 1263 1263 1265 1264 1265 1294
536.421021 1268 1262 1263 1265 1267 1262 1263 1264 1262
536.434998 1262 1259 1263 1265 1263 1264 1265 1263 1278
536.448975 1262 1266 1265 1266 1264 1264 1264 1263 1264
536.461975 1264 1262 1262 1266 1267 1266 1263 1267 1264
536.476013 1267 1262 1263 1263 1265 1263 1262 1266 1265
536.48999 1266 1264 1267 1265 1264 1262 1265 1263 1260
536.502991 1263 1263 1263 1265 1265 1263 1262 1262 1264
536.517029 1263 1265 1264 1266 1265 1265 1267 1264 1263
536.530029 1264 1264 1264 1263 1263 1267 1265 1261 1265
536.544006 1266 1265 1264 1262 1266 1265 1268 1260 1264
536.557983 1264 1261 1265 1264 1265 1263 1267 1265 1266
536.570984 1262 1266 1262 1266 1264 1265 1261 1263 1265
536.585022 1267 1264 1265 1267 1264 1263 1264 1262 1266
536.598999 1263 1263 1264 1263 1265 1265 1262 1262 1265
536.612 1263 1265 1264 1266 1260 1265 1261 1265 1266
536.625977 1263 1264 1261 1265 1265 1267 1262 1266 1260
536.640015 1265 1263 1267 1263 1267 1265 1262 1262 1263
536.653015 1270 1264 1265 1260 1263 1263 1264 1262 1262
536.666992 1263 1263 1263 1264 1263 1264 1266 1264 1263
536.68103 1262 1265 1265 1265 1264 1262 1261 1264 1263
536.69397 1264 1266 1265 1266 1265 1262 1265 1265 1260
536.708008 1265 1267 1263 1266 1265 1263 1268 1264 1263
536.721008 1264 1265 1262 1266 1265 1264 1263 1267 1263
536.734985 1264 1264 1265 1262 1263 1264 1263 1262 1263
536.749023 1261 1264 1263 1264 1266 1266 1263 1265 1267
536.762024 1264 1262 1264 1269 1264 1262 1263 1266 1263
536.776001 1265 1261 1265 1261 1265 1263 1263 1264 1263
536.789978 1265 1264 1264 1265 1261 1263 1267 1264 1262
536.802979 1260 1264 1261 1264 1266 1267 1264 1266 1266
536.817017 1261 1264 1262 1266 1265 1265 1266 1265 1266
536.830994 1263 1265 1265 1262 1262 1266 1266 1265 1265
536.843994 1266 1262 1262 1264 1266 1266 1264 1264 1268
536.857971 1264 1265 1266 1267 1264 1265 1265 1263 1266
536.870972 1262 1264 1262 1262 1265 1264 1264 1268 1261
536.88501 1263 1268 1264 1265 1265 1265 1262 1267 1266
536.898987 1264 1266 1265 1266 1265 1267 1266 1265 1264
536.911987 1262 1266 1262 1263 1267 1267 1264 1266 1264
536.926025 1263 1264 1265 1263 1265 1263 1264 1266 1266
536.940002 1263 1262 1263 1263 1266 1264 1265 1263 1267
536.953003 1265 1265 1263 1264 1264 1265 1266 1262 1263
536.96698 1264 1264 1265 1267 1266 1268 1266 1264 1264
536.97998 1264 1264 1262 1265 1264 1262 1266 1265 1266
536.994019 1263 1264 1262 1264 1264 1266 1266 1264 1265
537.007996 1266 1267 1265 1264 1264 1264 1268 1266 1267
537.020996 1266 1264 1264 1264 1266 1265 1262 1266 1265
537.034973 1264 1266 1263 1265 1266 1264 1265 1262 1265
537.049011 1262 1263 1264 1265 1265 1265 1266 1264 1265
537.062012 1263 1264 1264 1267 1269 1265 1268 1263 1265
537.075989 1263 1266 1266 1267 1265 1264 1265 1267 1266
537.088989 1267 1268 1266 1266 1269 1267 1264 1269 1263
537.103027 1262 1267 1265 1262 1264 1267 1266 1265 1265
537.117004 1262 1264 1265 1266 1265 1266 1265 1266 1265
537.130005 1264 1264 1263 1263 1267 1266 1265 1266 1266
537.143982 1261 1264 1266 1263 1266 1272 1266 1265 1264
537.15802 1268 1264 1263 1266 1265 1263 1262 1268 1262
537.171021 1263 1267 1263 1268 1265 1266 1262 1263 1266
537.184998 1264 1265 1265 1266 1263 1267 1263 1266 1263
537.197998 1264 1265 1265 1266 1266 1268 1266 1263 1266
537.211975 1264 1263 1265 1263 1265 1271 1267 1263 1266
537.226013 1268 1265 1263 1265 1267 1265 1266 1265 1266
537.239014 1268 1267 1271 1271 1273 1275 1274 1270 1270
537.252991 1268 1264 1265 1266 1267 1266 1268 1265 1264
537.265991 1268 1265 1265 1268 1267 1266 1267 1268 1267
537.280029 1265 1268 1265 1267 1268 1268 1271 1269 1266
537.294006 1265 1266 1267 1266 1268 1266 1265 1267 1265
537.307007 1266 1267 1266 1266 1267 1267 1266 1267 1268
537.320984 1266 1268 1266 1267 1268 1269 1269 1265 1266
537.333984 1269 1272 1271 1271 1271 1267 1269 1268 1269
537.348022 1267 1269 1268 1268 1270 1270 1269 1268 1272
537.362 1270 1273 1273 1274 1269 1266 1272 1270 1269
537.375 1272 1269 1272 1271 1271 1271 1275 1272 1273
537.388977 1270 1278 1268 1272 1275 1273 1267 1272 1270
537.403015 1274 1272 1270 1268 1273 1271 1273 1272 1268
537.416016 1269 1268 1277 1272 1273 1274 1274 1269 1266
537.429993 1270 1270 1270 1272 1268 1274 1270 1270 1267
537.442993 1268 1269 1269 1269 1271 1269 1268 1272 1270
537.45697 1267 1271 1271 1268 1272 1271 1267 1269 1269
537.471008 1269 1269 1270 1268 1267 1266 1268 1268 1267
537.484009 1268 1267 1267 1266 1270 1269 1267 1268 1270
537.497986 1267 1267 1265 1266 1267 1268 1266 1264 1270
537.510986 1265 1262 1269 1267 1267 1267 1270 1266 1266
537.525024 1269 1267 1267 1267 1270 1267 1268 1272 1268
537.539001 1270 1267 1265 1268 1268 1264 1264 1266 1265
537.552002 1267 1267 1266 1267 1271 1266 1267 1266 1263
537.565979 1266 1274 1270 1270 1270 1269 1271 1270 1267
537.578979 1271 1270 1270 1267 1272 1271 1265 1271 1272
537.593018 1268 1268 1269 1266 1271 1268 1273 1271 1267
537.606995 1271 1268 1270 1270 1271 1270 1267 1272 1268
537.619995 1268 1266 1273 1272 1272 1269 1270 1268 1266
537.633972 1269 1267 1268 1268 1268 1273 1273 1267 1270
537.646973 1270 1270 1271 1268 1273 1271 1269 1270 1265
537.661011 1269 1273 1269 1273 1274 1269 1266 1269 1273
537.674011 1268 1272 1272 1270 1273 1269 1270 1272 1271
537.687988 1271 1267 1269 1272 1275 1271 1271 1269 1272
537.702026 1269 1269 1271 1271 1272 1269 1270 1271 1267
537.715027 1271 1269 1268 1273 1270 1273 1266 1271 1272
537.729004 1267 1268 1271 1275 1275 1274 1273 1272 1271
537.742004 1269 1274 1277 1272 1274 1271 1269 1270 1270
537.755981 1270 1269 1272 1271 1276 1272 1272 1272 1274
537.77002 1268 1269 1271 1272 1273 1272 1271 1269 1273
537.78302 1273 1271 1275 1274 1271 1275 1265 1276 1269
537.796997 1269 1273 1270 1271 1274 1274 1272 1274 1277
537.809998 1273 1270 1271 1274 1272 1273 1275 1269 1268
537.823975 1268 1270 1274 1279 1278 1267 1271 1269 1271
537.836975 1272 1275 1277 1278 1275 1277 1270 1273 1272
537.851013 1273 1275 1275 1274 1281 1273 1276 1279 1277
537.86499 1273 1279 1277 1275 1275 1277 1273 1274 1271
537.877991 1276 1273 1278 1278 1279 1279 1273 1278 1271
537.892029 1273 1277 1274 1280 1277 1276 1277 1271 1276
537.905029 1278 1279 1278 1281 1279 1278 1274 1276 1277
537.919006 1277 1277 1280 1274 1275 1284 1274 1275 1271
537.932007 1277 1279 1276 1282 1277 1277 1278 1272 1277
537.945984 1275 1282 1277 1280 1274 1280 1277 1276 1282
537.960022 1274 1281 1278 1275 1278 1281 1281 1278 1272
537.973022 1277 1275 1279 1285 1282 1278 1271 1278 1274
537.987 1276 1281 1275 1282 1284 1278 1281 1278 1275
538 1276 1279 1283 1278 1278 1283 1276 1275 1275
538.013977 1272 1277 1279 1284 1278 1282 1274 1276 1275
538.028015 1274 1283 1283 1285 1278 1277 1280 1274 1276
538.041016 1282 1277 1283 1287 1281 1281 1279 1281 1277
538.054993 1286 1281 1284 1288 1282 1281 1282 1280 1284
538.067993 1279 1279 1287 1284 1284 1286 1282 1277 1285
538.08197 1282 1286 1280 1284 1289 1284 1289 1276 1281
538.094971 1281 1288 1286 1288 1288 1288 1282 1277 1280
538.109009 1281 1283 1285 1287 1285 1283 1287 1285 1284
538.122009 1284 1288 1289 1296 1285 1283 1281 1277 1282
538.135986 1279 1286 1288 1289 1290 1287 1286 1282 1282
538.150024 1286 1290 1290 1296 1292 1287 1291 1285 1273
538.163025 1286 1286 1290 1281 1295 1292 1285 1282 1284
538.177002 1288 1287 1293 1290 1297 1292 1287 1285 1286
538.190002 1284 1292 1290 1294 1298 1293 1283 1282 1285
538.203979 1285 1291 1299 1295 1291 1289 1282 1284 1287
538.21698 1286 1286 1294 1294 1292 1288 1290 1284 1284
538.231018 1287 1292 1290 1294 1296 1297 1290 1292 1288
538.244995 1289 1295 1292 1289 1297 1294 1288 1285 1285
538.257996 1287 1300 1298 1299 1295 1298 1285 1293 1295
538.271973 1293 1290 1294 1302 1298 1305 1288 1289 1291
538.284973 1295 1301 1301 1292 1300 1294 1291 1284 1290
538.299011 1287 1297 1304 1300 1301 1302 1292 1288 1299
538.312012 1299 1296 1297 1304 1306 1299 1294 1296 1295
538.325989 1295 1303 1305 1311 1307 1309 1305 1296 1298
538.338989 1300 1302 1310 1311 1305 1301 1303 1299 1302
538.353027 1306 1309 1312 1314 1305 1309 1304 1298 1305
538.367004 1300 1312 1313 1309 1310 1315 1303 1300 1308
538.380005 1298 1307 1315 1311 1310 1316 1308 1305 1313
538.393982 1312 1314 1322 1316 1312 1308 1313 1302 1310
538.406982 1306 1313 1306 1317 1317 1319 1313 1306 1312
538.421021 1306 1307 1312 1314 1311 1310 1308 1306 1306
538.434021 1302 1308 1321 1315 1313 1318 1307 1304 1302
538.447998 1308 1311 1309 1315 1313 1315 1309 1312 1314
538.460999 1313 1307 1315 1315 1324 1314 1312 1307 1313
538.474976 1310 1314 1314 1324 1314 1319 1312 1309 1311
538.489014 1309 1314 1317 1315 1312 1314 1310 1305 1304
538.502014 1305 1314 1318 1319 1314 1321 1315 1306 1306
538.515991 1303 1312 1318 1327 1324 1307 1311 1307 1308
538.528992 1308 1313 1316 1311 1320 1312 1308 1303 1306
538.54303 1298 1312 1313 1315 1315 1311 1300 1301 1296
538.55603 1312 1297 1313 1316 1320 1308 1305 1301 1298
538.570007 1303 1305 1308 1310 1320 1310 1297 1298 1302
538.583008 1304 1310 1308 1317 1312 1306 1307 1298 1303
538.596985 1304 1310 1312 1314 1314 1315 1310 1305 1300
538.609985 1303 1305 1304 1319 1321 1308 1317 1299 1301
538.624023 1306 1303 1310 1315 1318 1312 1303 1302 1300
538.638 1313 1305 1312 1322 1316 1313 1304 1298 1304
538.651001 1302 1313 1312 1318 1306 1311 1309 1302 1303
538.664978 1308 1316 1313 1316 1322 1309 1306 1300 1300
538.677979 1307 1303 1303 1321 1310 1314 1308 1306 1303
538.692017 1307 1307 1310 1323 1323 1316 1308 1302 1306
538.705017 1313 1307 1319 1325 1323 1317 1310 1309 1308
538.718994 1301 1313 1323 1324 1312 1326 1310 1305 1301
538.731995 1305 1314 1314 1313 1324 1318 1311 1304 1305
538.745972 1305 1313 1319 1317 1323 1319 1310 1306 1308
538.758972 1306 1308 1305 1321 1315 1310 1309 1306 1313
538.77301 1315 1311 1320 1325 1333 1315 1307 1302 1305
538.786011 1312 1330 1318 1324 1323 1331 1308 1307 1314
538.799988 1303 1318 1323 1320 1313 1316 1311 1306 1316
538.812988 1310 1309 1314 1325 1321 1313 1310 1311 1309
538.827026 1311 1319 1324 1323 1333 1324 1313 1313 1313
538.841003 1314 1321 1328 1322 1323 1316 1310 1311 1313
538.854004 1309 1313 1326 1322 1329 1321 1305 1321 1303
538.867981 1309 1314 1315 1329 1318 1320 1310 1308 1314
538.880981 1312 1312 1320 1325 1338 1314 1320 1314 1310
538.89502 1311 1323 1320 1328 1328 1317 1308 1304 1307
538.90802 1306 1315 1327 1321 1330 1326 1321 1312 1307
538.921997 1312 1311 1324 1326 1326 1322 1311 1315 1311
538.934998 1317 1309 1328 1332 1334 1319 1318 1314 1308
538.948975 1315 1320 1315 1339 1328 1321 1315 1314 1310
538.961975 1312 1320 1329 1331 1328 1324 1319 1309 1311
538.976013 1316 1320 1324 1327 1329 1329 1322 1314 1310
538.989014 1320 1318 1322 1330 1330 1324 1320 1306 1309
539.002991 1311 1323 1324 1336 1333 1325 1310 1310 1313
539.015991 1309 1328 1323 1337 1326 1329 1324 1316 1302
539.030029 1315 1319 1335 1333 1334 1317 1316 1316 1303
539.04303 1313 1330 1331 1324 1328 1332 1319 1314 1314
539.057007 1316 1317 1332 1344 1335 1335 1328 1313 1319
539.070007 1314 1322 1326 1330 1334 1331 1324 1318 1311
539.083984 1324 1328 1327 1341 1331 1321 1330 1313 1311
539.096985 1322 1324 1332 1342 1335 1337 1325 1318 1314
539.111023 1318 1326 1335 1331 1344 1336 1323 1312 1318
539.125 1315 1323 1331 1351 1342 1336 1317 1315 1317
539.138 1324 1321 1335 1345 1346 1323 1324 1312 1323
539.151978 1316 1329 1337 1341 1331 1329 1321 1315 1315
539.164978 1313 1324 1326 1330 1334 1331 1317 1310 1317
539.179016 1312 1333 1337 1338 1347 1327 1326 1322 1322
539.192017 1308 1324 1336 1336 1332 1330 1310 1316 1316
539.205994 1320 1324 1324 1328 1329 1326 1317 1303 1299
539.218994 1310 1312 1321 1322 1333 1323 1309 1311 1306
539.232971 1309 1317 1328 1332 1328 1324 1313 1310 1307
539.245972 1314 1323 1331 1333 1332 1329 1314 1312 1310
539.26001 1311 1328 1325 1329 1322 1320 1313 1304 1305
539.27301 1312 1316 1320 1336 1334 1322 1307 1307 1302
539.286987 1313 1321 1323 1338 1327 1331 1316 1313 1306
539.299988 1309 1315 1324 1335 1333 1320 1310 1309 1309
539.314026 1312 1312 1323 1336 1332 1314 1318 1311 1305
539.327026 1318 1315 1317 1327 1329 1316 1323 1306 1303
539.341003 1303 1310 1332 1330 1332 1328 1311 1302 1305
539.354004 1313 1319 1321 1340 1336 1315 1314 1309 1313
539.367981 1318 1321 1325 1338 1326 1320 1307 1300 1305
539.380981 1314 1313 1332 1332 1333 1323 1316 1310 1309
539.39502 1309 1311 1330 1337 1333 1327 1312 1314 1310
539.40802 1313 1317 1330 1330 1332 1320 1312 1308 1308
539.421997 1309 1318 1332 1334 1338 1313 1319 1309 1307
539.434998 1308 1323 1326 1334 1331 1322 1310 1310 1312
539.448975 1305 1311 1328 1333 1331 1321 1311 1301 1317
539.461975 1316 1326 1326 1328 1328 1317 1311 1303 1308
539.476013 1312 1314 1327 1342 1341 1325 1307 1303 1309
539.489014 1310 1319 1326 1344 1332 1324 1313 1311 1306
539.502991 1310 1327 1329 1335 1331 1337 1310 1311 1317
539.515991 1309 1320 1326 1337 1339 1321 1326 1307 1308
539.530029 1315 1322 1330 1336 1340 1325 1310 1312 1309
539.54303 1312 1317 1342 1345 1339 1325 1312 1310 1312
539.557007 1325 1320 1338 1342 1345 1330 1315 1310 1303
539.570007 1317 1320 1334 1355 1333 1329 1320 1309 1304
539.583984 1310 1334 1348 1354 1360 1350 1326 1305 1312
539.596985 1309 1337 1352 1365 1354 1343 1325 1308 1312
539.611023 1314 1331 1376 1381 1382 1346 1328 1311 1317
539.624023 1315 1350 1388 1399 1395 1364 1334 1321 1311
539.638 1315 1362 1406 1433 1423 1387 1329 1311 1324
539.651001 1321 1362 1412 1441 1433 1394 1340 1311 1321
539.664001 1325 1382 1435 1452 1455 1395 1345 1311 1314
539.677979 1322 1361 1429 1467 1460 1404 1342 1312 1318
539.690979 1322 1372 1402 1430 1432 1388 1347 1312 1319
539.705017 1318 1361 1403 1418 1403 1384 1334 1310 1325
539.718018 1312 1341 1387 1397 1396 1366 1338 1313 1313
539.731995 1317 1328 1360 1370 1377 1346 1330 1309 1310
539.744995 1317 1329 1349 1362 1364 1338 1318 1313 1312
539.758972 1316 1328 1346 1355 1339 1345 1326 1312 1310
539.771973 1314 1326 1346 1346 1351 1335 1322 1301 1311
539.786011 1309 1323 1342 1357 1342 1327 1313 1307 1314
539.799011 1315 1323 1342 1351 1338 1329 1311 1306 1305
539.812988 1311 1315 1330 1344 1342 1329 1314 1306 1313
539.825989 1314 1324 1339 1338 1336 1321 1319 1305 1314
539.840027 1306 1319 1332 1339 1341 1331 1321 1305 1308
539.853027 1306 1328 1345 1350 1333 1327 1309 1303 1309
539.867004 1304 1322 1335 1342 1343 1330 1307 1310 1316
539.880005 1319 1324 1335 1334 1338 1329 1322 1310 1307
539.893982 1318 1319 1325 1346 1333 1326 1318 1309 1309
539.906982 1311 1319 1333 1341 1336 1335 1333 1309 1307
539.921021 1313 1324 1329 1338 1351 1328 1312 1310 1302
539.934021 1312 1327 1339 1348 1346 1329 1317 1305 1314
539.947998 1317 1319 1341 1335 1342 1327 1317 1309 1311
539.960999 1317 1317 1331 1351 1344 1329 1319 1309 1316
539.973999 1314 1324 1333 1344 1340 1332 1315 1312 1308
539.987976 1304 1312 1335 1355 1345 1329 1326 1309 1310
540.000977 1310 1319 1325 1349 1333 1331 1318 1305 1312
540.015015 1312 1326 1329 1335 1348 1330 1317 1309 1314
540.028015 1310 1330 1342 1346 1346 1332 1336 1311 1313
540.041992 1307 1318 1339 1321 1345 1330 1321 1313 1313
540.054993 1315 1324 1329 1341 1343 1330 1318 1307 1316
540.06897 1310 1322 1320 1343 1346 1339 1311 1309 1308
540.08197 1314 1316 1336 1343 1343 1326 1317 1307 1322
540.096008 1310 1321 1339 1330 1340 1328 1314 1308 1309
540.109009 1311 1324 1330 1346 1340 1338 1313 1314 1311
540.122986 1311 1323 1345 1352 1343 1336 1313 1315 1307
540.135986 1313 1319 1341 1356 1342 1331 1318 1312 1310
540.150024 1307 1322 1336 1338 1343 1331 1322 1312 1307
540.163025 1307 1311 1328 1347 1345 1334 1317 1308 1311
540.176025 1312 1327 1341 1354 1338 1327 1316 1307 1314
540.190002 1308 1319 1337 1353 1340 1333 1320 1312 1308
540.203003 1321 1328 1335 1349 1342 1339 1316 1309 1319
540.21698 1312 1325 1328 1349 1339 1336 1312 1301 1310
540.22998 1302 1328 1334 1348 1341 1330 1327 1309 1304
540.244019 1321 1331 1337 1341 1339 1335 1319 1303 1300
540.257019 1300 1331 1330 1340 1338 1330 1318 1315 1317
540.270996 1312 1322 1337 1344 1338 1338 1318 1313 1313
540.283997 1310 1311 1330 1351 1342 1332 1326 1315 1311
540.297974 1315 1322 1346 1352 1346 1328 1322 1303 1314
540.310974 1312 1328 1333 1356 1338 1318 1315 1314 1318
540.323975 1304 1320 1337 1342 1348 1324 1320 1314 1311
540.338013 1322 1332 1333 1334 1343 1333 1317 1307 1310
540.351013 1312 1321 1330 1341 1337 1331 1323 1310 1309
540.36499 1317 1322 1347 1339 1336 1324 1310 1311 1311
540.377991 1315 1329 1340 1339 1346 1330 1316 1306 1316
540.392029 1307 1323 1338 1347 1345 1332 1316 1309 1310
540.405029 1319 1318 1336 1347 1334 1334 1315 1316 1315
540.419006 1315 1324 1333 1351 1345 1333 1329 1314 1321
540.432007 1323 1334 1345 1346 1348 1343 1320 1314 1318
540.445007 1325 1330 1351 1349 1354 1335 1328 1310 1310
540.458984 1321 1330 1352 1345 1343 1329 1325 1319 1315
540.471985 1323 1333 1348 1342 1350 1332 1326 1316 1324
540.486023 1325 1323 1341 1337 1348 1330 1331 1314 1318
540.499023 1321 1332 1338 1346 1347 1332 1315 1314 1319
540.513 1323 1337 1338 1347 1340 1339 1323 1320 1305
540.526001 1321 1329 1338 1348 1339 1324 1327 1319 1308
540.539978 1317 1328 1328 1345 1343 1334 1309 1311 1316
540.552979 1317 1334 1339 1340 1343 1328 1321 1314 1314
540.565979 1318 1331 1334 1348 1351 1341 1319 1310 1314
540.580017 1314 1328 1339 1344 1335 1328 1321 1306 1318
540.593018 1315 1328 1339 1334 1333 1333 1313 1306 1314
540.606995 1311 1327 1331 1333 1337 1335 1317 1317 1315
540.619995 1310 1326 1335 1338 1347 1336 1312 1308 1313
540.633972 1317 1323 1348 1344 1343 1328 1319 1311 1306
540.646973 1319 1319 1330 1345 1337 1330 1315 1315 1307
540.659973 1315 1320 1332 1357 1348 1330 1321 1314 1315
540.674011 1312 1316 1334 1339 1352 1335 1315 1308 1313
540.687012 1322 1324 1347 1347 1334 1335 1321 1310 1312
540.700989 1315 1321 1335 1342 1337 1336 1320 1310 1309
540.713989 1314 1322 1341 1340 1343 1326 1321 1311 1318
540.728027 1313 1328 1341 1345 1342 1331 1320 1309 1313
540.741028 1313 1324 1337 1348 1334 1330 1322 1313 1320
540.754028 1315 1325 1334 1346 1351 1331 1323 1308 1302
540.768005 1320 1326 1344 1352 1340 1329 1324 1307 1311
540.781006 1315 1329 1335 1347 1335 1327 1320 1311 1304
540.794983 1323 1318 1340 1338 1345 1337 1325 1307 1318
540.807983 1301 1320 1340 1342 1337 1330 1326 1308 1318
540.822021 1319 1326 1346 1350 1345 1326 1319 1312 1312
540.835022 1314 1323 1337 1344 1345 1327 1315 1305 1311
540.848022 1320 1335 1343 1340 1342 1329 1318 1310 1311
540.862 1313 1324 1341 1346 1342 1333 1318 1315 1317
540.875 1323 1326 1336 1344 1353 1324 1323 1315 1311
540.888977 1311 1332 1342 1345 1343 1334 1324 1297 1305
540.901978 1313 1326 1338 1346 1342 1342 1328 1303 1308
540.916016 1317 1318 1339 1360 1352 1337 1317 1313 1310
540.929016 1320 1323 1338 1363 1345 1346 1322 1306 1314
540.942017 1313 1318 1337 1350 1345 1336 1319 1307 1309
540.955994 1315 1328 1328 1348 1357 1330 1319 1305 1314
540.968994 1315 1321 1340 1356 1348 1328 1316 1312 1308
540.982971 1309 1321 1351 1369 1346 1351 1325 1311 1310
540.995972 1317 1324 1343 1355 1360 1336 1324 1307 1311
541.008972 1313 1325 1347 1338 1364 1336 1318 1309 1310
541.02301 1309 1323 1349 1349 1353 1337 1321 1306 1312
541.036011 1317 1337 1346 1350 1359 1334 1316 1308 1309
541.049988 1315 1333 1346 1358 1351 1345 1321 1312 1311
541.062988 1314 1329 1346 1363 1355 1334 1316 1310 1305
541.075989 1309 1340 1348 1361 1356 1344 1326 1307 1313
541.090027 1313 1333 1346 1368 1350 1350 1315 1312 1304
541.103027 1310 1329 1350 1350 1355 1343 1332 1308 1315
541.117004 1323 1328 1345 1354 1347 1342 1315 1310 1315
541.130005 1314 1335 1343 1349 1358 1328 1319 1310 1314
541.143982 1312 1330 1346 1355 1351 1338 1315 1309 1316
541.156982 1311 1326 1355 1355 1356 1345 1330 1309 1312
541.169983 1319 1329 1348 1351 1356 1334 1317 1314 1299
541.184021 1317 1324 1332 1363 1350 1342 1324 1307 1311
541.197021 1315 1320 1347 1346 1355 1338 1326 1314 1313
541.210999 1319 1325 1348 1353 1352 1336 1319 1312 1315
541.223999 1317 1324 1342 1351 1357 1339 1320 1316 1316
541.237 1315 1332 1341 1362 1346 1344 1309 1311 1320
541.250977 1317 1333 1341 1356 1350 1335 1320 1307 1310
541.263977 1322 1326 1349 1358 1347 1326 1323 1311 1320
541.278015 1317 1329 1348 1358 1349 1339 1325 1316 1315
541.291016 1310 1333 1343 1354 1347 1333 1321 1307 1307
541.304016 1315 1324 1339 1352 1337 1343 1320 1308 1310
541.317993 1317 1324 1350 1348 1353 1340 1329 1309 1311
541.330994 1317 1329 1337 1358 1347 1338 1332 1312 1318
541.344971 1314 1329 1347 1354 1352 1339 1321 1310 1313
541.357971 1313 1332 1335 1357 1341 1342 1330 1308 1305
541.370972 1311 1329 1332 1357 1341 1347 1315 1310 1309
541.38501 1317 1325 1344 1350 1353 1339 1320 1310 1316
541.39801 1319 1334 1342 1357 1348 1339 1318 1307 1307
541.411011 1314 1331 1332 1345 1345 1334 1320 1311 1310
541.424988 1312 1320 1346 1350 1346 1336 1326 1313 1308
541.437988 1305 1324 1344 1355 1341 1337 1316 1313 1314
541.452026 1320 1328 1339 1351 1346 1333 1316 1310 1309
541.465027 1316 1329 1340 1352 1353 1331 1313 1312 1316
541.478027 1327 1336 1342 1344 1343 1337 1316 1308 1316
541.492004 1316 1328 1342 1350 1343 1334 1316 1312 1323
541.505005 1313 1338 1333 1344 1350 1329 1315 1311 1319
541.518982 1305 1326 1336 1348 1349 1334 1321 1308 1316
541.531982 1319 1322 1341 1352 1339 1334 1325 1308 1311
541.544983 1315 1320 1344 1355 1342 1334 1313 1298 1320
541.559021 1318 1325 1341 1344 1336 1331 1326 1308 1313
541.572021 1320 1336 1341 1351 1341 1329 1320 1305 1314
541.585999 1318 1317 1337 1342 1346 1332 1313 1309 1317
541.598999 1318 1325 1333 1353 1343 1335 1324 1308 1310
541.612 1322 1325 1341 1348 1345 1337 1326 1307 1312
541.625977 1314 1328 1338 1351 1337 1338 1323 1309 1308
541.638977 1314 1323 1341 1348 1344 1337 1320 1303 1319
541.651978 1317 1326 1341 1346 1347 1337 1327 1315 1312
541.666016 1319 1329 1338 1346 1345 1337 1324 1311 1310
541.679016 1317 1332 1339 1349 1346 1340 1323 1312 1311
541.692993 1316 1330 1342 1350 1352 1331 1314 1306 1308
541.705994 1311 1325 1330 1340 1341 1336 1322 1306 1310
541.718994 1315 1331 1335 1356 1343 1332 1323 1306 1322
541.732971 1311 1331 1337 1334 1349 1334 1330 1309 1308
541.745972 1315 1326 1342 1347 1345 1328 1312 1312 1313
541.758972 1307 1318 1322 1333 1340 1328 1312 1303 1303
541.77301 1313 1330 1337 1348 1337 1329 1321 1302 1319
541.786011 1313 1326 1328 1339 1348 1337 1320 1314 1313
541.799988 1321 1328 1342 1341 1342 1335 1325 1301 1306
541.812988 1317 1329 1331 1343 1339 1339 1320 1309 1304
541.825989 1318 1326 1344 1340 1342 1325 1315 1300 1308
541.840027 1317 1325 1344 1348 1338 1333 1320 1307 1320
541.853027 1314 1320 1337 1342 1332 1329 1320 1323 1312
541.866028 1312 1326 1340 1347 1341 1336 1314 1302 1314
541.880005 1314 1312 1343 1341 1338 1326 1311 1305 1308
541.893005 1315 1331 1338 1353 1342 1329 1317 1307 1314
541.906006 1320 1325 1338 1342 1331 1333 1314 1315 1311
541.919983 1316 1334 1331 1352 1342 1323 1316 1311 1311
541.932983 1310 1320 1339 1344 1346 1332 1310 1312 1317
541.947021 1318 1324 1345 1342 1345 1337 1316 1316 1298
541.960022 1317 1325 1346 1353 1340 1326 1315 1305 1316
541.973022 1311 1315 1334 1345 1340 1330 1324 1309 1312
541.987 1319 1330 1329 1348 1339 1332 1326 1310 1312
542 1323 1323 1335 1345 1334 1333 1321 1304 1312
542.013 1314 1324 1334 1346 1345 1327 1317 1308 1308
542.026978 1310 1329 1340 1341 1343 1334 1323 1307 1313
542.039978 1310 1321 1342 1351 1336 1338 1317 1313 1313
542.052979 1316 1324 1335 1346 1336 1336 1317 1317 1313
542.067017 1317 1331 1320 1347 1342 1328 1313 1317 1309
542.080017 1324 1319 1333 1343 1342 1328 1314 1307 1316
542.093994 1309 1323 1340 1339 1350 1326 1318 1311 1303
542.106995 1314 1324 1325 1346 1339 1333 1310 1318 1308
542.119995 1315 1328 1339 1339 1341 1333 1324 1315 1310
542.133972 1305 1326 1337 1351 1340 1335 1318 1308 1312
542.146973 1310 1327 1336 1346 1338 1328 1313 1305 1305
542.159973 1313 1324 1340 1333 1335 1326 1316 1314 1314
542.174011 1314 1325 1338 1351 1339 1329 1324 1301 1314
542.187012 1312 1330 1338 1343 1344 1329 1317 1316 1313
542.200012 1324 1330 1338 1352 1344 1328 1313 1308 1310
542.213989 1317 1323 1349 1351 1344 1342 1321 1311 1302
542.22699 1321 1334 1342 1347 1345 1330 1321 1318 1316
542.23999 1317 1324 1344 1346 1341 1321 1321 1304 1310
542.254028 1317 1315 1342 1345 1343 1332 1319 1301 1302
542.267029 1323 1336 1336 1344 1339 1330 1314 1311 1309
542.280029 1312 1325 1337 1342 1346 1335 1318 1307 1310
542.294006 1320 1323 1332 1345 1346 1335 1316 1309 1304
542.307007 1313 1331 1351 1348 1342 1337 1324 1314 1308
542.320007 1324 1325 1342 1344 1361 1342 1322 1312 1309
542.333984 1318 1336 1339 1339 1344 1328 1322 1314 1315
542.346985 1310 1321 1340 1342 1354 1339 1322 1313 1307
542.359985 1313 1332 1339 1346 1339 1339 1317 1306 1309
542.374023 1318 1335 1342 1347 1346 1329 1314 1306 1308
542.387024 1322 1325 1338 1357 1345 1339 1326 1311 1313
542.400024 1316 1333 1341 1356 1341 1332 1316 1312 1316
542.414001 1316 1327 1346 1347 1346 1327 1314 1317 1314
542.427002 1332 1322 1338 1350 1343 1335 1317 1315 1305
542.440002 1317 1333 1339 1343 1337 1341 1323 1309 1314
542.453979 1327 1328 1341 1357 1348 1337 1315 1315 1310
542.46698 1320 1331 1343 1345 1346 1336 1324 1309 1316
542.47998 1320 1331 1329 1340 1341 1326 1314 1316 1320
542.494019 1318 1333 1341 1343 1346 1344 1324 1304 1305
542.507019 1314 1316 1337 1355 1346 1339 1317 1312 1309
542.52002 1318 1335 1358 1343 1353 1335 1324 1320 1309
542.533997 1318 1334 1343 1337 1345 1329 1316 1311 1316
542.546997 1322 1332 1346 1352 1345 1332 1318 1311 1311
542.559998 1318 1326 1331 1349 1347 1338 1318 1310 1307
542.573975 1325 1337 1334 1358 1347 1323 1321 1311 1309
542.586975 1314 1337 1335 1358 1346 1329 1324 1309 1314
542.599976 1314 1335 1346 1345 1348 1341 1311 1321 1316
542.614014 1314 1333 1342 1356 1352 1334 1326 1309 1303
542.627014 1319 1316 1337 1347 1358 1337 1319 1313 1315
542.640015 1310 1323 1342 1359 1344 1339 1322 1313 1318
542.653992 1316 1327 1337 1345 1347 1334 1325 1306 1310
542.666992 1315 1334 1340 1353 1347 1334 1321 1308 1316
542.679993 1304 1329 1348 1353 1349 1327 1328 1313 1307
542.69397 1321 1334 1339 1350 1343 1334 1324 1309 1307
542.70697 1313 1330 1332 1347 1348 1332 1317 1310 1315
542.719971 1316 1332 1348 1350 1351 1340 1318 1308 1319
542.734009 1312 1337 1342 1345 1351 1334 1322 1314 1318
542.747009 1309 1329 1352 1348 1341 1330 1320 1309 1313
542.76001 1314 1331 1332 1349 1348 1337 1317 1306 1309
542.773987 1319 1336 1348 1346 1352 1328 1320 1313 1310
542.786987 1308 1323 1337 1356 1338 1335 1319 1309 1312
542.799988 1313 1323 1345 1360 1343 1332 1322 1312 1309
542.812988 1322 1320 1346 1350 1345 1337 1315 1307 1315
542.827026 1314 1335 1345 1360 1344 1335 1325 1301 1308
542.840027 1314 1320 1342 1356 1336 1336 1316 1307 1314
542.853027 1318 1342 1338 1344 1344 1327 1324 1308 1308
542.867004 1321 1326 1337 1346 1349 1334 1315 1316 1308
542.880005 1320 1323 1341 1349 1349 1334 1313 1313 1311
542.893005 1311 1332 1347 1341 1351 1343 1316 1307 1308
542.906982 1314 1326 1344 1347 1340 1332 1320 1317 1312
542.919983 1311 1326 1337 1348 1356 1331 1313 1308 1306
542.932983 1316 1325 1348 1345 1348 1332 1322 1306 1309
542.947021 1321 1325 1350 1346 1352 1331 1319 1298 1314
542.960022 1313 1338 1339 1357 1342 1332 1322 1314 1314
542.973022 1314 1338 1344 1347 1346 1331 1319 1314 1314
542.987 1320 1332 1349 1348 1354 1341 1324 1312 1309
543 1318 1330 1341 1342 1350 1342 1326 1311 1317
543.013 1314 1322 1342 1349 1352 1327 1318 1312 1308
543.026001 1308 1325 1335 1356 1356 1335 1325 1312 1314
543.039978 1320 1328 1336 1344 1355 1328 1328 1314 1307
543.052979 1317 1328 1341 1361 1349 1344 1319 1310 1306
543.065979 1313 1333 1347 1360 1356 1333 1325 1304 1316
543.080017 1320 1326 1336 1354 1348 1337 1322 1306 1309
543.093018 1318 1331 1344 1356 1354 1349 1325 1314 1315
543.106018 1318 1327 1350 1365 1353 1337 1323 1310 1314
543.119995 1318 1331 1353 1368 1352 1349 1324 1309 1314
543.132996 1319 1326 1357 1363 1357 1340 1322 1308 1313
543.145996 1315 1331 1351 1380 1361 1350 1327 1312 1311
543.158997 1322 1333 1351 1358 1365 1344 1321 1320 1313
543.172974 1317 1332 1358 1377 1361 1343 1320 1311 1311
543.185974 1323 1337 1362 1375 1364 1361 1322 1317 1309
543.198975 1315 1336 1364 1375 1365 1356 1326 1308 1315
543.213013 1328 1336 1353 1367 1374 1346 1324 1313 1318
543.226013 1315 1338 1355 1378 1372 1348 1326 1317 1316
543.239014 1322 1342 1363 1369 1370 1346 1331 1314 1317
543.252014 1324 1341 1366 1372 1365 1354 1324 1307 1308
543.265991 1323 1339 1374 1373 1369 1361 1323 1311 1327
543.278992 1314 1346 1360 1365 1362 1354 1331 1316 1326
543.291992 1324 1332 1365 1379 1378 1352 1326 1310 1324
543.30603 1317 1348 1364 1376 1370 1351 1328 1315 1312
543.31897 1325 1340 1361 1372 1372 1344 1336 1312 1313
543.33197 1323 1332 1352 1373 1363 1351 1326 1321 1316
543.344971 1321 1350 1355 1364 1378 1354 1325 1315 1314
543.359009 1327 1343 1358 1384 1372 1350 1332 1317 1316
543.372009 1305 1337 1367 1378 1372 1348 1326 1319 1314
543.38501 1327 1346 1361 1379 1378 1364 1331 1306 1317
543.398987 1318 1342 1370 1376 1380 1348 1328 1309 1321
543.411987 1319 1335 1365 1384 1385 1363 1336 1308 1324
543.424988 1322 1346 1369 1382 1383 1357 1330 1309 1315
543.437988 1320 1338 1384 1384 1393 1355 1331 1320 1321
543.452026 1329 1347 1379 1392 1403 1368 1334 1312 1320
543.465027 1322 1352 1397 1405 1393 1389 1336 1308 1311
543.478027 1331 1352 1402 1416 1409 1382 1335 1309 1324
543.491028 1325 1354 1421 1452 1425 1394 1344 1317 1319
543.505005 1330 1373 1438 1456 1460 1414 1357 1319 1323
543.518005 1326 1386 1443 1505 1476 1416 1356 1313 1327
543.531006 1330 1397 1480 1508 1503 1448 1364 1321 1319
543.544983 1337 1390 1482 1509 1508 1450 1356 1318 1323
543.557983 1339 1404 1490 1537 1520 1442 1377 1321 1323
543.570984 1330 1405 1470 1529 1510 1444 1375 1318 1325
543.583984 1339 1391 1470 1505 1486 1428 1360 1318 1319
543.598022 1333 1387 1440 1483 1473 1414 1343 1322 1322
543.611023 1330 1377 1422 1461 1449 1395 1347 1322 1314
543.624023 1322 1358 1408 1429 1421 1379 1340 1319 1314
543.637024 1325 1358 1388 1402 1400 1384 1329 1317 1318
543.651001 1328 1347 1386 1389 1379 1365 1330 1311 1320
543.664001 1318 1347 1370 1384 1381 1357 1332 1317 1308
543.677002 1318 1330 1372 1381 1375 1344 1334 1310 1315
543.690002 1327 1331 1354 1371 1361 1352 1328 1311 1309
543.703979 1323 1337 1359 1372 1369 1336 1319 1307 1312
543.71698 1327 1337 1362 1382 1352 1347 1337 1309 1311
543.72998 1317 1336 1345 1370 1357 1351 1313 1311 1312
543.744019 1305 1342 1351 1348 1359 1342 1319 1317 1322
543.757019 1316 1334 1352 1362 1359 1342 1326 1313 1313
543.77002 1327 1328 1341 1354 1353 1335 1324 1307 1301
543.78302 1314 1326 1349 1357 1366 1328 1328 1313 1308
543.796997 1310 1337 1348 1350 1351 1337 1324 1316 1314
543.809998 1322 1333 1342 1366 1346 1339 1310 1309 1313
543.822998 1317 1324 1344 1356 1353 1335 1316 1315 1313
543.835999 1316 1328 1354 1353 1346 1333 1315 1314 1311
543.849976 1316 1330 1341 1360 1338 1341 1316 1306 1312
543.862976 1318 1334 1352 1354 1356 1327 1321 1319 1299
543.875977 1314 1324 1348 1361 1350 1341 1311 1304 1312
543.888977 1318 1323 1352 1357 1354 1330 1325 1317 1310
543.903015 1324 1326 1341 1348 1357 1335 1319 1305 1305
543.916016 1314 1333 1340 1351 1352 1338 1315 1310 1312
543.929016 1311 1334 1352 1363 1351 1331 1322 1312 1318
543.942017 1319 1339 1343 1356 1352 1339 1318 1313 1309
543.955994 1317 1329 1352 1358 1351 1342 1317 1309 1316
543.968994 1316 1330 1344 1352 1344 1342 1330 1304 1312
543.981995 1316 1334 1347 1354 1358 1345 1317 1307 1319
543.994995 1317 1336 1346 1355 1356 1345 1325 1313 1316
544.008972 1316 1325 1346 1350 1345 1332 1315 1314 1308
544.021973 1316 1333 1353 1348 1351 1337 1316 1304 1300
544.034973 1311 1327 1338 1356 1354 1332 1319 1310 1317
544.047974 1308 1329 1346 1360 1354 1336 1317 1302 1312
544.062012 1316 1337 1347 1355 1346 1336 1320 1306 1311
544.075012 1307 1328 1345 1351 1342 1337 1322 1306 1304
544.088013 1319 1335 1348 1352 1346 1334 1320 1311 1315
544.101013 1315 1333 1345 1345 1346 1335 1322 1315 1314
544.11499 1318 1330 1339 1361 1344 1334 1318 1310 1301
544.127991 1314 1326 1340 1345 1345 1337 1315 1314 1306
544.140991 1326 1328 1341 1349 1342 1340 1322 1307 1315
544.153992 1314 1326 1352 1354 1360 1339 1323 1306 1298
544.166992 1308 1327 1341 1355 1348 1329 1324 1307 1313
544.18103 1315 1326 1339 1344 1352 1336 1315 1305 1305
544.19397 1324 1335 1338 1360 1345 1337 1319 1311 1308
544.20697 1314 1334 1350 1356 1358 1336 1319 1314 1312
544.219971 1309 1327 1348 1344 1350 1328 1315 1302 1308
544.234009 1311 1331 1339 1353 1348 1328 1322 1314 1317
544.247009 1309 1338 1344 1356 1349 1332 1323 1307 1318
544.26001 1311 1316 1339 1358 1357 1334 1308 1314 1315
544.27301 1310 1330 1338 1362 1345 1330 1315 1312 1315
544.286987 1315 1326 1340 1344 1358 1340 1322 1314 1307
544.299988 1316 1332 1347 1349 1342 1335 1324 1309 1307
544.312988 1317 1329 1345 1353 1353 1339 1319 1305 1302
544.325989 1319 1327 1352 1359 1356 1334 1319 1308 1307
544.338989 1318 1337 1335 1351 1351 1332 1322 1311 1307
544.353027 1314 1329 1336 1354 1348 1342 1321 1308 1308
544.366028 1311 1333 1356 1347 1341 1337 1320 1310 1312
544.379028 1311 1325 1351 1340 1341 1337 1325 1315 1319
544.392029 1321 1325 1338 1350 1353 1341 1321 1317 1308
544.406006 1314 1325 1338 1357 1343 1337 1316 1308 1308
544.419006 1322 1327 1341 1353 1353 1333 1324 1310 1324
544.432007 1313 1329 1340 1342 1341 1335 1317 1306 1310
544.445007 1311 1323 1338 1350 1353 1340 1321 1307 1310
544.458008 1315 1323 1346 1349 1349 1338 1321 1308 1311
544.471985 1308 1318 1345 1350 1355 1338 1317 1310 1307
544.484985 1316 1325 1345 1349 1347 1328 1312 1303 1305
544.497986 1315 1333 1339 1357 1364 1331 1322 1307 1315
544.510986 1319 1319 1346 1358 1353 1338 1312 1307 1309
544.525024 1307 1328 1334 1356 1357 1339 1321 1301 1301
544.538025 1317 1333 1354 1353 1358 1336 1317 1305 1313
544.551025 1325 1319 1355 1348 1338 1338 1325 1302 1310
544.564026 1317 1330 1343 1351 1346 1350 1316 1311 1308
544.577026 1319 1325 1344 1354 1352 1336 1321 1313 1310
544.591003 1321 1322 1342 1362 1358 1334 1317 1303 1313
544.604004 1315 1329 1345 1352 1351 1347 1320 1311 1300
544.617004 1321 1338 1340 1349 1349 1334 1316 1304 1311
544.630005 1305 1322 1352 1361 1351 1339 1316 1315 1317
544.643005 1312 1339 1339 1369 1341 1341 1319 1301 1306
544.656982 1309 1326 1357 1357 1351 1326 1319 1313 1314
544.669983 1313 1335 1339 1350 1351 1336 1319 1313 1310
544.682983 1314 1323 1330 1354 1352 1347 1327 1311 1306
544.695984 1321 1329 1349 1346 1345 1344 1320 1307 1305
544.710022 1325 1324 1344 1352 1352 1343 1324 1311 1314
544.723022 1313 1328 1351 1363 1355 1333 1323 1313 1312
544.736023 1310 1334 1342 1349 1350 1324 1321 1310 1307
544.749023 1312 1322 1348 1355 1353 1345 1314 1305 1310
544.762024 1317 1333 1345 1352 1348 1340 1322 1304 1306
544.776001 1317 1320 1350 1352 1339 1326 1316 1312 1308
544.789001 1319 1331 1349 1357 1351 1334 1326 1303 1309
544.802002 1314 1336 1341 1358 1342 1341 1318 1310 1310
544.815002 1313 1331 1335 1356 1358 1334 1316 1311 1307
544.828003 1311 1334 1342 1353 1348 1332 1317 1311 1309
544.84198 1310 1333 1353 1351 1347 1338 1312 1309 1315
544.85498 1314 1324 1348 1346 1354 1347 1321 1307 1314
544.867981 1320 1326 1338 1348 1357 1346 1325 1311 1314
544.880981 1317 1317 1355 1349 1353 1341 1315 1310 1308
544.893982 1319 1332 1343 1349 1361 1336 1313 1306 1312
544.90802 1313 1326 1346 1367 1359 1345 1327 1309 1310
544.921021 1313 1327 1356 1361 1361 1341 1320 1308 1302
544.934021 1319 1341 1348 1363 1360 1343 1318 1312 1308
544.947021 1321 1337 1348 1353 1353 1346 1326 1309 1311
544.960022 1323 1330 1346 1361 1356 1342 1317 1318 1314
544.973022 1318 1330 1349 1359 1361 1349 1326 1313 1315
544.987 1327 1331 1352 1364 1357 1342 1321 1309 1311
545 1313 1330 1349 1357 1363 1338 1324 1319 1313
545.013 1330 1332 1344 1370 1363 1340 1320 1309 1304
545.026001 1317 1326 1355 1363 1359 1347 1320 1308 1308
545.039001 1315 1335 1354 1360 1348 1344 1319 1311 1313
545.052979 1318 1325 1343 1363 1363 1343 1322 1307 1305
545.065979 1320 1329 1358 1366 1371 1338 1318 1310 1313
545.078979 1320 1339 1351 1382 1359 1332 1324 1309 1308
545.09198 1309 1335 1358 1369 1360 1343 1313 1302 1317
545.10498 1318 1329 1348 1365 1365 1351 1319 1311 1309
545.117981 1317 1339 1346 1355 1354 1347 1317 1312 1308
545.132019 1320 1326 1346 1370 1357 1343 1328 1318 1305
545.14502 1311 1335 1354 1367 1361 1348 1323 1305 1298
545.15802 1319 1331 1345 1361 1368 1354 1331 1308 1308
545.171021 1315 1325 1346 1368 1360 1350 1314 1310 1319
545.184021 1319 1336 1355 1355 1356 1349 1322 1312 1302
545.197998 1316 1338 1353 1358 1355 1339 1322 1306 1309
545.210999 1316 1342 1354 1368 1364 1345 1313 1309 1313
545.223999 1310 1327 1343 1352 1369 1336 1324 1305 1303
545.237 1313 1336 1348 1362 1358 1346 1313 1313 1301
545.25 1316 1336 1358 1360 1362 1339 1322 1312 1311
545.263 1315 1320 1343 1352 1364 1344 1314 1309 1313
545.276978 1317 1340 1348 1372 1359 1343 1329 1306 1313
545.289978 1321 1327 1347 1362 1364 1342 1321 1302 1316
545.302979 1315 1331 1351 1365 1367 1340 1326 1306 1306
545.315979 1313 1345 1355 1368 1346 1341 1323 1309 1306
545.328979 1308 1328 1345 1367 1361 1344 1332 1309 1302
545.34198 1317 1328 1350 1362 1361 1341 1321 1303 1312
545.356018 1311 1339 1356 1360 1352 1335 1320 1309 1313
545.369019 1313 1335 1347 1368 1352 1344 1324 1306 1308
545.382019 1313 1329 1350 1368 1353 1347 1319 1311 1303
545.39502 1313 1330 1343 1362 1348 1334 1311 1308 1307
545.40802 1319 1328 1343 1352 1340 1340 1312 1309 1308
545.421021 1308 1324 1343 1354 1350 1337 1316 1308 1305
545.434998 1311 1333 1339 1352 1341 1338 1317 1307 1306
545.447998 1321 1333 1347 1361 1351 1330 1317 1305 1305
545.460999 1319 1329 1339 1359 1354 1343 1310 1306 1306
545.473999 1311 1324 1347 1355 1353 1335 1319 1303 1306
545.487 1310 1331 1337 1350 1344 1337 1317 1302 1302
545.5 1315 1319 1336 1342 1351 1336 1310 1306 1302
545.513977 1307 1327 1344 1345 1344 1324 1312 1311 1305
545.526978 1316 1334 1352 1348 1341 1334 1319 1302 1307
545.539978 1307 1318 1338 1347 1343 1335 1317 1302 1305
545.552979 1301 1334 1337 1341 1346 1328 1307 1304 1303
545.565979 1311 1320 1338 1336 1346 1332 1301 1309 1302
545.578979 1305 1321 1338 1346 1340 1320 1307 1306 1313
545.593018 1311 1318 1332 1348 1342 1323 1315 1305 1308
545.606018 1307 1328 1329 1344 1331 1328 1314 1307 1309
545.619019 1318 1332 1333 1341 1336 1331 1313 1298 1306
545.632019 1302 1323 1325 1343 1345 1327 1303 1303 1312
545.64502 1315 1323 1331 1335 1346 1321 1320 1311 1308
545.65802 1312 1323 1324 1342 1343 1322 1318 1300 1302
545.671021 1311 1321 1338 1350 1337 1310 1315 1302 1301
545.684998 1312 1326 1335 1342 1332 1321 1305 1308 1312
545.697998 1311 1313 1330 1343 1334 1333 1319 1308 1312
545.710999 1312 1319 1333 1331 1346 1323 1311 1305 1303
545.723999 1316 1318 1333 1329 1336 1323 1309 1309 1303
545.737 1309 1320 1325 1339 1329 1318 1308 1301 1307
545.75 1311 1319 1329 1347 1324 1319 1316 1301 1305
545.763 1315 1313 1340 1333 1333 1318 1305 1300 1302
545.776978 1313 1329 1329 1339 1330 1329 1325 1300 1308
545.789978 1310 1316 1330 1337 1325 1322 1315 1310 1303
545.802979 1318 1323 1335 1326 1323 1323 1318 1307 1302
545.815979 1309 1328 1327 1338 1336 1315 1306 1309 1306
545.828979 1308 1325 1329 1346 1329 1312 1311 1302 1306
545.84198 1312 1327 1335 1334 1334 1336 1316 1306 1304
545.85498 1302 1322 1329 1344 1321 1325 1308 1299 1301
545.869019 1314 1317 1331 1332 1336 1319 1309 1306 1304
545.882019 1313 1319 1332 1331 1324 1322 1302 1312 1308
545.89502 1311 1314 1325 1335 1334 1317 1311 1304 1297
545.90802 1300 1317 1332 1345 1334 1329 1314 1305 1302
545.921021 1310 1317 1329 1333 1335 1331 1314 1308 1306
545.934021 1305 1320 1328 1340 1327 1329 1319 1301 1309
545.947021 1312 1314 1327 1336 1331 1323 1315 1304 1307
545.960022 1309 1314 1333 1331 1339 1322 1308 1307 1305
545.973999 1311 1325 1320 1339 1329 1320 1311 1307 1307
545.987 1314 1325 1316 1327 1330 1326 1308 1302 1307
546 1319 1316 1327 1333 1335 1320 1314 1306 1306
546.013 1311 1315 1328 1343 1335 1318 1311 1305 1303
546.026001 1319 1321 1327 1329 1332 1324 1312 1301 1310
546.039001 1314 1325 1330 1329 1332 1317 1326 1306 1300
546.052002 1307 1317 1329 1326 1332 1329 1318 1305 1299
546.065002 1311 1326 1317 1327 1329 1317 1306 1298 1301
546.078979 1309 1316 1325 1333 1332 1324 1311 1299 1307
546.09198 1306 1318 1323 1332 1333 1314 1307 1302 1301
546.10498 1311 1318 1317 1336 1337 1325 1313 1299 1307
546.117981 1319 1306 1318 1341 1339 1326 1311 1301 1303
546.130981 1314 1319 1323 1328 1321 1325 1311 1299 1309
546.143982 1310 1314 1328 1330 1332 1316 1311 1305 1302
546.156982 1310 1304 1323 1329 1335 1315 1317 1307 1303
546.169983 1312 1307 1326 1329 1328 1324 1306 1304 1300
546.184021 1304 1319 1321 1332 1330 1327 1310 1302 1311
546.197021 1310 1325 1320 1340 1326 1313 1305 1303 1300
546.210022 1309 1315 1320 1331 1329 1312 1313 1305 1303
546.223022 1312 1324 1325 1333 1327 1320 1322 1307 1297
546.236023 1312 1311 1330 1326 1322 1320 1312 1305 1307
546.249023 1314 1318 1326 1334 1336 1323 1306 1299 1306
546.262024 1307 1321 1330 1345 1331 1319 1312 1302 1303
546.275024 1312 1325 1335 1324 1337 1321 1316 1310 1301
546.289001 1312 1321 1325 1330 1331 1316 1312 1297 1309
546.302002 1309 1319 1327 1328 1326 1324 1307 1311 1301
546.315002 1310 1324 1332 1328 1327 1318 1315 1301 1308
546.328003 1310 1320 1320 1332 1320 1322 1303 1297 1306
546.341003 1311 1313 1324 1321 1325 1313 1311 1307 1302
546.354004 1306 1310 1320 1322 1332 1323 1322 1304 1302
546.367004 1304 1319 1326 1331 1327 1325 1304 1302 1301
546.380005 1308 1316 1327 1325 1335 1319 1307 1308 1310
546.393005 1308 1324 1324 1327 1329 1318 1313 1296 1304
546.406006 1317 1317 1323 1331 1319 1319 1306 1310 1305
546.419983 1315 1320 1322 1327 1329 1310 1311 1313 1314
546.432983 1311 1319 1323 1327 1327 1320 1314 1307 1304
546.445984 1305 1321 1334 1331 1328 1328 1311 1304 1305
546.458984 1320 1318 1330 1334 1327 1321 1304 1307 1310
546.471985 1307 1321 1318 1322 1327 1326 1306 1302 1309
546.484985 1310 1323 1330 1319 1330 1324 1314 1311 1304
546.497986 1319 1315 1322 1330 1329 1320 1304 1305 1304
546.510986 1311 1323 1323 1325 1330 1312 1308 1310 1300
546.523987 1312 1317 1329 1331 1331 1318 1306 1312 1311
546.536987 1305 1327 1327 1333 1324 1312 1310 1310 1305
546.551025 1310 1311 1315 1317 1336 1315 1310 1311 1305
546.564026 1312 1311 1321 1324 1325 1313 1310 1305 1307
546.577026 1307 1314 1324 1334 1324 1320 1310 1300 1308
546.590027 1313 1321 1319 1331 1336 1321 1312 1311 1302
546.603027 1307 1318 1318 1333 1326 1315 1309 1302 1307
546.616028 1313 1313 1317 1323 1320 1325 1312 1303 1306
546.629028 1313 1312 1329 1332 1327 1322 1309 1305 1304
546.642029 1311 1320 1332 1327 1328 1319 1311 1303 1305
546.655029 1315 1308 1323 1320 1328 1327 1308 1304 1307
546.66803 1312 1316 1322 1326 1323 1318 1310 1304 1314
546.682007 1314 1313 1322 1328 1327 1313 1304 1304 1310
546.695007 1310 1325 1316 1327 1320 1320 1309 1302 1302
546.708008 1312 1323 1321 1320 1324 1326 1318 1306 1309
546.721008 1324 1322 1321 1324 1325 1320 1323 1310 1314
546.734009 1309 1320 1323 1322 1333 1319 1309 1305 1307
546.747009 1313 1320 1331 1326 1323 1310 1311 1299 1313
546.76001 1311 1317 1316 1321 1322 1317 1313 1314 1302
546.77301 1320 1318 1320 1327 1323 1319 1320 1307 1311
546.786011 1315 1322 1321 1321 1324 1317 1307 1314 1302
546.799011 1313 1317 1329 1319 1327 1313 1312 1305 1311
546.812012 1323 1318 1317 1325 1317 1323 1314 1312 1308
546.825012 1311 1313 1323 1334 1327 1317 1310 1311 1311
546.838989 1316 1322 1317 1321 1325 1317 1312 1307 1308
546.85199 1314 1313 1331 1326 1321 1312 1317 1309 1310
546.86499 1312 1314 1317 1320 1324 1322 1307 1303 1320
546.877991 1309 1328 1320 1323 1314 1320 1310 1314 1314
546.890991 1318 1322 1320 1321 1322 1320 1317 1312 1313
546.903992 1314 1318 1314 1324 1325 1316 1311 1315 1312
546.916992 1309 1307 1320 1325 1321 1320 1309 1309 1319
546.929993 1305 1316 1312 1317 1331 1326 1319 1311 1309
546.942993 1315 1321 1319 1318 1327 1318 1313 1312 1318
546.955994 1313 1327 1320 1325 1326 1322 1318 1309 1316
546.968994 1315 1315 1314 1325 1323 1318 1309 1310 1307
546.981995 1309 1321 1328 1324 1316 1322 1317 1315 1311
546.994995 1312 1316 1326 1326 1322 1314 1311 1312 1316
547.007996 1312 1324 1326 1326 1328 1313 1320 1314 1311
547.020996 1321 1312 1316 1326 1323 1310 1316 1314 1309
547.034973 1320 1324 1322 1324 1320 1322 1319 1317 1314
547.047974 1324 1317 1331 1327 1322 1323 1318 1313 1317
547.060974 1320 1325 1316 1325 1327 1325 1323 1311 1323
547.073975 1321 1330 1316 1326 1322 1323 1324 1325 1307
547.086975 1318 1329 1318 1325 1315 1335 1326 1325 1319
547.099976 1325 1324 1332 1320 1318 1318 1318 1323 1328
547.112976 1328 1332 1323 1314 1332 1321 1326 1314 1324
547.125977 1337 1327 1326 1326 1322 1328 1332 1323 1322
547.138977 1335 1323 1326 1328 1329 1322 1331 1346 1334
547.151978 1335 1331 1333 1312 1323 1325 1335 1332 1331
547.164978 1339 1342 1325 1319 1324 1337 1342 1350 1341
547.177979 1347 1338 1324 1317 1328 1336 1338 1356 1341
547.190979 1347 1348 1330 1324 1323 1336 1360 1354 1361
547.203979 1355 1347 1332 1318 1321 1338 1357 1364 1368
547.21698 1368 1346 1334 1326 1328 1335 1353 1374 1362
547.22998 1355 1347 1325 1319 1338 1343 1356 1382 1366
547.244019 1361 1350 1335 1324 1329 1345 1367 1373 1368
547.257019 1365 1348 1329 1319 1319 1339 1355 1364 1372
547.27002 1357 1342 1336 1330 1336 1339 1366 1372 1349
547.28302 1345 1344 1330 1313 1328 1343 1344 1372 1357
547.296021 1360 1343 1327 1329 1320 1343 1347 1356 1351
547.309021 1355 1352 1331 1313 1319 1335 1353 1366 1356
547.322021 1352 1340 1329 1323 1330 1332 1360 1358 1355
547.335022 1343 1345 1333 1329 1332 1333 1352 1356 1361
547.348022 1358 1343 1331 1318 1324 1339 1353 1363 1352
547.361023 1362 1342 1341 1312 1325 1339 1357 1366 1362
547.374023 1373 1347 1325 1326 1323 1338 1366 1371 1377
547.387024 1363 1352 1326 1320 1328 1340 1360 1379 1368
547.400024 1368 1353 1336 1322 1321 1344 1379 1379 1369
547.413025 1373 1355 1335 1318 1330 1349 1372 1392 1385
547.426025 1386 1351 1341 1322 1323 1346 1372 1392 1388
547.439026 1403 1366 1333 1322 1317 1357 1391 1393 1415
547.452026 1403 1369 1349 1318 1316 1353 1396 1420 1411
547.465027 1417 1391 1347 1321 1336 1353 1410 1421 1419
547.478027 1429 1379 1350 1311 1328 1365 1413 1441 1449
547.491028 1429 1396 1345 1320 1335 1382 1429 1454 1461
547.504028 1452 1406 1358 1322 1333 1380 1441 1463 1459
547.518005 1462 1417 1365 1317 1338 1401 1458 1502 1467
547.531006 1503 1428 1371 1338 1337 1397 1481 1539 1517
547.544006 1523 1464 1371 1320 1346 1405 1513 1563 1550
547.557007 1570 1485 1389 1328 1357 1430 1549 1593 1592
547.570007 1633 1509 1387 1325 1341 1459 1585 1656 1629
547.583008 1666 1548 1408 1334 1352 1485 1636 1727 1705
547.596008 1744 1609 1440 1334 1369 1518 1699 1811 1785
547.609009 1812 1665 1474 1337 1367 1563 1826 1939 1847
547.622009 1968 1754 1476 1336 1384 1616 1882 2072 2011
547.63501 2101 1840 1531 1334 1402 1700 2028 2245 2191
547.64801 2287 1959 1589 1354 1433 1802 2229 2512 2412
547.661011 2624 2156 1668 1364 1463 1939 2526 2818 2697
547.674011 2972 2359 1761 1361 1503 2089 2797 3276 3167
547.687012 3398 2643 1876 1372 1545 2279 3173 3713 3584
547.700012 3800 2950 1973 1384 1592 2480 3591 4209 4048
547.713013 4258 3199 2087 1405 1645 2685 4013 4735 4553
547.726013 4579 3426 2195 1408 1691 2853 4377 5175 4846
547.739014 4609 3513 2222 1408 1677 2944 4425 5353 5056
547.752014 4500 3424 2181 1397 1675 2850 4301 5195 4883
547.765015 4186 3150 2074 1400 1628 2679 3983 4674 4446
547.778015 3725 2851 1935 1375 1588 2418 3567 4153 3930
547.791016 3188 2560 1816 1368 1537 2242 3109 3602 3447
547.804016 2807 2290 1712 1360 1500 2046 2749 3223 2967
547.817017 2586 2134 1632 1351 1453 1911 2469 2800 2627
547.830017 2303 1960 1581 1343 1434 1822 2243 2509 2379
547.843018 2112 1848 1526 1341 1396 1706 2051 2258 2175
547.856018 1973 1745 1490 1331 1398 1620 1934 2123 2035
547.869019 1874 1678 1474 1332 1380 1608 1848 2004 1931
547.882019 1794 1625 1449 1328 1366 1533 1775 1880 1828
547.89502 1730 1594 1428 1322 1362 1507 1699 1787 1749
547.90802 1677 1547 1422 1328 1361 1492 1651 1734 1709
547.921021 1636 1514 1410 1329 1356 1478 1613 1699 1671
547.934021 1604 1491 1400 1330 1352 1441 1576 1650 1615
547.947021 1565 1496 1389 1328 1352 1444 1554 1629 1592
547.960022 1545 1477 1374 1329 1346 1420 1531 1600 1540
547.973022 1530 1459 1381 1326 1336 1413 1500 1566 1540
547.986023 1501 1438 1358 1323 1337 1409 1498 1542 1529
547.999023 1484 1435 1371 1322 1340 1404 1462 1526 1482
548.012024 1468 1424 1365 1316 1325 1389 1464 1500 1486
548.025024 1457 1403 1356 1316 1333 1378 1439 1479 1463
548.038025 1445 1404 1354 1324 1338 1381 1446 1485 1452
548.051025 1432 1393 1344 1328 1331 1387 1426 1463 1436
548.064026 1421 1385 1340 1319 1331 1371 1418 1458 1440
548.077026 1432 1391 1349 1323 1318 1374 1413 1457 1430
548.090027 1426 1372 1337 1314 1321 1363 1416 1430 1426
548.103027 1412 1374 1348 1323 1321 1350 1410 1432 1402
548.116028 1404 1372 1338 1310 1321 1350 1385 1429 1413
548.129028 1403 1372 1333 1319 1323 1357 1385 1415 1400
548.142029 1393 1358 1331 1319 1326 1351 1382 1405 1398
548.155029 1384 1357 1333 1312 1321 1347 1376 1402 1405
548.16803 1373 1361 1327 1320 1321 1348 1390 1394 1380
548.18103 1378 1357 1337 1312 1313 1345 1363 1382 1380
548.19397 1380 1347 1338 1323 1317 1336 1370 1383 1371
548.20697 1363 1348 1337 1314 1312 1332 1366 1379 1390
548.219971 1378 1359 1329 1316 1318 1340 1352 1376 1374
548.232971 1361 1355 1330 1323 1319 1341 1355 1377 1368
548.245972 1358 1352 1324 1327 1319 1326 1358 1371 1359
548.258972 1353 1346 1319 1313 1321 1338 1357 1377 1364
548.271973 1357 1350 1319 1313 1324 1338 1353 1357 1359
548.284973 1353 1339 1335 1319 1325 1342 1353 1362 1356
548.297974 1356 1348 1329 1321 1320 1329 1354 1366 1365
548.310974 1347 1340 1325 1312 1324 1332 1349 1355 1359
548.323975 1351 1339 1312 1321 1324 1341 1349 1359 1352
548.336975 1345 1349 1317 1327 1325 1331 1358 1358 1347
548.349976 1351 1345 1330 1323 1320 1332 1344 1350 1349
548.362976 1349 1341 1322 1322 1316 1316 1343 1354 1346
548.375977 1355 1338 1326 1309 1315 1324 1347 1355 1344
548.388977 1349 1339 1319 1324 1319 1330 1336 1347 1355
548.401978 1338 1330 1327 1323 1308 1325 1339 1345 1347
548.414978 1348 1331 1324 1326 1314 1335 1341 1341 1339
548.427979 1343 1334 1318 1320 1318 1327 1340 1342 1334
548.440979 1341 1328 1320 1314 1312 1324 1340 1330 1347
548.453979 1335 1333 1318 1308 1321 1332 1334 1341 1341
548.46698 1332 1330 1337 1311 1314 1321 1331 1339 1329
548.47998 1329 1323 1314 1312 1319 1327 1329 1338 1335
548.492981 1322 1323 1316 1321 1319 1322 1329 1340 1335
548.505981 1339 1323 1317 1320 1310 1321 1323 1340 1336
548.518982 1328 1325 1319 1313 1314 1322 1336 1335 1332
548.531982 1335 1333 1317 1315 1312 1321 1326 1329 1332
548.544983 1325 1330 1318 1319 1313 1323 1333 1326 1330
548.557983 1333 1334 1319 1315 1312 1324 1328 1336 1335
548.570984 1323 1327 1317 1316 1319 1323 1329 1335 1333
548.583984 1320 1324 1320 1317 1321 1328 1317 1331 1336
548.596985 1326 1325 1318 1309 1317 1322 1324 1327 1333
548.609985 1330 1326 1322 1315 1311 1328 1331 1331 1330
548.622986 1334 1323 1322 1311 1323 1310 1328 1329 1312
548.635986 1324 1329 1316 1308 1312 1316 1323 1330 1325
548.648987 1325 1327 1322 1308 1318 1308 1328 1325 1323
548.661987 1328 1325 1320 1318 1310 1312 1317 1329 1314
548.674988 1330 1318 1318 1317 1312 1319 1317 1321 1320
548.687988 1327 1324 1325 1316 1331 1324 1323 1323 1323
548.700989 1326 1331 1321 1316 1308 1316 1317 1325 1312
548.713989 1330 1317 1323 1312 1321 1316 1318 1329 1327
548.72699 1323 1325 1319 1315 1321 1318 1325 1320 1314
548.739014 1323 1318 1309 1311 1321 1315 1332 1324 1317
