0 11.25 22.5 33.75 45 56.25 67.5 78.75 90
535.080017 1266 1265 1270 1268 1270 1269 1265 1267 1268
535.093994 1270 1268 1267 1266 1265 1265 1267 1268 1268
535.106995 1268 1267 1264 1267 1268 1269 1266 1263 1267
535.120972 1269 1266 1265 1267 1270 1266 1263 1264 1267
535.13501 1265 1265 1266 1269 1265 1268 1267 1267 1269
535.148987 1264 1264 1265 1268 1263 1269 1267 1266 1268
535.161987 1267 1266 1264 1264 1266 1268 1267 1265 1267
535.176025 1267 1265 1267 1263 1266 1267 1266 1266 1266
535.190002 1267 1265 1266 1264 1269 1264 1266 1265 1265
535.203003 1264 1266 1267 1268 1267 1265 1266 1266 1264
535.21698 1266 1267 1265 1265 1265 1266 1265 1265 1265
535.231018 1264 1264 1264 1268 1265 1265 1266 1265 1266
535.244995 1263 1265 1267 1267 1265 1264 1266 1264 1266
535.257996 1264 1263 1266 1265 1264 1263 1266 1262 1264
535.271973 1266 1264 1266 1263 1263 1265 1267 1267 1266
535.286011 1268 1263 1266 1265 1266 1267 1262 1264 1265
535.299011 1266 1267 1266 1263 1263 1265 1266 1264 1264
535.312988 1265 1268 1264 1267 1267 1263 1261 1265 1264
535.327026 1268 1266 1267 1265 1266 1264 1263 1263 1263
535.341003 1264 1266 1261 1266 1262 1266 1268 1269 1262
535.354004 1260 1265 1263 1266 1265 1266 1265 1264 1261
535.367981 1263 1264 1263 1266 1263 1265 1267 1262 1263
535.382019 1267 1267 1264 1266 1264 1264 1263 1262 1266
535.39502 1264 1265 1266 1266 1265 1266 1264 1268 1267
535.408997 1265 1265 1265 1262 1264 1264 1266 1266 1265
535.422974 1263 1267 1265 1265 1264 1264 1263 1265 1265
535.435974 1265 1262 1264 1265 1265 1265 1265 1265 1262
535.450012 1264 1261 1263 1265 1263 1266 1267 1265 1265
535.463989 1264 1263 1265 1265 1265 1265 1265 1266 1265
535.478027 1265 1262 1266 1264 1267 1264 1262 1265 1267
535.491028 1267 1268 1266 1266 1262 1264 1264 1263 1267
535.505005 1267 1267 1264 1265 1265 1264 1265 1263 1265
535.518982 1262 1266 1265 1265 1267 1263 1262 1264 1262
535.531982 1263 1263 1264 1265 1263 1267 1265 1265 1264
535.546021 1263 1264 1266 1264 1266 1264 1265 1261 1263
535.559998 1265 1262 1263 1264 1266 1264 1265 1265 1264
535.572998 1265 1264 1265 1263 1262 1265 1261 1262 1265
535.586975 1263 1263 1266 1263 1266 1267 1267 1264 1266
535.601013 1268 1265 1264 1266 1263 1264 1266 1264 1263
535.61499 1263 1262 1265 1264 1265 1267 1266 1267 1261
535.627991 1265 1262 1265 1266 1261 1266 1265 1266 1261
535.642029 1261 1265 1263 1264 1266 1266 1265 1266 1265
535.656006 1265 1266 1266 1265 1264 1264 1267 1262 1266
535.669006 1266 1262 1265 1267 1268 1265 1265 1263 1263
535.682983 1268 1266 1265 1262 1267 1264 1263 1264 1265
535.697021 1263 1266 1264 1268 1262 1262 1264 1260 1268
535.710022 1264 1262 1267 1266 1265 1267 1265 1263 1263
535.723999 1263 1263 1263 1265 1263 1266 1264 1262 1264
535.737976 1267 1266 1263 1266 1265 1264 1263 1262 1266
535.750977 1258 1266 1263 1265 1265 1264 1262 1264 1262
535.765015 1263 1264 1265 1264 1264 1264 1265 1263 1263
535.778992 1265 1266 1265 1263 1265 1261 1264 1265 1263
535.791992 1264 1263 1265 1268 1265 1263 1265 1261 1265
535.80603 1265 1267 1263 1265 1259 1265 1267 1263 1264
535.820007 1260 1265 1265 1263 1266 1266 1262 1267 1264
535.833984 1261 1268 1260 1266 1266 1263 1267 1267 1263
535.846985 1261 1264 1267 1264 1264 1265 1265 1262 1265
535.861023 1263 1262 1262 1265 1263 1266 1266 1265 1267
535.875 1264 1264 1267 1266 1266 1265 1263 1263 1262
535.888 1266 1263 1267 1265 1262 1265 1263 1263 1266
535.901978 1262 1267 1266 1264 1264 1261 1263 1265 1264
535.916016 1263 1264 1265 1265 1265 1263 1264 1264 1265
535.929016 1262 1266 1263 1266 1262 1263 1262 1266 1264
535.942993 1265 1264 1262 1264 1264 1265 1266 1263 1265
535.95697 1266 1263 1263 1265 1266 1261 1261 1263 1264
535.969971 1268 1265 1264 1263 1265 1263 1266 1262 1268
535.984009 1266 1263 1266 1264 1263 1265 1263 1262 1265
535.997986 1263 1264 1266 1268 1264 1265 1269 1264 1265
536.010986 1263 1261 1261 1266 1265 1268 1265 1265 1266
536.025024 1264 1264 1263 1266 1261 1264 1266 1266 1262
536.039001 1261 1264 1262 1263 1265 1269 1263 1263 1260
536.052002 1266 1265 1264 1263 1264 1264 1265 1266 1263
536.065979 1265 1266 1267 1265 1264 1264 1263 1266 1267
536.080017 1266 1265 1265 1264 1267 1267 1267 1264 1267
536.093018 1269 1267 1266 1264 1264 1263 1266 1265 1264
536.106995 1263 1265 1268 1266 1266 1264 1264 1265 1264
536.120972 1265 1265 1264 1264 1263 1265 1266 1263 1264
536.133972 1263 1264 1266 1263 1267 1265 1264 1265 1263
536.14801 1266 1267 1263 1263 1262 1262 1264 1263 1267
536.161987 1267 1262 1266 1265 1267 1262 1265 1260 1265
536.174988 1264 1264 1263 1262 1266 1263 1265 1264 1263
536.189026 1266 1265 1265 1266 1265 1263 1266 1264 1262
536.203003 1262 1264 1262 1266 1264 1266 1265 1263 1261
536.216003 1267 1268 1263 1263 1266 1265 1265 1264 1265
536.22998 1266 1264 1266 1265 1265 1267 1261 1264 1264
536.244019 1264 1264 1265 1264 1265 1267 1267 1267 1265
536.257019 1269 1265 1266 1264 1261 1264 1263 1265 1263
536.270996 1265 1265 1264 1265 1263 1265 1265 1263 1264
536.284973 1266 1262 1264 1265 1266 1263 1263 1264 1262
536.297974 1264 1263 1262 1266 1264 1265 1263 1263 1264
536.312012 1266 1266 1264 1265 1262 1267 1263 1267 1265
536.325989 1264 1265 1266 1262 1264 1266 1262 1262 1265
536.338989 1265 1264 1264 1265 1265 1261 1265 1266 1262
536.353027 1265 1262 1266 1266 1266 1259 1266 1263 1266
536.367004 1267 1264 1262 1265 1264 1262 1265 1264 1262
536.380005 1266 1265 1263 1265 1264 1263 1264 1265 1264
536.393982 1265 1266 1264 1263 1263 1261 1262 1264 1262
536.40802 1263 1263 1265 1266 1265 1265 1265 1266 1262
536.421021 1263 1264 1266 1265 1259 1266 1261 1266 1261
536.434998 1264 1260 1264 1263 1264 1266 1263 1263 1266
536.448975 1266 1262 1261 1264 1265 1266 1263 1262 1264
536.461975 1265 1266 1266 1265 1266 1265 1265 1263 1265
536.476013 1265 1266 1263 1265 1264 1267 1263 1265 1261
536.48999 1264 1264 1263 1264 1261 1264 1266 1266 1263
536.502991 1260 1264 1262 1267 1265 1263 1266 1267 1263
536.517029 1265 1265 1265 1266 1265 1264 1267 1262 1262
536.530029 1266 1264 1268 1260 1263 1264 1266 1264 1263
536.544006 1266 1262 1266 1266 1266 1264 1263 1259 1265
536.557983 1264 1265 1263 1263 1264 1264 1266 1265 1266
536.570984 1267 1266 1263 1264 1265 1265 1267 1265 1266
536.585022 1265 1267 1264 1263 1264 1264 1264 1262 1262
536.598999 1263 1266 1262 1265 1265 1263 1263 1267 1262
536.612 1263 1262 1265 1263 1264 1265 1263 1268 1261
536.625977 1265 1267 1266 1263 1263 1261 1261 1260 1261
536.640015 1262 1264 1265 1263 1263 1265 1263 1266 1265
536.653015 1267 1265 1265 1262 1262 1263 1263 1263 1264
536.666992 1265 1264 1263 1268 1262 1266 1265 1264 1263
536.68103 1263 1264 1266 1265 1266 1264 1265 1267 1262
536.69397 1263 1265 1263 1265 1261 1265 1266 1266 1262
536.708008 1265 1265 1260 1266 1263 1263 1261 1264 1262
536.721008 1264 1262 1263 1265 1262 1264 1265 1262 1263
536.734985 1262 1264 1264 1263 1267 1265 1268 1265 1262
536.749023 1268 1266 1264 1265 1268 1268 1267 1263 1263
536.762024 1264 1265 1264 1266 1264 1264 1262 1263 1261
536.776001 1262 1265 1265 1265 1263 1266 1263 1267 1264
536.789978 1263 1265 1265 1263 1262 1266 1266 1265 1265
536.802979 1266 1263 1264 1267 1265 1264 1264 1264 1264
536.817017 1265 1266 1268 1260 1265 1265 1264 1263 1265
536.830994 1262 1264 1266 1266 1266 1263 1264 1264 1264
536.843994 1264 1263 1263 1263 1266 1263 1267 1266 1268
536.857971 1266 1266 1266 1265 1264 1267 1265 1266 1265
536.870972 1263 1263 1263 1266 1266 1265 1266 1264 1264
536.88501 1263 1262 1266 1267 1264 1265 1262 1266 1259
536.898987 1264 1263 1265 1264 1264 1263 1265 1261 1264
536.911987 1265 1268 1264 1267 1263 1268 1264 1265 1266
536.926025 1263 1262 1264 1264 1266 1266 1266 1266 1264
536.940002 1265 1265 1267 1265 1268 1266 1265 1262 1264
536.953003 1265 1262 1264 1264 1262 1266 1263 1265 1264
536.96698 1261 1264 1264 1264 1265 1260 1266 1265 1262
536.97998 1263 1266 1265 1268 1264 1269 1263 1267 1264
536.994019 1262 1265 1269 1269 1262 1265 1265 1263 1267
537.007996 1264 1266 1262 1262 1264 1263 1264 1267 1266
537.020996 1264 1267 1266 1264 1263 1264 1267 1266 1266
537.034973 1268 1265 1266 1264 1267 1265 1265 1264 1266
537.049011 1266 1265 1266 1267 1266 1266 1265 1264 1265
537.062012 1267 1267 1264 1265 1267 1266 1267 1265 1264
537.075989 1266 1264 1265 1266 1264 1264 1266 1266 1261
537.088989 1265 1262 1265 1267 1260 1265 1265 1267 1266
537.103027 1266 1265 1264 1267 1264 1265 1263 1265 1268
537.117004 1265 1267 1270 1267 1265 1266 1267 1267 1266
537.130005 1267 1268 1264 1266 1267 1266 1266 1262 1265
537.143982 1268 1265 1265 1266 1268 1265 1264 1266 1266
537.15802 1265 1267 1267 1267 1268 1267 1264 1266 1264
537.171021 1264 1267 1267 1269 1266 1267 1263 1264 1262
537.184998 1265 1264 1266 1264 1265 1265 1268 1268 1267
537.197998 1265 1264 1268 1265 1265 1265 1265 1263 1266
537.211975 1268 1265 1266 1269 1264 1265 1267 1265 1265
537.226013 1270 1265 1269 1262 1265 1265 1267 1266 1265
537.239014 1269 1272 1275 1270 1268 1273 1273 1271 1271
537.252991 1263 1265 1266 1268 1268 1262 1268 1266 1267
537.265991 1267 1265 1268 1266 1267 1267 1265 1265 1267
537.280029 1267 1264 1267 1271 1264 1269 1265 1271 1268
537.294006 1269 1269 1264 1264 1264 1270 1263 1268 1263
537.307007 1268 1266 1266 1266 1268 1266 1266 1266 1264
537.320984 1266 1268 1268 1269 1266 1268 1263 1263 1270
537.333984 1270 1265 1265 1271 1269 1264 1269 1264 1266
537.348022 1269 1267 1270 1272 1266 1271 1265 1268 1268
537.362 1271 1272 1270 1268 1268 1268 1268 1267 1264
537.375 1268 1267 1269 1273 1271 1269 1270 1265 1266
537.388977 1269 1269 1268 1273 1270 1267 1266 1268 1269
537.403015 1270 1268 1271 1269 1272 1267 1266 1265 1268
537.416016 1269 1269 1268 1268 1271 1270 1268 1267 1267
537.429993 1266 1269 1272 1269 1268 1269 1269 1266 1271
537.442993 1269 1270 1266 1271 1265 1268 1267 1268 1272
537.45697 1269 1267 1266 1270 1272 1264 1271 1268 1268
537.471008 1267 1269 1265 1267 1267 1270 1268 1267 1267
537.484009 1262 1266 1270 1268 1266 1265 1269 1269 1263
537.497986 1270 1268 1270 1270 1266 1268 1269 1269 1265
537.510986 1268 1267 1263 1263 1271 1266 1271 1268 1272
537.525024 1266 1269 1264 1268 1270 1273 1269 1269 1268
537.539001 1265 1269 1269 1269 1268 1269 1271 1267 1268
537.552002 1265 1269 1268 1267 1270 1270 1269 1266 1268
537.565979 1267 1268 1267 1272 1272 1265 1266 1268 1266
537.578979 1265 1269 1268 1266 1268 1271 1271 1270 1272
537.593018 1271 1271 1267 1267 1270 1270 1271 1270 1264
537.606995 1268 1272 1269 1270 1272 1272 1271 1267 1270
537.619995 1271 1267 1268 1270 1269 1269 1267 1269 1268
537.633972 1268 1271 1274 1270 1268 1268 1270 1268 1266
537.646973 1267 1274 1271 1271 1271 1272 1270 1271 1268
537.661011 1269 1267 1268 1273 1267 1268 1269 1268 1271
537.674011 1270 1264 1271 1270 1267 1270 1269 1271 1268
537.687988 1272 1269 1272 1269 1271 1273 1266 1271 1271
537.702026 1273 1269 1270 1267 1273 1276 1271 1269 1269
537.715027 1272 1266 1270 1268 1270 1269 1268 1269 1269
537.729004 1269 1271 1271 1274 1270 1270 1269 1271 1268
537.742004 1274 1270 1269 1277 1275 1274 1268 1274 1271
537.755981 1270 1270 1273 1270 1275 1273 1266 1272 1269
537.77002 1272 1271 1271 1270 1276 1282 1269 1273 1273
537.78302 1271 1271 1268 1271 1272 1273 1271 1271 1267
537.796997 1273 1273 1269 1273 1274 1276 1275 1268 1270
537.809998 1271 1270 1270 1274 1275 1271 1274 1271 1272
537.823975 1269 1275 1272 1278 1275 1270 1270 1270 1271
537.836975 1271 1274 1276 1277 1272 1277 1269 1274 1271
537.851013 1271 1275 1274 1275 1278 1273 1274 1269 1271
537.86499 1275 1274 1278 1274 1275 1280 1276 1269 1272
537.877991 1270 1275 1275 1277 1276 1278 1274 1279 1271
537.892029 1275 1273 1273 1276 1278 1277 1279 1271 1275
537.905029 1278 1279 1275 1275 1278 1276 1279 1278 1274
537.919006 1275 1275 1272 1279 1276 1274 1273 1281 1272
537.932007 1269 1279 1277 1275 1282 1279 1277 1278 1275
537.945984 1277 1280 1278 1276 1277 1282 1273 1276 1275
537.960022 1275 1278 1279 1273 1276 1278 1277 1277 1274
537.973022 1274 1275 1278 1280 1277 1278 1280 1274 1272
537.987 1275 1275 1272 1278 1282 1279 1277 1276 1277
538 1278 1276 1279 1281 1277 1283 1280 1274 1274
538.013977 1279 1281 1278 1280 1281 1273 1277 1279 1276
538.028015 1279 1276 1280 1283 1279 1277 1278 1278 1276
538.041016 1284 1278 1277 1283 1277 1282 1282 1277 1273
538.054993 1278 1280 1280 1277 1285 1279 1280 1276 1281
538.067993 1274 1277 1282 1282 1282 1284 1282 1283 1279
538.08197 1279 1282 1275 1281 1287 1282 1283 1275 1282
538.094971 1282 1280 1281 1280 1283 1283 1282 1281 1280
538.109009 1281 1285 1287 1286 1287 1284 1282 1279 1284
538.122009 1281 1284 1285 1290 1282 1281 1283 1285 1284
538.135986 1279 1279 1291 1284 1281 1285 1284 1279 1287
538.150024 1280 1287 1287 1289 1286 1284 1285 1279 1280
538.163025 1281 1283 1286 1288 1291 1289 1289 1284 1284
538.177002 1282 1285 1286 1287 1295 1291 1284 1283 1287
538.190002 1284 1285 1285 1285 1290 1293 1286 1285 1282
538.203979 1286 1287 1283 1294 1290 1291 1288 1283 1281
538.21698 1287 1282 1289 1289 1295 1289 1284 1283 1290
538.231018 1282 1287 1290 1290 1290 1287 1289 1279 1287
538.244995 1287 1291 1293 1287 1295 1297 1289 1290 1284
538.257996 1291 1285 1295 1292 1292 1296 1292 1287 1285
538.271973 1280 1289 1294 1294 1295 1291 1297 1289 1283
538.284973 1293 1290 1297 1299 1297 1303 1293 1286 1283
538.299011 1291 1298 1294 1296 1300 1296 1291 1289 1294
538.312012 1295 1300 1300 1300 1300 1301 1300 1292 1293
538.325989 1293 1298 1295 1302 1305 1305 1299 1299 1298
538.338989 1301 1304 1306 1306 1303 1308 1301 1302 1293
538.353027 1296 1305 1298 1306 1302 1307 1305 1301 1297
538.367004 1297 1301 1307 1310 1307 1313 1304 1299 1296
538.380005 1301 1300 1304 1306 1309 1311 1309 1302 1304
538.393982 1302 1307 1311 1306 1309 1314 1312 1309 1305
538.406982 1299 1315 1314 1310 1314 1310 1304 1298 1303
538.421021 1307 1305 1313 1308 1307 1309 1307 1308 1307
538.434021 1305 1306 1311 1314 1305 1315 1306 1310 1296
538.447998 1304 1307 1312 1309 1313 1310 1317 1307 1309
538.460999 1305 1311 1311 1315 1316 1314 1315 1303 1303
538.474976 1309 1311 1307 1309 1316 1308 1313 1310 1301
538.489014 1308 1309 1317 1303 1311 1314 1309 1311 1308
538.502014 1306 1307 1314 1315 1312 1305 1315 1307 1299
538.515991 1296 1309 1304 1312 1306 1307 1314 1308 1304
538.528992 1300 1299 1317 1316 1315 1313 1309 1300 1304
538.54303 1299 1305 1308 1316 1309 1307 1298 1298 1289
538.55603 1298 1296 1304 1311 1310 1304 1310 1294 1294
538.570007 1297 1303 1307 1307 1313 1310 1298 1296 1297
538.583008 1300 1306 1300 1307 1310 1309 1300 1301 1295
538.596985 1300 1302 1306 1305 1310 1309 1299 1298 1302
538.609985 1294 1303 1300 1312 1312 1305 1298 1300 1296
538.624023 1297 1300 1311 1316 1305 1306 1305 1300 1295
538.638 1306 1306 1303 1310 1315 1314 1300 1300 1301
538.651001 1303 1301 1304 1309 1316 1314 1306 1298 1302
538.664978 1299 1301 1308 1308 1317 1316 1308 1305 1298
538.677979 1304 1303 1315 1315 1310 1304 1296 1299 1300
538.692017 1300 1302 1317 1317 1315 1314 1310 1303 1302
538.705017 1302 1310 1313 1321 1311 1315 1303 1308 1295
538.718994 1297 1305 1309 1317 1316 1317 1300 1300 1294
538.731995 1301 1309 1312 1318 1319 1313 1309 1303 1296
538.745972 1309 1308 1313 1314 1314 1318 1313 1303 1297
538.758972 1303 1307 1309 1315 1327 1320 1301 1294 1296
538.77301 1306 1307 1313 1319 1320 1313 1308 1308 1298
538.786011 1298 1307 1311 1316 1323 1312 1306 1301 1310
538.799988 1297 1308 1316 1319 1324 1311 1310 1303 1292
538.812988 1307 1312 1306 1322 1318 1322 1315 1298 1299
538.827026 1304 1302 1309 1329 1315 1317 1316 1306 1300
538.841003 1313 1310 1315 1322 1329 1318 1311 1309 1307
538.854004 1305 1310 1319 1323 1322 1314 1306 1297 1303
538.867981 1302 1318 1329 1327 1315 1318 1304 1300 1307
538.880981 1309 1307 1324 1328 1321 1319 1313 1299 1310
538.89502 1307 1318 1320 1320 1329 1315 1309 1306 1295
538.90802 1307 1311 1319 1317 1323 1325 1312 1304 1302
538.921997 1310 1308 1319 1323 1323 1316 1316 1303 1307
538.934998 1303 1309 1307 1315 1331 1320 1309 1299 1304
538.948975 1308 1312 1319 1322 1322 1316 1316 1305 1306
538.961975 1309 1312 1314 1328 1338 1320 1318 1301 1295
538.976013 1305 1313 1323 1327 1328 1319 1304 1307 1300
538.989014 1297 1305 1322 1322 1329 1322 1312 1303 1298
539.002991 1311 1312 1311 1324 1320 1323 1310 1302 1304
539.015991 1310 1306 1324 1324 1328 1322 1316 1309 1310
539.030029 1308 1311 1305 1334 1323 1318 1317 1313 1307
539.04303 1309 1313 1328 1321 1332 1323 1315 1305 1301
539.057007 1306 1314 1327 1328 1328 1321 1317 1302 1310
539.070007 1306 1317 1318 1322 1328 1320 1317 1306 1304
539.083984 1306 1317 1317 1339 1329 1334 1316 1311 1313
539.096985 1314 1314 1314 1336 1332 1328 1319 1315 1303
539.111023 1306 1309 1329 1331 1327 1329 1309 1303 1307
539.125 1310 1308 1331 1343 1334 1334 1317 1299 1306
539.138 1307 1316 1324 1329 1326 1322 1309 1305 1302
539.151978 1303 1310 1317 1327 1328 1313 1314 1305 1304
539.164978 1301 1316 1322 1331 1332 1317 1310 1300 1303
539.179016 1307 1319 1332 1335 1345 1328 1322 1316 1300
539.192017 1318 1314 1320 1328 1330 1321 1311 1308 1306
539.205994 1306 1304 1319 1324 1329 1323 1315 1296 1303
539.218994 1301 1309 1317 1323 1336 1320 1308 1305 1301
539.232971 1315 1313 1316 1329 1325 1319 1308 1304 1302
539.245972 1306 1312 1310 1323 1320 1317 1306 1304 1298
539.26001 1310 1304 1324 1328 1322 1324 1313 1307 1301
539.27301 1302 1306 1318 1324 1321 1328 1304 1296 1308
539.286987 1303 1302 1317 1319 1322 1323 1312 1300 1303
539.299988 1301 1305 1323 1325 1329 1323 1313 1297 1300
539.314026 1304 1309 1320 1322 1322 1321 1306 1308 1302
539.327026 1302 1310 1323 1323 1328 1322 1309 1296 1303
539.341003 1305 1309 1324 1327 1322 1321 1307 1303 1300
539.354004 1303 1306 1317 1332 1329 1320 1310 1305 1302
539.367981 1303 1308 1316 1315 1326 1313 1309 1307 1303
539.380981 1310 1305 1316 1330 1324 1324 1310 1304 1304
539.39502 1295 1313 1321 1326 1335 1325 1308 1298 1296
539.40802 1304 1319 1321 1322 1329 1322 1306 1311 1297
539.421997 1311 1306 1325 1319 1326 1325 1308 1311 1304
539.434998 1301 1316 1319 1328 1329 1326 1319 1306 1300
539.448975 1305 1306 1321 1326 1332 1318 1317 1302 1298
539.461975 1301 1312 1320 1327 1326 1323 1318 1304 1304
539.476013 1307 1312 1314 1327 1326 1321 1313 1306 1304
539.489014 1306 1313 1320 1324 1331 1324 1310 1297 1303
539.502991 1305 1312 1317 1322 1334 1326 1308 1310 1298
539.515991 1307 1320 1316 1330 1342 1315 1310 1303 1301
539.530029 1309 1309 1320 1324 1339 1314 1315 1302 1305
539.54303 1309 1309 1331 1324 1340 1321 1307 1295 1301
539.557007 1310 1301 1326 1344 1324 1325 1310 1302 1303
539.570007 1304 1316 1323 1331 1339 1332 1308 1307 1307
539.583984 1301 1316 1338 1346 1339 1334 1317 1302 1306
539.596985 1305 1321 1345 1340 1347 1332 1318 1300 1309
539.611023 1308 1325 1348 1351 1361 1338 1314 1307 1300
539.624023 1314 1329 1353 1365 1357 1336 1330 1300 1306
539.638 1309 1330 1366 1374 1374 1352 1329 1308 1309
539.651001 1310 1323 1355 1380 1385 1371 1336 1312 1310
539.664001 1307 1332 1372 1388 1390 1362 1330 1307 1312
539.677979 1305 1331 1366 1370 1392 1374 1337 1307 1306
539.690979 1306 1327 1348 1373 1372 1355 1329 1304 1309
539.705017 1313 1325 1342 1375 1381 1346 1322 1304 1297
539.718018 1308 1319 1350 1351 1353 1343 1320 1307 1309
539.731995 1303 1313 1337 1347 1340 1333 1323 1300 1304
539.744995 1306 1317 1336 1344 1341 1336 1320 1307 1300
539.758972 1305 1315 1335 1338 1323 1334 1317 1310 1303
539.771973 1301 1309 1319 1337 1336 1327 1316 1298 1309
539.786011 1305 1311 1328 1332 1337 1326 1312 1300 1301
539.799011 1303 1314 1329 1337 1337 1317 1315 1302 1298
539.812988 1304 1311 1332 1340 1329 1328 1308 1305 1302
539.825989 1309 1306 1329 1332 1339 1325 1317 1298 1305
539.840027 1301 1314 1320 1325 1331 1320 1316 1300 1303
539.853027 1303 1308 1322 1338 1335 1333 1311 1302 1298
539.867004 1308 1316 1316 1342 1322 1334 1309 1305 1299
539.880005 1306 1312 1319 1339 1329 1332 1315 1302 1297
539.893982 1302 1315 1323 1324 1328 1326 1311 1305 1300
539.906982 1311 1312 1321 1336 1332 1332 1312 1301 1305
539.921021 1309 1312 1316 1338 1332 1324 1305 1305 1298
539.934021 1301 1313 1323 1333 1327 1325 1312 1302 1313
539.947998 1307 1318 1317 1328 1327 1326 1314 1304 1302
539.960999 1300 1301 1322 1331 1339 1324 1316 1301 1302
539.973999 1303 1317 1329 1332 1331 1325 1311 1298 1306
539.987976 1306 1315 1326 1326 1335 1321 1311 1306 1298
540.000977 1304 1312 1319 1333 1337 1321 1309 1301 1303
540.015015 1307 1312 1323 1337 1343 1320 1313 1303 1303
540.028015 1310 1313 1324 1331 1326 1326 1314 1305 1307
540.041992 1297 1309 1336 1340 1334 1327 1313 1298 1306
540.054993 1304 1311 1328 1330 1325 1328 1311 1299 1302
540.06897 1308 1313 1327 1346 1335 1332 1313 1303 1299
540.08197 1310 1314 1318 1330 1328 1324 1310 1303 1301
540.096008 1308 1313 1321 1324 1327 1327 1321 1311 1304
540.109009 1305 1311 1326 1340 1338 1324 1319 1305 1298
540.122986 1300 1310 1322 1328 1336 1316 1315 1305 1304
540.135986 1309 1308 1328 1335 1336 1333 1311 1306 1303
540.150024 1308 1309 1330 1327 1343 1327 1312 1305 1299
540.163025 1304 1320 1323 1335 1328 1327 1307 1299 1302
540.176025 1303 1315 1329 1339 1334 1321 1307 1309 1302
540.190002 1307 1310 1333 1331 1334 1323 1313 1303 1304
540.203003 1311 1309 1319 1341 1324 1324 1314 1302 1303
540.21698 1307 1309 1328 1335 1333 1330 1322 1305 1305
540.22998 1303 1312 1327 1336 1328 1325 1307 1306 1297
540.244019 1302 1308 1319 1333 1339 1322 1306 1301 1298
540.257019 1310 1313 1329 1330 1333 1332 1310 1302 1305
540.270996 1309 1317 1319 1338 1344 1327 1313 1297 1298
540.283997 1304 1326 1330 1331 1343 1330 1309 1304 1299
540.297974 1313 1313 1323 1332 1334 1324 1327 1302 1296
540.310974 1304 1310 1331 1334 1333 1327 1316 1303 1300
540.323975 1300 1316 1324 1338 1342 1316 1313 1303 1302
540.338013 1306 1317 1331 1342 1331 1319 1319 1305 1308
540.351013 1304 1311 1321 1335 1332 1324 1308 1302 1303
540.36499 1304 1320 1326 1341 1337 1327 1313 1306 1305
540.377991 1315 1321 1321 1346 1331 1328 1318 1308 1294
540.392029 1304 1326 1334 1338 1329 1331 1314 1299 1305
540.405029 1308 1306 1337 1329 1332 1323 1313 1303 1302
540.419006 1312 1315 1329 1337 1332 1322 1321 1310 1300
540.432007 1316 1321 1327 1338 1335 1330 1309 1306 1299
540.445007 1307 1317 1332 1347 1343 1321 1325 1304 1311
540.458984 1307 1319 1332 1338 1343 1325 1321 1308 1301
540.471985 1306 1315 1337 1348 1338 1332 1306 1306 1312
540.486023 1312 1314 1334 1338 1339 1333 1315 1300 1307
540.499023 1304 1319 1326 1350 1345 1332 1315 1312 1307
540.513 1305 1313 1327 1341 1343 1333 1310 1310 1304
540.526001 1307 1312 1324 1335 1330 1329 1311 1308 1310
540.539978 1304 1317 1328 1343 1333 1325 1322 1303 1297
540.552979 1309 1312 1328 1337 1333 1326 1318 1299 1295
540.565979 1310 1312 1325 1341 1331 1325 1323 1304 1302
540.580017 1315 1308 1339 1333 1338 1331 1324 1301 1301
540.593018 1310 1313 1324 1331 1339 1333 1321 1301 1299
540.606995 1304 1310 1327 1327 1337 1335 1316 1306 1304
540.619995 1298 1317 1331 1338 1335 1334 1316 1307 1303
540.633972 1308 1316 1330 1334 1343 1323 1316 1310 1300
540.646973 1310 1317 1332 1342 1333 1328 1314 1302 1303
540.659973 1312 1316 1333 1337 1341 1332 1314 1299 1302
540.674011 1310 1312 1331 1338 1347 1333 1310 1311 1297
540.687012 1296 1320 1325 1335 1347 1326 1311 1298 1302
540.700989 1301 1313 1334 1336 1342 1326 1311 1301 1299
540.713989 1299 1315 1337 1336 1339 1320 1313 1299 1299
540.728027 1303 1314 1333 1338 1336 1327 1317 1307 1298
540.741028 1308 1318 1324 1329 1334 1333 1313 1304 1305
540.754028 1312 1318 1334 1344 1341 1329 1318 1307 1308
540.768005 1299 1314 1334 1333 1333 1331 1308 1300 1302
540.781006 1305 1319 1329 1341 1332 1331 1310 1299 1301
540.794983 1309 1317 1320 1332 1331 1330 1321 1300 1300
540.807983 1310 1317 1329 1343 1343 1332 1309 1296 1302
540.822021 1310 1311 1332 1342 1337 1332 1317 1299 1306
540.835022 1313 1316 1328 1333 1335 1327 1313 1307 1306
540.848022 1306 1317 1332 1342 1337 1329 1315 1302 1306
540.862 1303 1310 1335 1343 1332 1322 1311 1304 1304
540.875 1300 1312 1333 1353 1351 1331 1311 1308 1308
540.888977 1317 1320 1322 1340 1347 1329 1321 1307 1305
540.901978 1312 1314 1332 1343 1337 1335 1319 1302 1310
540.916016 1305 1321 1339 1343 1358 1331 1324 1305 1309
540.929016 1317 1318 1341 1350 1342 1333 1318 1305 1304
540.942017 1306 1316 1334 1350 1347 1339 1318 1306 1304
540.955994 1311 1308 1336 1359 1356 1333 1319 1305 1304
540.968994 1304 1322 1343 1342 1347 1342 1322 1301 1292
540.982971 1303 1311 1338 1346 1347 1333 1309 1306 1311
540.995972 1308 1311 1346 1351 1357 1342 1316 1304 1298
541.008972 1306 1320 1335 1354 1354 1338 1314 1296 1306
541.02301 1313 1309 1336 1345 1349 1334 1322 1303 1304
541.036011 1309 1315 1347 1353 1345 1335 1315 1307 1295
541.049988 1306 1327 1349 1349 1364 1336 1321 1303 1302
541.062988 1315 1322 1338 1362 1367 1344 1321 1301 1310
541.075989 1301 1318 1348 1349 1361 1339 1313 1308 1306
541.090027 1312 1319 1340 1356 1359 1341 1314 1307 1307
541.103027 1305 1323 1333 1349 1356 1335 1318 1306 1301
541.117004 1304 1318 1339 1354 1353 1352 1320 1304 1298
541.130005 1302 1318 1337 1357 1350 1344 1329 1305 1302
541.143982 1304 1315 1341 1338 1350 1341 1324 1306 1305
541.156982 1311 1327 1337 1352 1354 1347 1319 1303 1305
541.169983 1311 1323 1335 1350 1357 1349 1312 1308 1307
541.184021 1312 1318 1336 1345 1348 1337 1312 1306 1304
541.197021 1305 1317 1335 1354 1355 1345 1311 1295 1304
541.210999 1310 1319 1336 1355 1354 1334 1313 1308 1299
541.223999 1307 1313 1335 1341 1350 1342 1320 1298 1301
541.237 1308 1320 1336 1347 1341 1340 1320 1305 1307
541.250977 1311 1313 1335 1355 1347 1327 1316 1303 1305
541.263977 1305 1312 1328 1353 1344 1334 1315 1298 1305
541.278015 1307 1319 1333 1340 1343 1329 1321 1296 1302
541.291016 1302 1323 1333 1342 1344 1331 1322 1295 1297
541.304016 1308 1318 1332 1347 1350 1334 1314 1297 1303
541.317993 1304 1315 1330 1339 1353 1336 1311 1307 1307
541.330994 1309 1309 1326 1335 1346 1331 1311 1302 1305
541.344971 1308 1324 1331 1342 1336 1328 1317 1311 1303
541.357971 1302 1314 1333 1335 1345 1334 1314 1302 1297
541.370972 1306 1314 1327 1345 1345 1328 1316 1308 1303
541.38501 1305 1321 1333 1340 1335 1330 1315 1305 1298
541.39801 1308 1324 1332 1352 1342 1334 1316 1300 1302
541.411011 1306 1310 1327 1335 1340 1334 1312 1296 1304
541.424988 1313 1311 1322 1338 1341 1332 1312 1301 1296
541.437988 1314 1323 1341 1331 1341 1323 1322 1312 1306
541.452026 1300 1318 1336 1338 1346 1330 1309 1307 1303
541.465027 1306 1319 1324 1347 1338 1328 1314 1304 1305
541.478027 1305 1311 1328 1339 1342 1325 1313 1300 1309
541.492004 1305 1318 1333 1339 1345 1320 1326 1299 1306
541.505005 1302 1320 1333 1337 1347 1330 1312 1304 1300
541.518982 1306 1312 1331 1342 1346 1329 1312 1307 1305
541.531982 1303 1318 1339 1337 1341 1327 1315 1302 1296
541.544983 1308 1316 1347 1348 1348 1327 1306 1309 1312
541.559021 1308 1320 1346 1347 1339 1326 1310 1305 1311
541.572021 1313 1320 1330 1337 1343 1326 1316 1301 1302
541.585999 1305 1316 1333 1336 1344 1318 1310 1304 1302
541.598999 1309 1304 1325 1354 1349 1329 1316 1312 1306
541.612 1311 1316 1330 1345 1338 1325 1313 1295 1310
541.625977 1307 1319 1343 1344 1345 1332 1315 1309 1298
541.638977 1302 1309 1331 1343 1335 1324 1321 1300 1306
541.651978 1310 1312 1336 1337 1333 1331 1317 1297 1303
541.666016 1309 1316 1332 1337 1331 1331 1318 1301 1305
541.679016 1304 1317 1327 1339 1335 1318 1313 1304 1307
541.692993 1305 1315 1332 1334 1341 1327 1306 1303 1301
541.705994 1304 1312 1330 1346 1335 1326 1316 1303 1304
541.718994 1312 1317 1324 1326 1339 1324 1316 1302 1304
541.732971 1311 1317 1323 1334 1330 1324 1316 1303 1300
541.745972 1304 1313 1322 1339 1337 1334 1314 1303 1304
541.758972 1302 1301 1322 1320 1323 1318 1311 1291 1295
541.77301 1309 1311 1320 1336 1340 1333 1314 1303 1305
541.786011 1309 1312 1322 1331 1327 1329 1310 1306 1304
541.799988 1309 1321 1322 1336 1339 1330 1312 1304 1304
541.812988 1300 1316 1325 1339 1341 1330 1310 1301 1303
541.825989 1302 1317 1325 1338 1321 1325 1317 1299 1303
541.840027 1305 1314 1326 1340 1333 1324 1317 1302 1300
541.853027 1308 1311 1319 1338 1346 1332 1317 1301 1301
541.866028 1307 1314 1324 1337 1341 1331 1313 1300 1297
541.880005 1303 1318 1326 1341 1338 1332 1322 1301 1300
541.893005 1301 1323 1323 1334 1340 1324 1310 1302 1307
541.906006 1309 1311 1323 1339 1330 1323 1316 1308 1304
541.919983 1309 1307 1326 1330 1323 1332 1304 1306 1304
541.932983 1303 1312 1324 1337 1335 1324 1305 1308 1296
541.947021 1310 1308 1325 1331 1324 1323 1322 1304 1301
541.960022 1305 1317 1325 1334 1333 1336 1308 1302 1297
541.973022 1312 1310 1330 1331 1338 1325 1312 1297 1307
541.987 1311 1307 1325 1339 1333 1326 1305 1298 1297
542 1305 1311 1326 1330 1333 1322 1315 1306 1302
542.013 1304 1311 1326 1328 1328 1321 1308 1297 1302
542.026978 1301 1307 1322 1336 1338 1326 1309 1305 1300
542.039978 1295 1316 1323 1329 1335 1323 1319 1304 1303
542.052979 1314 1316 1325 1341 1338 1330 1320 1296 1298
542.067017 1313 1318 1318 1333 1332 1327 1313 1303 1303
542.080017 1307 1306 1321 1324 1334 1315 1308 1299 1297
542.093994 1306 1319 1326 1324 1336 1326 1309 1301 1298
542.106995 1306 1314 1325 1338 1328 1321 1301 1299 1296
542.119995 1302 1316 1327 1334 1332 1317 1305 1293 1301
542.133972 1309 1312 1325 1330 1327 1324 1316 1311 1305
542.146973 1305 1306 1323 1337 1329 1323 1314 1301 1308
542.159973 1304 1308 1331 1330 1343 1326 1310 1297 1297
542.174011 1307 1313 1323 1333 1335 1326 1310 1299 1302
542.187012 1308 1319 1324 1330 1336 1329 1304 1302 1302
542.200012 1307 1315 1321 1336 1336 1325 1306 1304 1296
542.213989 1308 1313 1318 1332 1333 1322 1311 1304 1297
542.22699 1308 1318 1325 1330 1339 1329 1318 1307 1303
542.23999 1311 1317 1327 1333 1332 1328 1312 1299 1309
542.254028 1304 1311 1317 1331 1332 1321 1317 1310 1296
542.267029 1308 1318 1326 1332 1327 1317 1311 1302 1300
542.280029 1301 1307 1325 1331 1332 1326 1305 1300 1299
542.294006 1302 1320 1320 1332 1327 1317 1312 1304 1298
542.307007 1305 1318 1322 1331 1326 1316 1312 1304 1295
542.320007 1306 1311 1319 1336 1331 1331 1310 1300 1298
542.333984 1306 1319 1324 1337 1335 1329 1310 1300 1300
542.346985 1307 1315 1324 1330 1337 1330 1311 1297 1300
542.359985 1310 1316 1326 1334 1325 1321 1309 1301 1305
542.374023 1307 1315 1322 1328 1334 1321 1309 1304 1297
542.387024 1304 1316 1319 1325 1333 1327 1317 1299 1307
542.400024 1300 1315 1330 1338 1338 1320 1310 1303 1304
542.414001 1308 1306 1328 1338 1335 1331 1309 1297 1302
542.427002 1311 1311 1329 1331 1336 1329 1312 1304 1299
542.440002 1306 1311 1322 1331 1333 1329 1307 1300 1297
542.453979 1298 1319 1323 1343 1333 1327 1316 1296 1299
542.46698 1314 1317 1331 1337 1338 1318 1312 1307 1301
542.47998 1305 1311 1319 1337 1338 1325 1312 1305 1305
542.494019 1303 1314 1327 1336 1337 1327 1305 1302 1300
542.507019 1307 1319 1322 1336 1332 1329 1315 1303 1307
542.52002 1306 1315 1323 1346 1331 1323 1317 1294 1305
542.533997 1307 1314 1327 1342 1328 1326 1310 1300 1298
542.546997 1310 1305 1332 1334 1334 1324 1317 1306 1305
542.559998 1302 1311 1322 1331 1340 1317 1322 1301 1302
542.573975 1307 1317 1331 1338 1335 1322 1318 1300 1298
542.586975 1307 1315 1330 1335 1331 1314 1314 1304 1302
542.599976 1306 1319 1331 1338 1323 1320 1316 1302 1295
542.614014 1301 1315 1333 1335 1338 1317 1311 1302 1308
542.627014 1301 1313 1323 1334 1333 1320 1310 1303 1304
542.640015 1310 1313 1322 1330 1321 1334 1325 1310 1306
542.653992 1307 1312 1336 1335 1339 1321 1314 1298 1301
542.666992 1304 1314 1318 1339 1327 1322 1309 1300 1308
542.679993 1305 1309 1325 1337 1340 1325 1313 1304 1298
542.69397 1304 1316 1328 1341 1328 1335 1318 1304 1301
542.70697 1304 1308 1330 1325 1330 1326 1308 1298 1302
542.719971 1301 1322 1327 1330 1342 1320 1315 1302 1294
542.734009 1308 1314 1329 1334 1323 1317 1312 1299 1309
542.747009 1303 1319 1326 1336 1325 1323 1308 1302 1297
542.76001 1302 1316 1337 1328 1338 1324 1314 1301 1299
542.773987 1306 1313 1324 1331 1330 1325 1310 1304 1298
542.786987 1305 1315 1317 1330 1328 1319 1309 1304 1294
542.799988 1302 1307 1325 1328 1330 1325 1308 1298 1305
542.812988 1304 1307 1334 1337 1329 1321 1313 1295 1300
542.827026 1299 1311 1325 1337 1326 1321 1307 1300 1302
542.840027 1301 1320 1334 1329 1329 1326 1307 1298 1296
542.853027 1307 1319 1330 1337 1330 1324 1311 1303 1304
542.867004 1301 1308 1336 1335 1330 1318 1302 1299 1308
542.880005 1305 1316 1322 1327 1335 1330 1316 1303 1295
542.893005 1300 1309 1320 1327 1326 1325 1310 1302 1298
542.906982 1307 1312 1320 1335 1325 1327 1309 1305 1301
542.919983 1310 1315 1319 1340 1319 1315 1315 1301 1301
542.932983 1310 1308 1320 1334 1340 1315 1307 1306 1303
542.947021 1304 1315 1325 1328 1329 1317 1301 1297 1303
542.960022 1307 1310 1326 1328 1329 1324 1309 1302 1297
542.973022 1305 1311 1322 1339 1329 1324 1309 1296 1292
542.987 1302 1308 1326 1333 1335 1318 1309 1302 1300
543 1307 1317 1318 1340 1329 1332 1310 1302 1297
543.013 1304 1312 1322 1326 1333 1318 1310 1301 1297
543.026001 1305 1307 1331 1325 1335 1325 1311 1304 1302
543.039978 1310 1308 1334 1333 1337 1323 1307 1299 1301
543.052979 1298 1311 1327 1330 1333 1324 1311 1307 1297
543.065979 1301 1312 1316 1337 1338 1327 1308 1301 1304
543.080017 1304 1312 1335 1336 1334 1324 1316 1302 1297
543.093018 1303 1318 1338 1333 1339 1325 1308 1296 1299
543.106018 1300 1315 1340 1332 1351 1325 1316 1298 1304
543.119995 1314 1324 1333 1346 1342 1337 1309 1295 1298
543.132996 1306 1322 1332 1348 1345 1330 1319 1306 1307
543.145996 1302 1313 1325 1341 1331 1331 1324 1308 1298
543.158997 1308 1325 1330 1346 1348 1332 1312 1305 1306
543.172974 1307 1304 1339 1349 1354 1330 1315 1305 1288
543.185974 1310 1320 1339 1339 1348 1336 1314 1299 1299
543.198975 1305 1319 1331 1346 1352 1337 1315 1300 1300
543.213013 1301 1316 1341 1349 1362 1327 1310 1302 1299
543.226013 1309 1316 1339 1350 1345 1325 1315 1299 1304
543.239014 1318 1318 1340 1349 1342 1341 1311 1308 1301
543.252014 1307 1315 1328 1345 1342 1333 1318 1299 1305
543.265991 1305 1319 1331 1350 1347 1336 1314 1303 1302
543.278992 1314 1322 1332 1356 1355 1329 1308 1306 1305
543.291992 1306 1324 1344 1341 1337 1325 1320 1299 1302
543.30603 1313 1326 1337 1340 1342 1329 1311 1309 1304
543.31897 1308 1314 1337 1355 1333 1326 1313 1301 1297
543.33197 1314 1316 1338 1346 1352 1332 1312 1305 1301
543.344971 1308 1319 1335 1347 1346 1334 1311 1297 1295
543.359009 1301 1325 1325 1352 1346 1326 1316 1296 1295
543.372009 1304 1318 1340 1350 1348 1334 1315 1301 1298
543.38501 1307 1313 1337 1348 1353 1339 1307 1301 1298
543.398987 1305 1309 1338 1344 1348 1329 1319 1300 1297
543.411987 1304 1311 1334 1360 1352 1336 1313 1307 1296
543.424988 1301 1318 1335 1359 1351 1328 1314 1296 1294
543.437988 1306 1316 1343 1352 1359 1334 1318 1301 1296
543.452026 1305 1310 1349 1358 1355 1336 1305 1307 1302
543.465027 1306 1321 1343 1374 1352 1347 1315 1302 1298
543.478027 1318 1339 1361 1374 1363 1350 1315 1305 1304
543.491028 1316 1330 1360 1380 1383 1355 1320 1299 1312
543.505005 1314 1340 1377 1394 1399 1361 1324 1302 1307
543.518005 1310 1344 1374 1411 1401 1379 1332 1305 1306
543.531006 1304 1343 1387 1425 1412 1371 1328 1311 1297
543.544983 1317 1351 1397 1408 1423 1381 1342 1301 1301
543.557983 1305 1346 1392 1418 1418 1400 1341 1307 1306
543.570984 1315 1344 1378 1403 1419 1381 1331 1303 1314
543.583984 1315 1337 1386 1395 1403 1381 1334 1311 1309
543.598022 1307 1331 1361 1392 1378 1355 1323 1302 1307
543.611023 1310 1327 1362 1381 1380 1356 1325 1306 1306
543.624023 1309 1332 1355 1368 1372 1359 1326 1299 1301
543.637024 1303 1314 1347 1361 1361 1342 1308 1305 1298
543.651001 1307 1322 1335 1351 1352 1342 1321 1300 1292
543.664001 1306 1320 1330 1355 1333 1326 1314 1303 1305
543.677002 1305 1319 1335 1355 1335 1325 1314 1297 1303
543.690002 1300 1314 1322 1341 1342 1334 1310 1308 1307
543.703979 1303 1316 1328 1347 1344 1326 1308 1302 1296
543.71698 1298 1312 1333 1337 1333 1339 1318 1300 1300
543.72998 1301 1308 1335 1331 1336 1328 1309 1304 1297
543.744019 1304 1315 1323 1349 1338 1321 1306 1296 1292
543.757019 1309 1321 1328 1329 1337 1332 1312 1299 1305
543.77002 1309 1305 1323 1333 1329 1317 1317 1298 1302
543.78302 1302 1309 1338 1336 1334 1328 1308 1298 1304
543.796997 1305 1317 1323 1325 1337 1318 1310 1303 1296
543.809998 1306 1310 1328 1333 1346 1322 1304 1300 1294
543.822998 1299 1313 1316 1337 1342 1330 1311 1296 1296
543.835999 1305 1312 1321 1326 1329 1322 1315 1298 1294
543.849976 1311 1318 1329 1337 1339 1324 1307 1292 1293
543.862976 1304 1316 1327 1335 1335 1326 1309 1296 1298
543.875977 1299 1306 1318 1330 1333 1315 1307 1297 1303
543.888977 1305 1307 1325 1338 1327 1327 1317 1296 1299
543.903015 1306 1311 1319 1334 1335 1325 1311 1296 1296
543.916016 1302 1309 1332 1343 1334 1323 1316 1303 1290
543.929016 1300 1315 1325 1333 1338 1330 1309 1295 1304
543.942017 1301 1326 1316 1337 1333 1319 1304 1296 1305
543.955994 1306 1314 1318 1337 1337 1326 1307 1295 1299
543.968994 1304 1314 1322 1335 1330 1323 1312 1303 1295
543.981995 1299 1311 1321 1338 1334 1318 1309 1303 1293
543.994995 1304 1314 1327 1336 1330 1325 1311 1299 1297
544.008972 1305 1309 1327 1340 1318 1317 1303 1298 1302
544.021973 1301 1312 1323 1330 1331 1331 1310 1302 1292
544.034973 1302 1309 1329 1338 1325 1325 1304 1299 1295
544.047974 1309 1310 1330 1326 1333 1318 1306 1292 1301
544.062012 1303 1319 1323 1331 1328 1324 1304 1298 1294
544.075012 1302 1305 1319 1329 1334 1331 1312 1304 1297
544.088013 1311 1309 1317 1330 1328 1320 1306 1292 1299
544.101013 1298 1310 1321 1326 1332 1316 1308 1298 1295
544.11499 1297 1313 1327 1336 1329 1314 1308 1298 1301
544.127991 1297 1310 1323 1323 1339 1325 1298 1302 1297
544.140991 1308 1313 1316 1329 1329 1326 1310 1299 1302
544.153992 1306 1312 1330 1325 1323 1322 1312 1299 1300
544.166992 1306 1314 1320 1337 1339 1318 1308 1295 1298
544.18103 1303 1315 1323 1328 1324 1322 1309 1302 1297
544.19397 1304 1310 1328 1331 1335 1328 1308 1305 1293
544.20697 1301 1313 1339 1338 1334 1320 1306 1302 1301
544.219971 1307 1306 1322 1337 1332 1323 1310 1307 1301
544.234009 1309 1315 1317 1338 1334 1324 1306 1301 1296
544.247009 1309 1313 1326 1333 1333 1323 1303 1300 1296
544.26001 1302 1315 1320 1334 1341 1334 1308 1298 1299
544.27301 1303 1307 1323 1334 1336 1327 1308 1305 1296
544.286987 1299 1319 1324 1322 1339 1332 1312 1301 1293
544.299988 1300 1312 1326 1336 1338 1328 1307 1299 1294
544.312988 1305 1311 1324 1332 1328 1331 1310 1293 1294
544.325989 1304 1315 1323 1331 1331 1320 1312 1295 1301
544.338989 1300 1323 1325 1336 1337 1318 1311 1291 1300
544.353027 1301 1310 1330 1335 1339 1325 1304 1294 1297
544.366028 1303 1310 1326 1335 1332 1319 1302 1297 1293
544.379028 1303 1313 1324 1325 1337 1323 1309 1293 1298
544.392029 1299 1315 1317 1326 1334 1320 1308 1300 1294
544.406006 1298 1325 1323 1326 1332 1318 1304 1300 1297
544.419006 1303 1310 1323 1330 1330 1320 1307 1306 1304
544.432007 1308 1302 1318 1331 1334 1329 1309 1299 1304
544.445007 1300 1314 1320 1328 1324 1320 1298 1299 1299
544.458008 1305 1310 1322 1328 1327 1320 1311 1292 1294
544.471985 1305 1315 1326 1333 1340 1319 1309 1294 1296
544.484985 1302 1318 1324 1336 1334 1319 1306 1294 1296
544.497986 1299 1309 1322 1323 1334 1332 1311 1300 1298
544.510986 1296 1306 1327 1335 1330 1318 1309 1296 1295
544.525024 1307 1302 1325 1321 1332 1321 1310 1295 1296
544.538025 1306 1311 1323 1333 1332 1314 1307 1294 1292
544.551025 1300 1310 1331 1335 1336 1323 1306 1298 1293
544.564026 1305 1307 1328 1336 1341 1322 1308 1296 1300
544.577026 1302 1316 1322 1331 1339 1314 1312 1299 1293
544.591003 1305 1315 1323 1327 1334 1328 1305 1295 1296
544.604004 1305 1314 1323 1327 1344 1325 1307 1297 1290
544.617004 1304 1311 1333 1322 1341 1324 1310 1301 1301
544.630005 1300 1316 1315 1341 1341 1325 1311 1297 1294
544.643005 1300 1298 1315 1340 1327 1315 1301 1293 1296
544.656982 1303 1313 1325 1338 1331 1326 1308 1296 1295
544.669983 1304 1313 1321 1335 1336 1322 1300 1303 1292
544.682983 1306 1307 1332 1345 1336 1329 1317 1300 1291
544.695984 1298 1305 1322 1337 1329 1322 1308 1297 1297
544.710022 1305 1315 1329 1327 1333 1321 1304 1297 1296
544.723022 1301 1314 1328 1333 1325 1321 1307 1297 1293
544.736023 1291 1307 1322 1337 1333 1319 1316 1297 1299
544.749023 1302 1306 1319 1334 1340 1319 1305 1291 1296
544.762024 1307 1312 1327 1328 1335 1321 1310 1295 1305
544.776001 1305 1306 1322 1324 1339 1316 1308 1298 1302
544.789001 1301 1309 1320 1334 1329 1316 1310 1297 1296
544.802002 1302 1317 1310 1344 1334 1328 1303 1300 1300
544.815002 1305 1314 1325 1336 1333 1321 1305 1299 1296
544.828003 1300 1314 1323 1330 1324 1321 1307 1293 1292
544.84198 1301 1312 1321 1346 1332 1327 1309 1301 1296
544.85498 1303 1310 1334 1339 1339 1321 1315 1302 1294
544.867981 1306 1307 1329 1341 1338 1327 1312 1293 1296
544.880981 1307 1309 1327 1333 1334 1325 1309 1299 1303
544.893982 1312 1304 1320 1330 1332 1316 1312 1299 1294
544.90802 1305 1309 1330 1344 1328 1320 1309 1299 1294
544.921021 1296 1307 1329 1337 1336 1327 1311 1300 1304
544.934021 1301 1324 1325 1340 1337 1325 1303 1300 1296
544.947021 1303 1316 1327 1334 1345 1322 1315 1302 1304
544.960022 1304 1319 1327 1340 1338 1322 1311 1304 1297
544.973022 1300 1314 1324 1342 1338 1327 1310 1297 1299
544.987 1308 1316 1324 1334 1332 1325 1314 1294 1301
545 1299 1316 1320 1343 1341 1325 1313 1296 1306
545.013 1301 1314 1320 1333 1336 1326 1304 1298 1297
545.026001 1296 1315 1328 1344 1343 1319 1313 1290 1299
545.039001 1296 1309 1331 1338 1343 1334 1314 1290 1293
545.052979 1302 1311 1327 1342 1341 1325 1310 1291 1294
545.065979 1308 1312 1324 1340 1335 1324 1307 1294 1295
545.078979 1303 1312 1328 1336 1338 1332 1304 1300 1289
545.09198 1295 1320 1332 1334 1336 1323 1310 1294 1300
545.10498 1304 1319 1325 1345 1345 1323 1300 1299 1296
545.117981 1300 1319 1329 1338 1336 1322 1311 1304 1294
545.132019 1297 1314 1324 1345 1328 1321 1310 1294 1294
545.14502 1299 1316 1326 1343 1337 1325 1312 1294 1296
545.15802 1304 1304 1337 1342 1333 1324 1310 1296 1294
545.171021 1302 1313 1326 1336 1340 1326 1307 1293 1298
545.184021 1301 1318 1324 1331 1343 1324 1305 1301 1299
545.197998 1300 1307 1326 1328 1342 1321 1308 1296 1292
545.210999 1305 1315 1329 1340 1339 1325 1306 1292 1301
545.223999 1307 1315 1329 1339 1334 1323 1306 1297 1292
545.237 1301 1314 1327 1340 1338 1324 1311 1292 1302
545.25 1300 1315 1325 1332 1335 1333 1308 1299 1300
545.263 1303 1300 1331 1334 1329 1324 1313 1295 1290
545.276978 1306 1318 1327 1331 1330 1334 1306 1303 1297
545.289978 1300 1313 1325 1345 1336 1322 1303 1300 1292
545.302979 1302 1323 1328 1333 1334 1321 1311 1296 1298
545.315979 1304 1304 1322 1325 1336 1324 1307 1297 1295
545.328979 1300 1311 1328 1341 1336 1329 1302 1305 1296
545.34198 1298 1312 1325 1327 1327 1329 1303 1296 1298
545.356018 1306 1307 1331 1331 1329 1319 1304 1297 1296
545.369019 1300 1307 1317 1329 1337 1318 1305 1295 1296
545.382019 1301 1307 1326 1333 1333 1323 1307 1299 1295
545.39502 1304 1307 1325 1331 1324 1323 1310 1304 1294
545.40802 1301 1311 1315 1326 1336 1327 1299 1294 1298
545.421021 1296 1314 1317 1331 1326 1319 1298 1300 1297
545.434998 1302 1308 1320 1321 1326 1320 1305 1302 1294
545.447998 1294 1304 1314 1329 1333 1320 1303 1294 1292
545.460999 1308 1302 1322 1332 1323 1319 1305 1290 1300
545.473999 1305 1311 1325 1322 1317 1314 1302 1292 1301
545.487 1296 1303 1320 1330 1327 1314 1295 1296 1293
545.5 1300 1306 1321 1324 1328 1332 1298 1296 1295
545.513977 1295 1310 1318 1341 1324 1315 1310 1287 1290
545.526978 1303 1306 1314 1329 1328 1312 1302 1288 1297
545.539978 1302 1299 1321 1319 1330 1316 1304 1290 1294
545.552979 1298 1302 1317 1321 1321 1317 1307 1294 1296
545.565979 1300 1307 1310 1333 1328 1304 1306 1295 1297
545.578979 1303 1303 1311 1316 1323 1315 1299 1291 1292
545.593018 1293 1302 1307 1323 1316 1316 1311 1291 1295
545.606018 1298 1303 1310 1322 1320 1312 1300 1293 1292
545.619019 1301 1298 1309 1316 1323 1315 1307 1293 1287
545.632019 1300 1299 1311 1317 1320 1317 1304 1294 1296
545.64502 1305 1309 1319 1322 1321 1313 1299 1295 1290
545.65802 1298 1301 1317 1319 1323 1311 1298 1299 1293
545.671021 1306 1304 1310 1326 1324 1318 1297 1300 1294
545.684998 1299 1303 1310 1323 1314 1318 1302 1296 1298
545.697998 1302 1304 1309 1320 1322 1312 1308 1291 1288
545.710999 1299 1302 1317 1311 1312 1304 1300 1293 1300
545.723999 1294 1309 1312 1316 1326 1311 1309 1290 1293
545.737 1296 1305 1307 1314 1312 1312 1305 1290 1295
545.75 1288 1301 1311 1318 1319 1313 1301 1292 1294
545.763 1306 1306 1309 1318 1321 1303 1302 1292 1298
545.776978 1292 1304 1302 1317 1315 1306 1297 1288 1298
545.789978 1293 1305 1308 1315 1323 1303 1302 1295 1294
545.802979 1298 1305 1311 1313 1318 1307 1306 1293 1296
545.815979 1300 1304 1310 1320 1318 1307 1312 1292 1294
545.828979 1293 1306 1310 1314 1316 1307 1299 1297 1295
545.84198 1294 1307 1304 1317 1319 1306 1298 1297 1294
545.85498 1298 1307 1320 1315 1325 1307 1300 1293 1286
545.869019 1295 1306 1312 1320 1315 1307 1306 1293 1290
545.882019 1298 1298 1314 1322 1308 1314 1292 1296 1297
545.89502 1302 1310 1305 1314 1319 1308 1300 1302 1289
545.90802 1295 1299 1308 1313 1315 1313 1303 1290 1294
545.921021 1298 1300 1306 1313 1324 1309 1303 1291 1292
545.934021 1299 1307 1310 1316 1312 1306 1304 1292 1292
545.947021 1305 1308 1311 1316 1312 1304 1297 1292 1291
545.960022 1299 1299 1314 1312 1317 1313 1301 1296 1295
545.973999 1304 1305 1312 1309 1311 1315 1299 1289 1297
545.987 1302 1311 1310 1316 1310 1317 1303 1298 1290
546 1306 1295 1301 1318 1313 1315 1305 1295 1294
546.013 1296 1308 1310 1315 1311 1310 1301 1294 1293
546.026001 1296 1306 1302 1317 1316 1309 1294 1300 1289
546.039001 1291 1305 1307 1315 1316 1310 1301 1294 1296
546.052002 1301 1303 1315 1325 1313 1300 1298 1297 1300
546.065002 1298 1308 1301 1321 1317 1305 1303 1295 1290
546.078979 1296 1305 1306 1315 1307 1305 1302 1295 1292
546.09198 1293 1294 1310 1315 1310 1305 1304 1293 1293
546.10498 1296 1301 1308 1315 1321 1304 1297 1293 1295
546.117981 1303 1299 1312 1320 1316 1306 1300 1303 1300
546.130981 1296 1300 1316 1317 1313 1307 1300 1299 1293
546.143982 1298 1301 1316 1313 1316 1308 1301 1298 1292
546.156982 1300 1306 1310 1310 1323 1314 1304 1304 1296
546.169983 1309 1297 1314 1319 1315 1314 1307 1292 1290
546.184021 1307 1302 1309 1308 1318 1301 1303 1296 1294
546.197021 1308 1310 1314 1311 1314 1304 1303 1292 1291
546.210022 1305 1310 1306 1310 1311 1311 1292 1294 1302
546.223022 1294 1306 1309 1312 1312 1304 1298 1292 1299
546.236023 1302 1299 1310 1311 1313 1305 1299 1292 1299
546.249023 1300 1301 1306 1311 1319 1313 1306 1298 1294
546.262024 1298 1309 1303 1316 1313 1307 1305 1297 1297
546.275024 1301 1305 1307 1314 1317 1312 1305 1293 1296
546.289001 1300 1296 1309 1326 1317 1311 1299 1298 1297
546.302002 1300 1305 1314 1312 1312 1305 1294 1291 1295
546.315002 1298 1304 1307 1307 1320 1310 1302 1299 1296
546.328003 1301 1304 1313 1310 1309 1306 1302 1300 1296
546.341003 1298 1297 1306 1314 1314 1304 1301 1297 1300
546.354004 1302 1304 1307 1310 1322 1311 1308 1299 1293
546.367004 1300 1311 1305 1312 1311 1305 1304 1293 1290
546.380005 1300 1302 1314 1312 1314 1311 1307 1302 1296
546.393005 1297 1307 1315 1316 1310 1313 1300 1295 1296
546.406006 1302 1305 1306 1310 1310 1303 1305 1292 1293
546.419983 1296 1313 1305 1312 1303 1303 1300 1296 1300
546.432983 1299 1307 1309 1313 1316 1312 1300 1295 1292
546.445984 1300 1302 1302 1316 1315 1315 1308 1292 1297
546.458984 1302 1306 1315 1312 1316 1299 1296 1301 1300
546.471985 1304 1301 1316 1315 1309 1306 1307 1295 1293
546.484985 1306 1303 1308 1320 1319 1316 1300 1299 1292
546.497986 1297 1304 1314 1317 1317 1309 1297 1295 1305
546.510986 1290 1305 1307 1316 1306 1311 1298 1299 1297
546.523987 1304 1301 1310 1318 1313 1304 1305 1292 1294
546.536987 1297 1297 1301 1313 1313 1304 1298 1294 1297
546.551025 1293 1302 1304 1315 1313 1313 1295 1298 1296
546.564026 1301 1304 1306 1310 1318 1312 1303 1301 1299
546.577026 1300 1309 1314 1315 1309 1307 1303 1305 1302
546.590027 1306 1300 1305 1312 1312 1317 1304 1302 1298
546.603027 1293 1303 1309 1313 1309 1310 1307 1304 1296
546.616028 1304 1305 1303 1313 1309 1316 1312 1303 1298
546.629028 1301 1306 1311 1319 1309 1317 1300 1303 1295
546.642029 1306 1302 1313 1316 1305 1309 1303 1308 1301
546.655029 1307 1311 1305 1310 1313 1320 1307 1300 1297
546.66803 1303 1309 1308 1308 1315 1305 1301 1305 1302
546.682007 1299 1308 1311 1299 1308 1310 1293 1297 1297
546.695007 1294 1304 1314 1317 1310 1317 1299 1302 1305
546.708008 1296 1308 1309 1320 1315 1313 1305 1303 1292
546.721008 1299 1311 1305 1309 1309 1310 1301 1303 1298
546.734009 1302 1300 1310 1318 1313 1308 1310 1297 1303
546.747009 1305 1307 1306 1307 1312 1316 1302 1300 1298
546.76001 1302 1303 1307 1304 1305 1301 1312 1306 1298
546.77301 1311 1310 1303 1309 1314 1306 1305 1302 1296
546.786011 1302 1304 1307 1314 1314 1311 1309 1303 1301
546.799011 1301 1301 1307 1305 1309 1317 1303 1295 1305
546.812012 1306 1313 1310 1307 1311 1308 1309 1310 1297
546.825012 1304 1302 1309 1317 1311 1310 1306 1300 1298
546.838989 1309 1300 1298 1307 1318 1312 1297 1307 1300
546.85199 1300 1309 1303 1311 1315 1306 1306 1297 1299
546.86499 1316 1308 1307 1317 1316 1309 1315 1311 1306
546.877991 1302 1305 1308 1308 1308 1309 1321 1301 1303
546.890991 1306 1309 1303 1311 1311 1309 1307 1310 1306
546.903992 1305 1309 1309 1317 1314 1310 1315 1305 1307
546.916992 1305 1305 1300 1313 1312 1307 1316 1306 1310
546.929993 1313 1306 1305 1313 1313 1311 1312 1308 1303
546.942993 1319 1308 1314 1314 1306 1315 1317 1308 1308
546.955994 1303 1309 1310 1317 1312 1312 1306 1312 1305
546.968994 1306 1309 1315 1314 1315 1315 1315 1312 1306
546.981995 1303 1308 1310 1317 1314 1312 1316 1307 1309
546.994995 1305 1307 1321 1311 1316 1317 1317 1307 1307
547.007996 1317 1312 1308 1306 1310 1307 1316 1313 1306
547.020996 1311 1310 1310 1306 1310 1312 1319 1312 1305
547.034973 1321 1320 1310 1321 1310 1316 1317 1317 1311
547.047974 1313 1311 1305 1310 1314 1314 1322 1318 1308
547.060974 1313 1315 1312 1311 1310 1317 1321 1318 1314
547.073975 1311 1316 1305 1306 1305 1320 1321 1325 1321
547.086975 1317 1315 1312 1311 1315 1321 1323 1322 1318
547.099976 1326 1329 1306 1310 1308 1314 1327 1329 1320
547.112976 1323 1315 1312 1307 1311 1317 1329 1332 1341
547.125977 1336 1326 1315 1304 1311 1333 1337 1339 1335
547.138977 1349 1326 1320 1309 1311 1335 1343 1349 1344
547.151978 1345 1337 1315 1308 1313 1332 1346 1353 1345
547.164978 1360 1344 1317 1315 1313 1331 1369 1377 1353
547.177979 1354 1341 1318 1308 1323 1348 1364 1370 1373
547.190979 1361 1343 1331 1309 1317 1356 1384 1387 1372
547.203979 1370 1348 1321 1310 1314 1347 1361 1383 1380
547.21698 1362 1348 1318 1307 1320 1345 1374 1378 1366
547.22998 1369 1345 1323 1304 1309 1333 1367 1379 1377
547.244019 1361 1338 1314 1308 1315 1342 1365 1369 1363
547.257019 1363 1350 1318 1309 1311 1339 1359 1366 1372
547.27002 1364 1345 1321 1322 1317 1340 1370 1382 1371
547.28302 1356 1340 1323 1311 1313 1336 1362 1361 1372
547.296021 1352 1334 1318 1314 1321 1339 1352 1365 1355
547.309021 1355 1330 1317 1309 1310 1328 1358 1372 1372
547.322021 1360 1353 1318 1308 1321 1347 1363 1376 1367
547.335022 1365 1340 1326 1313 1315 1343 1375 1384 1372
547.348022 1375 1358 1322 1309 1318 1337 1380 1379 1371
547.361023 1366 1337 1316 1306 1314 1344 1381 1392 1379
547.374023 1372 1335 1324 1309 1311 1356 1375 1400 1386
547.387024 1387 1355 1319 1311 1325 1353 1387 1419 1397
547.400024 1385 1362 1324 1299 1327 1366 1392 1415 1398
547.413025 1397 1373 1319 1307 1325 1367 1409 1429 1406
547.426025 1411 1359 1336 1306 1320 1369 1402 1461 1422
547.439026 1419 1379 1320 1316 1327 1367 1433 1448 1430
547.452026 1425 1383 1333 1306 1323 1375 1447 1480 1451
547.465027 1432 1405 1342 1305 1326 1384 1449 1507 1468
547.478027 1442 1407 1344 1307 1334 1396 1478 1516 1498
547.491028 1458 1413 1349 1309 1335 1404 1493 1533 1490
547.504028 1508 1437 1351 1306 1338 1424 1508 1564 1524
547.518005 1526 1445 1357 1305 1342 1451 1549 1615 1567
547.531006 1538 1461 1363 1309 1354 1459 1608 1657 1637
547.544006 1611 1497 1366 1312 1361 1483 1660 1721 1661
547.557007 1668 1536 1392 1311 1377 1538 1694 1775 1710
547.570007 1726 1596 1410 1318 1385 1565 1762 1895 1807
547.583008 1808 1655 1439 1310 1384 1644 1850 1978 1874
547.596008 1940 1723 1466 1319 1418 1715 2005 2161 2031
547.609009 2065 1825 1487 1328 1425 1798 2173 2380 2219
547.622009 2288 1964 1537 1322 1479 1913 2370 2593 2426
547.63501 2511 2133 1613 1332 1505 2050 2670 2984 2702
547.64801 2866 2331 1686 1334 1567 2304 3060 3455 3167
547.661011 3245 2613 1791 1345 1635 2531 3501 4010 3659
547.674011 3744 2878 1922 1355 1717 2878 4020 4571 4197
547.687012 4167 3193 2008 1368 1783 3113 4500 5212 4687
547.700012 4513 3429 2086 1380 1858 3330 4986 5809 5121
547.713013 4764 3589 2142 1389 1901 3528 5257 6009 5397
547.726013 4761 3586 2165 1377 1873 3520 5231 6042 5400
547.739014 4559 3478 2068 1374 1866 3296 5018 5728 5061
547.752014 4166 3214 2017 1371 1805 3125 4563 5153 4630
547.765015 3691 2900 1908 1365 1701 2843 4001 4482 4058
547.778015 3223 2585 1779 1349 1652 2497 3464 3896 3532
547.791016 2820 2336 1662 1336 1576 2283 3057 3360 3114
547.804016 2552 2100 1620 1342 1510 2090 2704 2982 2704
547.817017 2351 1986 1566 1330 1467 1937 2450 2658 2457
547.830017 2141 1842 1507 1322 1450 1799 2213 2418 2265
547.843018 1995 1790 1480 1329 1433 1742 2076 2224 2093
547.856018 1908 1691 1455 1317 1409 1673 1957 2107 2012
547.869019 1786 1620 1415 1318 1400 1621 1861 1984 1921
547.882019 1755 1597 1415 1313 1374 1593 1811 1914 1807
547.89502 1683 1553 1391 1317 1356 1553 1735 1845 1746
547.90802 1653 1519 1390 1311 1361 1501 1702 1767 1691
547.921021 1600 1502 1365 1310 1354 1499 1663 1711 1671
547.934021 1578 1492 1362 1310 1358 1480 1609 1684 1616
547.947021 1574 1476 1358 1315 1352 1451 1597 1641 1590
547.960022 1532 1442 1351 1305 1351 1448 1556 1599 1567
547.973022 1498 1436 1343 1311 1348 1424 1533 1594 1561
547.986023 1472 1424 1350 1307 1342 1414 1514 1552 1509
547.999023 1487 1417 1344 1309 1338 1419 1512 1531 1510
548.012024 1455 1405 1347 1307 1325 1396 1477 1524 1485
548.025024 1456 1411 1342 1305 1326 1398 1476 1494 1467
548.038025 1430 1391 1334 1306 1329 1383 1472 1491 1462
548.051025 1431 1388 1334 1303 1330 1374 1450 1466 1463
548.064026 1413 1369 1341 1304 1326 1382 1452 1465 1444
548.077026 1420 1374 1338 1312 1325 1382 1440 1444 1441
548.090027 1416 1377 1331 1316 1324 1371 1417 1451 1408
548.103027 1400 1373 1331 1308 1324 1360 1421 1434 1406
548.116028 1394 1364 1323 1301 1327 1365 1422 1416 1415
548.129028 1391 1364 1318 1307 1326 1352 1411 1416 1406
548.142029 1393 1356 1319 1300 1312 1367 1392 1411 1407
548.155029 1379 1354 1314 1304 1312 1351 1392 1403 1392
548.16803 1381 1355 1316 1308 1313 1345 1391 1405 1387
548.18103 1364 1340 1320 1310 1313 1345 1386 1385 1381
548.19397 1368 1341 1309 1302 1314 1352 1391 1390 1375
548.20697 1363 1357 1318 1311 1308 1340 1371 1389 1374
548.219971 1377 1334 1321 1302 1306 1349 1378 1378 1374
548.232971 1364 1339 1311 1297 1318 1346 1371 1363 1372
548.245972 1356 1332 1312 1303 1310 1336 1370 1375 1356
548.258972 1358 1344 1313 1313 1311 1338 1360 1370 1364
548.271973 1350 1329 1317 1304 1315 1327 1359 1366 1361
548.284973 1352 1335 1321 1304 1310 1335 1359 1362 1358
548.297974 1344 1338 1319 1307 1315 1335 1350 1358 1359
548.310974 1353 1332 1320 1300 1316 1340 1361 1362 1354
548.323975 1347 1331 1323 1310 1311 1335 1355 1359 1354
548.336975 1347 1331 1311 1302 1316 1330 1352 1361 1345
548.349976 1343 1337 1313 1308 1308 1327 1354 1352 1339
548.362976 1341 1327 1311 1314 1320 1333 1335 1352 1345
548.375977 1333 1325 1313 1303 1312 1331 1359 1345 1339
548.388977 1335 1315 1307 1310 1308 1326 1349 1360 1338
548.401978 1338 1324 1312 1298 1312 1333 1340 1352 1342
548.414978 1340 1322 1312 1306 1312 1325 1340 1349 1341
548.427979 1345 1322 1307 1300 1313 1322 1355 1350 1339
548.440979 1332 1321 1315 1311 1317 1327 1346 1347 1328
548.453979 1322 1315 1310 1313 1306 1318 1331 1334 1340
548.46698 1338 1323 1302 1302 1308 1328 1337 1335 1333
548.47998 1333 1320 1313 1298 1310 1319 1334 1336 1341
548.492981 1323 1320 1316 1310 1309 1322 1342 1338 1340
548.505981 1318 1319 1308 1299 1304 1324 1327 1330 1330
548.518982 1331 1316 1305 1304 1316 1314 1330 1329 1326
548.531982 1318 1308 1308 1309 1305 1323 1331 1338 1321
548.544983 1324 1316 1306 1295 1310 1320 1325 1329 1328
548.557983 1329 1327 1306 1302 1302 1318 1330 1328 1331
548.570984 1315 1310 1307 1306 1306 1311 1322 1325 1328
548.583984 1329 1312 1305 1301 1315 1314 1329 1326 1319
548.596985 1319 1321 1304 1308 1308 1312 1322 1327 1328
548.609985 1313 1308 1303 1297 1312 1316 1332 1327 1317
548.622986 1315 1320 1308 1307 1309 1323 1321 1328 1321
548.635986 1319 1314 1302 1302 1314 1315 1324 1329 1323
548.648987 1320 1316 1308 1300 1303 1321 1334 1327 1321
548.661987 1317 1317 1304 1306 1306 1319 1323 1317 1321
548.674988 1317 1314 1302 1303 1305 1310 1334 1313 1314
548.687988 1326 1313 1312 1303 1311 1309 1317 1326 1324
548.700989 1317 1314 1301 1301 1308 1312 1312 1324 1323
548.713989 1313 1314 1310 1308 1301 1310 1329 1315 1313
548.72699 1313 1318 1300 1306 1308 1313 1311 1328 1317
548.739014 1309 1307 1304 1306 1303 1317 1324 1328 1315
