0 11.25 22.5 33.75 45 56.25 67.5 78.75 90
535.080017 1268 1268 1270 1270 1267 1265 1267 1268 1266
535.093994 1266 1266 1270 1268 1265 1266 1268 1270 1266
535.106995 1268 1264 1266 1267 1269 1265 1266 1267 1264
535.120972 1268 1270 1266 1270 1263 1266 1268 1263 1268
535.13501 1262 1265 1265 1267 1266 1267 1265 1265 1269
535.148987 1264 1265 1267 1268 1267 1266 1268 1265 1266
535.161987 1262 1265 1266 1266 1268 1267 1265 1267 1266
535.176025 1267 1269 1265 1264 1265 1263 1264 1264 1263
535.190002 1265 1265 1264 1265 1268 1265 1265 1265 1264
535.203003 1267 1269 1265 1266 1264 1269 1265 1267 1264
535.21698 1263 1266 1267 1267 1262 1265 1264 1266 1268
535.231018 1265 1267 1265 1265 1267 1267 1265 1269 1267
535.244995 1266 1264 1265 1266 1267 1267 1268 1267 1266
535.257996 1269 1265 1265 1267 1265 1266 1267 1266 1263
535.271973 1264 1266 1267 1266 1264 1263 1266 1267 1263
535.286011 1265 1266 1265 1265 1265 1265 1264 1266 1261
535.299011 1267 1263 1265 1263 1266 1265 1264 1264 1267
535.312988 1263 1261 1262 1267 1268 1264 1261 1265 1264
535.327026 1267 1264 1265 1264 1263 1264 1267 1262 1264
535.341003 1267 1264 1265 1266 1265 1267 1266 1265 1263
535.354004 1263 1265 1266 1267 1268 1268 1268 1266 1266
535.367981 1265 1264 1266 1265 1264 1265 1268 1265 1263
535.382019 1265 1266 1263 1263 1268 1265 1263 1264 1268
535.39502 1265 1264 1264 1265 1264 1267 1264 1268 1265
535.408997 1266 1267 1266 1264 1263 1266 1264 1264 1265
535.422974 1265 1264 1265 1266 1264 1266 1262 1263 1267
535.435974 1264 1264 1264 1265 1265 1265 1266 1263 1264
535.450012 1264 1266 1266 1267 1266 1266 1267 1266 1264
535.463989 1264 1270 1265 1265 1264 1266 1263 1264 1264
535.478027 1264 1263 1265 1265 1264 1267 1264 1261 1264
535.491028 1266 1266 1265 1261 1262 1267 1266 1261 1262
535.505005 1265 1263 1263 1265 1262 1261 1262 1265 1262
535.518982 1263 1264 1265 1267 1265 1265 1266 1265 1263
535.531982 1264 1264 1267 1268 1264 1265 1263 1266 1265
535.546021 1265 1262 1267 1266 1266 1264 1264 1265 1263
535.559998 1266 1264 1264 1265 1265 1266 1264 1263 1264
535.572998 1264 1262 1264 1264 1263 1264 1263 1267 1265
535.586975 1265 1266 1263 1265 1263 1264 1262 1264 1266
535.601013 1263 1269 1262 1264 1265 1266 1265 1262 1265
535.61499 1263 1265 1265 1266 1265 1264 1264 1263 1263
535.627991 1263 1262 1263 1265 1266 1267 1267 1265 1266
535.642029 1266 1263 1264 1263 1263 1263 1266 1265 1266
535.656006 1266 1265 1267 1267 1265 1265 1263 1265 1263
535.669006 1262 1264 1266 1264 1263 1262 1264 1264 1264
535.682983 1265 1266 1262 1265 1265 1263 1265 1264 1263
535.697021 1267 1265 1265 1268 1265 1264 1263 1267 1267
535.710022 1267 1266 1264 1265 1268 1263 1266 1264 1267
535.723999 1265 1265 1265 1268 1263 1264 1265 1262 1265
535.737976 1263 1265 1268 1267 1263 1266 1266 1263 1263
535.750977 1260 1263 1265 1267 1264 1263 1266 1265 1260
535.765015 1262 1266 1262 1263 1265 1265 1263 1268 1263
535.778992 1263 1264 1261 1265 1264 1268 1263 1263 1262
535.791992 1265 1264 1263 1265 1262 1267 1263 1264 1267
535.80603 1264 1268 1263 1261 1264 1263 1263 1262 1267
535.820007 1266 1265 1267 1263 1263 1265 1263 1263 1262
535.833984 1262 1264 1263 1266 1267 1265 1264 1265 1266
535.846985 1265 1266 1266 1261 1264 1265 1266 1264 1266
535.861023 1263 1269 1265 1266 1261 1265 1264 1265 1266
535.875 1263 1263 1264 1264 1265 1267 1267 1263 1266
535.888 1265 1262 1262 1266 1264 1265 1262 1265 1265
535.901978 1266 1262 1261 1265 1263 1262 1265 1265 1265
535.916016 1262 1265 1264 1266 1263 1266 1265 1263 1261
535.929016 1263 1263 1267 1266 1266 1264 1262 1261 1263
535.942993 1263 1265 1264 1264 1269 1263 1266 1263 1265
535.95697 1261 1267 1265 1265 1263 1266 1262 1266 1263
535.969971 1264 1266 1267 1263 1265 1263 1265 1267 1265
535.984009 1265 1267 1265 1267 1264 1264 1264 1264 1263
535.997986 1266 1263 1267 1265 1262 1265 1264 1266 1263
536.010986 1263 1267 1264 1263 1264 1262 1263 1266 1264
536.025024 1262 1264 1265 1263 1269 1263 1266 1266 1263
536.039001 1264 1264 1267 1264 1261 1266 1266 1262 1263
536.052002 1264 1267 1263 1263 1265 1265 1264 1264 1264
536.065979 1266 1265 1264 1262 1265 1264 1263 1263 1263
536.080017 1267 1267 1263 1267 1262 1266 1263 1263 1264
536.093018 1267 1264 1265 1266 1262 1266 1265 1264 1263
536.106995 1266 1267 1266 1265 1264 1262 1265 1264 1264
536.120972 1262 1264 1266 1265 1264 1264 1266 1263 1263
536.133972 1264 1264 1266 1266 1268 1266 1267 1265 1263
536.14801 1264 1264 1268 1265 1266 1264 1264 1264 1262
536.161987 1263 1263 1264 1265 1263 1266 1264 1264 1263
536.174988 1267 1267 1263 1268 1263 1266 1260 1263 1263
536.189026 1263 1265 1264 1264 1262 1264 1264 1261 1267
536.203003 1260 1262 1266 1262 1268 1264 1263 1263 1263
536.216003 1263 1264 1266 1262 1266 1264 1264 1263 1265
536.22998 1263 1264 1265 1263 1267 1265 1265 1263 1266
536.244019 1263 1261 1264 1266 1266 1264 1265 1262 1266
536.257019 1264 1262 1264 1264 1264 1262 1265 1264 1265
536.270996 1265 1264 1265 1266 1262 1265 1264 1264 1265
536.284973 1265 1264 1265 1264 1262 1267 1266 1263 1263
536.297974 1263 1262 1267 1264 1267 1263 1266 1263 1263
536.312012 1262 1264 1266 1263 1265 1264 1265 1264 1264
536.325989 1262 1265 1267 1264 1261 1266 1264 1266 1265
536.338989 1265 1266 1263 1265 1264 1266 1261 1264 1265
536.353027 1263 1266 1264 1264 1262 1262 1263 1265 1265
536.367004 1264 1262 1263 1264 1262 1263 1266 1262 1263
536.380005 1265 1263 1264 1266 1265 1262 1263 1265 1263
536.393982 1262 1263 1266 1264 1268 1264 1266 1263 1264
536.40802 1261 1264 1267 1267 1264 1267 1267 1262 1265
536.421021 1266 1264 1264 1268 1266 1264 1265 1263 1266
536.434998 1260 1264 1267 1266 1264 1265 1264 1263 1267
536.448975 1264 1265 1264 1263 1263 1263 1262 1265 1265
536.461975 1266 1266 1262 1265 1265 1265 1266 1265 1266
536.476013 1266 1264 1262 1265 1262 1266 1264 1264 1264
536.48999 1266 1261 1267 1261 1268 1265 1266 1264 1264
536.502991 1264 1264 1266 1260 1264 1265 1264 1265 1265
536.517029 1266 1262 1265 1266 1266 1262 1263 1265 1266
536.530029 1266 1267 1264 1263 1267 1266 1264 1265 1264
536.544006 1265 1266 1266 1265 1263 1266 1264 1264 1263
536.557983 1267 1263 1268 1262 1264 1266 1265 1266 1264
536.570984 1267 1264 1262 1265 1265 1263 1265 1269 1261
536.585022 1263 1264 1265 1264 1264 1266 1264 1263 1264
536.598999 1265 1264 1264 1266 1269 1266 1263 1266 1263
536.612 1260 1263 1267 1267 1270 1266 1266 1264 1262
536.625977 1264 1266 1267 1265 1267 1264 1265 1266 1266
536.640015 1264 1268 1266 1267 1267 1268 1266 1265 1265
536.653015 1267 1263 1268 1266 1265 1265 1264 1265 1264
536.666992 1266 1267 1263 1262 1262 1262 1264 1267 1264
536.68103 1263 1265 1267 1264 1263 1269 1264 1264 1263
536.69397 1262 1263 1264 1263 1267 1264 1262 1263 1263
536.708008 1264 1263 1265 1266 1266 1265 1266 1263 1264
536.721008 1266 1266 1265 1265 1267 1265 1265 1262 1265
536.734985 1266 1265 1267 1264 1265 1263 1266 1264 1263
536.749023 1265 1268 1265 1263 1262 1266 1265 1268 1263
536.762024 1263 1266 1264 1266 1263 1265 1270 1267 1265
536.776001 1266 1265 1270 1265 1265 1262 1266 1266 1263
536.789978 1265 1267 1267 1264 1265 1264 1264 1264 1265
536.802979 1263 1261 1269 1263 1265 1264 1267 1265 1263
536.817017 1264 1266 1265 1266 1267 1265 1264 1265 1263
536.830994 1267 1270 1267 1265 1264 1269 1266 1264 1262
536.843994 1264 1262 1262 1267 1265 1265 1264 1267 1264
536.857971 1262 1264 1268 1267 1261 1264 1265 1264 1267
536.870972 1263 1265 1263 1268 1267 1264 1264 1264 1265
536.88501 1264 1264 1266 1267 1266 1264 1265 1265 1266
536.898987 1261 1267 1262 1266 1265 1266 1264 1266 1264
536.911987 1264 1265 1266 1267 1263 1266 1264 1266 1267
536.926025 1266 1264 1262 1264 1265 1265 1266 1268 1265
536.940002 1265 1265 1263 1267 1264 1266 1266 1265 1267
536.953003 1264 1266 1264 1265 1266 1265 1264 1263 1268
536.96698 1266 1263 1266 1266 1263 1267 1268 1263 1267
536.97998 1264 1268 1268 1267 1265 1268 1265 1261 1267
536.994019 1266 1267 1266 1266 1269 1265 1267 1265 1266
537.007996 1265 1264 1269 1270 1266 1266 1264 1261 1266
537.020996 1265 1262 1264 1264 1268 1268 1266 1266 1264
537.034973 1264 1268 1266 1265 1266 1267 1268 1261 1266
537.049011 1264 1266 1263 1269 1268 1263 1265 1263 1263
537.062012 1265 1267 1268 1264 1263 1262 1267 1268 1264
537.075989 1264 1265 1268 1268 1266 1264 1270 1264 1262
537.088989 1264 1263 1269 1264 1267 1270 1268 1263 1264
537.103027 1266 1268 1264 1269 1266 1268 1265 1264 1270
537.117004 1265 1265 1266 1265 1267 1267 1262 1263 1266
537.130005 1266 1266 1264 1267 1266 1268 1264 1266 1265
537.143982 1266 1267 1266 1265 1267 1268 1265 1265 1264
537.15802 1265 1270 1265 1264 1267 1266 1268 1267 1268
537.171021 1263 1265 1268 1269 1266 1269 1268 1269 1263
537.184998 1266 1269 1271 1265 1267 1265 1266 1266 1266
537.197998 1267 1267 1266 1271 1268 1269 1265 1264 1268
537.211975 1268 1269 1268 1267 1266 1266 1267 1270 1266
537.226013 1269 1268 1267 1265 1271 1265 1264 1270 1268
537.239014 1277 1272 1270 1272 1271 1273 1275 1273 1274
537.252991 1265 1263 1268 1268 1268 1270 1266 1263 1263
537.265991 1266 1270 1269 1272 1270 1269 1268 1270 1267
537.280029 1269 1270 1269 1273 1270 1270 1270 1268 1269
537.294006 1269 1271 1271 1270 1269 1275 1269 1266 1270
537.307007 1269 1272 1271 1272 1269 1271 1271 1271 1270
537.320984 1267 1271 1269 1273 1274 1271 1271 1274 1267
537.333984 1276 1273 1273 1272 1274 1274 1272 1273 1274
537.348022 1272 1273 1272 1273 1274 1273 1278 1271 1274
537.362 1270 1276 1274 1272 1275 1275 1275 1273 1274
537.375 1271 1272 1276 1277 1272 1272 1273 1274 1273
537.388977 1274 1278 1274 1275 1278 1276 1271 1270 1273
537.403015 1272 1277 1271 1272 1274 1276 1274 1269 1274
537.416016 1269 1270 1274 1272 1271 1272 1269 1273 1267
537.429993 1273 1272 1272 1267 1275 1272 1270 1271 1270
537.442993 1270 1266 1270 1270 1272 1269 1264 1265 1267
537.45697 1272 1273 1269 1271 1274 1266 1272 1268 1268
537.471008 1268 1269 1272 1267 1271 1268 1266 1269 1269
537.484009 1268 1272 1272 1269 1270 1270 1269 1268 1268
537.497986 1267 1272 1268 1270 1265 1272 1268 1270 1271
537.510986 1269 1273 1273 1272 1275 1270 1267 1268 1268
537.525024 1269 1271 1270 1273 1273 1273 1267 1271 1268
537.539001 1267 1275 1269 1274 1271 1268 1271 1268 1270
537.552002 1268 1267 1269 1268 1275 1273 1268 1267 1269
537.565979 1269 1269 1273 1274 1271 1269 1267 1270 1269
537.578979 1271 1272 1272 1272 1269 1272 1273 1270 1266
537.593018 1267 1274 1276 1269 1273 1274 1268 1273 1273
537.606995 1270 1269 1276 1276 1272 1271 1269 1271 1270
537.619995 1271 1271 1272 1274 1269 1275 1269 1269 1265
537.633972 1273 1267 1272 1276 1272 1271 1267 1269 1270
537.646973 1270 1268 1275 1276 1273 1270 1268 1265 1267
537.661011 1268 1271 1274 1277 1273 1272 1272 1274 1272
537.674011 1270 1274 1273 1275 1276 1275 1273 1267 1270
537.687988 1272 1273 1272 1275 1275 1278 1274 1270 1273
537.702026 1275 1273 1274 1273 1275 1277 1266 1272 1271
537.715027 1273 1271 1269 1274 1273 1271 1272 1271 1266
537.729004 1270 1272 1275 1278 1272 1276 1271 1273 1276
537.742004 1267 1271 1275 1279 1274 1280 1268 1276 1274
537.755981 1274 1277 1273 1280 1278 1277 1273 1271 1274
537.77002 1271 1272 1276 1274 1274 1275 1271 1270 1276
537.78302 1269 1278 1275 1279 1279 1276 1279 1273 1270
537.796997 1272 1278 1280 1280 1281 1273 1275 1277 1279
537.809998 1273 1274 1277 1278 1278 1276 1277 1274 1272
537.823975 1276 1273 1277 1279 1277 1278 1273 1279 1275
537.836975 1273 1280 1279 1280 1282 1279 1282 1270 1272
537.851013 1280 1279 1278 1286 1283 1281 1281 1275 1276
537.86499 1276 1278 1284 1282 1286 1288 1275 1276 1276
537.877991 1276 1278 1284 1285 1279 1283 1281 1273 1274
537.892029 1280 1280 1278 1291 1282 1280 1278 1279 1279
537.905029 1278 1280 1281 1284 1284 1284 1281 1275 1277
537.919006 1278 1275 1279 1290 1288 1285 1278 1276 1286
537.932007 1281 1282 1280 1286 1286 1283 1279 1274 1278
537.945984 1281 1282 1285 1288 1289 1285 1281 1275 1278
537.960022 1281 1282 1286 1286 1288 1283 1283 1280 1278
537.973022 1287 1281 1285 1290 1284 1284 1283 1279 1277
537.987 1279 1285 1288 1289 1288 1281 1275 1283 1282
538 1277 1284 1287 1289 1286 1292 1277 1284 1283
538.013977 1280 1293 1291 1291 1289 1285 1283 1283 1278
538.028015 1280 1285 1291 1292 1294 1292 1282 1279 1279
538.041016 1286 1290 1290 1289 1291 1295 1283 1281 1282
538.054993 1290 1277 1296 1301 1297 1289 1287 1281 1284
538.067993 1285 1288 1297 1300 1291 1292 1286 1282 1281
538.08197 1286 1287 1292 1296 1296 1296 1286 1292 1282
538.094971 1286 1296 1290 1299 1296 1296 1289 1286 1283
538.109009 1286 1283 1298 1295 1293 1292 1285 1291 1287
538.122009 1286 1287 1296 1304 1305 1297 1292 1284 1287
538.135986 1290 1288 1293 1298 1301 1289 1289 1288 1289
538.150024 1289 1287 1296 1307 1308 1292 1293 1287 1289
538.163025 1289 1302 1298 1303 1308 1298 1288 1293 1286
538.177002 1289 1297 1299 1300 1303 1294 1289 1292 1295
538.190002 1291 1292 1293 1298 1308 1300 1288 1289 1285
538.203979 1288 1293 1309 1311 1304 1295 1295 1290 1291
538.21698 1289 1293 1302 1301 1305 1301 1297 1295 1294
538.231018 1289 1303 1301 1310 1307 1308 1296 1302 1292
538.244995 1297 1295 1305 1314 1312 1304 1300 1293 1290
538.257996 1297 1298 1300 1314 1309 1301 1295 1292 1290
538.271973 1295 1299 1305 1318 1310 1309 1300 1299 1302
538.284973 1298 1301 1311 1304 1315 1308 1301 1302 1298
538.299011 1304 1299 1316 1319 1310 1310 1306 1307 1299
538.312012 1304 1305 1314 1323 1321 1314 1303 1302 1301
538.325989 1304 1309 1322 1330 1316 1317 1315 1307 1311
538.338989 1309 1314 1330 1329 1324 1331 1314 1306 1311
538.353027 1318 1322 1325 1332 1327 1321 1310 1314 1310
538.367004 1308 1319 1317 1330 1336 1324 1320 1310 1308
538.380005 1310 1319 1326 1337 1320 1322 1312 1317 1324
538.393982 1316 1318 1323 1336 1331 1335 1325 1310 1312
538.406982 1316 1321 1331 1329 1331 1326 1328 1315 1315
538.421021 1310 1325 1331 1334 1339 1337 1322 1316 1328
538.434021 1314 1327 1326 1342 1332 1339 1326 1317 1322
538.447998 1315 1330 1340 1345 1332 1329 1328 1316 1325
538.460999 1313 1328 1345 1332 1338 1344 1328 1321 1318
538.474976 1322 1324 1337 1342 1344 1345 1323 1317 1316
538.489014 1324 1326 1332 1342 1328 1332 1328 1320 1316
538.502014 1320 1323 1323 1338 1334 1329 1326 1308 1317
538.515991 1310 1321 1333 1336 1331 1329 1319 1310 1321
538.528992 1312 1320 1333 1339 1341 1331 1325 1316 1313
538.54303 1303 1323 1333 1330 1333 1319 1322 1317 1307
538.55603 1313 1326 1322 1344 1340 1328 1323 1310 1311
538.570007 1308 1318 1333 1336 1343 1328 1318 1310 1313
538.583008 1310 1325 1326 1331 1339 1336 1315 1319 1315
538.596985 1315 1321 1332 1339 1339 1332 1316 1310 1317
538.609985 1315 1324 1330 1343 1338 1338 1324 1315 1313
538.624023 1314 1327 1333 1342 1343 1332 1323 1322 1316
538.638 1323 1320 1334 1337 1345 1335 1333 1320 1319
538.651001 1313 1324 1337 1344 1343 1343 1325 1322 1308
538.664978 1322 1325 1335 1341 1345 1334 1320 1321 1312
538.677979 1323 1327 1333 1347 1335 1335 1327 1319 1323
538.692017 1318 1325 1340 1347 1343 1343 1319 1312 1319
538.705017 1323 1314 1341 1347 1335 1344 1317 1318 1323
538.718994 1315 1335 1336 1344 1345 1330 1322 1322 1319
538.731995 1328 1323 1338 1341 1345 1343 1320 1321 1315
538.745972 1316 1321 1346 1358 1351 1332 1326 1316 1318
538.758972 1315 1335 1346 1358 1350 1342 1328 1311 1320
538.77301 1325 1325 1342 1343 1347 1342 1323 1322 1322
538.786011 1315 1330 1340 1345 1355 1346 1320 1329 1320
538.799988 1319 1329 1343 1344 1360 1338 1332 1314 1318
538.812988 1322 1330 1351 1358 1348 1346 1328 1317 1320
538.827026 1314 1337 1352 1352 1359 1349 1334 1321 1321
538.841003 1320 1334 1355 1357 1354 1346 1330 1318 1310
538.854004 1322 1325 1348 1363 1355 1348 1333 1322 1326
538.867981 1318 1327 1346 1340 1350 1355 1335 1321 1319
538.880981 1324 1337 1347 1355 1353 1337 1327 1314 1329
538.89502 1326 1333 1349 1362 1346 1348 1333 1326 1329
538.90802 1321 1335 1354 1359 1357 1351 1341 1322 1318
538.921997 1323 1338 1345 1366 1354 1348 1334 1326 1330
538.934998 1325 1333 1349 1356 1361 1354 1327 1321 1313
538.948975 1327 1334 1342 1355 1361 1347 1334 1320 1325
538.961975 1330 1326 1345 1358 1355 1344 1338 1321 1320
538.976013 1323 1340 1354 1354 1357 1354 1356 1327 1326
538.989014 1331 1338 1347 1356 1357 1343 1334 1319 1330
539.002991 1329 1333 1348 1368 1368 1354 1337 1320 1329
539.015991 1336 1337 1350 1356 1358 1348 1336 1325 1333
539.030029 1331 1339 1353 1367 1362 1344 1339 1330 1321
539.04303 1326 1339 1360 1360 1370 1347 1338 1325 1316
539.057007 1332 1349 1350 1366 1364 1346 1340 1330 1325
539.070007 1329 1339 1357 1366 1360 1355 1340 1327 1329
539.083984 1333 1344 1350 1369 1360 1351 1334 1329 1334
539.096985 1333 1334 1355 1368 1362 1345 1338 1330 1326
539.111023 1330 1343 1353 1370 1367 1356 1344 1330 1328
539.125 1336 1335 1348 1368 1365 1356 1345 1321 1321
539.138 1336 1338 1343 1368 1361 1355 1338 1327 1318
539.151978 1327 1339 1353 1371 1371 1346 1334 1321 1320
539.164978 1322 1332 1354 1359 1349 1342 1333 1318 1322
539.179016 1327 1338 1350 1367 1367 1354 1343 1333 1324
539.192017 1321 1323 1348 1366 1361 1356 1340 1309 1320
539.205994 1320 1331 1350 1358 1358 1347 1336 1323 1317
539.218994 1318 1331 1347 1353 1355 1346 1336 1320 1325
539.232971 1320 1334 1354 1369 1351 1352 1325 1320 1326
539.245972 1325 1328 1359 1349 1365 1349 1332 1318 1318
539.26001 1322 1330 1347 1364 1355 1353 1333 1319 1321
539.27301 1325 1331 1338 1353 1353 1342 1335 1314 1314
539.286987 1324 1337 1349 1355 1363 1347 1320 1325 1315
539.299988 1325 1328 1341 1363 1361 1351 1336 1320 1324
539.314026 1319 1337 1335 1367 1355 1356 1339 1322 1320
539.327026 1326 1341 1358 1357 1353 1345 1338 1324 1325
539.341003 1317 1338 1340 1359 1350 1346 1341 1323 1325
539.354004 1314 1338 1344 1361 1358 1338 1328 1319 1318
539.367981 1323 1326 1342 1368 1363 1353 1323 1319 1329
539.380981 1326 1333 1354 1362 1359 1353 1327 1328 1312
539.39502 1324 1334 1354 1359 1360 1353 1329 1316 1317
539.40802 1321 1326 1354 1366 1362 1348 1334 1325 1312
539.421997 1309 1332 1351 1360 1352 1346 1329 1325 1313
539.434998 1327 1335 1356 1360 1359 1347 1331 1327 1321
539.448975 1323 1339 1351 1367 1354 1348 1331 1323 1321
539.461975 1321 1334 1354 1364 1367 1348 1336 1322 1318
539.476013 1324 1332 1350 1365 1359 1348 1334 1318 1316
539.489014 1313 1327 1345 1369 1358 1343 1334 1311 1318
539.502991 1326 1340 1353 1374 1363 1349 1335 1322 1323
539.515991 1317 1336 1358 1365 1365 1348 1339 1315 1313
539.530029 1323 1328 1358 1371 1354 1347 1338 1323 1319
539.54303 1329 1341 1363 1378 1374 1363 1346 1325 1321
539.557007 1324 1352 1357 1385 1395 1364 1343 1325 1325
539.570007 1329 1332 1374 1399 1387 1368 1336 1321 1319
539.583984 1315 1339 1379 1399 1396 1373 1353 1325 1321
539.596985 1327 1353 1390 1413 1422 1384 1347 1318 1317
539.611023 1336 1367 1403 1464 1453 1386 1351 1323 1324
539.624023 1334 1362 1416 1445 1463 1410 1353 1327 1333
539.638 1336 1371 1424 1472 1461 1433 1357 1327 1328
539.651001 1333 1370 1420 1477 1467 1426 1367 1322 1328
539.664001 1327 1363 1426 1476 1448 1431 1368 1319 1331
539.677979 1332 1360 1423 1455 1443 1420 1357 1330 1330
539.690979 1331 1366 1403 1452 1420 1387 1365 1334 1334
539.705017 1331 1345 1392 1418 1414 1387 1347 1320 1332
539.718018 1332 1353 1387 1415 1405 1381 1344 1328 1330
539.731995 1327 1353 1372 1390 1394 1370 1344 1325 1323
539.744995 1334 1348 1368 1386 1375 1354 1342 1321 1317
539.758972 1329 1340 1376 1386 1382 1358 1335 1330 1324
539.771973 1318 1343 1358 1385 1376 1362 1335 1317 1320
539.786011 1331 1341 1360 1377 1376 1360 1336 1319 1320
539.799011 1316 1329 1363 1361 1379 1353 1331 1322 1319
539.812988 1325 1335 1351 1357 1369 1357 1331 1326 1325
539.825989 1323 1340 1356 1371 1357 1355 1336 1323 1320
539.840027 1330 1332 1353 1367 1373 1365 1328 1325 1323
539.853027 1334 1337 1354 1364 1365 1354 1341 1316 1324
539.867004 1325 1336 1359 1367 1375 1357 1340 1324 1319
539.880005 1319 1334 1351 1365 1375 1350 1340 1333 1329
539.893982 1322 1338 1345 1375 1361 1354 1336 1323 1324
539.906982 1323 1337 1363 1372 1367 1350 1341 1321 1322
539.921021 1328 1343 1354 1373 1367 1359 1328 1316 1320
539.934021 1332 1333 1359 1377 1369 1353 1333 1324 1319
539.947998 1323 1341 1352 1366 1371 1356 1341 1321 1321
539.960999 1324 1346 1357 1365 1364 1354 1334 1323 1322
539.973999 1321 1341 1358 1366 1369 1358 1342 1314 1315
539.987976 1321 1342 1367 1377 1374 1357 1348 1320 1323
540.000977 1327 1342 1355 1373 1367 1350 1331 1317 1311
540.015015 1327 1332 1350 1369 1373 1365 1334 1319 1316
540.028015 1332 1347 1349 1362 1366 1351 1342 1317 1317
540.041992 1324 1344 1364 1374 1365 1357 1341 1316 1318
540.054993 1332 1337 1359 1380 1374 1352 1331 1316 1319
540.06897 1317 1342 1355 1377 1365 1359 1332 1325 1331
540.08197 1328 1340 1357 1369 1359 1362 1336 1325 1320
540.096008 1325 1331 1354 1360 1374 1364 1340 1323 1323
540.109009 1327 1339 1356 1365 1363 1357 1329 1318 1328
540.122986 1325 1325 1351 1366 1358 1353 1339 1329 1324
540.135986 1321 1341 1360 1374 1363 1355 1347 1335 1317
540.150024 1322 1339 1358 1375 1373 1354 1328 1321 1315
540.163025 1327 1342 1352 1374 1366 1359 1337 1317 1327
540.176025 1324 1340 1356 1389 1382 1359 1346 1327 1324
540.190002 1320 1340 1357 1372 1371 1356 1334 1322 1326
540.203003 1325 1339 1359 1376 1372 1358 1334 1331 1322
540.21698 1329 1338 1361 1357 1377 1362 1336 1324 1323
540.22998 1316 1329 1362 1374 1364 1355 1342 1324 1322
540.244019 1325 1335 1354 1377 1368 1362 1338 1324 1320
540.257019 1328 1338 1367 1376 1380 1367 1334 1317 1325
540.270996 1326 1342 1358 1367 1368 1352 1330 1325 1321
540.283997 1337 1347 1359 1361 1361 1354 1329 1321 1329
540.297974 1323 1354 1354 1368 1373 1362 1351 1324 1320
540.310974 1323 1340 1349 1377 1376 1360 1332 1324 1317
540.323975 1323 1338 1350 1371 1378 1359 1334 1326 1325
540.338013 1327 1341 1352 1367 1361 1349 1331 1319 1320
540.351013 1331 1345 1354 1373 1374 1357 1342 1321 1330
540.36499 1330 1333 1370 1382 1373 1359 1341 1316 1335
540.377991 1334 1343 1361 1374 1366 1364 1342 1331 1326
540.392029 1336 1350 1361 1377 1375 1359 1341 1334 1334
540.405029 1336 1349 1369 1393 1382 1374 1338 1329 1329
540.419006 1331 1356 1361 1381 1380 1357 1352 1331 1335
540.432007 1336 1340 1370 1386 1387 1370 1344 1328 1334
540.445007 1344 1350 1370 1383 1378 1363 1344 1336 1335
540.458984 1338 1343 1364 1392 1369 1363 1350 1330 1334
540.471985 1345 1352 1374 1394 1385 1366 1364 1338 1319
540.486023 1337 1351 1376 1383 1376 1363 1344 1332 1326
540.499023 1341 1342 1357 1372 1391 1364 1346 1328 1328
540.513 1331 1332 1368 1374 1369 1361 1342 1325 1323
540.526001 1336 1341 1362 1377 1385 1349 1338 1328 1331
540.539978 1322 1339 1358 1377 1368 1361 1328 1323 1325
540.552979 1326 1356 1365 1363 1373 1360 1340 1321 1337
540.565979 1326 1345 1352 1375 1375 1356 1346 1326 1322
540.580017 1330 1353 1359 1367 1375 1362 1337 1318 1323
540.593018 1335 1342 1355 1379 1383 1358 1341 1329 1322
540.606995 1328 1348 1355 1377 1374 1359 1344 1331 1334
540.619995 1322 1338 1360 1372 1374 1362 1338 1333 1322
540.633972 1318 1344 1365 1373 1367 1360 1332 1328 1322
540.646973 1324 1335 1355 1376 1371 1357 1339 1329 1320
540.659973 1332 1351 1363 1368 1367 1365 1335 1324 1318
540.674011 1330 1342 1359 1382 1366 1358 1338 1324 1325
540.687012 1327 1334 1350 1372 1371 1351 1334 1330 1331
540.700989 1330 1338 1363 1370 1373 1348 1338 1322 1322
540.713989 1338 1347 1363 1375 1379 1355 1349 1329 1318
540.728027 1319 1331 1362 1371 1383 1356 1340 1317 1325
540.741028 1321 1340 1363 1373 1361 1351 1343 1319 1317
540.754028 1332 1342 1356 1369 1386 1352 1335 1321 1325
540.768005 1331 1340 1352 1376 1365 1351 1332 1321 1318
540.781006 1331 1336 1360 1372 1381 1354 1341 1318 1320
540.794983 1316 1339 1356 1377 1361 1365 1325 1328 1325
540.807983 1317 1340 1367 1369 1382 1362 1336 1331 1315
540.822021 1331 1340 1358 1383 1372 1363 1342 1323 1335
540.835022 1329 1341 1369 1384 1377 1368 1333 1322 1330
540.848022 1330 1339 1356 1385 1383 1349 1344 1332 1329
540.862 1324 1337 1353 1363 1372 1370 1340 1327 1321
540.875 1334 1340 1354 1369 1378 1359 1346 1318 1326
540.888977 1327 1337 1364 1369 1372 1373 1341 1322 1318
540.901978 1323 1342 1367 1378 1383 1361 1342 1323 1322
540.916016 1324 1341 1362 1392 1372 1355 1341 1331 1324
540.929016 1330 1340 1365 1378 1379 1363 1337 1324 1332
540.942017 1326 1336 1367 1383 1377 1366 1344 1318 1324
540.955994 1325 1352 1357 1378 1380 1358 1336 1323 1318
540.968994 1329 1342 1359 1391 1383 1367 1341 1319 1327
540.982971 1324 1341 1371 1387 1391 1364 1340 1329 1319
540.995972 1329 1338 1367 1388 1380 1361 1340 1327 1319
541.008972 1326 1340 1372 1391 1387 1365 1340 1325 1332
541.02301 1327 1348 1375 1391 1385 1364 1339 1334 1317
541.036011 1332 1341 1368 1389 1373 1369 1346 1324 1331
541.049988 1330 1353 1365 1379 1389 1364 1340 1328 1324
541.062988 1333 1348 1372 1388 1385 1365 1333 1323 1322
541.075989 1332 1347 1369 1388 1374 1373 1338 1327 1322
541.090027 1325 1339 1378 1383 1375 1368 1346 1324 1320
541.103027 1326 1331 1355 1378 1386 1369 1340 1326 1329
541.117004 1329 1344 1362 1375 1389 1366 1336 1321 1321
541.130005 1321 1343 1370 1368 1388 1367 1347 1319 1324
541.143982 1333 1343 1366 1388 1390 1361 1345 1326 1324
541.156982 1320 1344 1371 1383 1380 1361 1342 1315 1324
541.169983 1329 1346 1369 1384 1383 1358 1333 1324 1332
541.184021 1334 1343 1362 1390 1379 1366 1343 1325 1335
541.197021 1327 1347 1363 1388 1382 1375 1349 1323 1329
541.210999 1326 1352 1364 1390 1404 1369 1351 1320 1331
541.223999 1327 1345 1358 1389 1387 1366 1346 1328 1327
541.237 1330 1350 1359 1382 1367 1368 1337 1329 1333
541.250977 1327 1339 1358 1386 1389 1366 1349 1325 1326
541.263977 1327 1345 1376 1381 1371 1364 1350 1321 1326
541.278015 1320 1344 1367 1385 1381 1365 1345 1318 1331
541.291016 1324 1349 1368 1373 1383 1362 1338 1318 1326
541.304016 1322 1344 1364 1384 1383 1370 1349 1324 1320
541.317993 1324 1340 1381 1384 1377 1366 1338 1328 1325
541.330994 1324 1352 1372 1382 1376 1366 1342 1320 1317
541.344971 1322 1344 1350 1382 1357 1359 1345 1321 1320
541.357971 1329 1340 1361 1386 1378 1349 1350 1327 1318
541.370972 1319 1343 1368 1388 1382 1360 1341 1333 1327
541.38501 1317 1340 1364 1377 1379 1357 1338 1325 1319
541.39801 1322 1338 1361 1375 1364 1359 1330 1320 1330
541.411011 1323 1342 1356 1382 1385 1370 1339 1332 1325
541.424988 1321 1338 1362 1372 1370 1358 1329 1325 1321
541.437988 1323 1329 1363 1375 1372 1353 1338 1324 1326
541.452026 1323 1340 1359 1374 1379 1364 1328 1328 1320
541.465027 1329 1338 1372 1381 1363 1353 1333 1318 1322
541.478027 1336 1347 1377 1376 1383 1356 1339 1329 1330
541.492004 1326 1352 1365 1388 1361 1359 1350 1322 1323
541.505005 1329 1349 1362 1368 1368 1354 1337 1329 1322
541.518982 1328 1337 1357 1368 1381 1357 1347 1328 1329
541.531982 1323 1349 1368 1375 1374 1361 1338 1322 1329
541.544983 1325 1333 1353 1387 1383 1350 1344 1327 1326
541.559021 1321 1334 1363 1379 1378 1357 1342 1331 1328
541.572021 1321 1340 1379 1373 1386 1364 1327 1326 1324
541.585999 1331 1334 1367 1382 1380 1347 1344 1313 1330
541.598999 1331 1346 1366 1378 1369 1355 1337 1325 1314
541.612 1327 1348 1362 1376 1375 1360 1335 1331 1334
541.625977 1336 1344 1372 1383 1380 1356 1338 1323 1314
541.638977 1327 1345 1364 1382 1363 1358 1349 1330 1325
541.651978 1336 1341 1353 1377 1369 1363 1342 1322 1320
541.666016 1327 1334 1352 1386 1384 1351 1340 1324 1324
541.679016 1324 1343 1366 1372 1364 1353 1346 1317 1323
541.692993 1323 1347 1364 1369 1369 1357 1326 1331 1330
541.705994 1326 1339 1365 1379 1371 1352 1344 1320 1322
541.718994 1326 1330 1355 1375 1381 1355 1335 1329 1316
541.732971 1326 1333 1371 1372 1369 1348 1343 1325 1322
541.745972 1327 1347 1357 1370 1362 1365 1334 1314 1325
541.758972 1324 1321 1349 1367 1365 1344 1330 1314 1313
541.77301 1328 1334 1347 1367 1371 1360 1334 1320 1325
541.786011 1330 1334 1354 1370 1371 1368 1339 1325 1318
541.799988 1321 1344 1358 1372 1381 1359 1329 1332 1331
541.812988 1323 1335 1360 1372 1371 1365 1329 1321 1318
541.825989 1327 1344 1345 1368 1371 1358 1334 1331 1321
541.840027 1325 1333 1364 1378 1367 1358 1351 1331 1325
541.853027 1331 1346 1357 1371 1372 1361 1347 1314 1337
541.866028 1333 1336 1361 1390 1369 1367 1349 1320 1333
541.880005 1329 1339 1360 1370 1360 1352 1346 1326 1324
541.893005 1323 1344 1361 1380 1377 1353 1348 1326 1321
541.906006 1330 1349 1360 1364 1375 1360 1339 1332 1321
541.919983 1327 1336 1346 1376 1374 1352 1326 1326 1327
541.932983 1335 1335 1365 1373 1361 1353 1340 1321 1326
541.947021 1324 1341 1353 1371 1371 1355 1330 1323 1321
541.960022 1331 1348 1360 1370 1364 1356 1348 1333 1323
541.973022 1329 1344 1356 1373 1382 1358 1336 1322 1325
541.987 1335 1336 1361 1375 1360 1353 1333 1319 1324
542 1318 1340 1355 1375 1380 1370 1349 1320 1322
542.013 1323 1339 1365 1383 1365 1355 1336 1325 1323
542.026978 1327 1336 1353 1373 1364 1360 1340 1331 1319
542.039978 1330 1342 1361 1379 1361 1361 1328 1330 1330
542.052979 1329 1338 1368 1376 1371 1362 1342 1329 1316
542.067017 1325 1339 1366 1372 1369 1359 1346 1319 1331
542.080017 1325 1338 1349 1388 1368 1353 1337 1333 1322
542.093994 1326 1345 1350 1369 1363 1352 1332 1326 1331
542.106995 1328 1337 1360 1375 1370 1350 1339 1320 1313
542.119995 1323 1344 1355 1374 1370 1350 1339 1320 1326
542.133972 1323 1343 1346 1370 1363 1352 1337 1316 1322
542.146973 1323 1337 1366 1372 1371 1369 1335 1330 1338
542.159973 1325 1337 1363 1384 1380 1353 1343 1325 1332
542.174011 1326 1354 1362 1374 1362 1352 1337 1326 1327
542.187012 1324 1345 1374 1373 1364 1357 1340 1326 1320
542.200012 1327 1337 1368 1372 1366 1354 1340 1324 1323
542.213989 1333 1348 1360 1368 1371 1353 1338 1324 1330
542.22699 1321 1343 1353 1364 1368 1358 1343 1333 1327
542.23999 1316 1340 1365 1380 1372 1355 1338 1327 1336
542.254028 1325 1334 1360 1372 1380 1354 1332 1325 1322
542.267029 1333 1343 1359 1373 1387 1357 1344 1324 1325
542.280029 1327 1341 1355 1379 1374 1358 1339 1323 1332
542.294006 1323 1337 1368 1365 1372 1356 1337 1328 1327
542.307007 1330 1340 1365 1381 1371 1360 1340 1314 1326
542.320007 1331 1346 1368 1372 1374 1356 1335 1325 1322
542.333984 1329 1341 1360 1385 1376 1356 1346 1322 1330
542.346985 1332 1339 1364 1370 1380 1350 1337 1329 1328
542.359985 1323 1342 1358 1369 1373 1365 1355 1334 1334
542.374023 1336 1348 1365 1370 1380 1357 1343 1325 1328
542.387024 1327 1333 1359 1383 1378 1353 1335 1323 1324
542.400024 1327 1342 1362 1375 1382 1374 1338 1323 1322
542.414001 1323 1342 1363 1385 1376 1358 1337 1334 1317
542.427002 1331 1340 1365 1373 1374 1358 1332 1319 1322
542.440002 1334 1337 1363 1377 1378 1363 1349 1322 1323
542.453979 1331 1344 1361 1372 1380 1353 1340 1334 1323
542.46698 1329 1348 1356 1363 1371 1354 1339 1316 1326
542.47998 1329 1348 1364 1379 1382 1350 1346 1325 1320
542.494019 1319 1346 1368 1379 1388 1363 1327 1336 1322
542.507019 1329 1348 1375 1386 1378 1371 1339 1332 1319
542.52002 1328 1340 1357 1381 1373 1366 1338 1326 1328
542.533997 1322 1349 1364 1385 1383 1359 1347 1323 1327
542.546997 1328 1346 1371 1388 1382 1369 1337 1335 1319
542.559998 1328 1349 1363 1378 1372 1375 1345 1322 1336
542.573975 1330 1343 1365 1376 1380 1370 1338 1325 1330
542.586975 1327 1355 1368 1376 1382 1378 1333 1323 1326
542.599976 1334 1354 1361 1375 1384 1371 1342 1320 1326
542.614014 1326 1343 1386 1399 1380 1363 1342 1321 1323
542.627014 1331 1341 1365 1391 1388 1370 1346 1330 1329
542.640015 1322 1347 1366 1370 1388 1360 1344 1326 1328
542.653992 1323 1347 1376 1379 1380 1363 1336 1313 1327
542.666992 1325 1349 1367 1387 1384 1356 1334 1325 1334
542.679993 1329 1347 1371 1389 1375 1353 1344 1320 1322
542.69397 1330 1348 1368 1383 1385 1369 1333 1332 1332
542.70697 1329 1341 1371 1383 1384 1363 1333 1326 1327
542.719971 1326 1340 1368 1383 1378 1369 1349 1327 1328
542.734009 1323 1349 1368 1372 1378 1368 1342 1333 1319
542.747009 1328 1348 1374 1396 1376 1360 1340 1336 1321
542.76001 1328 1344 1371 1374 1387 1366 1344 1331 1327
542.773987 1327 1357 1352 1375 1376 1370 1339 1319 1319
542.786987 1330 1342 1364 1382 1373 1360 1346 1316 1322
542.799988 1323 1344 1358 1380 1373 1357 1342 1323 1333
542.812988 1325 1341 1363 1380 1380 1362 1344 1316 1326
542.827026 1331 1345 1356 1376 1369 1348 1335 1327 1315
542.840027 1331 1346 1358 1381 1376 1368 1337 1320 1321
542.853027 1330 1337 1360 1385 1367 1363 1341 1319 1321
542.867004 1327 1335 1362 1386 1369 1346 1342 1328 1325
542.880005 1333 1342 1367 1377 1376 1357 1335 1313 1323
542.893005 1327 1337 1375 1369 1377 1355 1354 1328 1323
542.906982 1323 1342 1357 1373 1388 1369 1330 1324 1318
542.919983 1321 1340 1360 1377 1374 1368 1338 1321 1320
542.932983 1326 1343 1365 1373 1383 1363 1345 1331 1327
542.947021 1329 1355 1361 1378 1373 1367 1343 1319 1318
542.960022 1330 1341 1353 1382 1380 1364 1341 1324 1319
542.973022 1331 1345 1362 1381 1370 1360 1339 1325 1322
542.987 1321 1342 1373 1384 1381 1365 1338 1321 1334
543 1325 1342 1376 1376 1374 1359 1334 1330 1329
543.013 1328 1349 1367 1379 1385 1363 1339 1324 1318
543.026001 1333 1350 1362 1386 1375 1362 1342 1325 1320
543.039978 1329 1344 1370 1387 1379 1373 1347 1326 1320
543.052979 1329 1345 1371 1388 1382 1364 1344 1322 1322
543.065979 1324 1344 1364 1393 1389 1370 1342 1326 1337
543.080017 1325 1352 1377 1387 1394 1371 1338 1324 1323
543.093018 1331 1349 1382 1412 1393 1370 1350 1326 1331
543.106018 1325 1347 1378 1386 1396 1384 1341 1330 1316
543.119995 1334 1351 1390 1404 1401 1395 1346 1323 1327
543.132996 1325 1353 1383 1416 1406 1382 1344 1332 1325
543.145996 1332 1351 1382 1408 1417 1379 1346 1323 1329
543.158997 1329 1356 1382 1410 1408 1381 1349 1329 1329
543.172974 1333 1365 1390 1413 1420 1380 1350 1325 1328
543.185974 1337 1355 1372 1431 1407 1381 1360 1329 1330
543.198975 1335 1359 1400 1431 1420 1376 1359 1324 1328
543.213013 1342 1366 1380 1416 1417 1398 1349 1337 1326
543.226013 1337 1368 1398 1407 1410 1391 1340 1327 1325
543.239014 1339 1354 1387 1410 1406 1377 1345 1329 1324
543.252014 1340 1370 1391 1414 1411 1383 1349 1337 1327
543.265991 1336 1356 1397 1415 1407 1381 1358 1325 1330
543.278992 1334 1366 1400 1413 1434 1390 1347 1328 1333
543.291992 1332 1364 1392 1422 1419 1388 1351 1327 1328
543.30603 1336 1364 1398 1410 1409 1394 1351 1335 1328
543.31897 1341 1371 1388 1423 1434 1399 1347 1331 1331
543.33197 1338 1373 1400 1408 1419 1397 1360 1329 1328
543.344971 1339 1362 1399 1428 1429 1402 1343 1332 1333
543.359009 1329 1367 1390 1420 1420 1387 1359 1319 1335
543.372009 1324 1357 1389 1418 1415 1389 1363 1325 1329
543.38501 1327 1354 1410 1413 1425 1379 1354 1328 1329
543.398987 1343 1359 1399 1448 1421 1395 1356 1333 1326
543.411987 1342 1365 1420 1435 1425 1402 1362 1324 1328
543.424988 1331 1372 1420 1437 1445 1409 1368 1332 1331
543.437988 1339 1381 1426 1452 1462 1415 1365 1334 1333
543.452026 1343 1374 1450 1470 1452 1410 1361 1327 1337
543.465027 1348 1386 1463 1501 1488 1447 1368 1336 1334
543.478027 1349 1399 1461 1496 1499 1455 1374 1326 1337
543.491028 1346 1407 1471 1534 1515 1474 1394 1332 1337
543.505005 1346 1415 1493 1565 1543 1486 1386 1334 1343
543.518005 1348 1414 1505 1557 1557 1494 1395 1330 1337
543.531006 1352 1408 1498 1561 1559 1488 1390 1335 1333
543.544983 1341 1405 1501 1566 1575 1484 1393 1334 1338
543.557983 1352 1405 1499 1545 1532 1474 1398 1338 1342
543.570984 1345 1407 1473 1525 1511 1462 1379 1338 1339
543.583984 1336 1386 1460 1493 1497 1453 1378 1333 1336
543.598022 1341 1383 1441 1464 1483 1436 1368 1332 1338
543.611023 1346 1379 1425 1477 1456 1417 1358 1334 1337
543.624023 1334 1371 1398 1444 1431 1399 1361 1325 1327
543.637024 1326 1355 1397 1434 1418 1387 1350 1321 1327
543.651001 1329 1365 1400 1415 1419 1390 1346 1320 1326
543.664001 1332 1353 1375 1407 1409 1387 1346 1324 1328
543.677002 1337 1357 1394 1409 1403 1376 1353 1325 1328
543.690002 1338 1362 1390 1401 1398 1384 1350 1329 1324
543.703979 1332 1363 1381 1404 1397 1372 1344 1323 1332
543.71698 1333 1337 1377 1396 1394 1374 1340 1321 1317
543.72998 1322 1343 1378 1398 1393 1373 1341 1324 1325
543.744019 1326 1355 1383 1388 1390 1377 1338 1327 1314
543.757019 1321 1354 1380 1394 1385 1382 1345 1323 1318
543.77002 1320 1332 1375 1378 1387 1380 1341 1319 1321
543.78302 1324 1353 1371 1391 1398 1370 1346 1323 1320
543.796997 1324 1343 1375 1387 1389 1362 1338 1328 1328
543.809998 1323 1337 1367 1395 1387 1367 1351 1320 1313
543.822998 1328 1343 1377 1386 1386 1376 1347 1324 1328
543.835999 1331 1354 1374 1389 1379 1369 1343 1322 1314
543.849976 1323 1350 1382 1389 1379 1366 1340 1314 1330
543.862976 1335 1343 1375 1377 1386 1369 1338 1321 1328
543.875977 1328 1350 1378 1377 1384 1363 1344 1315 1328
543.888977 1334 1345 1365 1387 1385 1374 1342 1323 1324
543.903015 1327 1352 1386 1387 1378 1368 1334 1316 1325
543.916016 1326 1346 1362 1383 1372 1362 1336 1323 1324
543.929016 1319 1347 1368 1383 1390 1363 1341 1324 1319
543.942017 1328 1348 1371 1386 1375 1359 1339 1325 1322
543.955994 1333 1350 1373 1389 1381 1371 1342 1319 1335
543.968994 1327 1339 1358 1384 1385 1360 1342 1321 1327
543.981995 1323 1339 1367 1386 1389 1373 1343 1325 1328
543.994995 1333 1341 1372 1381 1385 1365 1343 1326 1319
544.008972 1320 1340 1368 1376 1384 1359 1337 1325 1322
544.021973 1322 1348 1370 1393 1388 1369 1333 1322 1318
544.034973 1324 1340 1375 1389 1373 1363 1347 1318 1327
544.047974 1329 1336 1356 1370 1370 1366 1342 1321 1331
544.062012 1335 1336 1359 1378 1378 1362 1335 1315 1321
544.075012 1324 1340 1375 1384 1372 1361 1334 1324 1327
544.088013 1314 1344 1366 1388 1381 1362 1340 1338 1321
544.101013 1320 1331 1379 1380 1372 1368 1341 1325 1322
544.11499 1323 1339 1356 1384 1383 1370 1340 1313 1328
544.127991 1323 1340 1371 1390 1368 1356 1333 1316 1326
544.140991 1319 1345 1361 1375 1385 1356 1338 1312 1310
544.153992 1326 1344 1359 1382 1377 1357 1345 1323 1320
544.166992 1325 1348 1370 1381 1376 1354 1342 1321 1319
544.18103 1327 1340 1376 1374 1377 1360 1337 1316 1329
544.19397 1324 1332 1367 1385 1385 1362 1329 1317 1328
544.20697 1332 1343 1357 1389 1377 1362 1331 1316 1319
544.219971 1325 1352 1364 1376 1377 1348 1339 1324 1325
544.234009 1326 1343 1366 1382 1373 1367 1336 1321 1325
544.247009 1322 1350 1375 1381 1376 1357 1334 1316 1321
544.26001 1328 1345 1362 1376 1380 1367 1331 1322 1324
544.27301 1330 1343 1365 1379 1370 1364 1335 1332 1324
544.286987 1320 1346 1367 1373 1380 1346 1337 1332 1322
544.299988 1323 1340 1365 1381 1384 1365 1335 1316 1326
544.312988 1328 1341 1367 1394 1379 1361 1340 1321 1326
544.325989 1324 1345 1359 1391 1382 1363 1345 1323 1318
544.338989 1327 1334 1365 1375 1375 1367 1345 1319 1321
544.353027 1327 1338 1362 1382 1372 1370 1343 1325 1324
544.366028 1331 1341 1367 1388 1373 1353 1338 1319 1329
544.379028 1333 1344 1366 1379 1387 1356 1329 1322 1319
544.392029 1322 1348 1370 1374 1383 1357 1334 1322 1334
544.406006 1329 1350 1369 1377 1372 1366 1341 1319 1327
544.419006 1323 1337 1364 1386 1369 1360 1342 1323 1326
544.432007 1334 1341 1373 1378 1382 1362 1341 1324 1326
544.445007 1326 1339 1368 1378 1379 1359 1340 1326 1317
544.458008 1325 1352 1370 1376 1381 1360 1340 1318 1304
544.471985 1321 1344 1363 1379 1385 1366 1335 1321 1311
544.484985 1317 1345 1377 1381 1383 1369 1339 1315 1329
544.497986 1325 1344 1362 1375 1383 1361 1338 1316 1333
544.510986 1324 1347 1362 1372 1373 1378 1341 1318 1324
544.525024 1327 1342 1376 1384 1384 1366 1340 1321 1316
544.538025 1327 1346 1370 1390 1388 1367 1331 1324 1320
544.551025 1335 1342 1367 1379 1382 1366 1337 1326 1323
544.564026 1326 1340 1370 1393 1383 1357 1345 1324 1324
544.577026 1330 1348 1369 1383 1390 1374 1338 1322 1325
544.591003 1331 1343 1366 1383 1385 1369 1329 1320 1333
544.604004 1328 1343 1367 1384 1388 1361 1349 1325 1329
544.617004 1328 1346 1367 1383 1369 1369 1334 1324 1320
544.630005 1331 1358 1364 1386 1392 1352 1347 1322 1321
544.643005 1325 1346 1366 1395 1377 1361 1341 1319 1321
544.656982 1327 1344 1367 1391 1377 1371 1345 1316 1319
544.669983 1323 1340 1367 1383 1372 1353 1331 1323 1318
544.682983 1329 1347 1375 1382 1389 1354 1335 1317 1325
544.695984 1330 1348 1369 1378 1384 1354 1343 1315 1324
544.710022 1333 1353 1358 1377 1392 1367 1341 1327 1324
544.723022 1329 1346 1359 1375 1382 1358 1345 1320 1321
544.736023 1321 1341 1367 1384 1378 1358 1335 1328 1322
544.749023 1329 1339 1363 1365 1377 1370 1335 1320 1321
544.762024 1331 1353 1371 1387 1386 1366 1340 1315 1317
544.776001 1323 1343 1372 1376 1377 1361 1337 1321 1319
544.789001 1324 1340 1367 1378 1373 1353 1343 1321 1319
544.802002 1326 1347 1366 1379 1376 1359 1351 1323 1325
544.815002 1331 1347 1375 1382 1378 1361 1335 1323 1324
544.828003 1320 1341 1369 1389 1387 1359 1335 1322 1320
544.84198 1329 1340 1358 1383 1376 1358 1336 1318 1330
544.85498 1327 1346 1366 1387 1393 1363 1337 1314 1317
544.867981 1323 1350 1373 1403 1381 1369 1326 1325 1320
544.880981 1328 1343 1377 1393 1387 1370 1337 1327 1322
544.893982 1320 1348 1377 1399 1371 1376 1348 1324 1317
544.90802 1324 1342 1372 1397 1397 1370 1353 1334 1320
544.921021 1329 1350 1375 1388 1387 1372 1330 1331 1327
544.934021 1328 1347 1368 1388 1395 1380 1340 1317 1328
544.947021 1330 1349 1377 1395 1387 1368 1340 1320 1331
544.960022 1328 1351 1374 1391 1384 1371 1347 1318 1325
544.973022 1321 1345 1385 1399 1399 1367 1341 1320 1333
544.987 1318 1345 1377 1387 1392 1362 1344 1316 1319
545 1324 1347 1375 1389 1387 1368 1341 1319 1315
545.013 1329 1356 1368 1396 1394 1364 1343 1313 1315
545.026001 1326 1358 1378 1402 1394 1362 1346 1331 1324
545.039001 1319 1350 1374 1376 1379 1355 1340 1318 1335
545.052979 1332 1347 1373 1397 1383 1365 1336 1318 1319
545.065979 1335 1349 1377 1397 1388 1359 1339 1324 1328
545.078979 1335 1344 1374 1397 1386 1361 1335 1323 1321
545.09198 1325 1343 1373 1395 1390 1354 1336 1330 1311
545.10498 1319 1351 1369 1385 1388 1377 1334 1319 1318
545.117981 1323 1348 1378 1404 1402 1374 1330 1324 1317
545.132019 1332 1339 1371 1390 1400 1366 1335 1315 1325
545.14502 1332 1349 1365 1381 1394 1373 1338 1321 1324
545.15802 1323 1345 1367 1384 1387 1369 1345 1327 1317
545.171021 1323 1349 1373 1389 1388 1366 1341 1319 1320
545.184021 1333 1345 1367 1397 1384 1361 1342 1327 1322
545.197998 1323 1350 1376 1384 1380 1370 1342 1319 1320
545.210999 1330 1337 1372 1397 1397 1354 1342 1314 1321
545.223999 1329 1351 1380 1390 1391 1351 1333 1312 1315
545.237 1332 1342 1369 1389 1393 1378 1347 1327 1323
545.25 1326 1347 1363 1394 1388 1369 1341 1320 1319
545.263 1321 1347 1365 1387 1386 1365 1347 1318 1318
545.276978 1323 1351 1357 1397 1398 1373 1336 1333 1320
545.289978 1325 1352 1368 1391 1390 1368 1343 1322 1319
545.302979 1324 1341 1357 1386 1393 1363 1327 1327 1321
545.315979 1322 1352 1371 1383 1387 1352 1335 1325 1323
545.328979 1322 1346 1363 1385 1373 1362 1329 1312 1323
545.34198 1323 1337 1369 1391 1382 1366 1338 1312 1321
545.356018 1323 1343 1362 1388 1379 1357 1335 1327 1320
545.369019 1329 1337 1359 1380 1389 1362 1335 1327 1315
545.382019 1320 1350 1367 1375 1377 1357 1348 1320 1320
545.39502 1320 1340 1363 1372 1381 1353 1336 1312 1319
545.40802 1314 1340 1365 1377 1382 1368 1332 1311 1316
545.421021 1319 1339 1369 1385 1375 1361 1336 1319 1325
545.434998 1317 1334 1362 1380 1373 1361 1331 1309 1320
545.447998 1320 1332 1359 1363 1373 1356 1325 1316 1316
545.460999 1314 1334 1356 1384 1371 1353 1328 1304 1312
545.473999 1321 1333 1359 1373 1364 1358 1328 1320 1321
545.487 1320 1341 1350 1387 1360 1362 1335 1315 1312
545.5 1320 1341 1361 1370 1365 1352 1331 1313 1318
545.513977 1319 1332 1358 1365 1353 1345 1333 1323 1317
545.526978 1329 1338 1367 1371 1357 1361 1324 1310 1314
545.539978 1307 1336 1349 1368 1376 1359 1336 1314 1312
545.552979 1320 1337 1363 1368 1361 1341 1327 1321 1327
545.565979 1322 1325 1347 1362 1368 1356 1334 1321 1312
545.578979 1325 1338 1357 1371 1376 1343 1339 1312 1311
545.593018 1322 1337 1345 1374 1365 1351 1325 1321 1312
545.606018 1323 1323 1357 1367 1358 1351 1330 1319 1317
545.619019 1323 1337 1355 1363 1353 1353 1328 1318 1321
545.632019 1323 1339 1356 1361 1354 1347 1331 1316 1312
545.64502 1321 1331 1350 1378 1362 1347 1335 1320 1318
545.65802 1325 1332 1351 1354 1363 1353 1329 1308 1310
545.671021 1326 1338 1339 1366 1369 1350 1329 1324 1318
545.684998 1323 1337 1355 1362 1359 1340 1328 1322 1310
545.697998 1323 1328 1344 1365 1361 1345 1324 1318 1316
545.710999 1316 1333 1357 1358 1352 1357 1328 1314 1315
545.723999 1311 1333 1356 1366 1362 1341 1336 1313 1322
545.737 1317 1337 1349 1361 1357 1344 1325 1306 1320
545.75 1315 1333 1356 1356 1362 1345 1334 1312 1317
545.763 1316 1332 1334 1356 1361 1334 1324 1320 1308
545.776978 1317 1327 1349 1368 1356 1345 1334 1310 1314
545.789978 1315 1320 1352 1367 1358 1348 1333 1311 1318
545.802979 1318 1334 1341 1355 1360 1345 1330 1313 1312
545.815979 1320 1328 1342 1358 1353 1350 1331 1315 1319
545.828979 1315 1328 1345 1354 1351 1339 1322 1317 1322
545.84198 1314 1329 1347 1355 1361 1343 1318 1314 1311
545.85498 1320 1336 1349 1356 1356 1347 1316 1314 1311
545.869019 1323 1327 1352 1354 1362 1338 1328 1319 1310
545.882019 1324 1324 1352 1362 1366 1337 1331 1317 1312
545.89502 1312 1335 1337 1358 1352 1337 1330 1311 1324
545.90802 1314 1342 1341 1351 1353 1350 1336 1317 1327
545.921021 1317 1320 1344 1353 1353 1341 1337 1318 1310
545.934021 1321 1336 1348 1353 1352 1336 1338 1317 1325
545.947021 1316 1326 1348 1356 1360 1332 1321 1316 1322
545.960022 1319 1332 1345 1364 1352 1346 1320 1316 1315
545.973999 1316 1326 1345 1361 1351 1338 1321 1317 1322
545.987 1324 1329 1353 1364 1357 1340 1326 1308 1313
546 1324 1334 1346 1368 1352 1342 1331 1322 1314
546.013 1316 1330 1348 1362 1359 1339 1326 1312 1316
546.026001 1316 1330 1340 1360 1347 1331 1318 1313 1309
546.039001 1317 1326 1345 1350 1349 1340 1335 1317 1312
546.052002 1324 1324 1343 1357 1342 1341 1332 1316 1316
546.065002 1321 1324 1343 1347 1351 1341 1329 1316 1329
546.078979 1305 1331 1349 1350 1352 1342 1326 1308 1310
546.09198 1318 1328 1341 1357 1355 1340 1318 1319 1313
546.10498 1315 1326 1341 1352 1341 1337 1326 1309 1308
546.117981 1318 1330 1350 1346 1345 1341 1324 1315 1314
546.130981 1318 1327 1346 1356 1353 1332 1325 1319 1318
546.143982 1317 1332 1333 1350 1341 1333 1322 1314 1310
546.156982 1323 1317 1344 1355 1360 1335 1329 1312 1306
546.169983 1324 1328 1341 1347 1346 1342 1334 1317 1320
546.184021 1313 1329 1342 1370 1345 1340 1321 1319 1315
546.197021 1313 1322 1346 1347 1338 1338 1323 1311 1307
546.210022 1314 1323 1347 1349 1351 1337 1330 1316 1312
546.223022 1316 1327 1348 1356 1342 1339 1320 1318 1310
546.236023 1319 1324 1343 1354 1353 1335 1324 1310 1322
546.249023 1312 1324 1339 1354 1346 1339 1327 1312 1318
546.262024 1311 1334 1352 1359 1341 1343 1327 1312 1316
546.275024 1320 1331 1339 1360 1351 1338 1327 1310 1320
546.289001 1320 1322 1348 1349 1348 1350 1326 1316 1315
546.302002 1318 1318 1339 1347 1348 1330 1329 1308 1311
546.315002 1309 1333 1334 1350 1347 1336 1324 1319 1313
546.328003 1311 1328 1334 1355 1349 1351 1335 1316 1317
546.341003 1313 1326 1347 1361 1356 1341 1324 1312 1314
546.354004 1319 1331 1337 1359 1354 1332 1332 1315 1325
546.367004 1309 1326 1343 1354 1348 1337 1333 1318 1319
546.380005 1325 1328 1342 1348 1349 1350 1333 1326 1321
546.393005 1315 1325 1340 1353 1350 1341 1318 1320 1320
546.406006 1319 1337 1337 1354 1344 1347 1326 1312 1312
546.419983 1318 1326 1334 1353 1341 1338 1331 1310 1314
546.432983 1322 1334 1343 1348 1340 1334 1325 1319 1316
546.445984 1311 1323 1335 1345 1345 1339 1322 1313 1315
546.458984 1321 1329 1338 1348 1354 1337 1323 1310 1315
546.471985 1318 1324 1341 1353 1343 1338 1335 1320 1323
546.484985 1319 1328 1341 1355 1335 1326 1326 1315 1323
546.497986 1316 1318 1336 1353 1345 1341 1320 1310 1319
546.510986 1322 1315 1341 1346 1350 1335 1329 1316 1312
546.523987 1315 1331 1335 1341 1353 1336 1319 1316 1316
546.536987 1312 1317 1337 1344 1341 1342 1321 1316 1316
546.551025 1313 1334 1339 1342 1347 1333 1323 1312 1318
546.564026 1322 1329 1342 1343 1354 1345 1319 1313 1314
546.577026 1314 1332 1333 1350 1349 1348 1328 1321 1310
546.590027 1329 1327 1347 1350 1345 1336 1333 1312 1315
546.603027 1328 1325 1342 1350 1349 1343 1329 1321 1316
546.616028 1321 1327 1336 1350 1346 1334 1323 1312 1318
546.629028 1316 1332 1346 1349 1345 1336 1335 1318 1320
546.642029 1318 1329 1339 1348 1349 1337 1319 1320 1319
546.655029 1325 1326 1345 1334 1341 1346 1327 1318 1309
546.66803 1318 1334 1342 1363 1342 1329 1321 1316 1318
546.682007 1314 1325 1331 1348 1349 1336 1334 1317 1324
546.695007 1326 1327 1345 1342 1351 1333 1326 1318 1310
546.708008 1314 1331 1329 1358 1343 1333 1333 1312 1313
546.721008 1322 1324 1339 1349 1342 1336 1331 1312 1321
546.734009 1319 1322 1346 1346 1346 1340 1331 1321 1318
546.747009 1322 1322 1340 1351 1346 1340 1326 1321 1316
546.76001 1318 1318 1342 1343 1343 1332 1323 1312 1312
546.77301 1318 1332 1332 1341 1338 1331 1319 1313 1314
546.786011 1315 1325 1341 1349 1343 1328 1321 1308 1312
546.799011 1317 1331 1330 1335 1351 1333 1329 1314 1321
546.812012 1322 1331 1344 1349 1346 1335 1324 1312 1316
546.825012 1326 1313 1339 1342 1341 1340 1327 1313 1319
546.838989 1321 1320 1340 1334 1352 1326 1324 1317 1325
546.85199 1322 1317 1333 1349 1343 1339 1321 1321 1317
546.86499 1316 1325 1333 1345 1350 1323 1331 1312 1307
546.877991 1327 1327 1337 1346 1330 1340 1322 1321 1312
546.890991 1323 1322 1333 1333 1339 1341 1330 1320 1323
546.903992 1320 1325 1336 1352 1350 1337 1329 1309 1334
546.916992 1324 1328 1332 1347 1340 1338 1334 1321 1319
546.929993 1312 1326 1349 1341 1341 1342 1326 1319 1325
546.942993 1324 1326 1343 1343 1353 1339 1331 1326 1319
546.955994 1329 1334 1338 1350 1345 1336 1325 1329 1326
546.968994 1313 1334 1332 1333 1342 1340 1322 1326 1316
546.981995 1318 1329 1335 1341 1344 1336 1331 1323 1318
546.994995 1324 1321 1340 1337 1340 1335 1338 1320 1323
547.007996 1322 1332 1340 1336 1333 1346 1333 1325 1325
547.020996 1323 1330 1343 1336 1348 1335 1325 1320 1327
547.034973 1322 1329 1340 1343 1346 1335 1331 1324 1324
547.047974 1332 1338 1336 1337 1335 1332 1321 1329 1331
547.060974 1333 1331 1341 1348 1339 1348 1329 1338 1323
547.073975 1330 1339 1327 1343 1336 1341 1339 1331 1322
547.086975 1325 1324 1337 1337 1331 1339 1345 1330 1336
547.099976 1323 1341 1334 1334 1342 1345 1341 1337 1337
547.112976 1332 1343 1341 1344 1347 1345 1347 1345 1347
547.125977 1349 1336 1341 1337 1342 1365 1335 1349 1343
547.138977 1342 1344 1338 1339 1339 1349 1348 1353 1349
547.151978 1354 1348 1336 1340 1341 1345 1360 1357 1356
547.164978 1365 1344 1324 1329 1342 1343 1352 1371 1351
547.177979 1360 1360 1347 1336 1342 1349 1362 1372 1361
547.190979 1363 1350 1337 1331 1354 1345 1365 1372 1362
547.203979 1361 1345 1338 1332 1335 1375 1367 1389 1368
547.21698 1369 1350 1346 1346 1339 1357 1365 1361 1374
547.22998 1359 1351 1344 1346 1330 1361 1375 1372 1364
547.244019 1351 1342 1347 1340 1339 1338 1357 1362 1355
547.257019 1357 1349 1345 1338 1349 1357 1355 1362 1362
547.27002 1368 1349 1334 1350 1341 1349 1361 1369 1371
547.28302 1348 1350 1337 1333 1339 1355 1365 1368 1357
547.296021 1364 1347 1334 1338 1340 1355 1366 1361 1364
547.309021 1360 1351 1335 1336 1338 1352 1362 1379 1366
547.322021 1372 1356 1339 1334 1340 1353 1369 1374 1370
547.335022 1379 1346 1342 1341 1341 1363 1371 1372 1374
547.348022 1363 1351 1342 1336 1342 1351 1369 1383 1366
547.361023 1370 1359 1352 1343 1344 1361 1387 1379 1370
547.374023 1385 1359 1335 1342 1354 1355 1371 1387 1378
547.387024 1384 1354 1346 1338 1348 1357 1377 1395 1384
547.400024 1387 1366 1354 1335 1354 1373 1406 1409 1405
547.413025 1395 1367 1344 1333 1351 1360 1405 1425 1408
547.426025 1400 1375 1343 1337 1350 1374 1411 1422 1397
547.439026 1399 1381 1349 1331 1351 1365 1419 1424 1426
547.452026 1415 1386 1358 1334 1342 1385 1418 1433 1423
547.465027 1414 1397 1359 1333 1344 1390 1438 1461 1460
547.478027 1448 1406 1363 1332 1350 1401 1454 1486 1458
547.491028 1465 1421 1364 1345 1355 1416 1476 1485 1478
547.504028 1477 1428 1370 1342 1354 1424 1494 1526 1520
547.518005 1516 1441 1375 1338 1358 1440 1517 1562 1540
547.531006 1529 1454 1383 1331 1368 1444 1545 1596 1575
547.544006 1594 1508 1393 1346 1372 1477 1584 1664 1640
547.557007 1646 1524 1400 1347 1381 1509 1644 1702 1667
547.570007 1681 1574 1423 1342 1381 1534 1727 1798 1753
547.583008 1778 1606 1424 1341 1397 1568 1772 1882 1813
547.596008 1872 1701 1465 1352 1406 1651 1877 2052 1963
547.609009 2014 1790 1492 1353 1434 1712 2022 2224 2157
547.622009 2196 1896 1527 1351 1474 1776 2207 2389 2340
547.63501 2430 2028 1597 1360 1492 1922 2445 2678 2582
547.64801 2683 2181 1655 1366 1532 2107 2677 3030 2917
547.661011 2982 2427 1709 1375 1586 2266 3060 3528 3290
547.674011 3380 2620 1791 1386 1653 2493 3343 3926 3687
547.687012 3617 2790 1882 1377 1684 2597 3683 4203 3926
547.700012 3831 2948 1910 1387 1695 2696 3854 4433 4142
547.713013 3885 2932 1885 1387 1704 2726 3867 4443 4183
547.726013 3742 2900 1887 1385 1704 2691 3790 4374 4064
547.739014 3527 2768 1823 1378 1650 2553 3550 4081 3802
547.752014 3280 2537 1753 1373 1606 2392 3248 3667 3436
547.765015 2871 2326 1692 1366 1563 2170 2849 3213 3000
547.778015 2546 2105 1609 1362 1514 1996 2523 2843 2670
547.791016 2315 1961 1553 1346 1471 1856 2282 2559 2420
547.804016 2125 1822 1511 1345 1455 1771 2150 2354 2244
547.817017 2001 1751 1480 1344 1431 1705 1989 2171 2053
547.830017 1878 1677 1462 1343 1409 1628 1851 1989 1940
547.843018 1784 1633 1424 1336 1401 1581 1774 1883 1836
547.856018 1718 1566 1426 1338 1385 1532 1719 1811 1757
547.869019 1680 1549 1406 1327 1380 1497 1685 1745 1705
547.882019 1614 1514 1393 1336 1374 1482 1622 1692 1646
547.89502 1567 1476 1385 1331 1369 1472 1587 1652 1612
547.90802 1543 1473 1385 1330 1367 1443 1553 1585 1574
547.921021 1540 1436 1381 1333 1358 1434 1527 1571 1568
547.934021 1500 1457 1360 1334 1350 1430 1521 1538 1512
547.947021 1487 1431 1367 1341 1349 1415 1502 1542 1502
547.960022 1477 1419 1365 1328 1343 1422 1483 1501 1476
547.973022 1458 1413 1362 1335 1361 1405 1472 1501 1474
547.986023 1450 1396 1344 1327 1349 1394 1445 1480 1447
547.999023 1441 1384 1349 1325 1349 1411 1447 1453 1462
548.012024 1419 1392 1364 1337 1342 1380 1432 1441 1452
548.025024 1419 1383 1348 1333 1346 1384 1414 1440 1433
548.038025 1417 1374 1355 1337 1351 1383 1417 1431 1423
548.051025 1402 1365 1343 1325 1351 1376 1398 1422 1418
548.064026 1385 1374 1343 1334 1356 1376 1407 1422 1404
548.077026 1388 1360 1334 1329 1348 1373 1403 1418 1410
548.090027 1383 1370 1334 1327 1351 1366 1403 1431 1393
548.103027 1388 1355 1347 1329 1337 1354 1389 1395 1395
548.116028 1394 1356 1334 1340 1339 1376 1374 1388 1398
548.129028 1370 1362 1330 1338 1349 1358 1381 1395 1383
548.142029 1369 1354 1330 1337 1342 1357 1379 1382 1386
548.155029 1366 1351 1348 1334 1342 1349 1369 1378 1382
548.16803 1378 1354 1337 1327 1327 1351 1366 1388 1379
548.18103 1374 1356 1331 1340 1335 1355 1361 1375 1372
548.19397 1355 1346 1337 1337 1331 1353 1366 1369 1365
548.20697 1351 1334 1333 1332 1339 1352 1362 1359 1363
548.219971 1353 1350 1338 1333 1345 1344 1363 1356 1360
548.232971 1357 1342 1336 1334 1331 1350 1365 1363 1363
548.245972 1358 1342 1343 1334 1331 1345 1351 1363 1345
548.258972 1351 1336 1325 1326 1328 1352 1354 1364 1354
548.271973 1349 1340 1336 1332 1332 1333 1357 1353 1364
548.284973 1349 1339 1335 1337 1335 1342 1352 1353 1354
548.297974 1347 1342 1337 1333 1335 1343 1349 1352 1353
548.310974 1349 1331 1334 1337 1340 1348 1352 1360 1344
548.323975 1344 1338 1340 1326 1336 1352 1353 1342 1351
548.336975 1344 1342 1329 1332 1343 1337 1351 1350 1342
548.349976 1347 1339 1329 1337 1336 1349 1351 1341 1352
548.362976 1340 1335 1337 1335 1330 1339 1345 1347 1345
548.375977 1348 1334 1329 1326 1345 1335 1347 1346 1340
548.388977 1337 1330 1344 1340 1346 1336 1344 1340 1344
548.401978 1341 1337 1325 1329 1330 1340 1341 1335 1347
548.414978 1334 1329 1333 1318 1331 1347 1344 1348 1348
548.427979 1332 1337 1330 1336 1338 1338 1340 1336 1338
548.440979 1334 1332 1321 1338 1329 1337 1342 1337 1340
548.453979 1329 1330 1321 1329 1336 1340 1338 1335 1327
548.46698 1336 1329 1332 1334 1336 1337 1339 1336 1332
548.47998 1336 1324 1321 1337 1321 1340 1339 1340 1335
548.492981 1330 1331 1333 1329 1339 1335 1337 1329 1326
548.505981 1321 1327 1327 1334 1330 1331 1327 1334 1339
548.518982 1333 1324 1317 1334 1325 1334 1330 1345 1325
548.531982 1329 1324 1327 1329 1335 1349 1331 1340 1325
548.544983 1322 1332 1323 1330 1341 1334 1325 1331 1329
548.557983 1314 1334 1330 1328 1323 1337 1343 1335 1331
548.570984 1326 1321 1320 1324 1323 1326 1340 1329 1329
548.583984 1329 1321 1319 1325 1347 1331 1329 1320 1329
548.596985 1321 1331 1326 1336 1324 1333 1337 1327 1329
548.609985 1327 1319 1324 1326 1328 1331 1335 1334 1324
548.622986 1317 1329 1328 1331 1331 1328 1330 1327 1322
548.635986 1318 1323 1325 1329 1340 1327 1334 1319 1320
548.648987 1321 1324 1328 1331 1336 1334 1330 1327 1317
548.661987 1328 1323 1320 1334 1331 1330 1323 1328 1313
548.674988 1321 1322 1335 1324 1333 1338 1337 1324 1330
548.687988 1329 1320 1320 1332 1335 1326 1325 1331 1318
548.700989 1320 1327 1327 1346 1334 1330 1325 1327 1325
548.713989 1326 1324 1332 1323 1324 1339 1327 1327 1320
548.72699 1320 1326 1330 1327 1335 1331 1325 1322 1325
548.739014 1325 1327 1331 1332 1335 1325 1337 1330 1327
