0 11.25 22.5 33.75 45 56.25 67.5 78.75 90
535.080017 1268 1268 1269 1269 1265 1267 1267 1269 1265
535.093994 1269 1270 1270 1269 1268 1266 1268 1270 1265
535.106995 1268 1285 1268 1267 1267 1271 1266 1265 1268
535.120972 1269 1269 1266 1271 1267 1270 1270 1266 1269
535.13501 1270 1270 1267 1265 1270 1265 1270 1267 1269
535.148987 1268 1267 1267 1267 1266 1266 1267 1266 1268
535.161987 1267 1267 1265 1267 1266 1267 1263 1265 1264
535.176025 1266 1267 1266 1268 1266 1265 1266 1264 1265
535.190002 1265 1266 1269 1266 1267 1267 1264 1266 1263
535.203003 1267 1267 1264 1266 1266 1270 1265 1266 1266
535.21698 1267 1266 1266 1263 1268 1270 1267 1266 1263
535.231018 1266 1267 1263 1262 1267 1265 1267 1265 1265
535.244995 1264 1266 1266 1266 1266 1266 1266 1266 1263
535.257996 1265 1267 1267 1270 1267 1264 1265 1267 1263
535.271973 1268 1267 1266 1267 1266 1266 1266 1265 1266
535.286011 1269 1270 1265 1266 1265 1267 1265 1263 1266
535.299011 1268 1265 1266 1267 1266 1266 1268 1265 1264
535.312988 1267 1266 1264 1267 1267 1265 1266 1267 1266
535.327026 1264 1267 1262 1266 1265 1266 1263 1267 1269
535.341003 1268 1268 1267 1267 1266 1269 1264 1266 1269
535.354004 1266 1263 1268 1266 1266 1266 1264 1265 1265
535.367981 1268 1264 1268 1269 1264 1264 1264 1262 1266
535.382019 1264 1268 1265 1271 1263 1267 1269 1266 1263
535.39502 1267 1267 1270 1261 1265 1266 1268 1266 1269
535.408997 1266 1264 1263 1263 1267 1266 1267 1265 1263
535.422974 1267 1267 1264 1263 1266 1264 1269 1262 1265
535.435974 1265 1265 1268 1267 1264 1265 1268 1265 1265
535.450012 1265 1266 1264 1264 1267 1262 1263 1265 1266
535.463989 1266 1269 1265 1267 1264 1266 1262 1266 1265
535.478027 1268 1267 1269 1265 1264 1265 1265 1263 1264
535.491028 1265 1266 1265 1268 1263 1264 1264 1266 1268
535.505005 1264 1265 1263 1265 1268 1264 1267 1266 1266
535.518982 1265 1264 1264 1266 1266 1267 1262 1263 1264
535.531982 1266 1268 1265 1266 1265 1265 1261 1264 1266
535.546021 1266 1266 1268 1266 1265 1265 1266 1266 1262
535.559998 1264 1264 1268 1268 1262 1267 1262 1266 1265
535.572998 1267 1265 1267 1268 1264 1265 1265 1266 1264
535.586975 1267 1266 1264 1265 1264 1267 1266 1265 1269
535.601013 1267 1265 1265 1264 1266 1266 1268 1264 1269
535.61499 1266 1266 1263 1264 1264 1267 1266 1267 1264
535.627991 1268 1263 1264 1264 1266 1264 1261 1262 1264
535.642029 1265 1265 1269 1265 1266 1264 1266 1262 1263
535.656006 1264 1266 1266 1265 1264 1264 1264 1263 1266
535.669006 1262 1271 1266 1264 1265 1266 1266 1265 1263
535.682983 1271 1265 1266 1262 1268 1266 1264 1266 1264
535.697021 1269 1265 1264 1269 1267 1265 1266 1267 1266
535.710022 1267 1266 1268 1263 1264 1264 1265 1265 1264
535.723999 1267 1266 1265 1263 1266 1263 1266 1265 1262
535.737976 1267 1263 1266 1266 1267 1267 1264 1262 1264
535.750977 1264 1269 1267 1264 1264 1268 1262 1262 1262
535.765015 1266 1268 1266 1265 1264 1265 1268 1264 1263
535.778992 1264 1266 1266 1265 1267 1262 1264 1262 1268
535.791992 1266 1261 1264 1264 1264 1264 1264 1267 1263
535.80603 1270 1266 1264 1264 1268 1268 1265 1265 1265
535.820007 1266 1265 1267 1264 1266 1264 1266 1266 1262
535.833984 1266 1269 1265 1265 1266 1265 1264 1265 1267
535.846985 1267 1268 1266 1268 1263 1265 1262 1264 1263
535.861023 1264 1265 1264 1266 1264 1267 1267 1268 1269
535.875 1266 1263 1266 1265 1263 1268 1262 1264 1267
535.888 1265 1265 1264 1264 1263 1266 1267 1267 1264
535.901978 1266 1264 1267 1265 1263 1265 1266 1264 1266
535.916016 1266 1267 1263 1263 1264 1269 1265 1265 1264
535.929016 1267 1265 1265 1266 1265 1266 1263 1263 1265
535.942993 1263 1265 1264 1266 1266 1267 1266 1264 1263
535.95697 1261 1264 1263 1266 1264 1267 1263 1261 1265
535.969971 1266 1268 1264 1266 1264 1266 1264 1266 1266
535.984009 1266 1265 1264 1262 1266 1265 1263 1266 1266
535.997986 1265 1264 1264 1266 1265 1263 1267 1266 1263
536.010986 1265 1265 1262 1263 1268 1265 1260 1264 1264
536.025024 1265 1266 1265 1266 1267 1267 1264 1263 1263
536.039001 1266 1266 1266 1268 1267 1260 1263 1262 1260
536.052002 1266 1268 1266 1268 1265 1263 1263 1263 1265
536.065979 1265 1269 1264 1265 1263 1267 1264 1264 1267
536.080017 1266 1265 1263 1263 1266 1265 1268 1265 1263
536.093018 1266 1267 1267 1265 1264 1268 1263 1265 1263
536.106995 1268 1264 1270 1265 1264 1265 1265 1266 1265
536.120972 1266 1265 1266 1269 1262 1263 1266 1265 1266
536.133972 1266 1263 1267 1269 1265 1265 1267 1267 1263
536.14801 1266 1266 1266 1267 1268 1263 1265 1265 1263
536.161987 1264 1266 1264 1261 1266 1263 1266 1266 1266
536.174988 1265 1263 1269 1263 1265 1264 1266 1268 1266
536.189026 1261 1264 1266 1265 1265 1265 1263 1267 1265
536.203003 1265 1264 1266 1269 1268 1267 1264 1263 1263
536.216003 1263 1266 1266 1268 1268 1262 1266 1266 1265
536.22998 1263 1266 1265 1263 1267 1265 1267 1265 1265
536.244019 1265 1268 1264 1266 1263 1264 1270 1262 1267
536.257019 1263 1269 1265 1265 1264 1266 1266 1265 1265
536.270996 1267 1262 1266 1263 1265 1269 1265 1266 1266
536.284973 1267 1265 1263 1266 1264 1267 1268 1264 1265
536.297974 1265 1266 1267 1266 1263 1262 1266 1263 1262
536.312012 1263 1264 1262 1265 1266 1263 1265 1263 1266
536.325989 1264 1267 1267 1264 1266 1266 1264 1266 1267
536.338989 1264 1267 1266 1265 1265 1265 1266 1266 1265
536.353027 1265 1264 1265 1268 1265 1267 1265 1264 1264
536.367004 1267 1265 1265 1262 1264 1265 1265 1264 1263
536.380005 1265 1264 1263 1265 1264 1266 1265 1268 1264
536.393982 1264 1265 1265 1266 1267 1265 1263 1264 1265
536.40802 1264 1265 1263 1267 1267 1264 1266 1263 1266
536.421021 1264 1266 1267 1263 1265 1265 1264 1265 1263
536.434998 1266 1263 1267 1270 1267 1269 1264 1264 1264
536.448975 1266 1268 1265 1263 1264 1265 1267 1264 1268
536.461975 1268 1267 1267 1262 1265 1267 1261 1264 1264
536.476013 1264 1264 1265 1265 1262 1268 1260 1264 1265
536.48999 1267 1267 1267 1265 1266 1265 1266 1264 1262
536.502991 1267 1265 1265 1265 1264 1264 1265 1264 1264
536.517029 1266 1266 1268 1265 1265 1263 1265 1265 1263
536.530029 1267 1267 1268 1263 1266 1263 1263 1268 1264
536.544006 1266 1266 1267 1266 1267 1263 1266 1263 1261
536.557983 1266 1264 1264 1268 1263 1266 1267 1264 1266
536.570984 1267 1264 1267 1265 1266 1266 1265 1262 1264
536.585022 1266 1263 1266 1266 1265 1266 1267 1263 1263
536.598999 1266 1266 1266 1267 1263 1266 1264 1265 1266
536.612 1264 1267 1264 1265 1265 1267 1266 1263 1263
536.625977 1265 1268 1264 1265 1264 1266 1267 1265 1266
536.640015 1268 1265 1263 1262 1264 1264 1263 1267 1261
536.653015 1267 1264 1265 1263 1266 1266 1265 1264 1262
536.666992 1266 1265 1265 1265 1265 1265 1263 1264 1266
536.68103 1265 1265 1266 1266 1265 1265 1261 1264 1265
536.69397 1269 1267 1265 1267 1266 1264 1266 1267 1264
536.708008 1268 1265 1267 1267 1269 1267 1268 1260 1264
536.721008 1265 1263 1264 1267 1265 1266 1265 1265 1263
536.734985 1263 1266 1265 1264 1265 1270 1264 1267 1266
536.749023 1264 1267 1264 1264 1264 1264 1265 1266 1267
536.762024 1265 1266 1265 1266 1262 1265 1267 1268 1263
536.776001 1265 1265 1264 1266 1265 1266 1266 1265 1264
536.789978 1265 1266 1269 1266 1267 1267 1267 1264 1267
536.802979 1268 1268 1266 1265 1267 1265 1265 1262 1267
536.817017 1266 1266 1266 1266 1267 1268 1266 1263 1266
536.830994 1265 1265 1267 1263 1265 1265 1268 1264 1264
536.843994 1266 1268 1264 1266 1265 1264 1266 1265 1264
536.857971 1266 1265 1264 1264 1266 1267 1267 1265 1265
536.870972 1267 1265 1268 1268 1267 1268 1265 1266 1263
536.88501 1267 1265 1265 1266 1267 1269 1266 1267 1265
536.898987 1262 1266 1263 1267 1267 1267 1265 1265 1265
536.911987 1269 1265 1266 1267 1270 1267 1268 1264 1263
536.926025 1270 1268 1267 1265 1266 1266 1267 1265 1263
536.940002 1265 1266 1268 1263 1265 1266 1264 1267 1266
536.953003 1266 1264 1264 1266 1265 1269 1269 1262 1267
536.96698 1268 1265 1266 1268 1269 1270 1267 1268 1266
536.97998 1266 1266 1269 1267 1266 1267 1268 1265 1265
536.994019 1268 1270 1270 1267 1264 1264 1265 1266 1266
537.007996 1266 1271 1264 1267 1265 1268 1264 1267 1265
537.020996 1268 1268 1271 1266 1265 1265 1265 1268 1266
537.034973 1267 1266 1269 1267 1266 1268 1266 1264 1264
537.049011 1268 1267 1269 1270 1266 1267 1268 1267 1264
537.062012 1264 1267 1267 1267 1267 1266 1266 1268 1267
537.075989 1268 1268 1267 1271 1265 1265 1266 1267 1267
537.088989 1269 1264 1269 1265 1268 1270 1266 1269 1268
537.103027 1266 1268 1267 1267 1270 1267 1267 1266 1264
537.117004 1267 1269 1266 1265 1266 1269 1268 1264 1266
537.130005 1264 1270 1272 1266 1266 1267 1269 1267 1265
537.143982 1272 1268 1270 1268 1271 1267 1268 1270 1265
537.15802 1267 1268 1267 1270 1270 1268 1272 1267 1267
537.171021 1267 1267 1267 1271 1269 1269 1273 1266 1267
537.184998 1267 1268 1267 1263 1269 1269 1270 1270 1266
537.197998 1269 1270 1268 1268 1269 1270 1265 1271 1265
537.211975 1267 1270 1268 1270 1268 1268 1268 1268 1268
537.226013 1270 1269 1269 1272 1268 1270 1267 1268 1268
537.239014 1277 1276 1275 1279 1273 1273 1272 1274 1274
537.252991 1269 1268 1272 1270 1270 1269 1270 1268 1270
537.265991 1272 1272 1272 1274 1274 1269 1270 1269 1272
537.280029 1271 1269 1271 1274 1270 1272 1271 1266 1270
537.294006 1271 1271 1269 1274 1277 1271 1273 1268 1274
537.307007 1276 1280 1278 1274 1275 1274 1276 1271 1272
537.320984 1276 1274 1277 1276 1274 1276 1276 1272 1274
537.333984 1279 1282 1281 1280 1276 1275 1276 1278 1276
537.348022 1278 1275 1281 1278 1279 1280 1278 1274 1278
537.362 1275 1281 1279 1281 1283 1279 1281 1278 1274
537.375 1278 1281 1277 1281 1283 1279 1279 1279 1277
537.388977 1282 1272 1283 1276 1279 1274 1274 1275 1277
537.403015 1275 1276 1279 1280 1276 1274 1274 1273 1272
537.416016 1273 1275 1275 1275 1274 1272 1274 1271 1274
537.429993 1274 1270 1272 1271 1278 1272 1269 1273 1273
537.442993 1272 1273 1276 1271 1273 1275 1270 1272 1271
537.45697 1274 1275 1274 1276 1268 1273 1271 1270 1268
537.471008 1267 1270 1277 1274 1269 1272 1272 1267 1273
537.484009 1273 1273 1271 1274 1273 1272 1271 1271 1270
537.497986 1273 1274 1267 1270 1272 1269 1268 1267 1268
537.510986 1271 1271 1273 1272 1274 1275 1270 1269 1272
537.525024 1271 1272 1270 1271 1275 1276 1270 1271 1272
537.539001 1274 1276 1273 1274 1273 1278 1270 1271 1272
537.552002 1273 1271 1272 1274 1273 1275 1273 1269 1271
537.565979 1275 1273 1272 1279 1276 1275 1274 1270 1271
537.578979 1274 1273 1272 1274 1280 1269 1270 1274 1271
537.593018 1275 1277 1275 1273 1275 1274 1273 1274 1269
537.606995 1272 1275 1277 1275 1273 1272 1274 1273 1274
537.619995 1277 1278 1277 1276 1275 1271 1273 1275 1270
537.633972 1277 1272 1274 1282 1276 1279 1276 1275 1273
537.646973 1274 1275 1282 1271 1282 1275 1275 1274 1272
537.661011 1273 1269 1276 1279 1277 1278 1279 1272 1277
537.674011 1272 1278 1275 1276 1279 1278 1272 1272 1276
537.687988 1278 1279 1278 1277 1277 1277 1271 1273 1270
537.702026 1275 1276 1278 1279 1280 1276 1272 1278 1272
537.715027 1278 1280 1278 1279 1278 1279 1273 1275 1273
537.729004 1280 1274 1281 1285 1277 1280 1277 1274 1277
537.742004 1282 1280 1283 1281 1282 1278 1276 1275 1276
537.755981 1277 1282 1278 1281 1281 1283 1277 1273 1277
537.77002 1282 1282 1281 1281 1281 1282 1283 1275 1273
537.78302 1280 1280 1277 1280 1281 1284 1280 1276 1278
537.796997 1284 1279 1278 1285 1282 1283 1281 1276 1273
537.809998 1282 1276 1287 1286 1280 1281 1279 1280 1283
537.823975 1276 1289 1284 1283 1286 1280 1278 1276 1276
537.836975 1284 1290 1286 1286 1289 1289 1279 1282 1280
537.851013 1283 1287 1284 1294 1289 1292 1281 1279 1287
537.86499 1280 1284 1282 1294 1290 1284 1286 1283 1280
537.877991 1283 1287 1289 1288 1286 1286 1287 1279 1278
537.892029 1280 1291 1288 1291 1288 1287 1281 1283 1284
537.905029 1284 1288 1289 1296 1292 1291 1286 1283 1284
537.919006 1286 1285 1290 1294 1289 1290 1285 1288 1289
537.932007 1287 1288 1294 1291 1290 1293 1291 1283 1282
537.945984 1286 1295 1292 1294 1296 1289 1294 1281 1286
537.960022 1286 1287 1290 1296 1292 1285 1285 1282 1283
537.973022 1286 1286 1291 1292 1297 1298 1284 1282 1289
537.987 1292 1295 1292 1297 1295 1289 1292 1284 1287
538 1286 1297 1294 1298 1298 1295 1292 1291 1284
538.013977 1288 1298 1293 1298 1295 1290 1298 1288 1288
538.028015 1287 1294 1297 1309 1309 1301 1294 1286 1288
538.041016 1289 1294 1303 1308 1303 1297 1295 1286 1284
538.054993 1296 1296 1304 1313 1305 1301 1291 1287 1292
538.067993 1289 1294 1309 1307 1304 1291 1293 1291 1289
538.08197 1293 1300 1311 1298 1307 1301 1302 1294 1294
538.094971 1294 1303 1310 1311 1308 1304 1302 1297 1288
538.109009 1294 1302 1307 1317 1311 1303 1300 1299 1296
538.122009 1298 1304 1316 1316 1313 1304 1299 1293 1287
538.135986 1294 1298 1314 1310 1316 1305 1297 1299 1295
538.150024 1304 1301 1309 1311 1313 1303 1303 1294 1292
538.163025 1301 1300 1313 1310 1317 1302 1297 1290 1298
538.177002 1299 1308 1319 1315 1308 1309 1298 1301 1295
538.190002 1308 1304 1320 1318 1310 1311 1296 1300 1297
538.203979 1304 1309 1326 1325 1322 1312 1313 1303 1289
538.21698 1302 1307 1319 1328 1317 1309 1313 1304 1305
538.231018 1301 1317 1322 1322 1329 1323 1312 1297 1302
538.244995 1311 1319 1316 1334 1325 1314 1311 1305 1306
538.257996 1300 1323 1324 1329 1323 1322 1319 1303 1312
538.271973 1311 1321 1325 1324 1328 1329 1309 1307 1301
538.284973 1315 1320 1332 1344 1327 1328 1309 1310 1307
538.299011 1312 1327 1327 1328 1337 1320 1319 1309 1315
538.312012 1325 1327 1326 1334 1341 1341 1324 1308 1324
538.325989 1321 1329 1345 1339 1339 1330 1329 1316 1318
538.338989 1320 1340 1346 1343 1351 1344 1330 1314 1321
538.353027 1319 1334 1336 1345 1346 1341 1330 1323 1323
538.367004 1325 1337 1343 1349 1335 1339 1331 1325 1323
538.380005 1332 1333 1348 1348 1341 1354 1329 1329 1323
538.393982 1337 1337 1350 1354 1350 1342 1335 1328 1330
538.406982 1340 1348 1351 1352 1353 1348 1331 1327 1326
538.421021 1339 1337 1356 1358 1355 1339 1334 1329 1327
538.434021 1328 1344 1350 1355 1357 1350 1335 1323 1330
538.447998 1331 1338 1354 1367 1348 1338 1340 1341 1332
538.460999 1346 1341 1361 1362 1357 1347 1334 1332 1327
538.474976 1336 1340 1356 1370 1356 1352 1341 1340 1331
538.489014 1345 1333 1353 1356 1357 1353 1336 1329 1333
538.502014 1338 1353 1348 1357 1360 1351 1339 1334 1340
538.515991 1341 1344 1347 1354 1358 1361 1336 1338 1328
538.528992 1326 1350 1372 1348 1363 1352 1344 1331 1332
538.54303 1343 1346 1349 1368 1365 1343 1337 1328 1332
538.55603 1326 1342 1364 1360 1367 1353 1336 1328 1327
538.570007 1336 1347 1349 1359 1356 1339 1331 1327 1326
538.583008 1329 1341 1363 1358 1371 1349 1335 1341 1323
538.596985 1342 1355 1357 1357 1361 1351 1340 1332 1317
538.609985 1330 1342 1356 1356 1352 1357 1337 1331 1340
538.624023 1350 1341 1355 1371 1366 1350 1340 1330 1331
538.638 1337 1351 1362 1375 1355 1352 1335 1327 1320
538.651001 1350 1347 1350 1373 1364 1355 1344 1334 1342
538.664978 1336 1356 1366 1364 1358 1358 1344 1333 1340
538.677979 1347 1351 1371 1368 1364 1358 1335 1342 1338
538.692017 1341 1352 1349 1367 1362 1348 1337 1335 1339
538.705017 1342 1348 1361 1371 1373 1355 1344 1336 1331
538.718994 1344 1351 1368 1389 1371 1356 1336 1336 1344
538.731995 1343 1351 1371 1381 1374 1360 1342 1339 1350
538.745972 1342 1362 1365 1375 1369 1362 1355 1345 1339
538.758972 1345 1340 1367 1380 1374 1356 1350 1331 1343
538.77301 1352 1359 1365 1373 1375 1362 1351 1343 1354
538.786011 1355 1354 1379 1371 1363 1357 1345 1339 1341
538.799988 1347 1357 1376 1380 1383 1368 1352 1337 1339
538.812988 1349 1345 1383 1373 1381 1369 1340 1339 1341
538.827026 1350 1355 1378 1376 1363 1369 1348 1339 1341
538.841003 1356 1364 1367 1372 1387 1380 1345 1349 1337
538.854004 1353 1364 1383 1375 1377 1367 1348 1338 1341
538.867981 1359 1364 1373 1389 1387 1362 1352 1339 1337
538.880981 1349 1359 1378 1374 1379 1371 1356 1345 1345
538.89502 1358 1355 1369 1384 1374 1353 1366 1351 1336
538.90802 1357 1360 1378 1381 1370 1365 1360 1341 1347
538.921997 1344 1373 1375 1385 1385 1366 1344 1338 1348
538.934998 1348 1354 1392 1387 1387 1374 1355 1351 1347
538.948975 1354 1360 1375 1378 1386 1370 1368 1346 1348
538.961975 1354 1357 1384 1378 1390 1376 1356 1356 1351
538.976013 1350 1368 1392 1404 1379 1372 1354 1341 1348
538.989014 1360 1362 1376 1394 1399 1380 1358 1348 1362
539.002991 1364 1375 1380 1399 1395 1382 1362 1350 1364
539.015991 1355 1375 1394 1391 1392 1374 1354 1359 1350
539.030029 1360 1364 1383 1407 1396 1383 1367 1353 1344
539.04303 1355 1376 1387 1387 1395 1369 1364 1349 1348
539.057007 1368 1371 1394 1390 1389 1381 1356 1359 1354
539.070007 1366 1365 1388 1400 1388 1383 1368 1356 1355
539.083984 1355 1369 1383 1393 1395 1385 1367 1358 1359
539.096985 1356 1382 1377 1386 1385 1382 1371 1351 1352
539.111023 1352 1369 1387 1397 1400 1370 1374 1347 1356
539.125 1355 1363 1387 1396 1387 1372 1362 1345 1356
539.138 1354 1367 1381 1398 1387 1380 1357 1354 1344
539.151978 1349 1363 1388 1397 1384 1377 1356 1340 1345
539.164978 1352 1361 1365 1384 1378 1377 1351 1353 1344
539.179016 1354 1364 1377 1392 1403 1379 1361 1357 1346
539.192017 1350 1361 1376 1385 1381 1374 1354 1348 1341
539.205994 1361 1364 1377 1392 1385 1372 1345 1337 1337
539.218994 1350 1362 1378 1389 1379 1364 1349 1343 1337
539.232971 1353 1346 1369 1389 1377 1374 1347 1348 1350
539.245972 1347 1366 1382 1382 1380 1355 1351 1346 1340
539.26001 1347 1357 1373 1390 1389 1375 1359 1324 1352
539.27301 1346 1370 1382 1378 1386 1366 1350 1340 1344
539.286987 1346 1362 1378 1389 1376 1362 1352 1338 1348
539.299988 1354 1370 1384 1386 1398 1363 1355 1348 1345
539.314026 1347 1362 1378 1381 1393 1376 1355 1343 1340
539.327026 1358 1362 1378 1378 1388 1377 1358 1344 1343
539.341003 1350 1367 1372 1387 1377 1374 1350 1342 1340
539.354004 1358 1346 1384 1392 1379 1371 1345 1333 1335
539.367981 1345 1362 1374 1387 1384 1378 1360 1345 1343
539.380981 1352 1362 1385 1404 1382 1369 1348 1346 1342
539.39502 1354 1355 1379 1399 1391 1364 1349 1352 1350
539.40802 1353 1365 1383 1379 1381 1365 1360 1347 1336
539.421997 1334 1368 1383 1392 1391 1378 1356 1343 1346
539.434998 1349 1366 1376 1393 1382 1380 1358 1337 1342
539.448975 1358 1365 1376 1386 1388 1376 1355 1333 1349
539.461975 1348 1351 1382 1395 1381 1388 1348 1340 1337
539.476013 1337 1365 1388 1389 1401 1376 1345 1347 1336
539.489014 1352 1362 1387 1406 1394 1385 1353 1342 1342
539.502991 1348 1370 1377 1406 1393 1378 1353 1342 1339
539.515991 1362 1361 1399 1395 1396 1386 1357 1338 1347
539.530029 1357 1379 1391 1412 1400 1385 1355 1337 1346
539.54303 1353 1378 1402 1424 1407 1395 1372 1350 1349
539.557007 1358 1382 1418 1412 1427 1407 1366 1343 1347
539.570007 1349 1383 1428 1443 1430 1407 1360 1346 1355
539.583984 1350 1386 1432 1457 1466 1415 1373 1351 1352
539.596985 1353 1390 1441 1474 1493 1432 1383 1344 1344
539.611023 1356 1402 1466 1506 1504 1451 1382 1356 1352
539.624023 1363 1417 1483 1540 1513 1464 1395 1358 1353
539.638 1360 1421 1492 1541 1540 1484 1407 1347 1356
539.651001 1359 1424 1479 1543 1536 1460 1416 1353 1355
539.664001 1362 1405 1479 1541 1532 1479 1405 1346 1350
539.677979 1357 1413 1455 1498 1505 1447 1394 1350 1354
539.690979 1352 1387 1455 1483 1466 1437 1395 1345 1341
539.705017 1351 1383 1420 1461 1449 1419 1383 1342 1346
539.718018 1356 1372 1424 1451 1420 1398 1372 1343 1348
539.731995 1355 1378 1404 1429 1418 1398 1362 1337 1350
539.744995 1340 1371 1399 1422 1409 1397 1361 1343 1336
539.758972 1351 1364 1386 1408 1404 1370 1364 1345 1356
539.771973 1353 1384 1400 1411 1408 1384 1374 1343 1339
539.786011 1344 1373 1391 1412 1409 1384 1363 1346 1342
539.799011 1361 1364 1393 1414 1408 1381 1348 1340 1348
539.812988 1351 1367 1379 1398 1401 1378 1353 1339 1337
539.825989 1349 1372 1396 1407 1383 1379 1370 1340 1339
539.840027 1351 1374 1397 1396 1396 1375 1344 1344 1349
539.853027 1347 1379 1395 1398 1403 1382 1354 1346 1345
539.867004 1345 1362 1377 1402 1388 1387 1352 1341 1341
539.880005 1356 1356 1395 1405 1396 1381 1355 1356 1338
539.893982 1345 1368 1396 1407 1402 1377 1353 1348 1344
539.906982 1354 1367 1389 1404 1391 1384 1356 1349 1346
539.921021 1363 1369 1384 1395 1397 1366 1366 1350 1350
539.934021 1362 1366 1395 1398 1394 1392 1352 1343 1353
539.947998 1350 1373 1403 1399 1397 1383 1353 1342 1347
539.960999 1348 1374 1380 1394 1401 1378 1356 1344 1342
539.973999 1356 1379 1388 1407 1394 1382 1354 1345 1327
539.987976 1350 1362 1385 1403 1396 1368 1368 1339 1348
540.000977 1355 1371 1396 1396 1388 1375 1367 1343 1343
540.015015 1353 1389 1388 1398 1416 1381 1357 1338 1349
540.028015 1355 1375 1397 1403 1408 1386 1355 1352 1342
540.041992 1349 1381 1393 1387 1393 1380 1359 1339 1344
540.054993 1364 1367 1398 1404 1402 1382 1355 1345 1348
540.06897 1347 1370 1388 1400 1402 1394 1369 1346 1341
540.08197 1351 1372 1384 1400 1397 1364 1372 1337 1350
540.096008 1359 1360 1389 1391 1409 1378 1363 1340 1344
540.109009 1357 1366 1389 1393 1396 1377 1354 1350 1348
540.122986 1353 1371 1382 1381 1397 1386 1367 1334 1346
540.135986 1353 1366 1385 1397 1396 1386 1365 1340 1342
540.150024 1359 1376 1382 1396 1396 1377 1358 1337 1342
540.163025 1346 1366 1380 1392 1402 1377 1359 1345 1341
540.176025 1347 1368 1386 1399 1392 1381 1343 1342 1342
540.190002 1361 1370 1383 1404 1395 1380 1353 1348 1342
540.203003 1355 1368 1393 1401 1398 1392 1366 1345 1338
540.21698 1348 1373 1395 1401 1393 1381 1358 1353 1339
540.22998 1361 1363 1380 1403 1398 1373 1359 1340 1342
540.244019 1347 1372 1386 1396 1396 1391 1360 1333 1336
540.257019 1357 1370 1384 1390 1410 1392 1356 1343 1353
540.270996 1359 1371 1404 1395 1393 1376 1366 1350 1346
540.283997 1357 1374 1399 1387 1401 1374 1360 1345 1350
540.297974 1360 1366 1389 1384 1386 1382 1360 1353 1346
540.310974 1356 1369 1388 1391 1391 1367 1362 1349 1348
540.323975 1355 1369 1388 1414 1394 1382 1353 1347 1352
540.338013 1366 1377 1386 1400 1381 1376 1361 1340 1346
540.351013 1378 1386 1395 1413 1392 1394 1370 1346 1351
540.36499 1366 1382 1391 1401 1410 1385 1368 1346 1345
540.377991 1377 1386 1402 1419 1403 1392 1367 1355 1355
540.392029 1369 1385 1406 1406 1400 1396 1363 1350 1356
540.405029 1370 1387 1403 1421 1417 1392 1356 1361 1367
540.419006 1366 1387 1403 1419 1417 1389 1381 1359 1361
540.432007 1377 1389 1411 1421 1409 1394 1371 1349 1359
540.445007 1382 1394 1402 1421 1417 1395 1381 1360 1357
540.458984 1378 1373 1409 1416 1404 1393 1366 1359 1365
540.471985 1374 1386 1408 1420 1404 1394 1379 1368 1360
540.486023 1371 1394 1402 1404 1424 1384 1379 1357 1364
540.499023 1362 1382 1396 1424 1393 1397 1375 1357 1355
540.513 1362 1380 1399 1402 1409 1383 1361 1354 1362
540.526001 1360 1380 1398 1411 1393 1381 1365 1348 1346
540.539978 1368 1381 1398 1395 1403 1388 1369 1365 1349
540.552979 1366 1374 1395 1397 1396 1381 1358 1345 1350
540.565979 1351 1375 1391 1397 1401 1385 1360 1355 1345
540.580017 1363 1366 1384 1397 1394 1384 1364 1351 1351
540.593018 1367 1369 1384 1407 1406 1380 1369 1352 1339
540.606995 1364 1380 1389 1402 1406 1381 1371 1354 1355
540.619995 1360 1379 1388 1398 1390 1383 1356 1349 1350
540.633972 1369 1368 1388 1389 1408 1380 1365 1340 1349
540.646973 1353 1365 1390 1407 1389 1387 1359 1348 1349
540.659973 1353 1376 1397 1401 1393 1376 1360 1341 1350
540.674011 1366 1383 1377 1396 1392 1372 1361 1345 1352
540.687012 1359 1359 1382 1389 1396 1376 1359 1347 1339
540.700989 1354 1369 1389 1397 1397 1381 1360 1351 1345
540.713989 1357 1372 1404 1408 1402 1372 1360 1339 1341
540.728027 1354 1369 1390 1406 1387 1385 1368 1346 1346
540.741028 1356 1369 1391 1395 1400 1384 1360 1347 1349
540.754028 1355 1363 1383 1407 1405 1385 1366 1335 1347
540.768005 1358 1372 1394 1392 1397 1384 1372 1340 1341
540.781006 1347 1368 1401 1393 1397 1384 1352 1349 1350
540.794983 1356 1374 1394 1401 1390 1392 1364 1345 1353
540.807983 1355 1375 1399 1402 1395 1372 1356 1349 1342
540.822021 1351 1377 1396 1397 1389 1374 1357 1346 1355
540.835022 1355 1375 1382 1413 1401 1386 1367 1341 1352
540.848022 1357 1378 1395 1403 1387 1386 1370 1354 1346
540.862 1346 1366 1388 1410 1394 1383 1366 1339 1346
540.875 1360 1374 1396 1397 1399 1376 1360 1342 1348
540.888977 1361 1370 1393 1417 1393 1387 1366 1357 1344
540.901978 1351 1374 1390 1407 1403 1384 1364 1342 1347
540.916016 1348 1374 1394 1407 1405 1383 1365 1346 1348
540.929016 1352 1379 1398 1403 1421 1388 1365 1345 1353
540.942017 1356 1362 1400 1395 1392 1386 1377 1349 1346
540.955994 1353 1376 1397 1394 1413 1373 1359 1347 1347
540.968994 1350 1369 1397 1412 1391 1382 1356 1348 1351
540.982971 1363 1381 1396 1412 1403 1381 1365 1347 1351
540.995972 1358 1376 1392 1409 1410 1391 1361 1353 1350
541.008972 1359 1375 1390 1406 1406 1396 1362 1343 1353
541.02301 1361 1369 1389 1420 1418 1382 1357 1355 1341
541.036011 1353 1369 1398 1411 1417 1386 1354 1347 1348
541.049988 1357 1385 1390 1419 1411 1393 1356 1340 1352
541.062988 1347 1382 1406 1417 1401 1400 1370 1348 1351
541.075989 1356 1371 1400 1413 1414 1386 1357 1345 1340
541.090027 1347 1377 1395 1420 1409 1386 1362 1343 1344
541.103027 1352 1382 1397 1413 1424 1388 1357 1338 1342
541.117004 1355 1376 1389 1408 1412 1388 1372 1355 1355
541.130005 1357 1368 1400 1417 1410 1396 1357 1354 1350
541.143982 1360 1370 1405 1415 1398 1383 1362 1355 1349
541.156982 1364 1377 1394 1407 1411 1386 1358 1350 1342
541.169983 1359 1369 1396 1410 1417 1400 1363 1335 1351
541.184021 1356 1377 1400 1419 1407 1394 1371 1354 1352
541.197021 1364 1376 1387 1403 1421 1403 1371 1341 1356
541.210999 1356 1369 1395 1407 1402 1388 1368 1352 1348
541.223999 1350 1366 1389 1410 1400 1390 1362 1353 1342
541.237 1368 1374 1395 1403 1409 1390 1360 1349 1354
541.250977 1364 1391 1400 1403 1405 1395 1368 1347 1349
541.263977 1362 1378 1405 1406 1403 1390 1370 1346 1344
541.278015 1355 1374 1398 1419 1418 1392 1370 1349 1350
541.291016 1352 1377 1392 1396 1404 1395 1365 1356 1354
541.304016 1355 1386 1407 1406 1394 1386 1367 1343 1343
541.317993 1359 1372 1395 1400 1402 1392 1360 1341 1358
541.330994 1354 1369 1383 1401 1398 1387 1367 1345 1351
541.344971 1353 1373 1403 1399 1411 1389 1365 1348 1354
541.357971 1356 1371 1387 1401 1403 1385 1362 1347 1353
541.370972 1355 1370 1392 1401 1406 1389 1357 1351 1346
541.38501 1357 1372 1393 1407 1404 1380 1356 1344 1349
541.39801 1355 1376 1397 1405 1401 1375 1356 1342 1344
541.411011 1362 1378 1392 1406 1404 1392 1365 1345 1350
541.424988 1355 1374 1394 1410 1398 1383 1354 1351 1352
541.437988 1357 1382 1393 1410 1400 1393 1374 1343 1346
541.452026 1355 1370 1383 1411 1412 1393 1356 1347 1340
541.465027 1356 1367 1390 1405 1398 1392 1371 1359 1345
541.478027 1363 1374 1399 1412 1399 1387 1367 1342 1352
541.492004 1348 1370 1392 1392 1411 1381 1357 1344 1345
541.505005 1362 1375 1398 1410 1393 1390 1360 1345 1352
541.518982 1358 1367 1396 1403 1403 1395 1364 1340 1351
541.531982 1363 1371 1388 1405 1387 1378 1371 1352 1343
541.544983 1362 1377 1391 1391 1401 1386 1371 1349 1353
541.559021 1358 1364 1398 1406 1415 1384 1358 1352 1353
541.572021 1361 1381 1401 1415 1397 1382 1360 1340 1345
541.585999 1362 1368 1397 1404 1398 1394 1364 1340 1355
541.598999 1365 1373 1387 1406 1398 1382 1362 1343 1352
541.612 1365 1371 1400 1405 1399 1395 1373 1350 1340
541.625977 1364 1390 1393 1401 1389 1380 1357 1359 1350
541.638977 1363 1366 1389 1395 1404 1389 1354 1344 1355
541.651978 1362 1371 1389 1405 1411 1383 1366 1351 1349
541.666016 1359 1372 1398 1397 1407 1382 1362 1351 1355
541.679016 1361 1383 1404 1394 1397 1374 1357 1353 1351
541.692993 1357 1380 1401 1412 1396 1382 1356 1337 1349
541.705994 1357 1365 1399 1401 1407 1392 1367 1358 1352
541.718994 1350 1371 1393 1407 1398 1394 1359 1351 1344
541.732971 1358 1381 1383 1400 1402 1372 1359 1351 1353
541.745972 1353 1379 1393 1404 1394 1378 1360 1343 1361
541.758972 1342 1368 1370 1397 1398 1363 1352 1339 1334
541.77301 1353 1378 1398 1410 1399 1383 1358 1345 1346
541.786011 1357 1382 1391 1418 1394 1385 1357 1348 1348
541.799988 1352 1360 1390 1388 1390 1378 1347 1350 1356
541.812988 1379 1376 1387 1394 1393 1382 1360 1348 1345
541.825989 1356 1374 1379 1412 1396 1380 1350 1357 1346
541.840027 1373 1370 1387 1399 1395 1388 1364 1354 1345
541.853027 1362 1380 1398 1394 1390 1386 1370 1345 1347
541.866028 1359 1371 1402 1411 1386 1373 1363 1340 1346
541.880005 1360 1370 1383 1409 1384 1381 1362 1349 1353
541.893005 1351 1385 1388 1393 1386 1380 1363 1354 1345
541.906006 1361 1365 1398 1401 1400 1373 1361 1339 1350
541.919983 1361 1381 1382 1401 1398 1393 1359 1353 1343
541.932983 1367 1378 1382 1397 1394 1386 1356 1352 1344
541.947021 1359 1368 1378 1406 1396 1378 1363 1348 1354
541.960022 1356 1368 1392 1399 1398 1381 1356 1350 1346
541.973022 1369 1376 1397 1414 1394 1388 1354 1328 1340
541.987 1362 1383 1391 1410 1400 1378 1363 1347 1354
542 1364 1378 1386 1406 1395 1389 1363 1352 1351
542.013 1365 1378 1396 1392 1392 1387 1357 1355 1352
542.026978 1357 1374 1390 1399 1400 1379 1367 1356 1351
542.039978 1363 1371 1388 1391 1397 1384 1359 1347 1340
542.052979 1361 1377 1393 1392 1382 1372 1362 1353 1344
542.067017 1364 1372 1398 1407 1390 1376 1369 1347 1349
542.080017 1354 1368 1403 1407 1393 1379 1350 1355 1340
542.093994 1364 1375 1394 1414 1395 1383 1356 1341 1352
542.106995 1364 1369 1385 1396 1397 1377 1361 1344 1346
542.119995 1361 1379 1394 1401 1406 1404 1366 1351 1348
542.133972 1357 1370 1392 1392 1397 1382 1361 1351 1348
542.146973 1350 1368 1392 1396 1392 1386 1359 1353 1354
542.159973 1353 1379 1386 1396 1391 1377 1371 1348 1341
542.174011 1367 1376 1383 1415 1398 1381 1358 1350 1349
542.187012 1354 1372 1402 1399 1397 1377 1361 1342 1348
542.200012 1358 1376 1397 1403 1397 1378 1364 1344 1349
542.213989 1362 1389 1394 1411 1411 1391 1367 1350 1345
542.22699 1353 1370 1400 1401 1403 1385 1362 1350 1357
542.23999 1353 1375 1391 1410 1396 1384 1356 1345 1349
542.254028 1371 1371 1391 1412 1405 1372 1368 1346 1352
542.267029 1358 1387 1407 1405 1406 1383 1367 1351 1350
542.280029 1356 1377 1405 1413 1407 1390 1350 1341 1352
542.294006 1359 1380 1398 1420 1400 1383 1363 1358 1360
542.307007 1361 1381 1408 1398 1396 1385 1364 1354 1363
542.320007 1357 1376 1401 1418 1411 1394 1370 1357 1348
542.333984 1364 1368 1394 1406 1399 1381 1367 1354 1353
542.346985 1365 1377 1411 1402 1405 1385 1364 1368 1353
542.359985 1354 1377 1397 1408 1412 1383 1365 1361 1354
542.374023 1365 1382 1403 1402 1413 1397 1371 1348 1349
542.387024 1361 1376 1400 1419 1407 1373 1360 1351 1352
542.400024 1369 1386 1407 1404 1407 1375 1374 1355 1353
542.414001 1369 1385 1404 1410 1408 1387 1359 1350 1361
542.427002 1365 1367 1387 1410 1400 1383 1373 1349 1352
542.440002 1352 1369 1403 1409 1401 1393 1364 1351 1354
542.453979 1366 1391 1413 1408 1409 1385 1370 1345 1358
542.46698 1363 1383 1389 1409 1413 1384 1368 1350 1359
542.47998 1361 1386 1400 1399 1411 1394 1373 1358 1365
542.494019 1364 1391 1400 1411 1406 1388 1365 1352 1355
542.507019 1361 1377 1397 1419 1398 1396 1358 1355 1347
542.52002 1363 1378 1397 1406 1404 1387 1368 1346 1345
542.533997 1363 1375 1400 1418 1414 1395 1371 1356 1358
542.546997 1360 1385 1398 1421 1411 1392 1362 1346 1363
542.559998 1362 1382 1414 1419 1416 1392 1376 1354 1359
542.573975 1367 1369 1405 1418 1417 1392 1355 1361 1346
542.586975 1370 1379 1404 1411 1414 1404 1370 1362 1354
542.599976 1367 1392 1398 1428 1408 1395 1369 1360 1362
542.614014 1361 1372 1402 1411 1417 1394 1381 1355 1348
542.627014 1370 1391 1401 1422 1415 1395 1364 1364 1360
542.640015 1362 1385 1403 1418 1409 1384 1365 1352 1343
542.653992 1363 1391 1395 1411 1400 1397 1358 1354 1347
542.666992 1363 1399 1386 1424 1414 1393 1363 1352 1354
542.679993 1366 1373 1412 1416 1407 1392 1372 1351 1355
542.69397 1369 1396 1410 1409 1411 1402 1376 1349 1353
542.70697 1370 1388 1407 1415 1412 1400 1361 1347 1359
542.719971 1370 1376 1395 1427 1406 1395 1364 1359 1359
542.734009 1365 1376 1406 1408 1407 1392 1375 1345 1351
542.747009 1358 1382 1411 1408 1409 1388 1368 1347 1352
542.76001 1364 1378 1401 1423 1419 1385 1366 1352 1344
542.773987 1364 1370 1390 1415 1407 1395 1367 1351 1351
542.786987 1354 1375 1389 1402 1408 1383 1364 1344 1356
542.799988 1364 1378 1405 1406 1404 1397 1365 1355 1357
542.812988 1364 1383 1402 1419 1407 1387 1357 1334 1347
542.827026 1368 1376 1390 1406 1395 1383 1365 1338 1347
542.840027 1361 1378 1408 1418 1418 1392 1362 1353 1347
542.853027 1356 1380 1409 1410 1411 1388 1360 1342 1355
542.867004 1362 1376 1410 1400 1405 1387 1351 1356 1341
542.880005 1358 1366 1394 1401 1413 1388 1365 1341 1363
542.893005 1367 1385 1389 1418 1407 1391 1363 1349 1354
542.906982 1367 1397 1416 1411 1404 1380 1359 1341 1349
542.919983 1372 1372 1416 1421 1412 1384 1362 1348 1351
542.932983 1359 1381 1403 1408 1407 1394 1357 1341 1353
542.947021 1371 1380 1417 1424 1408 1379 1358 1366 1356
542.960022 1361 1384 1404 1406 1412 1392 1365 1350 1362
542.973022 1367 1381 1408 1436 1413 1401 1370 1358 1359
542.987 1364 1376 1410 1425 1416 1394 1369 1353 1352
543 1375 1372 1404 1417 1419 1396 1360 1362 1356
543.013 1359 1371 1402 1412 1422 1392 1380 1353 1343
543.026001 1366 1385 1415 1413 1422 1401 1373 1348 1356
543.039978 1377 1381 1408 1427 1420 1391 1374 1359 1369
543.052979 1366 1387 1413 1429 1432 1394 1370 1355 1350
543.065979 1365 1388 1416 1432 1440 1403 1368 1354 1360
543.080017 1367 1375 1430 1438 1418 1404 1377 1343 1361
543.093018 1372 1389 1425 1441 1433 1410 1371 1360 1354
543.106018 1369 1384 1415 1446 1437 1399 1379 1354 1353
543.119995 1370 1403 1442 1443 1435 1421 1372 1359 1348
543.132996 1368 1396 1428 1443 1459 1413 1372 1353 1348
543.145996 1381 1408 1445 1437 1454 1420 1379 1364 1362
543.158997 1373 1408 1432 1450 1467 1407 1381 1362 1346
543.172974 1365 1411 1439 1464 1457 1423 1375 1356 1358
543.185974 1374 1393 1449 1466 1477 1431 1383 1359 1352
543.198975 1377 1396 1452 1467 1445 1420 1382 1361 1364
543.213013 1385 1400 1444 1465 1472 1421 1391 1368 1352
543.226013 1367 1398 1438 1479 1477 1438 1387 1356 1360
543.239014 1365 1394 1447 1474 1456 1434 1383 1347 1369
543.252014 1376 1408 1435 1468 1461 1430 1375 1367 1366
543.265991 1369 1397 1466 1480 1465 1428 1378 1361 1366
543.278992 1378 1400 1451 1466 1445 1427 1386 1358 1364
543.291992 1369 1400 1449 1476 1474 1434 1391 1357 1357
543.30603 1369 1417 1456 1466 1453 1448 1385 1369 1358
543.31897 1367 1408 1470 1481 1468 1430 1389 1355 1360
543.33197 1370 1414 1444 1484 1461 1434 1394 1356 1354
543.344971 1369 1401 1462 1476 1467 1427 1371 1354 1362
543.359009 1373 1401 1439 1465 1477 1425 1395 1359 1359
543.372009 1379 1414 1463 1478 1464 1439 1390 1350 1364
543.38501 1379 1413 1451 1491 1481 1444 1394 1367 1361
543.398987 1373 1409 1444 1482 1472 1438 1392 1357 1360
543.411987 1362 1408 1453 1489 1480 1446 1391 1354 1365
543.424988 1372 1414 1463 1515 1494 1447 1391 1358 1361
543.437988 1375 1431 1472 1514 1506 1469 1399 1356 1358
543.452026 1382 1434 1501 1538 1536 1485 1397 1358 1360
543.465027 1383 1447 1506 1579 1553 1487 1406 1366 1367
543.478027 1372 1455 1545 1603 1581 1523 1424 1362 1363
543.491028 1385 1451 1576 1625 1620 1537 1435 1373 1371
543.505005 1389 1482 1592 1687 1666 1563 1445 1372 1375
543.518005 1383 1485 1603 1677 1675 1587 1458 1374 1375
543.531006 1380 1484 1615 1683 1683 1571 1465 1380 1363
543.544983 1397 1488 1594 1660 1655 1561 1442 1370 1376
543.557983 1385 1462 1574 1624 1640 1553 1439 1364 1367
543.570984 1389 1458 1559 1602 1595 1525 1451 1361 1375
543.583984 1380 1449 1539 1576 1563 1498 1427 1360 1370
543.598022 1376 1428 1504 1548 1535 1462 1407 1368 1366
543.611023 1376 1412 1478 1513 1489 1454 1396 1346 1360
543.624023 1375 1424 1473 1505 1491 1444 1390 1361 1349
543.637024 1370 1408 1447 1486 1487 1433 1395 1355 1352
543.651001 1373 1398 1439 1480 1471 1430 1386 1365 1368
543.664001 1366 1402 1434 1469 1451 1420 1393 1348 1361
543.677002 1377 1399 1423 1463 1440 1422 1377 1358 1351
543.690002 1365 1397 1430 1442 1434 1424 1374 1353 1341
543.703979 1360 1398 1427 1442 1446 1401 1389 1351 1347
543.71698 1375 1398 1414 1452 1427 1415 1369 1351 1357
543.72998 1372 1374 1421 1422 1434 1402 1366 1349 1351
543.744019 1366 1395 1419 1430 1416 1403 1378 1340 1363
543.757019 1365 1390 1417 1421 1427 1410 1364 1354 1345
543.77002 1371 1389 1410 1420 1425 1395 1376 1345 1347
543.78302 1372 1393 1401 1433 1416 1393 1365 1352 1343
543.796997 1366 1381 1410 1433 1413 1404 1372 1342 1346
543.809998 1353 1389 1410 1436 1415 1408 1368 1351 1359
543.822998 1365 1373 1409 1416 1423 1393 1366 1348 1344
543.835999 1362 1392 1413 1425 1425 1390 1373 1345 1350
543.849976 1356 1391 1408 1425 1421 1406 1359 1344 1357
543.862976 1356 1378 1405 1419 1416 1384 1370 1343 1348
543.875977 1374 1388 1415 1428 1421 1387 1371 1358 1351
543.888977 1358 1382 1401 1432 1423 1404 1360 1351 1349
543.903015 1358 1402 1406 1435 1405 1388 1368 1349 1364
543.916016 1369 1385 1411 1429 1424 1405 1376 1351 1353
543.929016 1367 1390 1409 1419 1419 1405 1358 1353 1347
543.942017 1361 1381 1407 1439 1423 1396 1363 1348 1361
543.955994 1366 1390 1413 1431 1417 1400 1372 1345 1354
543.968994 1370 1378 1409 1423 1415 1385 1375 1357 1359
543.981995 1365 1386 1404 1416 1419 1405 1367 1350 1346
543.994995 1361 1371 1409 1425 1427 1405 1366 1350 1350
544.008972 1359 1368 1403 1423 1425 1414 1372 1348 1355
544.021973 1356 1380 1423 1414 1409 1394 1372 1345 1359
544.034973 1369 1377 1396 1424 1414 1395 1367 1361 1349
544.047974 1351 1385 1395 1429 1424 1395 1370 1350 1347
544.062012 1354 1385 1401 1407 1416 1384 1360 1339 1344
544.075012 1370 1371 1412 1408 1397 1389 1366 1348 1350
544.088013 1365 1380 1400 1424 1404 1381 1371 1349 1351
544.101013 1358 1384 1409 1418 1420 1393 1359 1345 1355
544.11499 1358 1368 1417 1411 1424 1393 1362 1357 1350
544.127991 1351 1373 1408 1423 1423 1384 1356 1347 1342
544.140991 1350 1371 1403 1423 1404 1390 1363 1354 1346
544.153992 1355 1371 1408 1426 1419 1399 1374 1346 1357
544.166992 1365 1372 1413 1423 1420 1394 1362 1347 1347
544.18103 1364 1373 1408 1428 1415 1392 1364 1355 1344
544.19397 1362 1378 1409 1408 1397 1393 1362 1349 1356
544.20697 1362 1374 1406 1417 1414 1389 1372 1354 1343
544.219971 1358 1388 1394 1419 1411 1389 1358 1352 1357
544.234009 1361 1378 1401 1413 1432 1391 1373 1337 1352
544.247009 1357 1383 1398 1411 1407 1386 1369 1355 1344
544.26001 1357 1380 1393 1425 1406 1397 1357 1348 1347
544.27301 1359 1390 1400 1423 1411 1392 1375 1348 1356
544.286987 1358 1378 1417 1423 1417 1395 1366 1347 1348
544.299988 1361 1370 1401 1419 1419 1401 1359 1349 1352
544.312988 1365 1385 1421 1421 1410 1413 1367 1335 1341
544.325989 1361 1386 1400 1429 1420 1403 1372 1348 1344
544.338989 1350 1390 1411 1425 1404 1392 1363 1342 1350
544.353027 1364 1391 1417 1428 1411 1393 1368 1355 1350
544.366028 1357 1364 1396 1420 1422 1401 1364 1350 1358
544.379028 1354 1373 1422 1422 1393 1393 1361 1351 1347
544.392029 1373 1369 1405 1409 1423 1400 1370 1352 1348
544.406006 1354 1380 1411 1424 1414 1389 1364 1353 1358
544.419006 1352 1382 1396 1425 1403 1386 1358 1348 1339
544.432007 1357 1375 1413 1425 1407 1383 1372 1344 1351
544.445007 1358 1384 1411 1424 1409 1402 1374 1341 1350
544.458008 1367 1376 1402 1428 1410 1390 1369 1353 1356
544.471985 1369 1384 1413 1427 1416 1397 1365 1355 1347
544.484985 1368 1386 1397 1418 1422 1400 1364 1348 1348
544.497986 1359 1380 1410 1416 1431 1394 1368 1342 1336
544.510986 1367 1378 1415 1420 1414 1385 1376 1349 1350
544.525024 1367 1382 1408 1416 1407 1383 1366 1342 1341
544.538025 1372 1375 1401 1428 1415 1404 1357 1345 1347
544.551025 1363 1376 1411 1412 1418 1373 1366 1352 1346
544.564026 1362 1381 1404 1420 1398 1395 1363 1347 1355
544.577026 1367 1373 1413 1433 1401 1394 1366 1345 1352
544.591003 1358 1388 1403 1431 1414 1401 1371 1340 1355
544.604004 1354 1384 1418 1430 1425 1390 1369 1345 1341
544.617004 1354 1385 1412 1419 1418 1390 1368 1344 1353
544.630005 1360 1378 1421 1429 1416 1393 1371 1344 1347
544.643005 1379 1381 1409 1432 1421 1390 1365 1351 1343
544.656982 1362 1384 1404 1421 1427 1400 1368 1347 1347
544.669983 1362 1383 1412 1413 1416 1390 1365 1344 1347
544.682983 1364 1393 1407 1426 1418 1394 1365 1340 1346
544.695984 1365 1377 1412 1411 1405 1401 1365 1349 1351
544.710022 1363 1386 1402 1427 1405 1384 1368 1348 1360
544.723022 1350 1378 1404 1428 1420 1382 1359 1338 1356
544.736023 1364 1391 1415 1420 1418 1398 1366 1346 1340
544.749023 1363 1383 1407 1432 1408 1390 1364 1354 1344
544.762024 1357 1370 1411 1421 1418 1386 1364 1354 1343
544.776001 1354 1377 1410 1415 1402 1394 1359 1343 1335
544.789001 1361 1374 1402 1420 1413 1396 1361 1346 1351
544.802002 1366 1374 1404 1425 1408 1392 1363 1337 1345
544.815002 1355 1385 1412 1420 1418 1385 1361 1345 1350
544.828003 1368 1385 1402 1411 1418 1400 1364 1350 1344
544.84198 1366 1370 1399 1431 1411 1396 1370 1348 1349
544.85498 1359 1384 1399 1420 1419 1394 1375 1343 1351
544.867981 1363 1381 1407 1414 1412 1413 1367 1338 1356
544.880981 1367 1375 1398 1415 1418 1398 1374 1351 1357
544.893982 1369 1395 1422 1436 1430 1392 1370 1346 1356
544.90802 1369 1385 1427 1429 1439 1396 1363 1359 1342
544.921021 1368 1383 1402 1431 1409 1401 1370 1349 1349
544.934021 1363 1394 1413 1429 1414 1401 1372 1360 1350
544.947021 1366 1388 1412 1423 1426 1415 1365 1342 1339
544.960022 1371 1392 1433 1428 1421 1412 1359 1357 1351
544.973022 1367 1380 1432 1426 1432 1410 1373 1355 1344
544.987 1354 1386 1419 1436 1437 1393 1366 1344 1343
545 1369 1383 1414 1437 1427 1398 1375 1343 1342
545.013 1363 1381 1414 1419 1438 1404 1370 1347 1346
545.026001 1365 1384 1417 1442 1444 1393 1360 1350 1353
545.039001 1372 1397 1419 1426 1423 1399 1368 1346 1347
545.052979 1356 1387 1412 1440 1430 1400 1366 1349 1342
545.065979 1367 1396 1418 1424 1437 1397 1378 1340 1357
545.078979 1359 1389 1415 1422 1426 1388 1355 1349 1355
545.09198 1357 1395 1408 1421 1434 1398 1362 1355 1345
545.10498 1364 1387 1414 1441 1434 1395 1371 1348 1352
545.117981 1372 1386 1419 1436 1433 1398 1369 1347 1351
545.132019 1354 1385 1423 1440 1415 1392 1370 1354 1347
545.14502 1361 1387 1416 1452 1440 1400 1370 1350 1344
545.15802 1377 1388 1438 1448 1429 1405 1376 1343 1350
545.171021 1358 1387 1415 1438 1431 1396 1369 1349 1343
545.184021 1367 1386 1418 1434 1415 1406 1361 1353 1349
545.197998 1351 1393 1398 1427 1436 1405 1363 1356 1348
545.210999 1359 1388 1408 1435 1420 1405 1383 1346 1349
545.223999 1365 1381 1405 1433 1442 1411 1369 1356 1345
545.237 1362 1388 1401 1428 1419 1404 1358 1338 1355
545.25 1361 1379 1407 1417 1427 1401 1368 1348 1338
545.263 1368 1383 1404 1444 1435 1399 1371 1355 1346
545.276978 1363 1389 1419 1416 1398 1400 1363 1337 1356
545.289978 1358 1384 1398 1433 1415 1383 1364 1336 1347
545.302979 1362 1384 1416 1417 1430 1394 1365 1342 1347
545.315979 1357 1375 1405 1444 1416 1405 1365 1351 1353
545.328979 1364 1375 1406 1424 1420 1395 1373 1344 1343
545.34198 1355 1385 1405 1422 1422 1395 1345 1349 1346
545.356018 1348 1376 1407 1436 1415 1390 1363 1343 1339
545.369019 1353 1380 1417 1419 1410 1391 1351 1341 1343
545.382019 1353 1374 1414 1423 1414 1385 1362 1338 1344
545.39502 1356 1375 1401 1422 1415 1402 1355 1351 1342
545.40802 1349 1379 1402 1417 1416 1389 1364 1341 1339
545.421021 1358 1385 1417 1408 1414 1380 1357 1351 1334
545.434998 1352 1372 1407 1396 1409 1376 1355 1339 1338
545.447998 1368 1368 1388 1422 1424 1389 1365 1336 1345
545.460999 1342 1376 1398 1418 1403 1378 1359 1341 1345
545.473999 1354 1372 1390 1399 1400 1386 1360 1348 1341
545.487 1357 1373 1384 1400 1395 1383 1350 1349 1335
545.5 1359 1368 1393 1404 1398 1386 1357 1343 1340
545.513977 1347 1370 1386 1404 1396 1383 1359 1336 1340
545.526978 1351 1375 1399 1400 1401 1380 1360 1345 1352
545.539978 1354 1365 1385 1398 1396 1374 1352 1345 1336
545.552979 1352 1371 1379 1396 1407 1376 1344 1342 1342
545.565979 1355 1372 1393 1398 1387 1374 1349 1337 1351
545.578979 1352 1372 1387 1388 1396 1387 1363 1332 1344
545.593018 1357 1368 1392 1380 1398 1383 1347 1337 1349
545.606018 1354 1364 1392 1402 1396 1380 1367 1341 1342
545.619019 1351 1368 1382 1389 1393 1365 1356 1339 1339
545.632019 1354 1368 1389 1404 1389 1376 1352 1346 1341
545.64502 1339 1374 1396 1393 1395 1369 1356 1340 1342
545.65802 1357 1366 1390 1389 1383 1383 1356 1343 1338
545.671021 1360 1372 1384 1393 1395 1379 1355 1345 1347
545.684998 1354 1359 1392 1400 1392 1377 1360 1338 1341
545.697998 1350 1371 1378 1398 1393 1376 1356 1341 1344
545.710999 1350 1366 1387 1399 1405 1375 1355 1335 1338
545.723999 1352 1363 1382 1395 1392 1381 1345 1332 1338
545.737 1351 1369 1379 1384 1391 1368 1346 1338 1342
545.75 1344 1361 1394 1392 1380 1374 1347 1333 1343
545.763 1355 1353 1373 1393 1388 1371 1349 1339 1349
545.776978 1352 1367 1381 1391 1390 1379 1351 1346 1334
545.789978 1348 1372 1386 1396 1395 1364 1343 1341 1331
545.802979 1343 1357 1383 1392 1379 1366 1348 1337 1340
545.815979 1339 1372 1383 1395 1393 1365 1354 1341 1339
545.828979 1350 1364 1377 1393 1384 1375 1346 1339 1335
545.84198 1346 1364 1389 1391 1388 1368 1353 1329 1343
545.85498 1353 1366 1370 1391 1388 1359 1359 1333 1339
545.869019 1356 1352 1384 1399 1381 1369 1353 1340 1329
545.882019 1343 1363 1373 1390 1386 1378 1355 1334 1336
545.89502 1348 1357 1378 1398 1381 1373 1343 1336 1336
545.90802 1351 1378 1381 1388 1375 1373 1345 1335 1338
545.921021 1348 1357 1373 1384 1387 1359 1353 1339 1345
545.934021 1349 1355 1384 1395 1391 1377 1346 1339 1346
545.947021 1354 1363 1380 1389 1390 1372 1349 1332 1332
545.960022 1349 1368 1377 1380 1378 1376 1352 1338 1334
545.973999 1349 1365 1375 1403 1380 1373 1353 1328 1334
545.987 1349 1360 1379 1380 1381 1366 1356 1342 1343
546 1357 1363 1390 1383 1379 1365 1347 1330 1335
546.013 1347 1357 1380 1379 1382 1372 1350 1329 1339
546.026001 1357 1367 1387 1388 1375 1371 1353 1330 1338
546.039001 1357 1358 1364 1380 1389 1374 1345 1335 1336
546.052002 1343 1361 1373 1374 1381 1361 1350 1337 1346
546.065002 1343 1351 1368 1394 1372 1358 1349 1341 1344
546.078979 1334 1365 1381 1378 1386 1366 1350 1339 1345
546.09198 1355 1352 1385 1374 1382 1369 1351 1334 1333
546.10498 1350 1355 1369 1375 1367 1365 1344 1328 1343
546.117981 1352 1364 1370 1389 1385 1357 1352 1337 1337
546.130981 1347 1356 1377 1384 1373 1363 1348 1341 1333
546.143982 1343 1369 1367 1379 1375 1366 1344 1341 1338
546.156982 1341 1361 1380 1378 1383 1364 1342 1338 1337
546.169983 1345 1362 1373 1382 1370 1359 1344 1335 1343
546.184021 1346 1345 1372 1369 1375 1359 1351 1341 1331
546.197021 1347 1360 1371 1386 1380 1366 1333 1336 1333
546.210022 1342 1359 1371 1373 1376 1365 1347 1336 1342
546.223022 1350 1363 1379 1375 1379 1359 1343 1339 1331
546.236023 1355 1350 1372 1377 1373 1347 1341 1332 1329
546.249023 1343 1351 1370 1379 1374 1368 1352 1335 1343
546.262024 1354 1360 1378 1395 1374 1365 1339 1333 1334
546.275024 1356 1357 1360 1386 1387 1356 1348 1345 1337
546.289001 1342 1364 1374 1377 1382 1370 1354 1332 1339
546.302002 1347 1365 1367 1389 1387 1355 1345 1334 1330
546.315002 1352 1360 1378 1382 1382 1364 1351 1337 1336
546.328003 1357 1356 1368 1364 1383 1363 1350 1335 1340
546.341003 1342 1364 1377 1383 1385 1373 1337 1345 1339
546.354004 1352 1370 1368 1385 1380 1357 1349 1342 1340
546.367004 1348 1357 1371 1383 1374 1371 1351 1331 1339
546.380005 1342 1360 1374 1382 1383 1369 1349 1338 1340
546.393005 1345 1365 1366 1376 1388 1370 1345 1332 1337
546.406006 1351 1358 1368 1391 1382 1363 1347 1334 1331
546.419983 1336 1353 1377 1376 1374 1358 1342 1332 1334
546.432983 1343 1356 1370 1389 1388 1353 1339 1336 1335
546.445984 1349 1356 1371 1375 1376 1361 1346 1340 1338
546.458984 1348 1353 1375 1365 1375 1358 1343 1337 1339
546.471985 1353 1357 1375 1383 1369 1354 1350 1334 1333
546.484985 1350 1364 1364 1384 1380 1360 1349 1329 1341
546.497986 1354 1348 1364 1366 1381 1365 1350 1341 1337
546.510986 1349 1344 1364 1371 1375 1348 1357 1333 1335
546.523987 1345 1350 1378 1367 1371 1352 1330 1338 1334
546.536987 1338 1364 1372 1379 1378 1354 1338 1339 1339
546.551025 1342 1341 1373 1362 1373 1356 1346 1334 1340
546.564026 1349 1362 1358 1379 1371 1368 1344 1331 1335
546.577026 1345 1353 1365 1372 1364 1369 1358 1339 1340
546.590027 1348 1353 1358 1389 1365 1350 1348 1329 1334
546.603027 1345 1353 1368 1373 1364 1366 1344 1347 1339
546.616028 1341 1357 1373 1367 1373 1361 1350 1339 1331
546.629028 1356 1352 1378 1373 1375 1365 1345 1337 1339
546.642029 1347 1354 1367 1372 1366 1359 1349 1340 1331
546.655029 1343 1354 1367 1383 1365 1362 1338 1333 1342
546.66803 1354 1355 1372 1373 1367 1362 1354 1334 1337
546.682007 1352 1355 1370 1368 1361 1358 1347 1345 1343
546.695007 1353 1348 1362 1369 1365 1363 1348 1337 1347
546.708008 1348 1353 1358 1374 1373 1358 1354 1340 1339
546.721008 1348 1346 1375 1364 1376 1349 1342 1333 1339
546.734009 1338 1355 1366 1373 1370 1347 1351 1330 1340
546.747009 1349 1350 1365 1379 1367 1357 1341 1332 1335
546.76001 1348 1351 1362 1358 1372 1352 1340 1336 1330
546.77301 1362 1345 1359 1376 1365 1366 1350 1340 1334
546.786011 1351 1351 1364 1367 1368 1356 1347 1337 1329
546.799011 1340 1350 1356 1359 1359 1366 1348 1339 1342
546.812012 1354 1346 1364 1360 1371 1358 1351 1334 1331
546.825012 1349 1364 1381 1374 1367 1351 1342 1333 1338
546.838989 1340 1361 1358 1367 1361 1365 1343 1337 1331
546.85199 1341 1347 1374 1382 1370 1353 1344 1340 1345
546.86499 1346 1348 1371 1368 1360 1366 1339 1335 1334
546.877991 1335 1361 1368 1368 1370 1362 1345 1341 1346
546.890991 1345 1356 1370 1376 1369 1361 1351 1340 1348
546.903992 1341 1345 1368 1368 1370 1353 1351 1342 1338
546.916992 1349 1365 1359 1369 1369 1349 1343 1340 1343
546.929993 1345 1354 1359 1378 1365 1356 1347 1346 1339
546.942993 1351 1360 1356 1363 1362 1359 1340 1336 1343
546.955994 1342 1363 1359 1362 1364 1355 1348 1332 1342
546.968994 1341 1358 1358 1357 1365 1350 1351 1346 1339
546.981995 1350 1355 1361 1379 1371 1367 1359 1346 1349
546.994995 1347 1349 1364 1366 1356 1358 1347 1339 1340
547.007996 1347 1351 1356 1366 1360 1357 1348 1341 1347
547.020996 1348 1360 1359 1370 1377 1357 1351 1356 1333
547.034973 1356 1361 1362 1360 1362 1353 1352 1336 1339
547.047974 1353 1356 1361 1368 1364 1355 1356 1343 1339
547.060974 1352 1351 1360 1355 1360 1352 1353 1351 1352
547.073975 1343 1359 1361 1362 1357 1345 1350 1350 1344
547.086975 1365 1352 1355 1362 1369 1349 1355 1348 1343
547.099976 1362 1368 1374 1362 1354 1359 1354 1355 1352
547.112976 1361 1356 1355 1365 1356 1357 1359 1362 1358
547.125977 1364 1368 1351 1363 1355 1362 1351 1368 1357
547.138977 1379 1360 1365 1369 1362 1368 1358 1366 1364
547.151978 1370 1367 1369 1370 1362 1361 1365 1375 1362
547.164978 1372 1363 1359 1358 1365 1372 1359 1373 1375
547.177979 1381 1365 1371 1354 1359 1370 1377 1388 1377
547.190979 1379 1374 1365 1362 1376 1371 1384 1376 1383
547.203979 1379 1377 1377 1355 1376 1376 1380 1382 1388
547.21698 1381 1370 1369 1368 1361 1362 1386 1383 1373
547.22998 1382 1375 1374 1356 1352 1364 1381 1383 1369
547.244019 1373 1369 1372 1360 1362 1371 1371 1379 1381
547.257019 1378 1371 1365 1354 1361 1368 1366 1383 1366
547.27002 1381 1372 1383 1363 1374 1369 1375 1376 1380
547.28302 1373 1368 1377 1351 1363 1355 1376 1386 1369
547.296021 1375 1355 1370 1367 1375 1373 1389 1379 1382
547.309021 1372 1366 1367 1357 1369 1375 1387 1390 1370
547.322021 1378 1371 1370 1365 1362 1373 1385 1383 1372
547.335022 1375 1368 1358 1359 1367 1377 1376 1383 1373
547.348022 1375 1380 1356 1364 1363 1371 1382 1397 1389
547.361023 1374 1378 1351 1353 1367 1371 1389 1391 1395
547.374023 1392 1372 1361 1368 1362 1375 1395 1387 1392
547.387024 1391 1379 1369 1360 1369 1370 1390 1402 1400
547.400024 1400 1377 1374 1368 1368 1377 1388 1406 1403
547.413025 1395 1387 1355 1357 1363 1383 1404 1427 1415
547.426025 1396 1391 1363 1358 1366 1388 1408 1419 1417
547.439026 1415 1399 1377 1361 1362 1379 1422 1434 1421
547.452026 1421 1398 1387 1348 1376 1391 1438 1445 1434
547.465027 1421 1406 1366 1372 1373 1410 1431 1470 1447
547.478027 1440 1414 1377 1361 1380 1404 1448 1479 1457
547.491028 1455 1408 1383 1369 1369 1423 1485 1484 1484
547.504028 1462 1428 1386 1361 1378 1421 1474 1510 1501
547.518005 1479 1438 1390 1361 1373 1444 1507 1542 1501
547.531006 1514 1461 1399 1362 1365 1455 1534 1577 1536
547.544006 1539 1479 1397 1371 1387 1472 1548 1607 1597
547.557007 1570 1499 1407 1359 1389 1498 1610 1673 1627
547.570007 1633 1522 1424 1361 1390 1522 1638 1722 1673
547.583008 1690 1571 1439 1374 1423 1556 1737 1816 1773
547.596008 1750 1636 1483 1359 1421 1615 1793 1916 1855
547.609009 1848 1696 1487 1375 1449 1657 1908 2055 1989
547.622009 1971 1767 1512 1378 1452 1754 2066 2246 2160
547.63501 2149 1887 1580 1377 1497 1845 2285 2445 2364
547.64801 2361 2032 1609 1394 1521 1956 2486 2785 2624
547.661011 2620 2179 1663 1398 1563 2117 2757 3079 2945
547.674011 2789 2325 1723 1414 1607 2260 3073 3403 3204
547.687012 3021 2484 1774 1407 1634 2423 3330 3771 3551
547.700012 3182 2587 1855 1420 1683 2527 3526 4012 3809
547.713013 3361 2642 1845 1425 1673 2576 3611 4174 3869
547.726013 3308 2633 1827 1432 1705 2579 3586 4084 3877
547.739014 3171 2607 1815 1413 1655 2475 3443 3868 3648
547.752014 2947 2397 1757 1404 1626 2320 3166 3535 3319
547.765015 2660 2211 1676 1398 1575 2155 2853 3105 2984
547.778015 2389 2029 1618 1385 1539 1962 2517 2778 2613
547.791016 2204 1878 1543 1381 1501 1875 2287 2551 2386
547.804016 1999 1791 1514 1385 1475 1770 2093 2294 2163
547.817017 1879 1711 1487 1373 1451 1688 1964 2092 2014
547.830017 1806 1653 1483 1355 1432 1629 1846 1978 1910
547.843018 1719 1581 1435 1368 1406 1583 1740 1831 1826
547.856018 1659 1550 1439 1365 1406 1527 1692 1792 1743
547.869019 1620 1525 1414 1361 1397 1503 1656 1747 1697
547.882019 1598 1501 1406 1364 1379 1492 1612 1675 1641
547.89502 1556 1475 1408 1358 1394 1491 1578 1632 1601
547.90802 1525 1475 1388 1359 1379 1449 1547 1606 1567
547.921021 1507 1460 1396 1363 1385 1444 1536 1566 1555
547.934021 1507 1448 1393 1354 1373 1452 1509 1538 1529
547.947021 1475 1432 1379 1351 1382 1422 1480 1534 1504
547.960022 1457 1426 1384 1361 1365 1421 1478 1485 1492
547.973022 1442 1420 1372 1357 1374 1401 1467 1502 1469
547.986023 1428 1423 1377 1360 1368 1410 1459 1474 1454
547.999023 1422 1406 1384 1350 1366 1405 1439 1462 1445
548.012024 1426 1406 1376 1353 1366 1393 1419 1452 1457
548.025024 1410 1418 1372 1352 1366 1395 1426 1456 1428
548.038025 1421 1390 1361 1352 1377 1384 1418 1458 1436
548.051025 1411 1385 1375 1352 1359 1381 1407 1430 1418
548.064026 1412 1379 1372 1358 1361 1394 1419 1415 1414
548.077026 1404 1384 1355 1346 1361 1399 1409 1418 1413
548.090027 1401 1377 1370 1365 1356 1374 1398 1406 1400
548.103027 1389 1392 1353 1368 1357 1378 1396 1401 1398
548.116028 1379 1373 1367 1358 1350 1364 1389 1394 1393
548.129028 1385 1375 1353 1348 1358 1377 1395 1410 1386
548.142029 1391 1369 1353 1359 1356 1382 1388 1406 1388
548.155029 1377 1376 1358 1345 1345 1365 1380 1403 1389
548.16803 1370 1372 1360 1345 1356 1377 1387 1381 1393
548.18103 1370 1374 1347 1337 1355 1366 1377 1379 1388
548.19397 1378 1364 1356 1356 1357 1371 1368 1375 1381
548.20697 1370 1359 1371 1341 1347 1358 1374 1375 1370
548.219971 1370 1371 1354 1356 1359 1361 1372 1380 1384
548.232971 1359 1360 1351 1349 1345 1362 1365 1368 1370
548.245972 1352 1355 1356 1355 1348 1362 1359 1379 1368
548.258972 1361 1363 1353 1351 1356 1363 1363 1373 1370
548.271973 1366 1359 1352 1343 1365 1353 1372 1372 1359
548.284973 1353 1362 1363 1360 1345 1364 1364 1369 1369
548.297974 1362 1360 1359 1360 1357 1351 1361 1365 1360
548.310974 1361 1365 1349 1351 1354 1362 1367 1371 1349
548.323975 1356 1356 1358 1348 1357 1359 1354 1363 1369
548.336975 1358 1349 1366 1351 1342 1352 1358 1365 1350
548.349976 1366 1353 1358 1346 1353 1352 1362 1347 1369
548.362976 1368 1354 1362 1351 1359 1364 1355 1357 1363
548.375977 1353 1350 1348 1355 1355 1364 1354 1364 1350
548.388977 1349 1360 1350 1360 1358 1348 1358 1351 1349
548.401978 1350 1350 1345 1355 1350 1362 1347 1349 1350
548.414978 1360 1359 1342 1358 1351 1349 1349 1362 1359
548.427979 1356 1357 1355 1358 1350 1358 1350 1365 1346
548.440979 1355 1355 1361 1342 1354 1344 1359 1356 1352
548.453979 1347 1351 1355 1362 1351 1351 1353 1357 1343
548.46698 1339 1363 1341 1355 1359 1354 1356 1347 1345
548.47998 1348 1349 1347 1349 1349 1353 1352 1354 1342
548.492981 1344 1352 1340 1357 1352 1355 1353 1351 1344
548.505981 1337 1362 1341 1352 1342 1349 1358 1357 1340
548.518982 1340 1344 1348 1357 1345 1359 1348 1337 1338
548.531982 1338 1344 1348 1355 1357 1351 1346 1347 1352
548.544983 1347 1351 1350 1351 1358 1342 1342 1343 1351
548.557983 1332 1343 1356 1351 1354 1344 1343 1339 1329
548.570984 1341 1345 1336 1357 1346 1357 1346 1334 1352
548.583984 1344 1349 1357 1346 1358 1357 1349 1331 1354
548.596985 1348 1355 1346 1349 1351 1340 1349 1351 1337
548.609985 1346 1354 1355 1336 1355 1354 1348 1342 1333
548.622986 1346 1351 1350 1351 1342 1343 1345 1355 1341
548.635986 1351 1351 1353 1354 1349 1345 1347 1347 1349
548.648987 1340 1349 1353 1349 1348 1350 1355 1335 1334
548.661987 1334 1340 1362 1342 1357 1340 1343 1338 1338
548.674988 1339 1346 1356 1348 1352 1353 1350 1338 1345
548.687988 1332 1338 1353 1357 1345 1351 1341 1337 1332
548.700989 1343 1343 1356 1354 1357 1347 1346 1344 1346
548.713989 1343 1344 1345 1362 1349 1350 1350 1342 1339
548.72699 1344 1347 1360 1353 1359 1359 1356 1337 1340
548.739014 1345 1353 1348 1360 1363 1355 1361 1344 1342
