0 11.25 22.5 33.75 45 56.25 67.5 78.75 90
535.080017 1268 1266 1268 1268 1267 1266 1264 1268 1266
535.093994 1268 1267 1265 1267 1266 1265 1267 1268 1266
535.106995 1267 1264 1266 1268 1266 1265 1269 1266 1269
535.120972 1265 1268 1268 1267 1270 1266 1265 1265 1269
535.13501 1262 1267 1264 1264 1267 1266 1264 1268 1268
535.148987 1265 1264 1268 1264 1268 1268 1267 1264 1270
535.161987 1267 1265 1264 1263 1263 1266 1266 1267 1268
535.176025 1265 1263 1264 1268 1264 1267 1265 1268 1265
535.190002 1268 1264 1264 1266 1264 1264 1263 1265 1270
535.203003 1268 1267 1265 1267 1265 1265 1268 1266 1267
535.21698 1262 1264 1263 1266 1266 1265 1266 1267 1269
535.231018 1265 1264 1264 1265 1266 1266 1264 1267 1265
535.244995 1264 1265 1264 1265 1266 1268 1263 1265 1268
535.257996 1267 1263 1266 1267 1264 1264 1266 1264 1266
535.271973 1263 1263 1266 1265 1264 1266 1264 1269 1266
535.286011 1263 1263 1264 1263 1264 1265 1264 1265 1265
535.299011 1265 1265 1265 1264 1266 1262 1268 1266 1267
535.312988 1265 1265 1265 1260 1264 1264 1264 1266 1268
535.327026 1264 1265 1264 1263 1267 1264 1266 1267 1265
535.341003 1264 1268 1264 1264 1266 1266 1265 1264 1266
535.354004 1264 1263 1265 1264 1263 1266 1265 1265 1266
535.367981 1265 1264 1265 1262 1265 1266 1264 1265 1264
535.382019 1263 1264 1266 1266 1266 1266 1262 1267 1264
535.39502 1265 1263 1266 1267 1264 1266 1266 1267 1264
535.408997 1263 1265 1265 1263 1265 1267 1266 1265 1266
535.422974 1263 1263 1263 1264 1262 1267 1267 1266 1267
535.435974 1266 1263 1265 1266 1266 1267 1265 1264 1266
535.450012 1264 1263 1264 1266 1265 1267 1261 1265 1263
535.463989 1267 1262 1265 1265 1262 1263 1261 1265 1264
535.478027 1264 1264 1265 1265 1263 1265 1263 1264 1262
535.491028 1262 1263 1263 1265 1264 1266 1266 1263 1267
535.505005 1263 1263 1263 1263 1262 1263 1266 1265 1269
535.518982 1264 1264 1263 1265 1269 1264 1265 1266 1269
535.531982 1265 1263 1262 1262 1265 1263 1265 1264 1267
535.546021 1266 1265 1265 1263 1265 1265 1264 1265 1262
535.559998 1263 1262 1262 1265 1262 1265 1263 1264 1263
535.572998 1264 1264 1266 1264 1261 1265 1264 1264 1266
535.586975 1264 1265 1264 1263 1264 1265 1268 1267 1267
535.601013 1262 1265 1265 1264 1266 1265 1263 1265 1267
535.61499 1266 1264 1263 1266 1263 1265 1264 1265 1265
535.627991 1264 1265 1266 1264 1267 1263 1262 1267 1264
535.642029 1265 1264 1266 1265 1264 1266 1263 1266 1263
535.656006 1264 1267 1265 1265 1260 1267 1266 1267 1264
535.669006 1263 1262 1263 1264 1260 1263 1265 1264 1264
535.682983 1262 1262 1263 1267 1265 1263 1266 1265 1266
535.697021 1266 1265 1266 1264 1261 1264 1265 1265 1264
535.710022 1263 1263 1264 1261 1267 1267 1264 1264 1267
535.723999 1266 1262 1266 1263 1265 1262 1265 1263 1269
535.737976 1263 1263 1265 1265 1264 1263 1264 1264 1268
535.750977 1267 1260 1263 1263 1265 1263 1261 1265 1269
535.765015 1264 1264 1263 1267 1263 1264 1264 1267 1263
535.778992 1262 1264 1261 1267 1261 1265 1262 1264 1263
535.791992 1261 1267 1263 1263 1265 1264 1263 1264 1267
535.80603 1262 1262 1263 1265 1263 1265 1265 1263 1269
535.820007 1264 1263 1263 1263 1264 1266 1268 1262 1264
535.833984 1261 1264 1265 1264 1266 1266 1262 1267 1263
535.846985 1262 1264 1263 1262 1266 1265 1263 1266 1264
535.861023 1263 1263 1269 1263 1264 1265 1264 1266 1261
535.875 1263 1264 1264 1264 1264 1264 1267 1268 1265
535.888 1261 1262 1263 1263 1265 1265 1266 1266 1266
535.901978 1263 1263 1263 1263 1268 1265 1266 1264 1265
535.916016 1265 1265 1263 1264 1266 1263 1264 1263 1267
535.929016 1263 1264 1262 1263 1262 1263 1264 1266 1263
535.942993 1268 1264 1264 1264 1264 1264 1263 1263 1265
535.95697 1263 1267 1263 1264 1265 1265 1262 1264 1263
535.969971 1263 1266 1262 1262 1264 1265 1264 1265 1266
535.984009 1264 1263 1261 1264 1263 1263 1263 1266 1265
535.997986 1262 1263 1263 1260 1265 1264 1265 1266 1264
536.010986 1260 1263 1264 1263 1264 1267 1267 1265 1264
536.025024 1265 1261 1260 1266 1265 1263 1264 1265 1260
536.039001 1263 1264 1263 1264 1262 1266 1264 1266 1262
536.052002 1265 1263 1265 1264 1266 1264 1263 1267 1266
536.065979 1261 1265 1264 1263 1262 1264 1263 1263 1262
536.080017 1261 1265 1264 1264 1260 1267 1267 1267 1266
536.093018 1266 1263 1263 1266 1264 1265 1265 1265 1263
536.106995 1260 1265 1266 1266 1264 1263 1267 1268 1264
536.120972 1266 1264 1263 1263 1264 1263 1263 1263 1262
536.133972 1267 1262 1265 1264 1268 1267 1266 1269 1266
536.14801 1263 1264 1263 1266 1262 1262 1265 1267 1265
536.161987 1264 1265 1266 1263 1263 1263 1264 1263 1264
536.174988 1264 1266 1263 1263 1264 1265 1264 1264 1267
536.189026 1263 1266 1266 1264 1264 1265 1266 1264 1268
536.203003 1262 1264 1264 1261 1264 1263 1263 1263 1265
536.216003 1265 1263 1265 1262 1266 1264 1264 1265 1264
536.22998 1265 1264 1263 1262 1264 1266 1266 1264 1262
536.244019 1265 1264 1265 1265 1265 1266 1263 1264 1263
536.257019 1265 1262 1265 1266 1262 1266 1266 1263 1264
536.270996 1267 1267 1264 1265 1265 1266 1268 1264 1266
536.284973 1261 1263 1264 1263 1262 1265 1265 1263 1266
536.297974 1262 1266 1265 1264 1264 1264 1264 1265 1261
536.312012 1264 1263 1263 1265 1266 1264 1264 1266 1262
536.325989 1268 1263 1264 1262 1263 1262 1264 1267 1265
536.338989 1267 1263 1264 1262 1262 1266 1266 1267 1265
536.353027 1266 1265 1263 1264 1262 1263 1262 1263 1265
536.367004 1262 1264 1262 1259 1263 1268 1262 1267 1269
536.380005 1264 1266 1266 1265 1264 1264 1267 1263 1268
536.393982 1264 1265 1265 1263 1262 1266 1265 1263 1265
536.40802 1264 1263 1265 1261 1265 1265 1265 1267 1265
536.421021 1264 1268 1263 1267 1264 1265 1264 1266 1265
536.434998 1263 1266 1263 1263 1261 1267 1264 1268 1263
536.448975 1267 1261 1262 1262 1261 1264 1264 1265 1264
536.461975 1264 1262 1263 1265 1264 1267 1264 1265 1265
536.476013 1264 1264 1266 1264 1263 1268 1265 1264 1269
536.48999 1263 1266 1264 1261 1268 1264 1265 1263 1264
536.502991 1264 1264 1266 1264 1265 1263 1265 1266 1260
536.517029 1264 1262 1265 1266 1262 1266 1263 1264 1262
536.530029 1262 1264 1266 1266 1262 1264 1263 1265 1265
536.544006 1265 1261 1265 1263 1263 1266 1267 1265 1263
536.557983 1263 1263 1267 1265 1265 1263 1264 1269 1264
536.570984 1265 1265 1263 1264 1263 1267 1266 1259 1266
536.585022 1264 1264 1266 1265 1263 1263 1266 1263 1266
536.598999 1263 1264 1269 1263 1265 1261 1262 1265 1265
536.612 1265 1268 1265 1261 1264 1264 1264 1264 1266
536.625977 1267 1261 1266 1264 1268 1264 1264 1265 1262
536.640015 1264 1264 1260 1266 1263 1263 1262 1263 1268
536.653015 1267 1262 1265 1265 1261 1267 1264 1265 1263
536.666992 1262 1262 1266 1263 1263 1266 1265 1267 1264
536.68103 1264 1262 1262 1265 1269 1264 1266 1266 1261
536.69397 1263 1263 1264 1265 1267 1262 1267 1263 1266
536.708008 1265 1266 1266 1263 1267 1265 1262 1262 1263
536.721008 1266 1265 1266 1265 1262 1263 1264 1265 1263
536.734985 1263 1265 1265 1265 1264 1266 1264 1264 1263
536.749023 1264 1264 1263 1265 1264 1265 1265 1266 1263
536.762024 1266 1261 1264 1262 1263 1265 1266 1268 1265
536.776001 1263 1263 1265 1264 1261 1263 1264 1266 1265
536.789978 1264 1260 1265 1264 1263 1263 1266 1265 1265
536.802979 1265 1262 1267 1263 1268 1264 1265 1268 1265
536.817017 1262 1265 1267 1267 1269 1267 1264 1264 1265
536.830994 1267 1265 1264 1262 1266 1264 1263 1263 1267
536.843994 1265 1265 1266 1264 1266 1264 1264 1265 1269
536.857971 1263 1263 1263 1263 1268 1264 1270 1265 1264
536.870972 1264 1263 1262 1267 1265 1267 1263 1266 1265
536.88501 1266 1266 1265 1268 1267 1265 1266 1266 1265
536.898987 1268 1263 1265 1267 1263 1263 1265 1266 1262
536.911987 1266 1265 1265 1265 1265 1269 1265 1267 1265
536.926025 1264 1265 1265 1264 1263 1265 1267 1265 1266
536.940002 1262 1264 1266 1263 1262 1263 1268 1267 1264
536.953003 1260 1264 1263 1268 1265 1261 1267 1269 1265
536.96698 1263 1264 1266 1267 1264 1260 1265 1265 1263
536.97998 1265 1269 1265 1265 1267 1265 1265 1264 1269
536.994019 1267 1263 1263 1265 1267 1267 1261 1263 1265
537.007996 1265 1264 1267 1264 1264 1268 1264 1267 1266
537.020996 1265 1264 1264 1266 1267 1265 1265 1265 1264
537.034973 1266 1264 1265 1264 1264 1266 1265 1269 1267
537.049011 1265 1264 1263 1267 1263 1266 1267 1267 1266
537.062012 1262 1266 1264 1266 1265 1263 1268 1267 1264
537.075989 1265 1268 1266 1266 1265 1265 1266 1263 1267
537.088989 1263 1264 1266 1268 1264 1265 1264 1270 1266
537.103027 1268 1264 1267 1266 1269 1266 1265 1268 1268
537.117004 1263 1267 1264 1264 1266 1266 1262 1267 1264
537.130005 1265 1266 1270 1267 1269 1265 1264 1268 1268
537.143982 1264 1267 1265 1265 1268 1265 1263 1266 1265
537.15802 1265 1266 1267 1266 1266 1266 1267 1268 1263
537.171021 1263 1265 1269 1268 1269 1267 1266 1268 1266
537.184998 1265 1264 1272 1266 1267 1268 1269 1268 1263
537.197998 1266 1266 1266 1265 1264 1270 1265 1267 1266
537.211975 1265 1268 1269 1266 1268 1269 1266 1271 1268
537.226013 1270 1267 1264 1266 1268 1271 1272 1271 1267
537.239014 1270 1272 1275 1275 1274 1270 1273 1273 1273
537.252991 1266 1270 1269 1269 1268 1267 1266 1267 1268
537.265991 1267 1270 1269 1268 1270 1267 1268 1270 1268
537.280029 1267 1270 1268 1264 1274 1265 1268 1270 1273
537.294006 1272 1268 1269 1268 1270 1275 1266 1269 1271
537.307007 1269 1265 1270 1273 1276 1268 1265 1270 1274
537.320984 1268 1270 1276 1272 1272 1275 1272 1272 1272
537.333984 1274 1271 1274 1274 1273 1279 1276 1275 1276
537.348022 1274 1273 1276 1276 1277 1277 1272 1273 1271
537.362 1274 1278 1278 1276 1278 1271 1274 1276 1277
537.375 1272 1273 1276 1276 1277 1277 1273 1276 1270
537.388977 1271 1273 1276 1274 1270 1271 1273 1274 1268
537.403015 1267 1273 1277 1273 1271 1273 1270 1275 1267
537.416016 1265 1270 1272 1271 1273 1269 1273 1269 1270
537.429993 1269 1271 1273 1271 1269 1269 1272 1271 1265
537.442993 1271 1268 1269 1269 1270 1269 1271 1273 1271
537.45697 1266 1272 1266 1271 1273 1272 1267 1271 1272
537.471008 1267 1269 1267 1270 1270 1267 1268 1270 1274
537.484009 1272 1269 1268 1274 1267 1272 1267 1267 1266
537.497986 1271 1269 1267 1268 1271 1272 1267 1268 1270
537.510986 1268 1267 1269 1269 1271 1272 1268 1267 1267
537.525024 1270 1263 1274 1269 1273 1270 1270 1270 1269
537.539001 1265 1267 1269 1268 1270 1269 1268 1270 1270
537.552002 1269 1271 1269 1275 1267 1273 1264 1270 1273
537.565979 1271 1272 1271 1270 1276 1270 1270 1271 1269
537.578979 1270 1268 1272 1273 1270 1275 1271 1272 1265
537.593018 1269 1269 1271 1271 1269 1273 1271 1268 1268
537.606995 1270 1272 1271 1276 1271 1271 1273 1268 1269
537.619995 1267 1266 1269 1274 1272 1272 1270 1267 1269
537.633972 1265 1275 1271 1270 1275 1267 1273 1268 1268
537.646973 1270 1273 1268 1273 1269 1271 1271 1270 1273
537.661011 1268 1271 1273 1274 1274 1272 1276 1269 1275
537.674011 1274 1270 1273 1272 1274 1273 1268 1267 1274
537.687988 1271 1273 1273 1272 1269 1271 1270 1272 1274
537.702026 1268 1271 1273 1273 1274 1273 1272 1273 1273
537.715027 1267 1268 1270 1275 1269 1276 1273 1269 1272
537.729004 1270 1271 1278 1276 1275 1271 1269 1273 1272
537.742004 1270 1273 1272 1279 1276 1273 1274 1273 1272
537.755981 1272 1269 1279 1275 1271 1279 1276 1271 1272
537.77002 1275 1275 1272 1280 1275 1280 1275 1269 1268
537.78302 1273 1271 1272 1277 1284 1277 1278 1272 1274
537.796997 1269 1271 1281 1273 1276 1275 1276 1271 1272
537.809998 1276 1280 1282 1280 1274 1278 1275 1274 1275
537.823975 1271 1275 1277 1285 1271 1278 1277 1274 1274
537.836975 1275 1272 1278 1274 1284 1277 1276 1273 1278
537.851013 1273 1275 1279 1280 1282 1282 1279 1275 1277
537.86499 1274 1275 1276 1283 1277 1278 1276 1275 1273
537.877991 1274 1275 1282 1280 1284 1278 1284 1275 1278
537.892029 1275 1277 1281 1281 1290 1282 1277 1279 1279
537.905029 1273 1284 1280 1282 1285 1281 1277 1276 1277
537.919006 1276 1284 1277 1282 1280 1281 1279 1280 1279
537.932007 1277 1280 1285 1284 1281 1285 1279 1283 1276
537.945984 1280 1284 1280 1285 1290 1283 1286 1280 1279
537.960022 1277 1280 1287 1289 1283 1281 1279 1279 1279
537.973022 1278 1278 1283 1285 1293 1283 1279 1280 1279
537.987 1280 1280 1290 1286 1287 1288 1284 1280 1280
538 1274 1283 1286 1286 1283 1286 1277 1281 1282
538.013977 1277 1285 1286 1288 1286 1290 1285 1285 1283
538.028015 1277 1290 1284 1287 1288 1281 1286 1278 1284
538.041016 1279 1285 1291 1293 1292 1288 1281 1282 1287
538.054993 1282 1287 1292 1287 1291 1286 1289 1280 1285
538.067993 1279 1286 1292 1295 1298 1292 1284 1279 1282
538.08197 1285 1282 1291 1293 1301 1287 1288 1285 1282
538.094971 1283 1288 1285 1297 1290 1291 1288 1288 1281
538.109009 1284 1284 1289 1293 1293 1293 1289 1290 1284
538.122009 1288 1288 1292 1296 1294 1297 1286 1283 1290
538.135986 1283 1301 1289 1304 1302 1290 1292 1287 1285
538.150024 1286 1292 1300 1298 1291 1297 1287 1289 1283
538.163025 1286 1283 1300 1299 1298 1296 1290 1288 1288
538.177002 1294 1289 1294 1303 1294 1299 1289 1291 1290
538.190002 1289 1290 1299 1296 1305 1292 1293 1285 1285
538.203979 1289 1290 1298 1309 1312 1298 1287 1293 1284
538.21698 1287 1293 1306 1301 1310 1302 1296 1289 1293
538.231018 1289 1299 1303 1306 1309 1304 1300 1294 1295
538.244995 1285 1292 1304 1308 1300 1307 1298 1292 1291
538.257996 1290 1293 1304 1308 1311 1314 1298 1286 1290
538.271973 1298 1298 1308 1307 1304 1307 1294 1296 1287
538.284973 1297 1301 1307 1313 1310 1311 1305 1305 1295
538.299011 1295 1302 1313 1316 1306 1310 1306 1299 1303
538.312012 1298 1304 1320 1312 1316 1316 1303 1297 1301
538.325989 1305 1312 1310 1324 1323 1325 1313 1300 1302
538.338989 1300 1313 1316 1313 1325 1324 1310 1304 1304
538.353027 1313 1316 1328 1324 1316 1319 1307 1308 1308
538.367004 1311 1309 1326 1319 1306 1327 1311 1314 1315
538.380005 1318 1315 1318 1332 1321 1319 1314 1311 1312
538.393982 1316 1320 1320 1331 1322 1327 1311 1318 1308
538.406982 1309 1323 1326 1328 1328 1326 1327 1311 1315
538.421021 1311 1313 1323 1319 1331 1327 1321 1314 1313
538.434021 1313 1321 1324 1329 1331 1327 1327 1312 1310
538.447998 1311 1328 1326 1337 1334 1330 1317 1319 1315
538.460999 1315 1321 1331 1333 1324 1338 1320 1317 1317
538.474976 1319 1328 1333 1329 1332 1331 1321 1317 1308
538.489014 1313 1325 1324 1327 1334 1327 1323 1316 1314
538.502014 1311 1321 1331 1336 1327 1337 1317 1317 1316
538.515991 1324 1318 1323 1328 1333 1325 1325 1313 1311
538.528992 1311 1314 1320 1334 1328 1330 1321 1316 1312
538.54303 1305 1313 1327 1335 1328 1319 1315 1310 1312
538.55603 1310 1311 1319 1321 1336 1328 1311 1302 1309
538.570007 1310 1317 1335 1340 1329 1321 1315 1305 1322
538.583008 1311 1318 1331 1327 1328 1325 1330 1314 1315
538.596985 1313 1322 1317 1326 1330 1326 1318 1304 1308
538.609985 1312 1318 1325 1335 1336 1329 1305 1305 1305
538.624023 1306 1317 1331 1338 1336 1325 1313 1308 1307
538.638 1309 1318 1327 1336 1332 1329 1321 1309 1316
538.651001 1312 1321 1331 1340 1332 1328 1317 1312 1307
538.664978 1307 1329 1327 1346 1331 1331 1320 1314 1314
538.677979 1313 1319 1333 1341 1334 1323 1319 1309 1314
538.692017 1316 1323 1335 1339 1339 1326 1319 1313 1317
538.705017 1310 1318 1327 1335 1346 1334 1313 1318 1316
538.718994 1310 1318 1329 1338 1333 1326 1326 1314 1317
538.731995 1314 1318 1338 1332 1337 1327 1321 1317 1314
538.745972 1319 1328 1338 1343 1343 1329 1318 1314 1317
538.758972 1313 1320 1329 1353 1334 1327 1318 1312 1314
538.77301 1307 1332 1332 1346 1346 1326 1324 1325 1315
538.786011 1321 1323 1325 1340 1339 1340 1324 1318 1318
538.799988 1314 1336 1332 1337 1346 1337 1331 1320 1330
538.812988 1315 1327 1334 1341 1343 1339 1337 1315 1313
538.827026 1316 1323 1337 1358 1340 1339 1335 1321 1312
538.841003 1310 1328 1336 1336 1341 1336 1323 1317 1315
538.854004 1323 1330 1338 1341 1332 1330 1320 1320 1311
538.867981 1316 1316 1340 1353 1352 1333 1321 1319 1325
538.880981 1321 1332 1337 1357 1347 1338 1323 1324 1322
538.89502 1319 1337 1335 1342 1344 1342 1324 1325 1317
538.90802 1323 1326 1344 1344 1345 1332 1321 1320 1330
538.921997 1317 1316 1337 1352 1349 1337 1329 1316 1320
538.934998 1321 1331 1334 1349 1352 1335 1327 1323 1316
538.948975 1324 1325 1346 1346 1348 1344 1325 1318 1322
538.961975 1314 1335 1346 1345 1332 1342 1320 1320 1331
538.976013 1323 1328 1331 1356 1349 1334 1330 1318 1317
538.989014 1329 1329 1352 1358 1350 1344 1324 1322 1322
539.002991 1320 1330 1334 1361 1354 1342 1332 1331 1323
539.015991 1321 1337 1350 1356 1355 1344 1330 1332 1320
539.030029 1316 1342 1347 1355 1352 1341 1332 1322 1321
539.04303 1323 1324 1352 1345 1351 1349 1327 1333 1321
539.057007 1327 1332 1341 1349 1348 1334 1329 1328 1328
539.070007 1328 1334 1354 1357 1350 1335 1331 1320 1323
539.083984 1331 1336 1350 1355 1355 1342 1336 1326 1328
539.096985 1324 1331 1340 1346 1356 1353 1341 1324 1317
539.111023 1322 1332 1331 1353 1359 1332 1340 1326 1327
539.125 1321 1321 1337 1351 1355 1334 1327 1330 1316
539.138 1315 1325 1343 1346 1351 1342 1340 1322 1337
539.151978 1320 1328 1339 1353 1346 1344 1326 1316 1323
539.164978 1317 1324 1340 1349 1343 1335 1328 1322 1318
539.179016 1326 1327 1343 1363 1343 1344 1327 1319 1337
539.192017 1317 1330 1337 1346 1348 1337 1327 1322 1315
539.205994 1319 1325 1344 1343 1349 1332 1319 1318 1318
539.218994 1317 1320 1341 1354 1354 1325 1327 1310 1314
539.232971 1318 1327 1339 1338 1343 1339 1324 1314 1321
539.245972 1316 1320 1337 1336 1335 1328 1337 1318 1321
539.26001 1312 1324 1340 1347 1341 1326 1322 1320 1315
539.27301 1323 1326 1327 1356 1350 1335 1328 1318 1318
539.286987 1318 1323 1343 1347 1347 1326 1331 1313 1320
539.299988 1317 1327 1342 1352 1349 1336 1332 1317 1320
539.314026 1313 1321 1336 1346 1343 1338 1329 1322 1319
539.327026 1317 1320 1341 1346 1337 1334 1318 1314 1321
539.341003 1322 1322 1340 1347 1348 1327 1326 1319 1315
539.354004 1318 1324 1340 1343 1344 1335 1328 1317 1323
539.367981 1320 1324 1341 1352 1344 1337 1321 1318 1325
539.380981 1324 1320 1330 1356 1347 1339 1323 1310 1319
539.39502 1318 1322 1338 1348 1332 1336 1325 1302 1319
539.40802 1316 1326 1337 1352 1342 1334 1332 1319 1310
539.421997 1319 1324 1338 1346 1345 1338 1328 1319 1320
539.434998 1325 1326 1335 1351 1346 1338 1323 1316 1326
539.448975 1322 1330 1329 1353 1348 1340 1324 1323 1311
539.461975 1318 1327 1332 1353 1350 1334 1326 1321 1324
539.476013 1317 1320 1351 1356 1355 1346 1316 1324 1318
539.489014 1323 1329 1341 1349 1344 1348 1324 1318 1312
539.502991 1320 1331 1345 1348 1349 1335 1335 1319 1317
539.515991 1324 1331 1346 1351 1345 1337 1321 1313 1319
539.530029 1323 1321 1343 1355 1364 1346 1327 1312 1319
539.54303 1319 1334 1354 1361 1363 1352 1336 1319 1320
539.557007 1312 1334 1355 1370 1369 1355 1327 1322 1312
539.570007 1313 1335 1362 1370 1376 1367 1325 1312 1320
539.583984 1320 1345 1366 1397 1390 1357 1340 1316 1317
539.596985 1323 1341 1383 1411 1414 1377 1341 1317 1310
539.611023 1314 1363 1403 1424 1418 1383 1348 1323 1318
539.624023 1322 1359 1398 1436 1439 1410 1356 1314 1328
539.638 1319 1360 1424 1447 1451 1406 1370 1324 1333
539.651001 1320 1361 1413 1462 1445 1405 1347 1321 1329
539.664001 1327 1357 1422 1455 1444 1394 1351 1308 1324
539.677979 1322 1358 1393 1439 1429 1408 1353 1319 1319
539.690979 1323 1346 1390 1422 1421 1393 1348 1325 1318
539.705017 1322 1352 1382 1401 1398 1389 1342 1320 1326
539.718018 1319 1341 1374 1381 1390 1359 1343 1326 1322
539.731995 1317 1352 1376 1374 1372 1367 1348 1317 1321
539.744995 1312 1333 1355 1377 1370 1356 1334 1317 1316
539.758972 1319 1335 1350 1372 1368 1347 1327 1319 1321
539.771973 1324 1333 1352 1366 1354 1352 1334 1315 1325
539.786011 1317 1332 1351 1368 1367 1351 1326 1317 1318
539.799011 1311 1332 1343 1355 1361 1347 1332 1317 1317
539.812988 1318 1324 1350 1347 1358 1340 1327 1320 1318
539.825989 1325 1328 1339 1362 1359 1351 1337 1323 1319
539.840027 1322 1336 1342 1371 1351 1342 1331 1313 1316
539.853027 1318 1336 1356 1357 1361 1343 1332 1318 1321
539.867004 1325 1338 1346 1353 1352 1350 1331 1321 1327
539.880005 1317 1333 1345 1360 1356 1341 1329 1310 1321
539.893982 1316 1339 1350 1362 1347 1330 1327 1314 1313
539.906982 1323 1330 1342 1347 1358 1345 1335 1319 1323
539.921021 1320 1340 1342 1355 1363 1339 1337 1318 1320
539.934021 1312 1332 1345 1358 1354 1345 1328 1322 1325
539.947998 1321 1326 1347 1354 1360 1340 1335 1313 1329
539.960999 1317 1325 1341 1347 1355 1343 1334 1322 1318
539.973999 1320 1334 1342 1369 1356 1334 1326 1320 1315
539.987976 1326 1337 1341 1349 1343 1348 1332 1326 1322
540.000977 1322 1324 1344 1351 1355 1342 1327 1320 1319
540.015015 1325 1334 1351 1355 1357 1347 1331 1313 1320
540.028015 1314 1332 1339 1351 1352 1340 1330 1318 1323
540.041992 1320 1321 1361 1347 1339 1346 1330 1314 1324
540.054993 1320 1334 1349 1364 1349 1349 1325 1324 1321
540.06897 1321 1328 1340 1346 1354 1341 1329 1310 1321
540.08197 1323 1324 1350 1355 1352 1338 1328 1323 1316
540.096008 1320 1327 1342 1352 1359 1352 1324 1315 1326
540.109009 1327 1329 1343 1358 1348 1353 1328 1317 1323
540.122986 1317 1330 1350 1356 1350 1346 1327 1316 1320
540.135986 1324 1321 1348 1350 1354 1341 1330 1321 1325
540.150024 1317 1328 1344 1355 1350 1339 1331 1320 1316
540.163025 1324 1324 1343 1361 1355 1332 1333 1317 1325
540.176025 1323 1326 1350 1351 1363 1352 1325 1318 1331
540.190002 1325 1340 1343 1348 1354 1348 1335 1322 1318
540.203003 1320 1330 1339 1362 1347 1337 1323 1326 1321
540.21698 1316 1327 1341 1349 1362 1336 1332 1323 1327
540.22998 1315 1332 1340 1362 1355 1341 1322 1317 1319
540.244019 1323 1321 1334 1359 1350 1337 1334 1311 1323
540.257019 1318 1333 1347 1349 1353 1344 1331 1319 1319
540.270996 1319 1332 1348 1348 1351 1346 1324 1322 1319
540.283997 1318 1333 1350 1358 1356 1343 1338 1325 1319
540.297974 1322 1336 1349 1352 1366 1343 1336 1326 1330
540.310974 1323 1341 1344 1358 1357 1346 1323 1318 1319
540.323975 1323 1333 1351 1355 1366 1346 1339 1327 1323
540.338013 1315 1333 1357 1358 1358 1342 1328 1329 1334
540.351013 1328 1335 1350 1360 1361 1335 1334 1333 1326
540.36499 1330 1345 1361 1354 1356 1352 1332 1325 1334
540.377991 1330 1338 1353 1365 1365 1343 1342 1327 1335
540.392029 1330 1355 1349 1377 1357 1353 1336 1324 1336
540.405029 1340 1345 1353 1369 1371 1350 1342 1330 1334
540.419006 1333 1345 1362 1368 1369 1350 1346 1328 1331
540.432007 1339 1355 1356 1369 1365 1356 1351 1330 1337
540.445007 1335 1353 1364 1356 1371 1366 1345 1335 1335
540.458984 1342 1339 1352 1361 1367 1349 1348 1341 1342
540.471985 1330 1338 1349 1364 1363 1353 1339 1341 1335
540.486023 1329 1328 1356 1366 1366 1355 1344 1331 1332
540.499023 1337 1341 1361 1345 1352 1351 1334 1328 1329
540.513 1329 1340 1358 1354 1356 1356 1337 1337 1339
540.526001 1330 1335 1339 1362 1359 1343 1341 1328 1324
540.539978 1331 1333 1353 1359 1347 1350 1328 1342 1322
540.552979 1320 1337 1346 1344 1354 1354 1338 1323 1320
540.565979 1334 1329 1344 1357 1343 1351 1333 1326 1332
540.580017 1331 1331 1341 1357 1368 1341 1329 1323 1336
540.593018 1325 1337 1348 1356 1349 1349 1330 1333 1325
540.606995 1326 1330 1347 1359 1361 1347 1335 1328 1314
540.619995 1322 1331 1340 1351 1356 1347 1337 1326 1322
540.633972 1325 1333 1343 1357 1352 1349 1335 1328 1323
540.646973 1333 1345 1344 1349 1356 1339 1334 1331 1324
540.659973 1321 1328 1345 1354 1361 1353 1336 1324 1319
540.674011 1325 1327 1342 1354 1357 1338 1320 1333 1319
540.687012 1320 1339 1348 1356 1350 1348 1331 1319 1325
540.700989 1322 1329 1344 1350 1350 1341 1332 1334 1323
540.713989 1323 1325 1343 1357 1362 1348 1327 1320 1321
540.728027 1324 1331 1353 1353 1340 1343 1320 1315 1319
540.741028 1318 1332 1341 1343 1352 1348 1336 1329 1317
540.754028 1317 1326 1345 1347 1351 1344 1330 1328 1313
540.768005 1325 1336 1344 1345 1342 1352 1321 1324 1314
540.781006 1321 1333 1342 1363 1352 1346 1333 1314 1322
540.794983 1320 1339 1339 1362 1355 1332 1328 1324 1327
540.807983 1321 1332 1342 1355 1346 1353 1335 1330 1316
540.822021 1323 1327 1347 1354 1348 1345 1324 1323 1315
540.835022 1321 1337 1355 1353 1353 1345 1337 1327 1315
540.848022 1323 1331 1348 1359 1351 1345 1337 1317 1322
540.862 1318 1329 1346 1352 1340 1347 1329 1322 1325
540.875 1323 1335 1347 1356 1351 1342 1337 1321 1329
540.888977 1324 1329 1343 1366 1354 1339 1327 1320 1322
540.901978 1320 1333 1346 1355 1361 1349 1333 1320 1323
540.916016 1330 1334 1343 1349 1352 1348 1332 1326 1318
540.929016 1332 1333 1349 1346 1356 1346 1331 1320 1317
540.942017 1328 1330 1344 1356 1354 1346 1326 1322 1322
540.955994 1317 1330 1348 1349 1365 1345 1335 1325 1318
540.968994 1314 1334 1342 1357 1358 1335 1338 1318 1332
540.982971 1320 1326 1346 1357 1354 1340 1335 1318 1314
540.995972 1330 1332 1336 1364 1356 1342 1330 1319 1318
541.008972 1320 1335 1344 1353 1363 1337 1326 1319 1324
541.02301 1315 1327 1352 1362 1348 1350 1324 1322 1320
541.036011 1325 1337 1339 1350 1365 1350 1332 1327 1310
541.049988 1324 1334 1351 1348 1351 1343 1333 1315 1307
541.062988 1318 1329 1345 1351 1353 1344 1338 1320 1325
541.075989 1324 1328 1344 1353 1348 1338 1327 1315 1331
541.090027 1312 1335 1345 1352 1351 1345 1325 1323 1327
541.103027 1326 1326 1337 1348 1361 1342 1334 1328 1322
541.117004 1317 1337 1343 1354 1351 1342 1332 1315 1323
541.130005 1328 1332 1358 1357 1354 1349 1329 1314 1320
541.143982 1327 1341 1344 1344 1353 1346 1330 1314 1319
541.156982 1317 1329 1349 1351 1340 1349 1328 1313 1316
541.169983 1331 1334 1344 1369 1356 1334 1334 1327 1318
541.184021 1324 1338 1354 1359 1353 1341 1331 1323 1311
541.197021 1323 1339 1344 1361 1349 1346 1329 1316 1330
541.210999 1327 1337 1346 1348 1354 1340 1331 1320 1327
541.223999 1320 1325 1344 1350 1341 1350 1332 1319 1332
541.237 1333 1325 1347 1362 1359 1351 1330 1323 1326
541.250977 1322 1331 1345 1358 1349 1345 1334 1323 1321
541.263977 1324 1329 1350 1361 1358 1351 1334 1327 1333
541.278015 1322 1338 1345 1357 1353 1346 1334 1324 1320
541.291016 1330 1332 1349 1362 1347 1339 1329 1326 1331
541.304016 1327 1326 1344 1346 1352 1339 1323 1316 1325
541.317993 1333 1327 1351 1364 1350 1345 1339 1321 1317
541.330994 1323 1333 1337 1354 1351 1341 1327 1325 1329
541.344971 1323 1331 1342 1352 1357 1334 1326 1321 1326
541.357971 1321 1331 1345 1362 1365 1347 1332 1327 1320
541.370972 1323 1332 1337 1350 1357 1334 1330 1321 1322
541.38501 1324 1335 1349 1354 1359 1338 1334 1319 1316
541.39801 1326 1331 1345 1353 1356 1336 1330 1323 1318
541.411011 1320 1330 1348 1348 1357 1353 1331 1318 1323
541.424988 1329 1338 1333 1358 1350 1346 1325 1322 1332
541.437988 1324 1325 1336 1345 1356 1347 1329 1320 1320
541.452026 1321 1340 1348 1350 1352 1343 1336 1324 1324
541.465027 1329 1327 1342 1356 1362 1339 1328 1323 1324
541.478027 1331 1332 1342 1352 1354 1345 1316 1318 1323
541.492004 1329 1344 1348 1356 1343 1345 1333 1324 1324
541.505005 1329 1330 1336 1366 1359 1336 1331 1320 1327
541.518982 1326 1334 1353 1356 1348 1350 1328 1321 1325
541.531982 1320 1336 1349 1351 1351 1336 1329 1320 1320
541.544983 1327 1333 1350 1354 1352 1345 1326 1322 1315
541.559021 1325 1341 1350 1351 1351 1348 1342 1322 1308
541.572021 1322 1334 1345 1352 1362 1355 1334 1319 1310
541.585999 1329 1325 1344 1339 1366 1349 1337 1318 1322
541.598999 1319 1331 1353 1357 1356 1339 1323 1323 1317
541.612 1320 1332 1348 1362 1356 1345 1329 1326 1332
541.625977 1326 1332 1342 1360 1362 1351 1333 1324 1327
541.638977 1321 1331 1359 1352 1351 1341 1320 1333 1315
541.651978 1327 1340 1351 1354 1363 1348 1344 1321 1319
541.666016 1328 1344 1343 1356 1350 1351 1325 1318 1322
541.679016 1330 1324 1364 1348 1357 1346 1329 1323 1316
541.692993 1325 1338 1339 1354 1354 1345 1327 1332 1321
541.705994 1327 1323 1346 1358 1350 1346 1328 1313 1325
541.718994 1325 1332 1344 1355 1355 1355 1330 1327 1317
541.732971 1319 1344 1343 1353 1353 1348 1336 1328 1331
541.745972 1322 1342 1348 1355 1359 1339 1327 1317 1332
541.758972 1321 1326 1340 1357 1350 1330 1328 1317 1313
541.77301 1328 1334 1339 1350 1354 1341 1331 1326 1327
541.786011 1314 1334 1347 1349 1359 1338 1323 1318 1316
541.799988 1328 1341 1343 1344 1358 1340 1328 1317 1320
541.812988 1329 1333 1335 1355 1352 1337 1330 1326 1327
541.825989 1323 1335 1345 1356 1346 1340 1332 1324 1324
541.840027 1320 1337 1351 1358 1350 1343 1337 1319 1324
541.853027 1327 1333 1343 1345 1359 1344 1338 1317 1323
541.866028 1336 1334 1346 1353 1350 1349 1338 1320 1322
541.880005 1324 1322 1350 1354 1359 1345 1323 1328 1324
541.893005 1323 1338 1351 1355 1354 1339 1328 1322 1327
541.906006 1319 1335 1339 1369 1362 1346 1333 1319 1322
541.919983 1321 1338 1352 1350 1351 1341 1327 1330 1327
541.932983 1325 1338 1347 1354 1349 1344 1333 1315 1318
541.947021 1320 1339 1344 1352 1357 1347 1329 1326 1320
541.960022 1328 1330 1331 1347 1355 1335 1335 1316 1321
541.973022 1324 1333 1350 1351 1354 1344 1331 1324 1313
541.987 1318 1331 1346 1362 1350 1343 1324 1323 1325
542 1319 1334 1344 1350 1355 1343 1320 1327 1326
542.013 1327 1342 1336 1352 1362 1348 1337 1312 1324
542.026978 1330 1342 1349 1368 1345 1353 1337 1321 1333
542.039978 1318 1337 1347 1347 1359 1342 1329 1326 1322
542.052979 1322 1331 1347 1360 1355 1350 1331 1325 1315
542.067017 1313 1337 1347 1358 1362 1342 1331 1318 1327
542.080017 1327 1328 1350 1356 1347 1346 1331 1323 1326
542.093994 1319 1343 1343 1363 1367 1348 1331 1322 1326
542.106995 1320 1332 1346 1363 1359 1346 1329 1331 1327
542.119995 1336 1329 1332 1372 1350 1345 1325 1324 1332
542.133972 1313 1331 1350 1362 1359 1349 1333 1323 1326
542.146973 1320 1326 1346 1346 1355 1362 1332 1320 1322
542.159973 1319 1336 1358 1353 1369 1343 1337 1326 1319
542.174011 1314 1336 1351 1358 1352 1345 1329 1330 1325
542.187012 1319 1333 1352 1356 1360 1341 1328 1321 1324
542.200012 1320 1344 1343 1356 1363 1355 1326 1319 1331
542.213989 1320 1331 1342 1360 1353 1359 1330 1323 1324
542.22699 1326 1333 1344 1356 1353 1343 1335 1327 1324
542.23999 1338 1330 1346 1349 1363 1353 1337 1329 1326
542.254028 1329 1343 1355 1364 1362 1349 1329 1323 1321
542.267029 1324 1327 1344 1356 1359 1351 1332 1327 1319
542.280029 1317 1333 1345 1360 1350 1344 1335 1319 1322
542.294006 1327 1330 1345 1365 1351 1346 1338 1321 1329
542.307007 1317 1344 1350 1351 1351 1357 1334 1324 1325
542.320007 1316 1336 1350 1358 1361 1350 1339 1330 1327
542.333984 1326 1338 1343 1356 1354 1347 1332 1329 1325
542.346985 1328 1332 1358 1357 1352 1357 1333 1332 1328
542.359985 1328 1331 1350 1358 1356 1349 1330 1320 1321
542.374023 1317 1336 1351 1365 1358 1352 1324 1319 1329
542.387024 1323 1337 1355 1363 1357 1352 1331 1327 1318
542.400024 1317 1330 1341 1359 1362 1340 1334 1329 1324
542.414001 1324 1338 1355 1367 1362 1344 1334 1321 1326
542.427002 1331 1340 1360 1356 1354 1340 1335 1319 1319
542.440002 1336 1338 1344 1353 1350 1345 1336 1321 1318
542.453979 1337 1336 1363 1361 1357 1352 1329 1327 1326
542.46698 1327 1337 1355 1361 1364 1339 1339 1316 1316
542.47998 1323 1336 1346 1368 1371 1348 1329 1325 1334
542.494019 1322 1337 1352 1358 1357 1340 1327 1320 1329
542.507019 1320 1355 1355 1370 1362 1358 1345 1325 1326
542.52002 1335 1338 1352 1365 1364 1348 1340 1318 1323
542.533997 1338 1335 1348 1371 1350 1355 1331 1315 1323
542.546997 1336 1339 1358 1360 1368 1348 1332 1331 1321
542.559998 1319 1343 1354 1369 1355 1349 1334 1325 1328
542.573975 1329 1335 1353 1365 1374 1347 1333 1324 1321
542.586975 1334 1343 1362 1358 1367 1357 1333 1320 1327
542.599976 1325 1333 1362 1374 1361 1354 1339 1326 1325
542.614014 1331 1342 1356 1367 1361 1360 1338 1331 1330
542.627014 1326 1335 1359 1372 1367 1360 1338 1327 1322
542.640015 1325 1335 1365 1372 1356 1354 1330 1322 1327
542.653992 1319 1340 1361 1367 1365 1356 1330 1331 1319
542.666992 1328 1348 1361 1368 1370 1348 1333 1326 1332
542.679993 1319 1337 1357 1363 1363 1350 1340 1327 1326
542.69397 1335 1336 1372 1367 1365 1354 1339 1322 1325
542.70697 1332 1342 1357 1362 1361 1355 1329 1313 1320
542.719971 1325 1327 1340 1365 1360 1346 1329 1322 1321
542.734009 1324 1336 1353 1365 1362 1344 1328 1322 1321
542.747009 1329 1327 1348 1364 1363 1350 1337 1314 1329
542.76001 1328 1343 1351 1366 1363 1352 1332 1317 1336
542.773987 1320 1344 1353 1357 1372 1347 1342 1322 1326
542.786987 1322 1328 1356 1357 1362 1346 1332 1320 1316
542.799988 1323 1340 1366 1362 1371 1350 1334 1320 1323
542.812988 1321 1332 1348 1356 1368 1341 1327 1322 1319
542.827026 1321 1337 1355 1370 1356 1348 1332 1320 1319
542.840027 1327 1337 1344 1369 1361 1353 1333 1318 1324
542.853027 1317 1334 1358 1363 1373 1342 1329 1326 1323
542.867004 1328 1329 1350 1365 1363 1347 1339 1324 1318
542.880005 1328 1335 1360 1354 1365 1346 1342 1324 1326
542.893005 1326 1337 1351 1364 1364 1355 1336 1320 1325
542.906982 1320 1332 1347 1365 1372 1359 1322 1320 1321
542.919983 1317 1341 1357 1365 1355 1349 1329 1335 1324
542.932983 1324 1348 1354 1371 1363 1365 1342 1326 1320
542.947021 1336 1334 1356 1366 1377 1345 1341 1321 1325
542.960022 1314 1334 1343 1373 1370 1363 1335 1325 1323
542.973022 1326 1340 1352 1367 1368 1355 1334 1326 1325
542.987 1333 1344 1359 1363 1371 1355 1335 1332 1322
543 1331 1333 1353 1382 1359 1360 1348 1331 1330
543.013 1324 1335 1360 1376 1369 1364 1341 1323 1317
543.026001 1319 1340 1350 1378 1373 1350 1336 1324 1326
543.039978 1326 1347 1360 1374 1373 1353 1341 1328 1316
543.052979 1326 1338 1367 1385 1372 1356 1340 1325 1327
543.065979 1324 1352 1357 1385 1373 1363 1340 1328 1323
543.080017 1326 1344 1364 1387 1393 1357 1330 1333 1329
543.093018 1326 1335 1366 1386 1380 1352 1335 1323 1329
543.106018 1328 1349 1376 1391 1379 1371 1336 1328 1329
543.119995 1329 1342 1373 1385 1385 1362 1338 1317 1326
543.132996 1332 1352 1365 1395 1386 1367 1335 1322 1327
543.145996 1332 1351 1373 1393 1394 1375 1355 1324 1329
543.158997 1332 1348 1371 1407 1390 1370 1347 1329 1329
543.172974 1334 1347 1383 1405 1402 1372 1344 1324 1329
543.185974 1334 1360 1369 1418 1397 1375 1341 1323 1327
543.198975 1335 1351 1386 1421 1410 1372 1350 1332 1326
543.213013 1333 1358 1389 1407 1401 1388 1344 1329 1321
543.226013 1324 1370 1381 1412 1409 1375 1353 1326 1328
543.239014 1332 1361 1377 1407 1419 1378 1344 1338 1334
543.252014 1330 1351 1385 1414 1402 1387 1351 1323 1330
543.265991 1337 1358 1384 1429 1411 1381 1346 1333 1328
543.278992 1328 1360 1396 1405 1402 1380 1345 1330 1331
543.291992 1326 1357 1391 1409 1405 1381 1350 1324 1331
543.30603 1331 1354 1385 1397 1405 1380 1358 1332 1335
543.31897 1330 1359 1381 1414 1392 1383 1352 1329 1328
543.33197 1329 1348 1380 1424 1396 1384 1361 1331 1329
543.344971 1323 1364 1388 1406 1405 1376 1352 1323 1336
543.359009 1328 1358 1385 1412 1415 1391 1349 1323 1335
543.372009 1327 1366 1394 1413 1417 1382 1342 1329 1333
543.38501 1318 1362 1385 1430 1411 1387 1356 1330 1329
543.398987 1331 1347 1403 1410 1426 1391 1358 1318 1327
543.411987 1339 1364 1401 1418 1433 1389 1354 1316 1335
543.424988 1333 1364 1410 1436 1434 1410 1367 1333 1332
543.437988 1330 1373 1419 1445 1451 1411 1357 1328 1332
543.452026 1324 1387 1426 1482 1476 1416 1372 1333 1329
543.465027 1332 1381 1450 1486 1488 1442 1376 1334 1333
543.478027 1340 1381 1453 1499 1489 1449 1375 1329 1325
543.491028 1330 1399 1458 1516 1505 1445 1372 1336 1329
543.505005 1340 1397 1472 1567 1552 1470 1382 1333 1337
543.518005 1332 1396 1490 1552 1537 1474 1387 1332 1341
543.531006 1331 1403 1499 1551 1532 1455 1382 1325 1340
543.544983 1327 1393 1485 1528 1528 1473 1385 1324 1341
543.557983 1334 1398 1480 1512 1522 1435 1371 1326 1333
543.570984 1331 1385 1455 1502 1480 1433 1373 1324 1341
543.583984 1335 1376 1438 1492 1469 1437 1354 1325 1338
543.598022 1330 1375 1424 1461 1462 1430 1362 1324 1331
543.611023 1328 1368 1408 1430 1448 1407 1366 1322 1329
543.624023 1328 1347 1399 1423 1431 1384 1344 1330 1334
543.637024 1324 1341 1396 1417 1413 1383 1354 1324 1330
543.651001 1322 1362 1386 1415 1412 1377 1352 1321 1334
543.664001 1324 1345 1382 1402 1393 1380 1346 1325 1323
543.677002 1325 1353 1380 1393 1392 1364 1339 1315 1323
543.690002 1316 1356 1366 1385 1379 1373 1347 1329 1320
543.703979 1322 1346 1374 1377 1391 1378 1342 1330 1327
543.71698 1331 1338 1362 1383 1381 1363 1341 1325 1329
543.72998 1323 1340 1384 1393 1370 1359 1336 1327 1327
543.744019 1324 1340 1360 1373 1380 1365 1336 1321 1324
543.757019 1327 1344 1364 1376 1378 1355 1340 1321 1324
543.77002 1321 1336 1365 1366 1372 1353 1338 1326 1319
543.78302 1336 1345 1355 1364 1368 1356 1339 1317 1323
543.796997 1312 1340 1352 1366 1369 1358 1325 1324 1319
543.809998 1311 1343 1354 1375 1358 1354 1339 1325 1332
543.822998 1323 1346 1356 1372 1381 1347 1332 1318 1321
543.835999 1322 1328 1359 1374 1368 1356 1331 1320 1323
543.849976 1332 1339 1346 1371 1368 1362 1334 1316 1324
543.862976 1318 1332 1364 1366 1376 1359 1332 1322 1331
543.875977 1323 1340 1362 1369 1363 1346 1334 1319 1322
543.888977 1324 1323 1356 1370 1374 1348 1337 1317 1317
543.903015 1324 1341 1356 1362 1364 1350 1340 1330 1327
543.916016 1320 1349 1348 1368 1362 1359 1337 1325 1323
543.929016 1324 1335 1366 1369 1376 1359 1334 1323 1319
543.942017 1329 1334 1352 1372 1377 1353 1333 1318 1318
543.955994 1326 1341 1361 1364 1361 1356 1337 1320 1333
543.968994 1328 1342 1370 1380 1364 1355 1332 1323 1321
543.981995 1320 1331 1353 1371 1361 1356 1341 1326 1324
543.994995 1318 1340 1364 1374 1369 1352 1331 1332 1332
544.008972 1322 1333 1363 1369 1360 1359 1337 1323 1323
544.021973 1324 1333 1351 1376 1364 1359 1335 1320 1329
544.034973 1324 1340 1353 1372 1364 1353 1330 1325 1319
544.047974 1327 1337 1363 1373 1371 1350 1332 1319 1326
544.062012 1320 1338 1363 1365 1365 1353 1334 1322 1322
544.075012 1321 1325 1355 1376 1377 1344 1326 1316 1317
544.088013 1317 1332 1353 1375 1368 1352 1332 1316 1324
544.101013 1325 1340 1355 1356 1369 1362 1336 1315 1320
544.11499 1333 1336 1351 1368 1358 1350 1329 1312 1330
544.127991 1318 1337 1351 1369 1372 1349 1337 1322 1328
544.140991 1327 1332 1351 1360 1362 1350 1336 1327 1318
544.153992 1320 1344 1346 1362 1362 1346 1332 1319 1327
544.166992 1320 1330 1349 1362 1371 1360 1333 1320 1325
544.18103 1321 1334 1353 1371 1358 1348 1327 1319 1317
544.19397 1322 1334 1348 1374 1360 1349 1335 1320 1325
544.20697 1330 1341 1355 1363 1376 1351 1333 1329 1324
544.219971 1326 1341 1352 1365 1370 1355 1336 1324 1324
544.234009 1319 1336 1361 1365 1361 1354 1326 1329 1316
544.247009 1324 1338 1340 1372 1368 1354 1337 1322 1321
544.26001 1326 1333 1342 1362 1363 1354 1328 1327 1330
544.27301 1321 1343 1356 1373 1365 1351 1336 1318 1325
544.286987 1333 1342 1351 1364 1354 1345 1330 1313 1320
544.299988 1329 1336 1359 1375 1370 1364 1343 1324 1324
544.312988 1325 1341 1361 1378 1371 1367 1328 1324 1315
544.325989 1320 1331 1349 1366 1372 1353 1338 1318 1322
544.338989 1324 1341 1364 1374 1364 1347 1327 1322 1330
544.353027 1321 1330 1357 1359 1362 1351 1330 1318 1322
544.366028 1322 1339 1347 1375 1364 1344 1333 1321 1330
544.379028 1314 1331 1359 1370 1355 1350 1336 1321 1325
544.392029 1320 1345 1365 1377 1369 1351 1328 1322 1318
544.406006 1319 1337 1354 1355 1362 1355 1324 1318 1324
544.419006 1320 1328 1360 1364 1359 1348 1333 1319 1317
544.432007 1330 1335 1361 1376 1368 1357 1337 1313 1325
544.445007 1327 1338 1356 1367 1376 1352 1336 1326 1324
544.458008 1324 1335 1350 1367 1371 1352 1337 1314 1323
544.471985 1327 1337 1354 1372 1372 1353 1335 1324 1324
544.484985 1325 1336 1349 1360 1376 1346 1329 1316 1313
544.497986 1316 1336 1353 1373 1362 1344 1335 1326 1323
544.510986 1314 1337 1346 1363 1363 1366 1329 1316 1315
544.525024 1323 1338 1354 1368 1366 1356 1328 1315 1320
544.538025 1322 1334 1354 1364 1356 1341 1330 1321 1319
544.551025 1330 1329 1361 1366 1366 1356 1338 1322 1320
544.564026 1323 1338 1351 1376 1371 1352 1332 1316 1314
544.577026 1320 1333 1346 1364 1367 1351 1327 1310 1323
544.591003 1331 1337 1364 1370 1370 1360 1335 1322 1324
544.604004 1327 1343 1363 1377 1362 1347 1329 1323 1328
544.617004 1323 1340 1364 1357 1375 1356 1337 1318 1326
544.630005 1328 1344 1350 1359 1362 1353 1333 1319 1327
544.643005 1321 1339 1355 1362 1381 1361 1325 1327 1311
544.656982 1315 1336 1348 1363 1369 1354 1335 1317 1320
544.669983 1322 1340 1352 1368 1361 1357 1328 1320 1329
544.682983 1325 1343 1349 1368 1369 1346 1333 1325 1321
544.695984 1322 1330 1357 1383 1363 1352 1334 1320 1310
544.710022 1324 1339 1346 1360 1368 1351 1326 1322 1315
544.723022 1325 1336 1360 1372 1372 1344 1342 1326 1322
544.736023 1323 1331 1354 1364 1360 1336 1338 1317 1314
544.749023 1328 1339 1360 1371 1360 1347 1335 1325 1314
544.762024 1321 1331 1370 1365 1369 1348 1326 1326 1323
544.776001 1320 1338 1358 1371 1361 1351 1322 1320 1327
544.789001 1323 1330 1351 1365 1366 1348 1337 1320 1323
544.802002 1331 1332 1350 1363 1372 1348 1326 1318 1318
544.815002 1332 1334 1368 1359 1357 1344 1322 1325 1322
544.828003 1322 1329 1357 1365 1378 1350 1332 1325 1336
544.84198 1327 1338 1354 1366 1378 1351 1331 1322 1322
544.85498 1326 1341 1359 1369 1365 1355 1337 1318 1327
544.867981 1321 1342 1364 1370 1361 1356 1336 1321 1328
544.880981 1322 1345 1354 1372 1366 1360 1332 1324 1326
544.893982 1323 1330 1356 1371 1362 1356 1334 1321 1314
544.90802 1332 1331 1358 1369 1380 1354 1345 1327 1324
544.921021 1317 1336 1358 1372 1375 1365 1341 1326 1320
544.934021 1328 1334 1355 1371 1376 1358 1336 1320 1325
544.947021 1334 1340 1361 1373 1366 1356 1351 1323 1324
544.960022 1323 1341 1355 1377 1371 1360 1333 1324 1332
544.973022 1334 1333 1357 1378 1375 1362 1339 1315 1317
544.987 1325 1341 1361 1367 1370 1357 1335 1325 1328
545 1328 1341 1353 1373 1351 1356 1351 1323 1323
545.013 1322 1342 1361 1376 1362 1356 1341 1326 1325
545.026001 1324 1346 1369 1384 1376 1356 1339 1322 1321
545.039001 1331 1327 1361 1378 1378 1357 1331 1315 1320
545.052979 1328 1335 1360 1368 1385 1356 1335 1328 1320
545.065979 1324 1340 1365 1379 1380 1366 1340 1323 1324
545.078979 1323 1338 1361 1367 1370 1369 1328 1319 1318
545.09198 1323 1339 1365 1380 1375 1346 1341 1326 1320
545.10498 1323 1346 1362 1367 1378 1356 1332 1321 1315
545.117981 1326 1340 1363 1379 1371 1353 1335 1323 1322
545.132019 1322 1352 1356 1369 1389 1350 1341 1316 1326
545.14502 1323 1334 1357 1378 1362 1360 1339 1320 1324
545.15802 1319 1338 1361 1375 1383 1350 1329 1315 1317
545.171021 1313 1327 1369 1362 1374 1369 1335 1319 1321
545.184021 1312 1338 1356 1389 1366 1352 1337 1317 1326
545.197998 1325 1341 1361 1375 1370 1354 1332 1320 1330
545.210999 1317 1350 1354 1379 1372 1363 1331 1317 1325
545.223999 1327 1333 1369 1375 1375 1340 1328 1314 1320
545.237 1312 1337 1357 1372 1379 1356 1336 1329 1325
545.25 1321 1341 1353 1375 1367 1349 1335 1312 1313
545.263 1319 1345 1361 1376 1381 1356 1337 1325 1318
545.276978 1322 1337 1358 1367 1380 1358 1331 1318 1326
545.289978 1319 1336 1360 1377 1368 1350 1334 1322 1314
545.302979 1330 1328 1350 1374 1363 1356 1330 1321 1320
545.315979 1321 1336 1358 1375 1368 1348 1340 1320 1321
545.328979 1320 1338 1352 1377 1375 1366 1334 1325 1314
545.34198 1324 1336 1366 1358 1378 1364 1331 1316 1323
545.356018 1322 1339 1362 1370 1368 1357 1331 1315 1317
545.369019 1312 1343 1347 1367 1359 1349 1333 1326 1311
545.382019 1315 1337 1347 1353 1369 1346 1332 1319 1311
545.39502 1319 1334 1349 1374 1366 1338 1328 1314 1318
545.40802 1311 1344 1344 1377 1354 1345 1336 1309 1315
545.421021 1329 1331 1357 1352 1366 1357 1330 1320 1312
545.434998 1324 1335 1355 1365 1353 1350 1323 1315 1317
545.447998 1316 1334 1347 1353 1361 1337 1329 1313 1311
545.460999 1311 1326 1342 1361 1360 1349 1328 1313 1314
545.473999 1309 1331 1349 1358 1351 1341 1327 1316 1318
545.487 1318 1331 1347 1363 1350 1336 1330 1316 1315
545.5 1314 1330 1344 1363 1358 1341 1322 1318 1315
545.513977 1322 1329 1340 1351 1361 1341 1325 1312 1315
545.526978 1319 1339 1352 1358 1353 1338 1329 1315 1315
545.539978 1323 1322 1349 1356 1362 1350 1328 1316 1311
545.552979 1316 1325 1345 1358 1349 1339 1328 1310 1314
545.565979 1311 1328 1343 1347 1357 1336 1323 1320 1324
545.578979 1327 1325 1351 1358 1357 1337 1318 1318 1319
545.593018 1316 1331 1342 1365 1353 1339 1323 1313 1315
545.606018 1321 1327 1342 1346 1367 1345 1326 1311 1322
545.619019 1313 1326 1344 1350 1341 1345 1328 1305 1323
545.632019 1318 1324 1345 1356 1358 1340 1324 1307 1319
545.64502 1319 1335 1348 1351 1352 1330 1323 1315 1317
545.65802 1312 1328 1348 1348 1352 1337 1322 1324 1312
545.671021 1310 1325 1332 1353 1357 1342 1330 1320 1323
545.684998 1309 1331 1344 1346 1354 1346 1332 1312 1326
545.697998 1327 1327 1345 1355 1347 1347 1326 1317 1318
545.710999 1322 1332 1333 1361 1351 1342 1331 1312 1317
545.723999 1310 1330 1342 1359 1355 1336 1323 1319 1318
545.737 1307 1329 1338 1341 1356 1335 1323 1316 1309
545.75 1313 1323 1341 1351 1345 1337 1321 1313 1318
545.763 1314 1324 1333 1351 1346 1340 1328 1320 1310
545.776978 1312 1331 1340 1345 1349 1344 1323 1314 1313
545.789978 1312 1326 1345 1337 1344 1337 1320 1316 1316
545.802979 1318 1321 1339 1350 1348 1336 1320 1316 1318
545.815979 1322 1325 1339 1343 1344 1345 1315 1310 1317
545.828979 1319 1332 1347 1350 1352 1325 1322 1315 1316
545.84198 1315 1333 1340 1352 1346 1331 1319 1316 1319
545.85498 1308 1323 1343 1351 1351 1336 1328 1317 1317
545.869019 1318 1328 1345 1342 1365 1332 1322 1312 1316
545.882019 1320 1327 1333 1346 1359 1333 1326 1315 1315
545.89502 1318 1323 1342 1348 1354 1340 1327 1317 1320
545.90802 1314 1323 1340 1352 1352 1337 1323 1309 1319
545.921021 1317 1325 1344 1346 1345 1338 1323 1312 1309
545.934021 1313 1326 1337 1344 1341 1341 1328 1319 1312
545.947021 1308 1328 1334 1349 1340 1337 1321 1309 1313
545.960022 1318 1322 1342 1349 1349 1334 1319 1312 1314
545.973999 1310 1322 1338 1345 1353 1328 1320 1312 1316
545.987 1315 1322 1330 1338 1345 1349 1326 1310 1318
546 1317 1322 1337 1349 1340 1343 1325 1313 1322
546.013 1316 1329 1342 1339 1341 1336 1315 1327 1312
546.026001 1321 1321 1331 1345 1343 1331 1317 1319 1312
546.039001 1320 1327 1332 1344 1335 1333 1326 1312 1319
546.052002 1322 1319 1333 1342 1350 1335 1319 1314 1314
546.065002 1317 1324 1332 1341 1338 1337 1319 1309 1315
546.078979 1314 1318 1338 1341 1347 1338 1327 1312 1304
546.09198 1314 1324 1328 1342 1334 1345 1315 1315 1310
546.10498 1316 1323 1332 1345 1328 1331 1322 1309 1311
546.117981 1312 1321 1337 1339 1338 1331 1325 1307 1308
546.130981 1309 1316 1334 1340 1346 1325 1318 1308 1312
546.143982 1318 1323 1328 1338 1346 1337 1325 1319 1309
546.156982 1311 1321 1329 1346 1339 1331 1322 1310 1316
546.169983 1311 1325 1334 1331 1346 1332 1322 1311 1306
546.184021 1319 1324 1328 1349 1337 1328 1311 1314 1313
546.197021 1319 1313 1338 1344 1344 1326 1319 1316 1311
546.210022 1309 1328 1326 1334 1343 1324 1325 1315 1308
546.223022 1315 1320 1332 1345 1335 1336 1321 1310 1309
546.236023 1314 1326 1331 1342 1348 1326 1317 1306 1304
546.249023 1310 1319 1342 1348 1342 1327 1319 1306 1314
546.262024 1320 1324 1337 1340 1341 1335 1321 1308 1308
546.275024 1305 1323 1333 1349 1339 1330 1311 1304 1318
546.289001 1306 1325 1335 1355 1360 1316 1316 1314 1311
546.302002 1313 1326 1333 1338 1336 1326 1312 1313 1307
546.315002 1311 1330 1344 1346 1337 1325 1319 1315 1317
546.328003 1313 1323 1346 1347 1340 1330 1328 1307 1308
546.341003 1311 1324 1334 1336 1344 1326 1320 1312 1316
546.354004 1309 1318 1338 1335 1341 1333 1323 1321 1310
546.367004 1317 1318 1335 1331 1332 1333 1322 1309 1309
546.380005 1311 1321 1334 1355 1338 1327 1327 1317 1308
546.393005 1320 1330 1326 1347 1343 1336 1322 1315 1311
546.406006 1313 1327 1331 1346 1336 1328 1316 1313 1312
546.419983 1310 1324 1339 1341 1339 1328 1318 1311 1314
546.432983 1307 1318 1337 1351 1343 1330 1330 1308 1314
546.445984 1313 1326 1325 1328 1346 1335 1321 1310 1304
546.458984 1314 1320 1331 1337 1342 1339 1309 1313 1306
546.471985 1305 1311 1341 1338 1337 1322 1318 1308 1313
546.484985 1308 1316 1327 1337 1336 1323 1314 1305 1314
546.497986 1305 1328 1323 1343 1338 1331 1315 1315 1310
546.510986 1313 1312 1329 1345 1343 1329 1320 1311 1311
546.523987 1319 1325 1325 1342 1340 1331 1321 1311 1310
546.536987 1316 1320 1343 1333 1336 1323 1325 1306 1305
546.551025 1321 1321 1322 1341 1343 1333 1323 1306 1313
546.564026 1315 1326 1330 1337 1337 1329 1316 1316 1314
546.577026 1306 1328 1329 1340 1334 1326 1320 1311 1311
546.590027 1309 1316 1339 1330 1344 1331 1326 1314 1318
546.603027 1312 1322 1325 1334 1341 1328 1316 1301 1306
546.616028 1306 1326 1331 1335 1332 1323 1319 1307 1313
546.629028 1318 1318 1335 1343 1344 1329 1320 1312 1315
546.642029 1304 1319 1335 1337 1337 1327 1316 1306 1311
546.655029 1316 1319 1330 1337 1333 1324 1318 1311 1301
546.66803 1306 1321 1334 1344 1356 1329 1322 1310 1310
546.682007 1304 1324 1325 1337 1340 1323 1325 1305 1305
546.695007 1308 1326 1329 1327 1332 1326 1316 1312 1315
546.708008 1310 1324 1336 1336 1336 1341 1320 1310 1308
546.721008 1311 1311 1331 1344 1329 1329 1318 1310 1306
546.734009 1310 1318 1337 1340 1329 1327 1311 1310 1310
546.747009 1307 1308 1332 1336 1338 1327 1315 1303 1305
546.76001 1307 1316 1321 1338 1339 1328 1313 1311 1304
546.77301 1306 1316 1329 1330 1334 1323 1326 1306 1306
546.786011 1305 1316 1326 1334 1335 1330 1322 1314 1300
546.799011 1311 1315 1324 1333 1330 1338 1311 1309 1310
546.812012 1313 1319 1325 1327 1334 1322 1311 1314 1306
546.825012 1310 1319 1321 1327 1334 1330 1321 1310 1306
546.838989 1322 1311 1325 1326 1341 1319 1311 1313 1306
546.85199 1312 1317 1323 1336 1335 1324 1313 1314 1319
546.86499 1312 1318 1323 1334 1330 1330 1323 1307 1314
546.877991 1315 1317 1321 1339 1326 1331 1312 1309 1309
546.890991 1309 1321 1334 1329 1332 1330 1322 1314 1312
546.903992 1311 1314 1332 1328 1332 1328 1317 1302 1312
546.916992 1309 1312 1323 1330 1340 1328 1307 1308 1309
546.929993 1312 1321 1323 1333 1330 1322 1310 1305 1304
546.942993 1315 1314 1327 1323 1327 1327 1315 1308 1302
546.955994 1310 1319 1329 1325 1333 1326 1317 1305 1307
546.968994 1300 1315 1319 1326 1329 1328 1319 1313 1310
546.981995 1305 1310 1321 1338 1331 1334 1316 1315 1313
546.994995 1316 1311 1321 1329 1331 1326 1313 1311 1301
547.007996 1315 1320 1325 1333 1325 1325 1314 1304 1310
547.020996 1302 1318 1317 1342 1327 1319 1312 1307 1307
547.034973 1308 1318 1325 1330 1331 1323 1310 1303 1309
547.047974 1312 1312 1323 1337 1324 1325 1318 1305 1306
547.060974 1306 1316 1324 1335 1327 1331 1311 1308 1308
547.073975 1307 1305 1326 1333 1330 1332 1317 1309 1309
547.086975 1306 1314 1318 1329 1330 1332 1315 1301 1308
547.099976 1310 1318 1327 1329 1335 1326 1314 1308 1315
547.112976 1311 1307 1322 1325 1331 1316 1307 1307 1303
547.125977 1307 1313 1320 1329 1326 1324 1313 1302 1305
547.138977 1309 1309 1320 1338 1325 1322 1314 1308 1302
547.151978 1311 1310 1322 1328 1331 1332 1315 1314 1311
547.164978 1307 1306 1322 1323 1325 1317 1307 1301 1301
547.177979 1312 1320 1319 1331 1326 1322 1310 1308 1309
547.190979 1312 1316 1324 1332 1321 1320 1304 1305 1313
547.203979 1306 1316 1332 1331 1319 1324 1317 1310 1307
547.21698 1308 1308 1315 1327 1334 1315 1317 1313 1306
547.22998 1316 1311 1319 1333 1326 1320 1312 1306 1310
547.244019 1309 1311 1329 1322 1332 1324 1310 1304 1306
547.257019 1307 1325 1319 1335 1326 1323 1310 1308 1303
547.27002 1313 1318 1324 1326 1330 1326 1312 1306 1303
547.28302 1309 1313 1326 1334 1328 1313 1311 1310 1307
547.296021 1304 1317 1322 1332 1328 1322 1316 1308 1310
547.309021 1306 1315 1322 1327 1329 1325 1315 1307 1302
547.322021 1309 1322 1322 1327 1330 1313 1313 1315 1305
547.335022 1312 1308 1332 1328 1328 1319 1319 1311 1305
547.348022 1309 1321 1317 1325 1324 1322 1315 1306 1310
547.361023 1316 1309 1317 1328 1323 1317 1311 1310 1319
547.374023 1315 1313 1322 1324 1331 1323 1316 1313 1308
547.387024 1311 1319 1320 1330 1318 1312 1311 1312 1307
547.400024 1306 1321 1332 1325 1322 1320 1313 1306 1309
547.413025 1306 1310 1323 1321 1320 1315 1318 1304 1308
547.426025 1307 1306 1320 1317 1328 1331 1316 1309 1309
547.439026 1306 1319 1320 1328 1325 1317 1309 1308 1309
547.452026 1306 1311 1317 1331 1329 1318 1317 1310 1317
547.465027 1311 1323 1320 1330 1329 1324 1314 1312 1314
547.478027 1317 1314 1325 1328 1328 1318 1308 1311 1309
547.491028 1309 1312 1319 1327 1325 1315 1323 1312 1317
547.504028 1306 1324 1325 1317 1333 1329 1315 1300 1309
547.518005 1304 1311 1319 1322 1327 1328 1314 1310 1313
547.531006 1311 1315 1321 1322 1329 1314 1318 1310 1316
547.544006 1314 1320 1326 1315 1325 1319 1318 1309 1309
547.557007 1317 1321 1313 1325 1329 1322 1318 1315 1320
547.570007 1323 1326 1313 1319 1323 1326 1321 1318 1314
547.583008 1322 1314 1323 1334 1328 1326 1331 1316 1318
547.596008 1324 1319 1320 1334 1327 1327 1331 1324 1323
547.609009 1323 1319 1331 1326 1326 1333 1333 1332 1331
547.622009 1335 1335 1333 1326 1331 1337 1342 1346 1329
547.63501 1350 1330 1334 1331 1329 1344 1345 1347 1342
547.64801 1349 1347 1333 1330 1338 1330 1344 1356 1356
547.661011 1353 1352 1338 1331 1333 1345 1363 1359 1358
547.674011 1365 1353 1330 1333 1335 1341 1361 1372 1370
547.687012 1378 1362 1331 1323 1323 1352 1373 1370 1388
547.700012 1375 1363 1328 1328 1333 1342 1384 1386 1372
547.713013 1373 1357 1332 1336 1340 1351 1377 1374 1374
547.726013 1370 1352 1339 1328 1328 1349 1381 1381 1374
547.739014 1367 1347 1334 1326 1328 1348 1377 1378 1362
547.752014 1356 1344 1338 1329 1337 1343 1359 1371 1358
547.765015 1349 1345 1332 1325 1336 1346 1356 1351 1352
547.778015 1352 1330 1330 1321 1323 1336 1347 1343 1343
547.791016 1327 1327 1330 1323 1323 1333 1332 1335 1340
547.804016 1336 1332 1322 1324 1326 1317 1329 1331 1328
547.817017 1326 1331 1314 1320 1322 1339 1326 1321 1321
547.830017 1324 1325 1328 1323 1321 1311 1322 1321 1314
547.843018 1319 1318 1318 1325 1328 1320 1323 1316 1311
547.856018 1313 1312 1317 1324 1321 1328 1318 1315 1313
547.869019 1318 1310 1316 1321 1315 1328 1307 1319 1308
547.882019 1303 1320 1315 1322 1327 1327 1317 1316 1308
547.89502 1311 1317 1314 1327 1325 1315 1316 1311 1309
547.90802 1313 1311 1319 1322 1324 1314 1314 1315 1311
547.921021 1307 1309 1319 1324 1317 1321 1310 1318 1306
547.934021 1306 1310 1331 1323 1327 1315 1311 1306 1319
547.947021 1314 1309 1330 1320 1319 1323 1305 1296 1310
547.960022 1305 1308 1328 1326 1321 1312 1316 1305 1303
547.973022 1310 1312 1312 1317 1328 1320 1310 1314 1309
547.986023 1302 1310 1317 1326 1324 1322 1312 1308 1312
547.999023 1302 1307 1325 1326 1321 1319 1313 1302 1307
548.012024 1307 1315 1323 1313 1321 1321 1319 1312 1304
548.025024 1305 1312 1320 1326 1316 1305 1306 1299 1305
548.038025 1307 1314 1326 1323 1325 1325 1306 1301 1304
548.051025 1303 1308 1316 1321 1315 1318 1312 1306 1303
548.064026 1294 1310 1314 1320 1327 1311 1308 1304 1303
548.077026 1306 1311 1314 1320 1324 1312 1303 1312 1311
548.090027 1305 1302 1314 1322 1319 1320 1312 1304 1303
548.103027 1298 1311 1322 1318 1319 1314 1308 1300 1299
548.116028 1309 1312 1313 1319 1320 1315 1304 1306 1298
548.129028 1313 1310 1322 1321 1319 1318 1304 1301 1302
548.142029 1298 1306 1315 1324 1317 1317 1316 1303 1307
548.155029 1310 1305 1309 1327 1315 1317 1301 1302 1296
548.16803 1311 1314 1315 1326 1318 1317 1310 1294 1302
548.18103 1300 1301 1322 1311 1333 1308 1314 1309 1300
548.19397 1302 1302 1316 1327 1318 1314 1306 1307 1311
548.20697 1304 1312 1322 1316 1327 1305 1312 1305 1300
548.219971 1302 1312 1306 1322 1326 1305 1302 1304 1296
548.232971 1301 1299 1316 1312 1319 1314 1316 1301 1305
548.245972 1293 1304 1318 1322 1317 1322 1303 1297 1307
548.258972 1302 1308 1321 1321 1319 1311 1301 1298 1303
548.271973 1303 1307 1317 1319 1325 1308 1300 1297 1308
548.284973 1309 1310 1317 1313 1317 1315 1308 1298 1297
548.297974 1301 1310 1316 1327 1323 1315 1302 1295 1298
548.310974 1300 1314 1314 1321 1318 1315 1309 1303 1304
548.323975 1304 1313 1315 1320 1319 1315 1298 1298 1300
548.336975 1303 1306 1319 1319 1310 1311 1312 1305 1314
548.349976 1303 1313 1311 1316 1333 1319 1305 1302 1302
548.362976 1306 1300 1320 1324 1322 1314 1309 1302 1309
548.375977 1301 1307 1316 1318 1329 1322 1313 1299 1305
548.388977 1308 1309 1313 1322 1315 1327 1303 1303 1311
548.401978 1301 1310 1313 1326 1324 1315 1302 1305 1299
548.414978 1300 1310 1315 1312 1313 1318 1307 1303 1307
548.427979 1305 1309 1320 1320 1315 1319 1305 1301 1299
548.440979 1299 1308 1318 1317 1323 1308 1305 1299 1296
548.453979 1304 1304 1317 1319 1314 1315 1304 1302 1305
548.46698 1299 1314 1307 1319 1319 1311 1308 1307 1299
548.47998 1303 1305 1323 1323 1326 1317 1300 1308 1303
548.492981 1302 1310 1321 1320 1318 1310 1308 1299 1306
548.505981 1298 1308 1313 1313 1326 1318 1305 1296 1297
548.518982 1297 1303 1308 1316 1318 1307 1315 1308 1296
548.531982 1297 1303 1312 1326 1318 1318 1298 1293 1301
548.544983 1304 1309 1311 1314 1321 1308 1312 1295 1304
548.557983 1302 1310 1316 1318 1318 1321 1306 1308 1302
548.570984 1297 1310 1313 1325 1313 1316 1303 1300 1303
548.583984 1297 1307 1323 1319 1317 1307 1307 1304 1301
548.596985 1305 1309 1313 1309 1324 1319 1310 1307 1296
548.609985 1300 1302 1318 1315 1315 1315 1310 1305 1303
548.622986 1307 1303 1313 1324 1318 1311 1313 1306 1299
548.635986 1302 1307 1317 1322 1327 1313 1307 1303 1314
548.648987 1310 1307 1314 1319 1321 1319 1302 1306 1304
548.661987 1309 1301 1315 1319 1317 1311 1300 1303 1306
548.674988 1304 1310 1320 1322 1318 1315 1309 1297 1296
548.687988 1298 1310 1315 1320 1326 1318 1313 1306 1301
548.700989 1299 1313 1311 1319 1319 1318 1307 1297 1313
548.713989 1301 1310 1316 1322 1313 1309 1317 1302 1296
548.72699 1296 1307 1309 1326 1328 1305 1302 1300 1305
548.739014 1307 1305 1317 1329 1316 1317 1311 1303 1306
