0 11.25 22.5 33.75 45 56.25 67.5 78.75 90
535.080017 1266 1269 1268 1267 1267 1269 1266 1266 1268
535.093994 1268 1269 1267 1270 1268 1269 1266 1268 1265
535.106995 1269 1268 1269 1269 1266 1265 1268 1266 1266
535.120972 1266 1268 1264 1266 1266 1266 1266 1267 1265
535.13501 1263 1265 1267 1267 1265 1267 1269 1264 1268
535.148987 1266 1268 1265 1261 1265 1267 1263 1267 1267
535.161987 1266 1264 1268 1265 1267 1265 1264 1266 1265
535.176025 1263 1266 1267 1265 1266 1266 1266 1267 1265
535.190002 1269 1266 1267 1267 1265 1265 1267 1266 1268
535.203003 1265 1265 1266 1270 1266 1265 1269 1266 1268
535.21698 1265 1268 1265 1264 1263 1264 1265 1267 1264
535.231018 1267 1267 1264 1265 1263 1265 1266 1263 1265
535.244995 1265 1264 1264 1264 1265 1264 1265 1265 1263
535.257996 1263 1264 1265 1262 1268 1263 1266 1262 1263
535.271973 1263 1266 1265 1266 1267 1265 1264 1265 1266
535.286011 1264 1268 1263 1266 1266 1263 1266 1265 1263
535.299011 1268 1269 1268 1262 1265 1267 1265 1266 1265
535.312988 1265 1265 1264 1268 1265 1268 1266 1266 1263
535.327026 1265 1266 1266 1263 1264 1267 1266 1266 1265
535.341003 1267 1264 1264 1262 1262 1263 1264 1264 1265
535.354004 1262 1266 1268 1262 1267 1268 1267 1263 1264
535.367981 1266 1266 1265 1266 1266 1265 1266 1262 1265
535.382019 1269 1266 1265 1266 1266 1264 1262 1265 1266
535.39502 1267 1263 1267 1270 1263 1268 1267 1266 1266
535.408997 1262 1266 1263 1262 1264 1269 1266 1262 1262
535.422974 1263 1262 1262 1264 1265 1267 1266 1265 1263
535.435974 1262 1264 1265 1265 1266 1263 1264 1263 1266
535.450012 1261 1268 1266 1265 1267 1266 1264 1263 1266
535.463989 1265 1266 1265 1265 1264 1266 1267 1265 1264
535.478027 1268 1264 1263 1267 1268 1265 1263 1267 1264
535.491028 1267 1266 1263 1269 1267 1266 1266 1266 1266
535.505005 1266 1267 1265 1264 1262 1267 1266 1266 1268
535.518982 1266 1266 1263 1265 1262 1264 1262 1263 1266
535.531982 1263 1263 1266 1268 1263 1265 1267 1266 1266
535.546021 1266 1264 1263 1262 1262 1266 1268 1264 1265
535.559998 1265 1260 1263 1267 1264 1263 1266 1264 1263
535.572998 1266 1266 1263 1265 1266 1268 1264 1266 1262
535.586975 1265 1266 1261 1271 1266 1269 1264 1266 1266
535.601013 1265 1263 1264 1264 1263 1267 1264 1265 1263
535.61499 1262 1265 1263 1263 1263 1262 1266 1267 1262
535.627991 1265 1261 1263 1263 1265 1265 1264 1261 1264
535.642029 1265 1263 1266 1264 1267 1265 1264 1267 1262
535.656006 1264 1265 1265 1264 1265 1264 1267 1264 1266
535.669006 1265 1265 1268 1265 1266 1265 1265 1269 1262
535.682983 1265 1266 1266 1263 1264 1266 1261 1262 1264
535.697021 1259 1263 1263 1264 1262 1264 1264 1265 1264
535.710022 1264 1263 1262 1264 1264 1265 1263 1266 1263
535.723999 1264 1266 1266 1263 1265 1265 1265 1264 1263
535.737976 1262 1268 1263 1261 1266 1264 1262 1264 1266
535.750977 1264 1265 1265 1264 1265 1264 1265 1263 1266
535.765015 1267 1264 1266 1266 1266 1268 1267 1265 1264
535.778992 1262 1265 1262 1267 1264 1267 1266 1262 1269
535.791992 1266 1264 1265 1265 1265 1265 1264 1266 1263
535.80603 1264 1265 1265 1266 1264 1267 1266 1262 1263
535.820007 1264 1266 1262 1261 1265 1265 1263 1261 1264
535.833984 1263 1263 1264 1264 1264 1266 1265 1266 1263
535.846985 1264 1263 1262 1264 1266 1266 1265 1264 1262
535.861023 1266 1263 1267 1268 1266 1265 1265 1264 1264
535.875 1263 1264 1264 1264 1266 1263 1266 1264 1265
535.888 1265 1267 1266 1264 1265 1264 1267 1265 1266
535.901978 1263 1266 1264 1265 1264 1266 1266 1262 1266
535.916016 1264 1266 1263 1265 1263 1265 1261 1265 1267
535.929016 1263 1264 1263 1262 1263 1263 1263 1265 1264
535.942993 1263 1262 1266 1263 1267 1263 1263 1266 1265
535.95697 1263 1265 1266 1265 1265 1266 1263 1265 1264
535.969971 1266 1266 1265 1266 1267 1264 1264 1265 1266
535.984009 1264 1267 1267 1264 1267 1264 1265 1263 1265
535.997986 1264 1263 1265 1265 1263 1263 1265 1265 1264
536.010986 1262 1263 1264 1264 1265 1263 1264 1263 1263
536.025024 1264 1260 1265 1264 1265 1265 1262 1268 1267
536.039001 1263 1265 1267 1264 1269 1262 1263 1263 1268
536.052002 1266 1265 1264 1265 1267 1264 1264 1264 1269
536.065979 1263 1263 1263 1264 1267 1264 1265 1266 1266
536.080017 1266 1264 1264 1265 1265 1264 1266 1265 1269
536.093018 1267 1264 1265 1264 1264 1263 1263 1266 1264
536.106995 1264 1265 1266 1262 1264 1261 1266 1264 1265
536.120972 1263 1266 1265 1266 1264 1265 1266 1262 1265
536.133972 1261 1266 1265 1265 1266 1266 1263 1264 1269
536.14801 1266 1265 1263 1264 1267 1264 1262 1264 1267
536.161987 1262 1264 1265 1263 1263 1263 1262 1264 1264
536.174988 1263 1262 1267 1266 1265 1265 1265 1264 1264
536.189026 1264 1266 1266 1266 1269 1266 1265 1264 1265
536.203003 1264 1265 1265 1265 1264 1265 1264 1266 1262
536.216003 1264 1268 1268 1263 1266 1268 1268 1263 1265
536.22998 1266 1266 1266 1264 1265 1265 1264 1266 1264
536.244019 1262 1265 1264 1267 1265 1263 1268 1264 1268
536.257019 1264 1264 1264 1266 1267 1266 1264 1263 1264
536.270996 1264 1264 1264 1262 1266 1263 1265 1268 1265
536.284973 1264 1262 1265 1262 1263 1263 1265 1265 1263
536.297974 1263 1264 1265 1263 1264 1264 1266 1265 1264
536.312012 1260 1265 1266 1265 1263 1264 1263 1263 1267
536.325989 1266 1264 1265 1264 1267 1266 1262 1266 1264
536.338989 1264 1264 1264 1265 1265 1266 1268 1267 1266
536.353027 1264 1267 1266 1266 1262 1265 1266 1264 1264
536.367004 1264 1263 1268 1266 1265 1263 1264 1267 1263
536.380005 1262 1265 1265 1265 1261 1265 1264 1267 1261
536.393982 1263 1265 1266 1263 1263 1265 1265 1267 1265
536.40802 1265 1261 1266 1266 1266 1263 1266 1265 1264
536.421021 1266 1267 1262 1265 1265 1267 1264 1267 1265
536.434998 1265 1262 1268 1262 1267 1264 1264 1268 1264
536.448975 1264 1265 1266 1264 1265 1266 1266 1266 1266
536.461975 1265 1263 1262 1267 1265 1266 1267 1263 1265
536.476013 1263 1265 1265 1264 1268 1263 1265 1264 1264
536.48999 1264 1262 1265 1264 1265 1266 1262 1264 1263
536.502991 1267 1263 1265 1261 1265 1263 1265 1264 1263
536.517029 1263 1264 1264 1262 1263 1264 1264 1264 1264
536.530029 1266 1265 1265 1263 1270 1266 1265 1264 1263
536.544006 1263 1266 1266 1267 1268 1264 1263 1265 1264
536.557983 1264 1266 1265 1264 1263 1265 1264 1266 1264
536.570984 1263 1263 1266 1261 1261 1264 1265 1266 1265
536.585022 1264 1263 1266 1263 1265 1266 1266 1264 1264
536.598999 1262 1266 1263 1264 1260 1264 1264 1263 1262
536.612 1263 1265 1267 1267 1265 1265 1266 1264 1266
536.625977 1269 1267 1265 1264 1264 1263 1264 1264 1265
536.640015 1263 1264 1266 1264 1263 1265 1262 1262 1265
536.653015 1265 1263 1265 1264 1263 1265 1265 1265 1263
536.666992 1267 1264 1262 1265 1266 1264 1264 1263 1263
536.68103 1267 1266 1263 1263 1265 1264 1265 1262 1260
536.69397 1264 1263 1267 1262 1266 1265 1267 1264 1262
536.708008 1267 1265 1266 1262 1263 1263 1264 1263 1266
536.721008 1261 1264 1264 1265 1264 1262 1264 1265 1266
536.734985 1265 1262 1264 1263 1267 1264 1267 1266 1265
536.749023 1264 1264 1266 1267 1266 1264 1266 1269 1263
536.762024 1260 1263 1264 1265 1263 1267 1266 1268 1263
536.776001 1264 1265 1264 1267 1264 1265 1266 1266 1265
536.789978 1266 1264 1264 1263 1266 1267 1263 1264 1264
536.802979 1261 1263 1264 1265 1266 1264 1262 1262 1264
536.817017 1266 1265 1263 1266 1266 1263 1262 1263 1267
536.830994 1265 1266 1266 1266 1267 1262 1266 1267 1265
536.843994 1264 1266 1264 1267 1267 1264 1264 1267 1266
536.857971 1263 1264 1262 1264 1265 1267 1263 1264 1262
536.870972 1265 1262 1267 1264 1266 1264 1263 1265 1262
536.88501 1266 1265 1266 1262 1265 1264 1263 1264 1263
536.898987 1264 1265 1265 1262 1264 1264 1263 1262 1265
536.911987 1267 1264 1266 1264 1266 1263 1265 1261 1267
536.926025 1263 1265 1265 1267 1265 1264 1264 1267 1264
536.940002 1264 1264 1267 1263 1267 1263 1265 1264 1268
536.953003 1265 1265 1265 1267 1266 1265 1262 1264 1264
536.96698 1260 1262 1262 1263 1264 1262 1265 1267 1264
536.97998 1262 1266 1264 1264 1263 1263 1266 1265 1261
536.994019 1264 1266 1269 1267 1264 1265 1263 1264 1264
537.007996 1264 1265 1268 1267 1265 1265 1264 1266 1264
537.020996 1263 1263 1264 1266 1266 1263 1267 1268 1264
537.034973 1265 1269 1267 1265 1266 1262 1264 1268 1267
537.049011 1262 1267 1267 1267 1267 1266 1263 1266 1263
537.062012 1263 1266 1268 1267 1267 1265 1262 1264 1265
537.075989 1266 1265 1266 1263 1264 1264 1262 1265 1263
537.088989 1265 1267 1265 1260 1262 1265 1265 1264 1261
537.103027 1267 1267 1265 1264 1265 1264 1263 1263 1265
537.117004 1266 1264 1267 1267 1268 1264 1264 1269 1267
537.130005 1265 1266 1264 1267 1266 1267 1266 1267 1266
537.143982 1263 1263 1265 1265 1268 1266 1269 1267 1267
537.15802 1264 1267 1267 1265 1268 1269 1265 1264 1264
537.171021 1265 1268 1265 1264 1268 1269 1268 1264 1263
537.184998 1267 1267 1266 1266 1264 1267 1267 1266 1264
537.197998 1265 1265 1265 1268 1265 1269 1266 1265 1265
537.211975 1267 1266 1267 1267 1266 1265 1267 1267 1269
537.226013 1265 1266 1269 1269 1269 1269 1267 1266 1268
537.239014 1266 1272 1271 1270 1270 1271 1273 1273 1271
537.252991 1264 1264 1267 1267 1267 1267 1267 1265 1264
537.265991 1268 1268 1267 1272 1268 1267 1268 1269 1266
537.280029 1270 1266 1271 1269 1270 1269 1266 1266 1267
537.294006 1270 1268 1268 1267 1268 1268 1264 1266 1268
537.307007 1268 1269 1272 1271 1268 1266 1272 1270 1270
537.320984 1272 1271 1270 1268 1274 1269 1267 1267 1268
537.333984 1269 1271 1273 1273 1274 1279 1271 1268 1272
537.348022 1267 1273 1272 1272 1274 1273 1274 1272 1272
537.362 1274 1271 1273 1270 1267 1275 1269 1268 1269
537.375 1268 1268 1270 1273 1274 1271 1272 1275 1268
537.388977 1267 1270 1273 1273 1269 1268 1266 1274 1271
537.403015 1268 1271 1275 1270 1276 1272 1273 1272 1270
537.416016 1270 1266 1277 1274 1268 1273 1269 1268 1270
537.429993 1265 1268 1268 1270 1269 1267 1274 1269 1268
537.442993 1266 1272 1269 1269 1268 1268 1268 1271 1268
537.45697 1270 1266 1270 1270 1270 1270 1268 1266 1269
537.471008 1267 1270 1270 1267 1269 1270 1268 1266 1267
537.484009 1266 1270 1267 1264 1268 1266 1263 1265 1267
537.497986 1269 1267 1269 1267 1269 1266 1265 1266 1267
537.510986 1268 1266 1272 1267 1272 1268 1267 1268 1269
537.525024 1267 1269 1266 1270 1272 1267 1267 1271 1267
537.539001 1272 1272 1274 1269 1270 1269 1267 1265 1264
537.552002 1267 1266 1268 1272 1266 1270 1271 1269 1264
537.565979 1267 1273 1265 1271 1271 1269 1269 1265 1268
537.578979 1268 1269 1268 1267 1274 1268 1270 1266 1266
537.593018 1267 1269 1271 1270 1271 1267 1272 1270 1270
537.606995 1272 1268 1271 1273 1272 1270 1269 1268 1270
537.619995 1269 1267 1272 1272 1273 1269 1271 1268 1270
537.633972 1270 1271 1272 1268 1271 1271 1272 1272 1268
537.646973 1270 1268 1272 1273 1267 1274 1266 1268 1268
537.661011 1268 1271 1269 1273 1270 1274 1269 1267 1268
537.674011 1269 1269 1267 1271 1273 1272 1274 1273 1272
537.687988 1268 1271 1269 1274 1270 1269 1268 1269 1270
537.702026 1268 1270 1270 1271 1277 1273 1269 1271 1271
537.715027 1268 1268 1274 1275 1273 1273 1270 1269 1269
537.729004 1271 1272 1273 1274 1276 1271 1272 1271 1268
537.742004 1271 1272 1270 1270 1271 1272 1270 1268 1274
537.755981 1270 1271 1275 1276 1271 1274 1274 1268 1272
537.77002 1271 1272 1274 1275 1271 1273 1272 1265 1268
537.78302 1270 1274 1272 1271 1278 1270 1271 1270 1272
537.796997 1268 1272 1278 1279 1279 1275 1273 1273 1268
537.809998 1269 1272 1270 1280 1276 1275 1271 1272 1271
537.823975 1269 1279 1274 1280 1275 1274 1273 1268 1266
537.836975 1273 1277 1275 1276 1275 1275 1271 1271 1269
537.851013 1273 1275 1277 1278 1277 1273 1271 1274 1272
537.86499 1267 1277 1277 1276 1277 1278 1272 1273 1270
537.877991 1274 1271 1279 1280 1274 1280 1275 1273 1276
537.892029 1271 1276 1274 1281 1283 1279 1276 1273 1278
537.905029 1274 1275 1279 1290 1282 1278 1278 1276 1272
537.919006 1274 1274 1279 1285 1274 1277 1273 1273 1277
537.932007 1275 1281 1278 1282 1280 1281 1273 1275 1276
537.945984 1275 1276 1276 1283 1285 1277 1274 1275 1273
537.960022 1280 1278 1279 1279 1281 1278 1273 1277 1274
537.973022 1273 1277 1277 1282 1283 1279 1278 1272 1275
537.987 1276 1278 1284 1286 1279 1276 1278 1275 1276
538 1279 1273 1283 1286 1287 1280 1276 1276 1272
538.013977 1276 1283 1284 1286 1287 1277 1283 1280 1273
538.028015 1273 1279 1282 1280 1278 1279 1283 1277 1281
538.041016 1279 1280 1284 1289 1276 1286 1279 1280 1278
538.054993 1278 1279 1285 1284 1283 1278 1284 1279 1279
538.067993 1280 1283 1284 1287 1283 1286 1281 1278 1283
538.08197 1277 1281 1285 1291 1288 1287 1283 1285 1280
538.094971 1282 1283 1283 1289 1288 1293 1288 1283 1281
538.109009 1283 1284 1289 1287 1296 1286 1282 1279 1279
538.122009 1285 1285 1283 1289 1290 1290 1279 1279 1276
538.135986 1278 1287 1286 1290 1290 1288 1284 1282 1283
538.150024 1282 1286 1290 1291 1293 1289 1286 1280 1284
538.163025 1280 1287 1292 1291 1284 1296 1284 1279 1286
538.177002 1285 1285 1285 1294 1298 1291 1278 1286 1286
538.190002 1288 1284 1284 1295 1290 1292 1292 1284 1282
538.203979 1285 1292 1292 1299 1301 1292 1286 1284 1277
538.21698 1279 1291 1293 1291 1285 1292 1288 1288 1284
538.231018 1286 1286 1288 1289 1295 1292 1286 1289 1288
538.244995 1291 1288 1293 1302 1294 1287 1290 1288 1284
538.257996 1292 1294 1296 1300 1305 1295 1287 1294 1290
538.271973 1288 1287 1303 1296 1303 1297 1302 1288 1302
538.284973 1286 1295 1297 1310 1307 1294 1299 1289 1288
538.299011 1292 1297 1297 1304 1304 1299 1294 1293 1290
538.312012 1291 1309 1304 1310 1305 1306 1298 1292 1294
538.325989 1296 1298 1310 1301 1301 1307 1303 1292 1297
538.338989 1299 1303 1309 1307 1301 1306 1305 1304 1306
538.353027 1301 1299 1315 1308 1313 1314 1300 1298 1299
538.367004 1299 1302 1322 1312 1310 1310 1305 1310 1305
538.380005 1305 1305 1316 1314 1311 1317 1303 1298 1307
538.393982 1307 1306 1316 1311 1315 1317 1311 1301 1301
538.406982 1311 1310 1312 1314 1316 1316 1310 1305 1305
538.421021 1299 1309 1319 1313 1316 1311 1307 1313 1303
538.434021 1308 1316 1321 1321 1321 1320 1312 1312 1312
538.447998 1309 1313 1315 1321 1317 1308 1307 1305 1317
538.460999 1307 1311 1317 1319 1322 1324 1313 1315 1306
538.474976 1306 1314 1314 1323 1327 1315 1311 1310 1308
538.489014 1314 1320 1319 1319 1313 1313 1307 1306 1301
538.502014 1300 1309 1316 1320 1314 1314 1311 1304 1303
538.515991 1307 1305 1320 1318 1314 1316 1310 1305 1306
538.528992 1299 1301 1314 1321 1322 1313 1306 1304 1301
538.54303 1301 1313 1307 1323 1325 1307 1305 1305 1301
538.55603 1299 1312 1311 1316 1316 1313 1308 1306 1297
538.570007 1300 1306 1308 1316 1318 1316 1306 1297 1309
538.583008 1299 1305 1315 1316 1316 1311 1301 1298 1293
538.596985 1311 1297 1308 1318 1312 1318 1302 1298 1292
538.609985 1297 1304 1312 1317 1311 1312 1303 1289 1304
538.624023 1300 1312 1315 1320 1322 1313 1304 1300 1303
538.638 1299 1310 1311 1320 1334 1312 1305 1299 1301
538.651001 1302 1319 1311 1320 1317 1318 1307 1298 1305
538.664978 1304 1314 1319 1315 1323 1320 1301 1298 1310
538.677979 1304 1308 1317 1327 1328 1311 1306 1313 1294
538.692017 1302 1305 1314 1327 1318 1322 1309 1307 1306
538.705017 1311 1313 1319 1321 1326 1319 1305 1302 1299
538.718994 1300 1305 1318 1319 1323 1314 1313 1299 1305
538.731995 1303 1315 1320 1317 1322 1323 1312 1299 1308
538.745972 1300 1315 1327 1323 1317 1318 1317 1305 1307
538.758972 1304 1314 1316 1326 1327 1322 1307 1305 1298
538.77301 1299 1318 1317 1322 1327 1316 1308 1300 1300
538.786011 1304 1320 1325 1332 1319 1318 1302 1303 1303
538.799988 1303 1314 1325 1326 1327 1325 1310 1297 1305
538.812988 1311 1307 1322 1328 1322 1322 1307 1304 1306
538.827026 1303 1321 1323 1324 1324 1320 1307 1302 1308
538.841003 1308 1314 1326 1342 1334 1323 1320 1306 1308
538.854004 1307 1311 1325 1324 1331 1313 1314 1303 1311
538.867981 1312 1312 1319 1331 1329 1317 1308 1314 1311
538.880981 1314 1316 1321 1336 1328 1329 1311 1307 1299
538.89502 1306 1313 1321 1322 1333 1331 1314 1308 1310
538.90802 1307 1315 1320 1328 1318 1316 1307 1309 1307
538.921997 1304 1321 1321 1333 1330 1316 1315 1304 1304
538.934998 1304 1318 1325 1333 1327 1328 1314 1296 1302
538.948975 1307 1317 1318 1333 1333 1325 1315 1303 1308
538.961975 1303 1312 1332 1334 1326 1326 1315 1312 1301
538.976013 1313 1324 1324 1339 1327 1321 1316 1313 1312
538.989014 1308 1317 1317 1330 1331 1335 1311 1303 1315
539.002991 1311 1309 1320 1340 1334 1316 1317 1307 1317
539.015991 1315 1321 1331 1328 1336 1324 1314 1311 1305
539.030029 1305 1321 1317 1342 1333 1321 1316 1304 1308
539.04303 1315 1319 1332 1344 1337 1332 1309 1311 1310
539.057007 1307 1322 1330 1327 1334 1330 1312 1313 1309
539.070007 1316 1319 1326 1342 1335 1324 1319 1308 1311
539.083984 1321 1324 1323 1334 1343 1327 1314 1308 1316
539.096985 1317 1303 1334 1327 1344 1336 1317 1308 1310
539.111023 1307 1318 1327 1335 1334 1331 1328 1309 1311
539.125 1313 1312 1330 1333 1335 1325 1315 1305 1312
539.138 1305 1325 1329 1331 1331 1325 1317 1302 1313
539.151978 1306 1319 1326 1332 1334 1321 1315 1305 1304
539.164978 1311 1321 1328 1338 1335 1324 1323 1303 1308
539.179016 1309 1318 1324 1348 1327 1325 1320 1316 1312
539.192017 1304 1312 1314 1332 1328 1326 1323 1309 1305
539.205994 1309 1304 1318 1334 1334 1315 1312 1307 1306
539.218994 1302 1310 1321 1340 1337 1328 1311 1308 1309
539.232971 1305 1312 1315 1334 1326 1324 1312 1305 1309
539.245972 1304 1311 1321 1334 1325 1329 1312 1301 1305
539.26001 1307 1312 1326 1329 1326 1318 1315 1306 1299
539.27301 1304 1319 1329 1340 1326 1321 1308 1303 1303
539.286987 1301 1311 1322 1319 1327 1323 1310 1300 1317
539.299988 1308 1323 1326 1330 1323 1325 1309 1303 1300
539.314026 1306 1305 1316 1334 1328 1323 1308 1308 1303
539.327026 1307 1306 1328 1334 1322 1322 1314 1297 1309
539.341003 1308 1315 1328 1330 1332 1318 1314 1302 1305
539.354004 1309 1320 1320 1323 1337 1325 1317 1310 1307
539.367981 1308 1313 1319 1334 1331 1327 1309 1310 1310
539.380981 1312 1308 1324 1340 1320 1325 1313 1307 1300
539.39502 1306 1304 1320 1330 1330 1322 1319 1308 1303
539.40802 1305 1317 1325 1334 1330 1327 1316 1301 1316
539.421997 1309 1313 1327 1334 1326 1319 1311 1305 1308
539.434998 1306 1316 1328 1323 1328 1318 1315 1302 1301
539.448975 1302 1314 1322 1330 1329 1322 1313 1307 1300
539.461975 1298 1322 1328 1328 1333 1331 1308 1312 1312
539.476013 1305 1322 1325 1329 1337 1322 1314 1295 1311
539.489014 1310 1322 1325 1333 1327 1322 1312 1304 1308
539.502991 1300 1321 1324 1335 1336 1319 1315 1305 1308
539.515991 1308 1311 1331 1340 1337 1323 1316 1306 1304
539.530029 1309 1320 1338 1336 1333 1329 1312 1306 1313
539.54303 1309 1325 1332 1339 1340 1318 1321 1310 1307
539.557007 1309 1318 1335 1341 1336 1336 1318 1311 1306
539.570007 1309 1314 1339 1345 1349 1342 1309 1306 1302
539.583984 1310 1324 1348 1356 1352 1342 1323 1299 1317
539.596985 1306 1327 1355 1379 1372 1342 1326 1322 1308
539.611023 1320 1330 1367 1380 1393 1355 1330 1311 1312
539.624023 1319 1341 1378 1399 1398 1373 1333 1306 1315
539.638 1307 1336 1383 1424 1396 1375 1345 1310 1319
539.651001 1316 1348 1391 1400 1419 1377 1345 1324 1306
539.664001 1315 1336 1390 1414 1408 1380 1336 1312 1307
539.677979 1314 1337 1381 1414 1416 1375 1332 1308 1308
539.690979 1308 1335 1381 1397 1389 1361 1333 1307 1317
539.705017 1316 1337 1371 1380 1382 1362 1327 1309 1313
539.718018 1309 1341 1352 1360 1367 1348 1320 1310 1308
539.731995 1310 1318 1342 1357 1349 1336 1325 1305 1314
539.744995 1301 1326 1335 1346 1353 1344 1318 1310 1303
539.758972 1311 1316 1334 1344 1348 1331 1313 1305 1302
539.771973 1306 1321 1337 1340 1349 1327 1311 1309 1314
539.786011 1305 1318 1331 1349 1338 1328 1310 1305 1305
539.799011 1308 1319 1338 1347 1343 1331 1309 1302 1300
539.812988 1304 1318 1326 1342 1338 1332 1322 1307 1299
539.825989 1308 1323 1324 1345 1338 1324 1317 1307 1313
539.840027 1303 1316 1329 1336 1332 1327 1317 1306 1311
539.853027 1313 1324 1327 1350 1339 1329 1318 1306 1299
539.867004 1305 1315 1325 1344 1333 1335 1309 1309 1306
539.880005 1306 1323 1335 1348 1343 1331 1310 1307 1308
539.893982 1305 1318 1332 1339 1339 1319 1313 1312 1319
539.906982 1312 1320 1326 1342 1327 1332 1313 1314 1301
539.921021 1305 1316 1333 1347 1339 1327 1323 1306 1306
539.934021 1309 1322 1329 1343 1333 1326 1323 1305 1308
539.947998 1306 1321 1331 1332 1333 1324 1322 1307 1310
539.960999 1309 1313 1331 1336 1339 1324 1320 1304 1311
539.973999 1305 1323 1330 1346 1336 1330 1316 1305 1303
539.987976 1309 1322 1330 1340 1336 1320 1319 1304 1310
540.000977 1310 1331 1330 1336 1336 1331 1312 1307 1310
540.015015 1307 1319 1331 1342 1343 1329 1312 1304 1314
540.028015 1308 1316 1333 1348 1338 1323 1309 1305 1317
540.041992 1306 1313 1322 1339 1333 1329 1324 1303 1304
540.054993 1306 1320 1319 1339 1330 1324 1315 1307 1312
540.06897 1310 1319 1325 1345 1334 1330 1314 1308 1312
540.08197 1314 1316 1338 1333 1338 1326 1316 1303 1311
540.096008 1310 1321 1327 1343 1340 1325 1313 1306 1302
540.109009 1309 1319 1331 1341 1335 1335 1310 1310 1306
540.122986 1311 1318 1335 1334 1335 1322 1318 1307 1305
540.135986 1319 1313 1331 1337 1339 1329 1317 1309 1306
540.150024 1306 1322 1325 1330 1337 1331 1317 1302 1303
540.163025 1313 1320 1337 1336 1345 1329 1319 1314 1304
540.176025 1308 1324 1336 1343 1342 1336 1318 1311 1309
540.190002 1310 1313 1324 1341 1335 1325 1319 1312 1308
540.203003 1312 1321 1327 1332 1339 1333 1318 1313 1304
540.21698 1312 1314 1338 1334 1330 1325 1318 1300 1298
540.22998 1303 1321 1334 1335 1337 1327 1317 1303 1306
540.244019 1304 1322 1335 1335 1335 1335 1316 1309 1308
540.257019 1311 1319 1332 1339 1335 1330 1321 1304 1306
540.270996 1312 1329 1322 1340 1334 1334 1310 1311 1306
540.283997 1315 1324 1325 1339 1349 1330 1316 1311 1302
540.297974 1311 1327 1333 1341 1346 1331 1316 1306 1305
540.310974 1310 1319 1328 1331 1337 1334 1312 1305 1305
540.323975 1314 1321 1329 1338 1335 1329 1318 1309 1306
540.338013 1315 1313 1327 1327 1333 1328 1315 1310 1306
540.351013 1309 1329 1331 1341 1337 1327 1321 1314 1312
540.36499 1308 1312 1326 1338 1329 1334 1323 1309 1312
540.377991 1322 1324 1329 1348 1343 1332 1321 1312 1312
540.392029 1317 1328 1334 1342 1344 1340 1322 1318 1325
540.405029 1319 1332 1335 1344 1342 1334 1323 1328 1320
540.419006 1321 1328 1331 1340 1340 1333 1326 1311 1323
540.432007 1318 1331 1345 1349 1348 1334 1320 1318 1316
540.445007 1320 1332 1334 1345 1342 1336 1321 1307 1319
540.458984 1329 1319 1338 1345 1347 1331 1322 1310 1318
540.471985 1321 1328 1342 1346 1342 1336 1322 1314 1316
540.486023 1325 1331 1337 1346 1331 1329 1323 1306 1310
540.499023 1313 1321 1340 1346 1349 1344 1325 1313 1315
540.513 1317 1319 1342 1341 1347 1335 1316 1313 1309
540.526001 1309 1318 1334 1348 1337 1325 1314 1314 1311
540.539978 1318 1312 1329 1335 1338 1325 1315 1315 1307
540.552979 1316 1313 1334 1341 1334 1329 1318 1312 1313
540.565979 1307 1312 1322 1331 1347 1331 1322 1301 1313
540.580017 1312 1316 1328 1341 1339 1324 1320 1310 1313
540.593018 1311 1306 1334 1340 1342 1323 1333 1313 1316
540.606995 1319 1317 1326 1341 1334 1339 1319 1313 1310
540.619995 1313 1311 1325 1340 1334 1325 1314 1304 1311
540.633972 1314 1319 1333 1336 1343 1324 1322 1316 1309
540.646973 1314 1316 1329 1337 1340 1330 1317 1311 1314
540.659973 1309 1318 1331 1337 1345 1333 1322 1305 1308
540.674011 1310 1318 1333 1341 1330 1317 1313 1312 1308
540.687012 1304 1314 1329 1337 1336 1322 1313 1306 1311
540.700989 1314 1319 1337 1339 1332 1328 1312 1308 1308
540.713989 1312 1316 1326 1337 1328 1336 1319 1309 1311
540.728027 1313 1320 1331 1346 1334 1325 1318 1313 1310
540.741028 1317 1317 1332 1335 1333 1319 1312 1305 1303
540.754028 1318 1318 1332 1339 1345 1327 1312 1303 1311
540.768005 1312 1316 1339 1341 1341 1327 1312 1313 1311
540.781006 1308 1323 1319 1339 1344 1326 1316 1310 1306
540.794983 1308 1320 1338 1335 1333 1325 1319 1307 1315
540.807983 1313 1321 1332 1342 1328 1333 1317 1304 1314
540.822021 1312 1314 1323 1341 1332 1323 1314 1309 1306
540.835022 1307 1323 1337 1337 1333 1336 1322 1316 1308
540.848022 1308 1314 1330 1336 1334 1327 1313 1313 1322
540.862 1316 1319 1333 1334 1339 1326 1317 1310 1315
540.875 1312 1324 1334 1333 1339 1334 1317 1307 1301
540.888977 1318 1318 1329 1344 1339 1325 1317 1304 1309
540.901978 1309 1326 1335 1345 1342 1329 1314 1305 1311
540.916016 1316 1314 1332 1349 1356 1331 1327 1307 1314
540.929016 1311 1327 1338 1338 1346 1334 1314 1316 1308
540.942017 1309 1315 1339 1351 1345 1326 1317 1314 1314
540.955994 1313 1309 1336 1355 1339 1330 1318 1310 1309
540.968994 1303 1315 1333 1339 1344 1327 1314 1303 1310
540.982971 1307 1316 1335 1352 1347 1331 1308 1310 1303
540.995972 1308 1319 1336 1348 1337 1325 1318 1308 1311
541.008972 1310 1316 1335 1339 1343 1337 1315 1313 1308
541.02301 1313 1314 1336 1342 1348 1340 1320 1306 1305
541.036011 1314 1323 1327 1341 1344 1335 1316 1306 1307
541.049988 1310 1318 1343 1343 1342 1332 1323 1306 1304
541.062988 1318 1323 1328 1336 1349 1337 1317 1316 1304
541.075989 1304 1322 1328 1339 1345 1329 1310 1304 1320
541.090027 1309 1324 1330 1336 1346 1327 1320 1308 1309
541.103027 1307 1321 1338 1342 1341 1323 1313 1310 1313
541.117004 1302 1323 1329 1342 1336 1339 1320 1309 1325
541.130005 1315 1318 1335 1349 1341 1334 1315 1322 1308
541.143982 1305 1324 1333 1345 1340 1338 1321 1302 1307
541.156982 1309 1322 1332 1343 1337 1336 1321 1303 1314
541.169983 1315 1315 1338 1335 1346 1329 1318 1309 1300
541.184021 1311 1318 1336 1342 1336 1328 1320 1303 1314
541.197021 1309 1318 1336 1336 1335 1339 1314 1307 1306
541.210999 1303 1319 1335 1356 1352 1323 1318 1306 1303
541.223999 1307 1318 1346 1335 1357 1331 1317 1315 1310
541.237 1307 1322 1323 1344 1343 1337 1316 1313 1311
541.250977 1315 1320 1330 1350 1350 1336 1315 1311 1312
541.263977 1310 1326 1338 1328 1347 1329 1326 1307 1309
541.278015 1309 1324 1329 1342 1331 1336 1320 1319 1309
541.291016 1316 1318 1332 1338 1343 1327 1315 1308 1299
541.304016 1309 1312 1332 1345 1335 1335 1312 1311 1309
541.317993 1316 1322 1326 1345 1342 1337 1319 1313 1304
541.330994 1309 1316 1340 1339 1336 1329 1320 1308 1309
541.344971 1318 1325 1335 1337 1343 1324 1322 1307 1308
541.357971 1310 1326 1345 1343 1332 1329 1315 1310 1306
541.370972 1312 1321 1323 1338 1342 1326 1316 1302 1301
541.38501 1311 1316 1332 1338 1337 1334 1312 1306 1313
541.39801 1310 1319 1333 1344 1338 1331 1317 1307 1310
541.411011 1310 1314 1334 1341 1339 1320 1318 1306 1310
541.424988 1317 1316 1335 1337 1342 1323 1321 1315 1315
541.437988 1311 1325 1338 1337 1349 1328 1323 1308 1313
541.452026 1308 1313 1333 1338 1329 1331 1314 1320 1303
541.465027 1308 1318 1342 1336 1333 1332 1315 1309 1308
541.478027 1308 1320 1332 1336 1334 1334 1323 1310 1307
541.492004 1313 1326 1334 1339 1332 1322 1315 1314 1318
541.505005 1311 1319 1329 1337 1352 1325 1314 1313 1309
541.518982 1312 1316 1331 1348 1343 1335 1320 1311 1314
541.531982 1311 1312 1325 1331 1351 1335 1329 1313 1312
541.544983 1312 1323 1329 1340 1340 1340 1325 1306 1305
541.559021 1317 1323 1337 1341 1348 1328 1310 1310 1305
541.572021 1311 1318 1337 1337 1338 1338 1316 1304 1313
541.585999 1317 1320 1331 1333 1338 1336 1324 1304 1317
541.598999 1313 1314 1327 1347 1342 1329 1320 1307 1314
541.612 1326 1320 1336 1338 1337 1337 1321 1306 1315
541.625977 1312 1327 1339 1350 1340 1333 1310 1307 1307
541.638977 1321 1315 1339 1340 1336 1335 1312 1305 1302
541.651978 1324 1319 1345 1331 1341 1339 1317 1302 1307
541.666016 1316 1327 1332 1347 1344 1323 1318 1312 1306
541.679016 1307 1320 1326 1338 1345 1321 1315 1302 1317
541.692993 1315 1314 1326 1330 1336 1327 1318 1317 1308
541.705994 1317 1312 1332 1334 1345 1335 1312 1308 1321
541.718994 1321 1319 1326 1335 1348 1333 1316 1311 1302
541.732971 1315 1311 1330 1337 1348 1326 1320 1311 1309
541.745972 1309 1312 1338 1340 1338 1320 1313 1308 1309
541.758972 1304 1306 1319 1326 1325 1315 1306 1308 1306
541.77301 1313 1322 1334 1342 1344 1330 1314 1301 1304
541.786011 1309 1327 1337 1341 1343 1332 1324 1307 1301
541.799988 1321 1313 1330 1339 1337 1319 1313 1317 1316
541.812988 1314 1316 1327 1345 1341 1319 1317 1308 1307
541.825989 1307 1319 1323 1339 1340 1328 1312 1313 1311
541.840027 1314 1322 1337 1337 1335 1333 1318 1306 1308
541.853027 1306 1320 1338 1339 1341 1334 1321 1311 1310
541.866028 1310 1323 1329 1343 1337 1317 1312 1311 1304
541.880005 1312 1321 1340 1339 1333 1332 1312 1308 1309
541.893005 1308 1322 1327 1342 1342 1327 1319 1311 1311
541.906006 1304 1321 1332 1345 1339 1326 1315 1311 1314
541.919983 1308 1319 1329 1331 1334 1341 1317 1307 1314
541.932983 1312 1323 1332 1330 1341 1322 1315 1310 1307
541.947021 1313 1310 1328 1339 1340 1334 1311 1309 1305
541.960022 1312 1320 1334 1347 1335 1328 1311 1310 1311
541.973022 1314 1324 1336 1337 1337 1325 1316 1306 1315
541.987 1316 1317 1335 1341 1335 1330 1319 1304 1308
542 1316 1318 1332 1335 1338 1317 1318 1306 1301
542.013 1310 1319 1330 1343 1339 1342 1312 1309 1310
542.026978 1308 1320 1329 1339 1336 1326 1313 1309 1311
542.039978 1315 1320 1318 1343 1335 1328 1320 1310 1322
542.052979 1309 1315 1330 1334 1340 1332 1316 1315 1317
542.067017 1306 1326 1337 1330 1347 1321 1316 1313 1315
542.080017 1307 1318 1331 1345 1335 1334 1310 1305 1301
542.093994 1312 1321 1334 1340 1329 1333 1314 1311 1304
542.106995 1309 1320 1328 1334 1336 1326 1314 1302 1314
542.119995 1320 1323 1330 1337 1337 1323 1320 1306 1312
542.133972 1306 1335 1324 1334 1341 1332 1318 1309 1310
542.146973 1314 1316 1338 1342 1339 1333 1316 1306 1309
542.159973 1317 1323 1323 1341 1345 1323 1306 1310 1306
542.174011 1313 1328 1337 1339 1343 1332 1313 1313 1314
542.187012 1316 1318 1334 1339 1330 1324 1325 1313 1311
542.200012 1310 1322 1330 1344 1332 1334 1323 1310 1310
542.213989 1319 1319 1339 1352 1340 1328 1318 1311 1303
542.22699 1315 1322 1333 1347 1340 1335 1313 1311 1305
542.23999 1309 1326 1335 1347 1340 1326 1315 1307 1309
542.254028 1310 1325 1337 1330 1344 1329 1316 1320 1311
542.267029 1320 1320 1333 1342 1338 1332 1313 1312 1314
542.280029 1315 1320 1322 1345 1342 1328 1319 1309 1302
542.294006 1314 1319 1326 1345 1339 1334 1326 1315 1308
542.307007 1306 1314 1323 1344 1351 1340 1325 1312 1313
542.320007 1321 1321 1333 1334 1334 1329 1318 1305 1311
542.333984 1316 1325 1327 1343 1342 1337 1318 1312 1316
542.346985 1308 1315 1329 1335 1331 1337 1311 1307 1309
542.359985 1311 1323 1336 1342 1341 1339 1311 1313 1312
542.374023 1316 1324 1333 1336 1345 1342 1317 1314 1303
542.387024 1316 1321 1328 1340 1341 1324 1320 1315 1305
542.400024 1311 1322 1326 1335 1339 1337 1320 1306 1308
542.414001 1309 1322 1337 1344 1337 1327 1326 1309 1306
542.427002 1314 1325 1327 1339 1337 1330 1326 1303 1310
542.440002 1315 1329 1335 1341 1342 1328 1320 1316 1305
542.453979 1305 1328 1334 1345 1349 1334 1319 1315 1317
542.46698 1313 1319 1333 1346 1344 1331 1321 1313 1309
542.47998 1320 1329 1337 1342 1348 1344 1311 1307 1308
542.494019 1314 1325 1337 1345 1343 1330 1312 1311 1314
542.507019 1323 1319 1334 1344 1345 1334 1317 1314 1314
542.52002 1313 1324 1338 1347 1340 1334 1314 1314 1310
542.533997 1312 1326 1343 1348 1354 1339 1313 1316 1307
542.546997 1316 1325 1334 1356 1342 1333 1312 1311 1315
542.559998 1315 1324 1334 1339 1349 1332 1320 1314 1310
542.573975 1318 1323 1342 1346 1350 1335 1319 1314 1307
542.586975 1312 1329 1337 1346 1350 1337 1323 1311 1307
542.599976 1311 1316 1326 1342 1336 1326 1321 1314 1308
542.614014 1310 1319 1339 1339 1347 1330 1316 1308 1313
542.627014 1311 1322 1337 1338 1352 1336 1323 1310 1312
542.640015 1305 1319 1336 1352 1348 1337 1318 1310 1313
542.653992 1316 1328 1339 1352 1346 1340 1322 1313 1308
542.666992 1311 1322 1343 1348 1342 1333 1321 1311 1315
542.679993 1313 1318 1327 1349 1351 1328 1322 1309 1308
542.69397 1305 1325 1338 1347 1344 1327 1327 1312 1308
542.70697 1313 1311 1342 1335 1350 1336 1315 1302 1316
542.719971 1313 1318 1336 1350 1346 1332 1320 1299 1313
542.734009 1314 1329 1338 1346 1331 1322 1318 1306 1314
542.747009 1307 1325 1330 1344 1339 1341 1317 1308 1310
542.76001 1313 1318 1330 1340 1349 1340 1320 1305 1306
542.773987 1312 1327 1338 1337 1353 1332 1320 1308 1308
542.786987 1310 1324 1332 1343 1348 1332 1320 1307 1304
542.799988 1309 1321 1330 1343 1339 1341 1319 1306 1304
542.812988 1309 1325 1337 1338 1345 1338 1311 1305 1308
542.827026 1309 1312 1332 1348 1342 1332 1324 1305 1305
542.840027 1312 1325 1336 1353 1335 1324 1319 1308 1312
542.853027 1314 1313 1333 1339 1343 1330 1318 1313 1306
542.867004 1305 1320 1340 1326 1349 1331 1319 1314 1316
542.880005 1308 1320 1332 1341 1346 1324 1319 1310 1310
542.893005 1311 1318 1330 1338 1343 1343 1319 1311 1308
542.906982 1307 1319 1339 1343 1353 1335 1324 1310 1313
542.919983 1312 1313 1338 1342 1354 1331 1322 1307 1309
542.932983 1312 1325 1338 1343 1335 1343 1319 1313 1312
542.947021 1310 1321 1339 1348 1339 1330 1314 1311 1304
542.960022 1307 1329 1334 1344 1340 1336 1321 1305 1311
542.973022 1314 1328 1333 1338 1342 1330 1320 1316 1304
542.987 1312 1322 1340 1345 1346 1339 1316 1304 1311
543 1312 1329 1331 1353 1350 1341 1319 1316 1314
543.013 1310 1335 1337 1351 1355 1327 1314 1306 1307
543.026001 1313 1322 1342 1346 1349 1340 1312 1306 1308
543.039978 1309 1322 1342 1338 1357 1336 1329 1312 1321
543.052979 1305 1323 1338 1350 1345 1335 1321 1307 1310
543.065979 1318 1321 1345 1348 1348 1334 1331 1315 1308
543.080017 1306 1323 1344 1354 1346 1336 1327 1310 1314
543.093018 1316 1335 1345 1351 1359 1354 1323 1316 1312
543.106018 1316 1328 1362 1355 1355 1347 1324 1310 1316
543.119995 1321 1331 1347 1359 1369 1346 1331 1312 1313
543.132996 1314 1327 1347 1355 1356 1352 1326 1314 1313
543.145996 1313 1332 1357 1370 1363 1345 1328 1311 1311
543.158997 1318 1329 1339 1366 1359 1351 1324 1310 1311
543.172974 1308 1324 1357 1364 1354 1356 1316 1307 1316
543.185974 1320 1335 1356 1369 1372 1354 1333 1309 1310
543.198975 1313 1336 1352 1381 1367 1350 1337 1318 1320
543.213013 1315 1337 1353 1367 1368 1355 1318 1313 1312
543.226013 1319 1337 1365 1371 1374 1345 1314 1311 1304
543.239014 1314 1340 1357 1371 1383 1347 1318 1311 1304
543.252014 1315 1323 1347 1370 1371 1347 1325 1320 1312
543.265991 1324 1336 1361 1376 1380 1361 1322 1312 1315
543.278992 1322 1328 1365 1377 1360 1357 1325 1311 1314
543.291992 1314 1344 1364 1379 1374 1353 1328 1309 1320
543.30603 1320 1343 1351 1376 1371 1349 1334 1305 1316
543.31897 1325 1329 1356 1380 1365 1344 1330 1313 1307
543.33197 1312 1333 1344 1365 1376 1361 1323 1319 1309
543.344971 1318 1327 1359 1370 1362 1353 1331 1312 1313
543.359009 1311 1342 1359 1379 1382 1358 1329 1306 1307
543.372009 1313 1332 1356 1379 1371 1352 1332 1313 1318
543.38501 1314 1342 1364 1381 1380 1365 1327 1319 1310
543.398987 1321 1331 1358 1396 1380 1358 1333 1299 1318
543.411987 1310 1334 1363 1384 1381 1366 1329 1316 1304
543.424988 1317 1331 1380 1381 1396 1355 1331 1305 1315
543.437988 1315 1343 1363 1395 1391 1350 1331 1305 1311
543.452026 1318 1343 1384 1403 1405 1386 1336 1309 1308
543.465027 1325 1348 1386 1414 1423 1384 1339 1308 1311
543.478027 1325 1353 1415 1423 1427 1382 1344 1319 1321
543.491028 1323 1362 1405 1448 1452 1397 1358 1313 1312
543.505005 1314 1374 1421 1466 1447 1425 1355 1312 1327
543.518005 1329 1375 1442 1470 1481 1432 1350 1325 1323
543.531006 1324 1383 1435 1473 1467 1417 1375 1313 1322
543.544983 1321 1374 1441 1479 1470 1422 1360 1322 1329
543.557983 1315 1365 1426 1483 1467 1422 1354 1318 1313
543.570984 1327 1379 1418 1455 1457 1415 1352 1323 1321
543.583984 1327 1373 1406 1440 1428 1399 1344 1317 1314
543.598022 1308 1343 1392 1421 1421 1387 1343 1315 1315
543.611023 1314 1346 1386 1399 1401 1363 1335 1306 1312
543.624023 1314 1344 1368 1384 1389 1363 1332 1317 1318
543.637024 1318 1332 1359 1379 1383 1358 1324 1309 1316
543.651001 1312 1336 1366 1374 1368 1345 1325 1309 1306
543.664001 1324 1325 1360 1377 1369 1363 1325 1315 1311
543.677002 1315 1333 1348 1363 1357 1342 1320 1310 1319
543.690002 1311 1332 1344 1363 1355 1340 1325 1314 1308
543.703979 1301 1327 1351 1364 1364 1340 1326 1309 1315
543.71698 1308 1329 1333 1361 1345 1338 1317 1313 1309
543.72998 1309 1327 1338 1361 1357 1341 1325 1313 1303
543.744019 1313 1330 1329 1353 1353 1341 1322 1302 1317
543.757019 1314 1324 1342 1346 1359 1340 1311 1304 1312
543.77002 1315 1324 1345 1348 1352 1335 1316 1305 1312
543.78302 1310 1324 1329 1340 1348 1338 1318 1315 1309
543.796997 1312 1319 1335 1349 1350 1341 1324 1316 1309
543.809998 1313 1321 1350 1339 1345 1335 1317 1311 1307
543.822998 1323 1314 1337 1347 1343 1331 1310 1306 1311
543.835999 1303 1323 1334 1349 1349 1336 1324 1305 1320
543.849976 1314 1319 1335 1349 1347 1334 1315 1308 1305
543.862976 1308 1316 1337 1357 1344 1330 1313 1310 1309
543.875977 1304 1319 1329 1357 1344 1336 1328 1313 1314
543.888977 1313 1323 1333 1346 1348 1339 1325 1304 1311
543.903015 1315 1329 1340 1335 1344 1332 1325 1313 1311
543.916016 1311 1320 1343 1340 1348 1329 1322 1312 1313
543.929016 1314 1323 1339 1339 1348 1335 1320 1306 1304
543.942017 1312 1321 1340 1345 1347 1332 1316 1309 1311
543.955994 1317 1320 1343 1342 1352 1329 1327 1314 1310
543.968994 1307 1320 1344 1354 1334 1333 1311 1317 1309
543.981995 1307 1323 1344 1350 1343 1333 1321 1314 1303
543.994995 1303 1315 1332 1335 1356 1331 1326 1301 1310
544.008972 1311 1318 1326 1358 1346 1334 1317 1306 1304
544.021973 1313 1329 1344 1347 1348 1333 1318 1307 1306
544.034973 1316 1327 1339 1352 1351 1327 1318 1308 1302
544.047974 1307 1318 1331 1364 1357 1337 1313 1315 1312
544.062012 1317 1326 1344 1344 1342 1336 1317 1310 1304
544.075012 1307 1316 1344 1349 1345 1333 1315 1316 1305
544.088013 1308 1327 1333 1344 1347 1333 1319 1307 1312
544.101013 1306 1321 1332 1338 1338 1329 1324 1308 1303
544.11499 1311 1320 1332 1351 1344 1337 1314 1297 1301
544.127991 1307 1316 1327 1352 1348 1335 1314 1308 1316
544.140991 1310 1322 1336 1344 1340 1330 1310 1301 1309
544.153992 1313 1322 1334 1349 1337 1327 1318 1301 1311
544.166992 1313 1320 1338 1344 1343 1339 1324 1306 1310
544.18103 1315 1316 1331 1345 1339 1338 1313 1313 1308
544.19397 1301 1319 1336 1343 1335 1329 1324 1311 1307
544.20697 1312 1328 1337 1338 1352 1334 1307 1309 1310
544.219971 1307 1329 1331 1343 1342 1332 1313 1306 1308
544.234009 1309 1321 1332 1355 1348 1327 1312 1311 1307
544.247009 1304 1320 1341 1350 1346 1337 1325 1313 1308
544.26001 1311 1324 1341 1344 1348 1319 1309 1311 1306
544.27301 1307 1319 1338 1352 1346 1330 1313 1305 1312
544.286987 1310 1326 1325 1348 1340 1336 1319 1311 1308
544.299988 1314 1315 1346 1333 1342 1330 1318 1310 1305
544.312988 1309 1320 1336 1342 1343 1333 1325 1311 1311
544.325989 1310 1319 1338 1346 1348 1326 1309 1307 1303
544.338989 1307 1327 1343 1360 1333 1343 1313 1307 1312
544.353027 1309 1316 1336 1357 1338 1324 1322 1311 1306
544.366028 1318 1317 1334 1353 1349 1328 1321 1305 1307
544.379028 1315 1321 1339 1338 1343 1335 1314 1300 1311
544.392029 1302 1319 1333 1353 1339 1341 1317 1308 1306
544.406006 1315 1327 1338 1349 1343 1328 1307 1308 1311
544.419006 1312 1322 1339 1343 1334 1323 1310 1308 1306
544.432007 1308 1318 1334 1346 1343 1331 1313 1313 1313
544.445007 1307 1326 1333 1353 1350 1337 1313 1302 1312
544.458008 1311 1321 1341 1334 1346 1338 1324 1304 1310
544.471985 1310 1328 1332 1349 1343 1331 1309 1306 1311
544.484985 1309 1329 1332 1344 1343 1328 1320 1300 1312
544.497986 1317 1319 1341 1348 1345 1332 1316 1305 1306
544.510986 1316 1322 1327 1350 1355 1333 1319 1308 1309
544.525024 1313 1319 1334 1354 1351 1329 1313 1309 1309
544.538025 1302 1318 1336 1346 1348 1327 1320 1302 1309
544.551025 1311 1317 1335 1344 1348 1336 1323 1307 1306
544.564026 1304 1319 1331 1341 1344 1329 1315 1309 1313
544.577026 1308 1324 1334 1345 1346 1330 1321 1307 1308
544.591003 1310 1328 1335 1348 1349 1343 1320 1307 1304
544.604004 1310 1321 1331 1355 1344 1327 1316 1307 1303
544.617004 1314 1324 1345 1339 1357 1336 1321 1301 1316
544.630005 1321 1327 1338 1335 1349 1331 1312 1310 1307
544.643005 1311 1323 1341 1356 1342 1337 1317 1311 1307
544.656982 1314 1309 1338 1344 1352 1333 1318 1311 1308
544.669983 1313 1330 1322 1345 1337 1330 1320 1303 1300
544.682983 1309 1326 1341 1341 1338 1338 1319 1305 1311
544.695984 1315 1323 1346 1342 1335 1330 1316 1306 1310
544.710022 1311 1322 1339 1349 1346 1325 1320 1302 1313
544.723022 1304 1318 1337 1347 1351 1334 1323 1308 1306
544.736023 1307 1312 1337 1345 1349 1328 1313 1314 1303
544.749023 1309 1319 1323 1345 1341 1334 1317 1307 1302
544.762024 1313 1331 1335 1344 1356 1319 1316 1308 1308
544.776001 1309 1326 1330 1340 1340 1329 1321 1301 1309
544.789001 1307 1323 1336 1345 1352 1336 1318 1317 1300
544.802002 1312 1323 1340 1361 1338 1329 1320 1301 1316
544.815002 1301 1321 1332 1350 1340 1331 1319 1309 1311
544.828003 1314 1325 1340 1351 1347 1336 1313 1309 1306
544.84198 1313 1332 1346 1350 1339 1335 1316 1302 1313
544.85498 1315 1318 1343 1355 1345 1347 1315 1305 1308
544.867981 1313 1323 1345 1346 1352 1336 1313 1305 1310
544.880981 1313 1319 1334 1345 1340 1332 1327 1309 1307
544.893982 1315 1332 1345 1351 1348 1342 1322 1310 1311
544.90802 1312 1326 1338 1350 1356 1331 1311 1317 1314
544.921021 1316 1328 1342 1346 1345 1335 1315 1317 1301
544.934021 1307 1327 1343 1353 1340 1324 1322 1313 1308
544.947021 1318 1334 1344 1358 1345 1336 1323 1310 1307
544.960022 1317 1320 1336 1353 1351 1342 1320 1311 1305
544.973022 1313 1321 1340 1348 1347 1329 1317 1308 1309
544.987 1312 1327 1341 1357 1339 1334 1322 1308 1316
545 1316 1317 1330 1349 1349 1338 1325 1305 1311
545.013 1310 1331 1345 1361 1356 1342 1320 1307 1310
545.026001 1302 1333 1340 1349 1349 1336 1314 1318 1305
545.039001 1313 1324 1339 1345 1355 1341 1321 1307 1308
545.052979 1304 1331 1337 1344 1345 1330 1316 1305 1307
545.065979 1306 1323 1341 1353 1352 1340 1319 1305 1301
545.078979 1316 1326 1340 1355 1358 1335 1312 1303 1308
545.09198 1305 1321 1332 1355 1361 1350 1320 1307 1306
545.10498 1314 1326 1348 1353 1356 1342 1315 1303 1304
545.117981 1313 1320 1351 1352 1347 1345 1321 1306 1307
545.132019 1312 1315 1355 1347 1358 1343 1328 1316 1307
545.14502 1309 1335 1338 1358 1350 1341 1315 1301 1296
545.15802 1306 1322 1343 1353 1355 1349 1314 1305 1309
545.171021 1315 1327 1344 1355 1349 1343 1313 1312 1318
545.184021 1306 1333 1347 1338 1354 1334 1318 1312 1299
545.197998 1315 1320 1343 1358 1356 1333 1321 1310 1306
545.210999 1311 1318 1332 1351 1356 1333 1322 1311 1304
545.223999 1311 1317 1339 1357 1347 1335 1323 1305 1305
545.237 1310 1330 1341 1350 1350 1331 1318 1305 1306
545.25 1308 1324 1338 1349 1353 1340 1325 1308 1315
545.263 1301 1325 1344 1352 1354 1341 1312 1308 1313
545.276978 1308 1324 1346 1349 1347 1337 1317 1311 1310
545.289978 1309 1320 1340 1347 1342 1336 1323 1305 1305
545.302979 1308 1314 1327 1345 1347 1337 1321 1310 1307
545.315979 1309 1322 1341 1358 1355 1332 1318 1302 1309
545.328979 1319 1320 1329 1350 1346 1344 1314 1302 1315
545.34198 1311 1315 1345 1347 1345 1341 1312 1310 1301
545.356018 1304 1316 1343 1363 1348 1339 1325 1309 1307
545.369019 1307 1323 1340 1355 1357 1329 1315 1304 1305
545.382019 1316 1326 1330 1349 1345 1331 1311 1306 1302
545.39502 1309 1316 1336 1350 1336 1325 1319 1297 1307
545.40802 1310 1323 1338 1341 1342 1335 1321 1306 1309
545.421021 1308 1317 1329 1351 1351 1330 1315 1303 1308
545.434998 1299 1322 1339 1349 1336 1339 1307 1310 1307
545.447998 1306 1314 1327 1337 1345 1335 1315 1305 1305
545.460999 1308 1325 1329 1341 1339 1324 1310 1306 1301
545.473999 1313 1312 1327 1336 1335 1334 1314 1300 1303
545.487 1312 1320 1336 1340 1334 1330 1314 1299 1300
545.5 1307 1320 1337 1322 1336 1331 1315 1299 1304
545.513977 1305 1312 1329 1332 1325 1319 1312 1303 1305
545.526978 1313 1309 1328 1338 1323 1322 1317 1305 1305
545.539978 1309 1311 1325 1352 1327 1322 1318 1306 1309
545.552979 1300 1310 1324 1339 1332 1333 1310 1303 1308
545.565979 1308 1321 1333 1339 1338 1330 1307 1305 1306
545.578979 1303 1315 1338 1337 1333 1324 1309 1297 1307
545.593018 1303 1317 1320 1333 1342 1319 1311 1301 1301
545.606018 1302 1315 1328 1335 1336 1319 1313 1301 1302
545.619019 1307 1309 1333 1334 1340 1325 1314 1311 1308
545.632019 1307 1319 1324 1340 1332 1331 1313 1309 1313
545.64502 1308 1314 1336 1338 1326 1324 1307 1308 1308
545.65802 1310 1307 1322 1338 1332 1325 1312 1300 1296
545.671021 1306 1309 1324 1337 1334 1330 1310 1300 1300
545.684998 1306 1313 1318 1332 1333 1331 1323 1310 1302
545.697998 1306 1318 1325 1332 1324 1328 1316 1302 1304
545.710999 1305 1318 1323 1333 1340 1312 1308 1309 1300
545.723999 1308 1310 1327 1342 1336 1325 1309 1300 1304
545.737 1313 1311 1323 1336 1332 1322 1307 1302 1308
545.75 1309 1312 1330 1330 1340 1324 1307 1298 1303
545.763 1307 1313 1332 1334 1333 1321 1310 1298 1297
545.776978 1305 1322 1325 1334 1331 1321 1307 1300 1301
545.789978 1304 1324 1320 1336 1329 1320 1316 1304 1313
545.802979 1300 1313 1325 1337 1330 1319 1304 1306 1305
545.815979 1311 1310 1316 1330 1333 1312 1308 1303 1305
545.828979 1303 1316 1331 1336 1322 1324 1307 1297 1299
545.84198 1305 1315 1322 1323 1334 1327 1307 1299 1302
545.85498 1298 1311 1328 1332 1332 1327 1303 1304 1302
545.869019 1306 1308 1321 1322 1326 1318 1316 1305 1298
545.882019 1296 1315 1325 1335 1333 1326 1307 1306 1307
545.89502 1301 1313 1315 1333 1330 1319 1310 1303 1302
545.90802 1306 1313 1323 1336 1338 1330 1303 1306 1302
545.921021 1306 1313 1327 1336 1330 1317 1305 1303 1298
545.934021 1310 1307 1326 1331 1330 1331 1314 1306 1305
545.947021 1306 1320 1329 1334 1325 1320 1308 1305 1302
545.960022 1311 1310 1328 1329 1328 1317 1319 1302 1299
545.973999 1309 1311 1323 1331 1330 1311 1314 1301 1307
545.987 1297 1319 1320 1337 1329 1321 1306 1304 1305
546 1307 1319 1311 1325 1325 1316 1306 1303 1301
546.013 1309 1311 1315 1317 1321 1320 1303 1307 1302
546.026001 1306 1317 1325 1329 1328 1314 1311 1295 1304
546.039001 1299 1312 1325 1335 1322 1323 1313 1306 1310
546.052002 1305 1307 1312 1324 1330 1325 1311 1298 1309
546.065002 1301 1307 1321 1332 1319 1318 1315 1304 1301
546.078979 1308 1314 1331 1325 1323 1317 1309 1300 1296
546.09198 1305 1306 1322 1326 1320 1316 1308 1304 1307
546.10498 1304 1314 1325 1322 1325 1325 1312 1304 1302
546.117981 1313 1319 1316 1321 1333 1322 1306 1301 1302
546.130981 1302 1312 1324 1331 1326 1315 1312 1306 1303
546.143982 1299 1311 1317 1327 1324 1314 1303 1305 1304
546.156982 1303 1316 1322 1333 1328 1316 1306 1297 1308
546.169983 1306 1309 1320 1325 1326 1316 1312 1299 1304
546.184021 1304 1306 1317 1323 1326 1331 1315 1295 1300
546.197021 1302 1311 1319 1323 1326 1316 1308 1304 1303
546.210022 1309 1312 1322 1322 1316 1324 1310 1302 1294
546.223022 1300 1316 1320 1327 1323 1318 1308 1302 1302
546.236023 1305 1310 1321 1324 1324 1319 1301 1311 1297
546.249023 1304 1313 1320 1330 1332 1318 1304 1298 1295
546.262024 1309 1305 1322 1323 1331 1310 1306 1307 1304
546.275024 1303 1308 1319 1329 1337 1322 1302 1295 1299
546.289001 1307 1315 1321 1321 1319 1321 1307 1302 1303
546.302002 1303 1309 1321 1337 1337 1318 1307 1304 1298
546.315002 1309 1316 1324 1327 1328 1318 1309 1293 1310
546.328003 1308 1307 1319 1328 1322 1327 1309 1307 1303
546.341003 1296 1305 1317 1325 1330 1319 1306 1297 1306
546.354004 1307 1315 1328 1326 1325 1321 1313 1302 1309
546.367004 1302 1300 1329 1325 1331 1310 1307 1296 1308
546.380005 1305 1310 1327 1324 1329 1323 1304 1300 1293
546.393005 1310 1312 1325 1331 1330 1315 1304 1303 1304
546.406006 1309 1306 1322 1325 1321 1317 1305 1305 1299
546.419983 1304 1314 1321 1323 1319 1320 1306 1300 1305
546.432983 1302 1307 1310 1332 1331 1315 1314 1301 1309
546.445984 1301 1317 1325 1318 1321 1321 1305 1303 1309
546.458984 1306 1311 1315 1319 1317 1314 1305 1305 1303
546.471985 1303 1317 1327 1325 1329 1311 1310 1299 1299
546.484985 1302 1317 1319 1322 1325 1311 1308 1302 1307
546.497986 1301 1311 1308 1328 1316 1318 1307 1298 1301
546.510986 1299 1308 1324 1324 1311 1321 1312 1298 1303
546.523987 1301 1308 1316 1321 1323 1320 1312 1300 1298
546.536987 1300 1305 1317 1324 1319 1314 1313 1307 1304
546.551025 1304 1305 1319 1328 1334 1318 1309 1304 1302
546.564026 1306 1307 1328 1332 1324 1320 1307 1300 1311
546.577026 1300 1309 1313 1328 1320 1316 1312 1297 1305
546.590027 1309 1303 1323 1331 1324 1314 1308 1300 1299
546.603027 1308 1314 1318 1329 1323 1312 1304 1304 1302
546.616028 1304 1306 1322 1323 1322 1312 1305 1310 1300
546.629028 1304 1310 1322 1327 1318 1319 1314 1303 1298
546.642029 1307 1311 1315 1322 1328 1316 1309 1297 1303
546.655029 1308 1307 1315 1328 1326 1317 1310 1303 1303
546.66803 1297 1308 1322 1321 1313 1316 1302 1308 1303
546.682007 1310 1313 1320 1323 1320 1315 1303 1299 1305
546.695007 1305 1315 1312 1318 1323 1318 1307 1300 1304
546.708008 1301 1317 1318 1319 1330 1318 1305 1302 1298
546.721008 1294 1308 1322 1328 1323 1317 1302 1300 1300
546.734009 1311 1307 1316 1334 1322 1315 1308 1300 1303
546.747009 1305 1311 1313 1320 1315 1316 1307 1306 1302
546.76001 1310 1313 1318 1323 1328 1311 1303 1296 1295
546.77301 1300 1312 1311 1329 1321 1313 1301 1303 1298
546.786011 1299 1311 1312 1319 1325 1311 1308 1301 1298
546.799011 1302 1311 1315 1323 1322 1312 1305 1300 1303
546.812012 1310 1313 1321 1322 1327 1317 1305 1307 1306
546.825012 1304 1299 1319 1316 1318 1309 1310 1299 1303
546.838989 1307 1315 1314 1319 1321 1313 1304 1303 1303
546.85199 1302 1306 1310 1310 1321 1323 1297 1301 1303
546.86499 1301 1307 1312 1320 1321 1314 1301 1303 1309
546.877991 1308 1309 1322 1314 1320 1311 1305 1301 1305
546.890991 1301 1310 1317 1327 1312 1304 1306 1304 1307
546.903992 1300 1311 1317 1316 1316 1312 1306 1302 1301
546.916992 1312 1309 1318 1320 1324 1310 1303 1297 1312
546.929993 1310 1314 1317 1313 1319 1309 1308 1300 1299
546.942993 1301 1311 1315 1323 1315 1321 1305 1305 1307
546.955994 1312 1303 1314 1316 1320 1322 1311 1299 1301
546.968994 1299 1315 1320 1320 1313 1315 1304 1302 1307
546.981995 1303 1312 1315 1308 1313 1314 1307 1297 1296
546.994995 1300 1305 1300 1310 1314 1316 1306 1296 1303
547.007996 1310 1320 1318 1320 1323 1311 1302 1303 1303
547.020996 1299 1319 1316 1324 1321 1319 1312 1295 1303
547.034973 1314 1309 1308 1315 1322 1318 1310 1302 1306
547.047974 1307 1314 1304 1321 1324 1317 1309 1307 1300
547.060974 1310 1308 1323 1320 1322 1312 1306 1312 1308
547.073975 1297 1312 1319 1312 1315 1312 1308 1300 1308
547.086975 1321 1306 1326 1330 1315 1314 1315 1303 1301
547.099976 1305 1316 1321 1315 1315 1317 1313 1300 1304
547.112976 1311 1313 1315 1317 1316 1318 1309 1306 1310
547.125977 1308 1313 1313 1320 1316 1317 1308 1304 1311
547.138977 1311 1306 1316 1315 1314 1317 1312 1316 1308
547.151978 1313 1311 1311 1315 1309 1315 1314 1309 1308
547.164978 1302 1318 1315 1318 1313 1321 1309 1311 1313
547.177979 1313 1315 1306 1321 1321 1318 1317 1310 1315
547.190979 1310 1307 1316 1312 1319 1316 1321 1314 1316
547.203979 1307 1312 1308 1317 1322 1315 1332 1320 1315
547.21698 1316 1315 1315 1318 1310 1312 1308 1325 1315
547.22998 1319 1315 1314 1322 1316 1317 1317 1321 1324
547.244019 1306 1312 1306 1312 1319 1320 1318 1309 1312
547.257019 1307 1320 1321 1317 1315 1313 1317 1315 1318
547.27002 1319 1319 1321 1317 1326 1317 1320 1317 1321
547.28302 1319 1315 1316 1316 1315 1315 1318 1318 1320
547.296021 1319 1314 1319 1325 1320 1316 1320 1321 1314
547.309021 1310 1319 1319 1318 1321 1310 1317 1310 1316
547.322021 1321 1316 1319 1315 1321 1317 1309 1321 1317
547.335022 1316 1316 1312 1316 1309 1325 1318 1326 1308
547.348022 1317 1317 1313 1320 1325 1308 1319 1317 1323
547.361023 1315 1313 1324 1311 1318 1319 1319 1318 1321
547.374023 1325 1316 1318 1310 1317 1317 1326 1319 1328
547.387024 1320 1322 1309 1317 1318 1319 1317 1326 1327
547.400024 1319 1315 1316 1314 1318 1321 1322 1329 1326
547.413025 1328 1319 1314 1311 1323 1323 1330 1330 1327
547.426025 1321 1320 1322 1316 1319 1325 1322 1328 1333
547.439026 1330 1323 1315 1315 1313 1324 1325 1336 1340
547.452026 1325 1316 1313 1306 1325 1330 1332 1337 1340
547.465027 1341 1327 1321 1320 1318 1332 1331 1346 1340
547.478027 1334 1337 1315 1307 1318 1326 1348 1354 1341
547.491028 1352 1331 1325 1310 1319 1329 1349 1358 1352
547.504028 1354 1334 1315 1315 1325 1340 1351 1356 1351
547.518005 1360 1339 1325 1318 1326 1343 1363 1381 1372
547.531006 1359 1342 1322 1304 1322 1341 1365 1398 1378
547.544006 1386 1351 1326 1313 1334 1353 1379 1404 1399
547.557007 1397 1372 1332 1319 1326 1370 1405 1423 1388
547.570007 1426 1377 1338 1317 1327 1375 1425 1451 1427
547.583008 1422 1394 1338 1313 1329 1382 1444 1474 1463
547.596008 1465 1414 1359 1323 1339 1405 1487 1525 1489
547.609009 1512 1431 1357 1321 1342 1427 1523 1568 1537
547.622009 1548 1454 1370 1324 1353 1455 1575 1638 1597
547.63501 1623 1522 1380 1329 1362 1490 1624 1705 1686
547.64801 1706 1570 1405 1323 1380 1538 1716 1843 1763
547.661011 1779 1613 1416 1328 1404 1592 1817 1954 1909
547.674011 1886 1667 1444 1336 1413 1661 1889 2087 2021
547.687012 1940 1714 1455 1332 1419 1676 1979 2148 2108
547.700012 2025 1762 1480 1338 1434 1713 2045 2245 2144
547.713013 2042 1771 1484 1335 1427 1727 2085 2291 2224
547.726013 2044 1784 1478 1340 1431 1735 2077 2268 2172
547.739014 1979 1745 1461 1334 1424 1696 2023 2192 2153
547.752014 1909 1678 1451 1335 1417 1701 1974 2124 2073
547.765015 1830 1615 1420 1328 1397 1605 1859 1936 1916
547.778015 1728 1547 1407 1326 1398 1550 1744 1846 1792
547.791016 1642 1540 1387 1322 1365 1487 1643 1735 1706
547.804016 1568 1483 1374 1324 1353 1460 1583 1645 1626
547.817017 1513 1448 1360 1311 1351 1430 1534 1593 1584
547.830017 1483 1414 1352 1320 1338 1419 1473 1526 1529
547.843018 1455 1393 1341 1315 1335 1391 1466 1492 1484
547.856018 1425 1388 1337 1319 1332 1379 1434 1468 1464
547.869019 1419 1380 1329 1316 1330 1366 1437 1430 1443
547.882019 1400 1361 1339 1317 1321 1370 1406 1432 1416
547.89502 1383 1357 1325 1314 1316 1361 1390 1423 1389
547.90802 1383 1343 1332 1313 1318 1365 1381 1388 1397
547.921021 1375 1342 1310 1310 1321 1341 1371 1393 1386
547.934021 1360 1348 1320 1311 1326 1344 1358 1373 1368
547.947021 1353 1335 1323 1317 1316 1336 1362 1370 1367
547.960022 1350 1324 1316 1310 1317 1338 1351 1360 1366
547.973022 1344 1325 1317 1306 1316 1332 1360 1358 1359
547.986023 1335 1337 1316 1309 1318 1332 1340 1347 1344
547.999023 1336 1331 1309 1316 1314 1326 1342 1352 1349
548.012024 1335 1319 1321 1312 1314 1323 1336 1344 1336
548.025024 1326 1333 1316 1310 1318 1331 1335 1337 1346
548.038025 1329 1321 1319 1313 1325 1320 1337 1342 1325
548.051025 1330 1317 1318 1321 1315 1322 1328 1327 1326
548.064026 1327 1324 1314 1330 1310 1326 1324 1328 1338
548.077026 1330 1320 1309 1305 1313 1321 1323 1328 1338
548.090027 1324 1314 1313 1310 1318 1317 1326 1329 1325
548.103027 1323 1316 1312 1310 1312 1315 1328 1324 1323
548.116028 1320 1317 1312 1320 1312 1319 1318 1323 1319
548.129028 1321 1318 1317 1313 1323 1323 1321 1324 1325
548.142029 1318 1314 1312 1309 1323 1320 1317 1325 1318
548.155029 1315 1312 1307 1315 1320 1318 1326 1325 1311
548.16803 1309 1314 1309 1306 1315 1319 1316 1319 1322
548.18103 1314 1313 1308 1301 1312 1318 1318 1318 1310
548.19397 1309 1306 1305 1302 1314 1312 1312 1317 1315
548.20697 1305 1303 1308 1309 1311 1314 1317 1314 1303
548.219971 1318 1312 1309 1311 1314 1310 1314 1318 1314
548.232971 1311 1313 1311 1312 1308 1314 1316 1307 1317
548.245972 1312 1309 1311 1308 1315 1313 1313 1317 1311
548.258972 1311 1304 1314 1312 1311 1316 1319 1311 1306
548.271973 1310 1309 1302 1314 1309 1318 1310 1310 1314
548.284973 1308 1303 1312 1308 1316 1320 1315 1305 1306
548.297974 1304 1302 1311 1304 1314 1313 1301 1316 1299
548.310974 1311 1306 1305 1313 1309 1308 1305 1309 1312
548.323975 1310 1316 1310 1313 1320 1308 1319 1308 1305
548.336975 1303 1314 1317 1321 1310 1313 1303 1312 1309
548.349976 1309 1311 1308 1313 1315 1304 1307 1309 1306
548.362976 1308 1306 1301 1315 1307 1317 1313 1308 1300
548.375977 1312 1307 1307 1314 1316 1320 1315 1304 1304
548.388977 1302 1304 1318 1306 1304 1310 1303 1307 1308
548.401978 1303 1304 1302 1318 1314 1313 1306 1307 1307
548.414978 1306 1305 1308 1308 1316 1320 1303 1303 1313
548.427979 1301 1312 1311 1311 1316 1307 1310 1310 1308
548.440979 1303 1304 1305 1319 1302 1309 1311 1310 1303
548.453979 1306 1308 1310 1306 1313 1311 1307 1307 1300
548.46698 1302 1308 1309 1310 1306 1314 1306 1305 1303
548.47998 1303 1298 1309 1302 1314 1311 1311 1299 1305
548.492981 1302 1304 1304 1309 1308 1304 1300 1309 1307
548.505981 1304 1303 1301 1319 1314 1309 1301 1307 1300
548.518982 1297 1306 1309 1305 1306 1306 1297 1303 1305
548.531982 1300 1305 1309 1312 1316 1312 1304 1296 1300
548.544983 1302 1306 1299 1310 1309 1317 1295 1301 1304
548.557983 1303 1304 1307 1307 1311 1310 1305 1295 1300
548.570984 1310 1304 1311 1309 1304 1309 1308 1295 1311
548.583984 1304 1300 1314 1312 1317 1306 1305 1298 1304
548.596985 1298 1301 1309 1313 1313 1309 1307 1304 1300
548.609985 1305 1307 1311 1306 1309 1307 1305 1292 1300
548.622986 1302 1308 1311 1314 1307 1307 1306 1301 1295
548.635986 1302 1306 1301 1307 1312 1306 1298 1302 1301
548.648987 1302 1299 1305 1310 1312 1310 1304 1298 1304
548.661987 1301 1304 1310 1313 1314 1305 1299 1300 1305
548.674988 1296 1300 1315 1311 1316 1306 1302 1301 1299
548.687988 1306 1310 1313 1306 1314 1308 1299 1300 1306
548.700989 1299 1300 1307 1312 1307 1309 1315 1303 1293
548.713989 1299 1305 1317 1306 1308 1307 1303 1294 1297
548.72699 1302 1306 1323 1313 1310 1320 1306 1303 1296
548.739014 1300 1309 1306 1307 1316 1313 1306 1304 1302
