0 11.25 22.5 33.75 45 56.25 67.5 78.75 90
828.851013 1672 1677 1690 1693 1683 1686 1675 1675 1683
828.870972 1673 1672 1671 1693 1692 1673 1685 1676 1668
828.890991 1674 1685 1691 1676 1692 1679 1680 1667 1677
828.911987 1680 1671 1680 1683 1682 1685 1683 1672 1673
828.932007 1671 1673 1672 1678 1687 1681 1666 1678 1672
828.953003 1675 1676 1683 1690 1692 1678 1681 1684 1666
828.973022 1661 1663 1685 1686 1678 1678 1679 1671 1675
828.994019 1668 1671 1678 1678 1679 1681 1675 1668 1664
829.013977 1672 1665 1667 1675 1680 1683 1673 1671 1672
829.034973 1664 1673 1683 1685 1679 1669 1675 1655 1660
829.054993 1667 1672 1676 1671 1666 1667 1667 1666 1661
829.075012 1657 1672 1669 1673 1675 1682 1661 1667 1664
829.096008 1662 1662 1685 1676 1675 1677 1674 1666 1667
829.116028 1661 1668 1669 1676 1681 1669 1662 1661 1666
829.137024 1663 1672 1674 1682 1685 1677 1659 1661 1665
829.156982 1656 1668 1667 1665 1683 1676 1669 1662 1665
829.177979 1670 1660 1674 1675 1673 1676 1662 1664 1657
829.197998 1672 1664 1677 1678 1670 1674 1673 1663 1658
829.218994 1658 1656 1678 1662 1684 1669 1663 1656 1655
829.239014 1663 1665 1669 1678 1667 1666 1663 1657 1658
829.258972 1654 1657 1669 1678 1680 1670 1662 1659 1658
829.280029 1656 1659 1669 1676 1674 1671 1663 1662 1647
829.299988 1663 1655 1663 1669 1661 1662 1663 1665 1653
829.320984 1659 1661 1670 1674 1668 1670 1658 1647 1660
829.341003 1659 1665 1660 1689 1673 1670 1660 1655 1655
829.362 1655 1665 1665 1671 1675 1667 1662 1651 1661
829.382019 1654 1654 1669 1665 1670 1661 1662 1656 1665
829.401978 1663 1661 1658 1663 1671 1659 1673 1661 1656
829.422974 1663 1656 1670 1673 1669 1672 1663 1669 1652
829.442993 1658 1660 1669 1667 1663 1667 1659 1661 1660
829.463989 1655 1655 1672 1672 1675 1669 1660 1660 1665
829.484009 1658 1674 1664 1666 1667 1658 1658 1660 1665
829.505005 1656 1658 1669 1670 1672 1662 1658 1661 1664
829.525024 1654 1656 1677 1657 1677 1676 1668 1661 1659
829.544983 1655 1669 1668 1668 1670 1668 1665 1659 1668
829.565979 1663 1671 1667 1670 1673 1668 1659 1662 1656
829.585999 1656 1658 1669 1666 1675 1662 1664 1667 1657
829.606995 1656 1662 1668 1674 1675 1672 1666 1666 1657
829.627014 1655 1668 1665 1665 1672 1670 1664 1662 1657
829.64801 1654 1674 1673 1675 1668 1665 1661 1664 1667
829.66803 1666 1657 1670 1668 1668 1674 1668 1664 1661
829.687988 1663 1665 1665 1666 1677 1670 1662 1659 1653
829.708984 1650 1661 1666 1668 1668 1665 1665 1668 1667
829.729004 1656 1666 1671 1672 1680 1668 1655 1660 1661
829.75 1658 1667 1666 1676 1672 1672 1664 1664 1651
829.77002 1662 1668 1666 1678 1675 1672 1662 1672 1655
829.791016 1659 1660 1667 1674 1677 1668 1663 1661 1662
829.810974 1659 1662 1661 1667 1676 1667 1663 1659 1659
829.830994 1659 1660 1667 1670 1672 1666 1667 1665 1660
829.85199 1658 1667 1673 1675 1678 1669 1664 1655 1672
829.872009 1658 1666 1671 1677 1668 1671 1675 1665 1665
829.893005 1661 1659 1673 1665 1676 1673 1662 1662 1659
829.913025 1653 1676 1666 1677 1676 1675 1664 1659 1662
829.932983 1667 1664 1668 1683 1678 1669 1664 1671 1668
829.953979 1661 1667 1661 1680 1682 1674 1670 1666 1669
829.973999 1656 1663 1674 1673 1672 1677 1670 1665 1671
829.994995 1671 1670 1669 1674 1678 1677 1676 1660 1670
830.015015 1668 1673 1675 1673 1671 1674 1665 1664 1664
830.036011 1665 1676 1675 1672 1689 1680 1670 1666 1666
830.05603 1672 1664 1678 1675 1678 1672 1674 1670 1675
830.075989 1659 1665 1674 1695 1679 1686 1675 1663 1668
830.096985 1687 1672 1686 1687 1676 1686 1680 1670 1663
830.117004 1669 1673 1683 1679 1679 1677 1685 1664 1673
830.138 1676 1683 1670 1696 1685 1684 1673 1680 1676
830.15802 1672 1677 1681 1675 1685 1690 1680 1676 1675
830.177979 1680 1681 1689 1692 1694 1677 1684 1671 1669
830.198975 1683 1679 1692 1692 1694 1690 1676 1678 1685
830.218994 1671 1681 1683 1690 1690 1678 1685 1684 1673
830.23999 1666 1688 1694 1694 1685 1680 1694 1667 1669
830.26001 1677 1678 1682 1683 1690 1690 1672 1677 1679
830.280029 1673 1669 1679 1682 1689 1691 1676 1679 1681
830.301025 1680 1683 1690 1688 1696 1687 1682 1681 1675
830.320984 1691 1683 1693 1678 1693 1692 1678 1680 1669
830.34198 1672 1678 1682 1685 1681 1677 1677 1667 1681
830.362 1666 1668 1688 1697 1685 1690 1677 1667 1669
830.382996 1671 1689 1682 1691 1697 1681 1672 1674 1674
830.403015 1673 1679 1683 1688 1692 1686 1679 1674 1674
830.422974 1661 1682 1683 1692 1691 1688 1678 1672 1675
830.44397 1671 1679 1696 1692 1691 1693 1692 1674 1676
830.463989 1676 1675 1685 1692 1699 1698 1688 1680 1686
830.484009 1676 1675 1683 1686 1686 1690 1674 1687 1669
830.505005 1677 1683 1683 1683 1686 1687 1683 1683 1674
830.525024 1669 1686 1691 1690 1683 1690 1676 1674 1675
830.546021 1678 1674 1680 1692 1681 1685 1674 1676 1683
830.565979 1666 1680 1687 1692 1701 1683 1674 1673 1668
830.585999 1670 1682 1683 1695 1689 1675 1674 1682 1681
830.606995 1673 1671 1683 1685 1687 1687 1669 1677 1669
830.627014 1681 1686 1685 1687 1686 1680 1686 1675 1676
830.64801 1664 1680 1687 1684 1682 1677 1678 1682 1673
830.66803 1670 1672 1677 1691 1679 1683 1676 1674 1670
830.687988 1668 1674 1679 1689 1689 1676 1672 1664 1668
830.708984 1663 1674 1675 1695 1679 1681 1676 1671 1678
830.729004 1662 1682 1677 1700 1687 1680 1677 1672 1668
830.75 1675 1669 1677 1689 1693 1677 1681 1668 1663
830.77002 1665 1668 1681 1685 1688 1669 1669 1672 1667
830.789978 1675 1681 1679 1690 1684 1672 1679 1668 1677
830.810974 1655 1680 1686 1680 1687 1678 1688 1666 1659
830.830994 1672 1678 1675 1671 1694 1679 1678 1666 1660
830.85199 1662 1672 1680 1678 1680 1682 1676 1664 1666
830.872009 1663 1674 1683 1672 1675 1672 1679 1676 1664
830.892029 1669 1662 1677 1680 1681 1677 1669 1672 1671
830.913025 1675 1675 1679 1678 1678 1675 1676 1666 1680
830.932983 1657 1669 1675 1680 1680 1672 1675 1660 1665
830.953979 1668 1671 1684 1686 1678 1680 1685 1659 1667
830.973999 1662 1664 1676 1678 1681 1686 1668 1665 1665
830.994019 1662 1671 1677 1672 1678 1676 1669 1667 1669
831.015015 1660 1658 1679 1676 1674 1673 1676 1660 1666
831.034973 1656 1669 1663 1684 1676 1676 1674 1656 1669
831.054993 1654 1670 1666 1688 1661 1674 1673 1661 1662
831.075989 1660 1657 1670 1673 1676 1673 1664 1660 1660
831.096008 1660 1662 1667 1669 1666 1668 1671 1665 1661
831.117004 1667 1663 1665 1663 1670 1669 1669 1653 1651
831.137024 1663 1660 1669 1674 1686 1668 1666 1659 1674
831.156982 1662 1666 1677 1666 1680 1666 1669 1666 1667
831.177979 1664 1662 1669 1683 1675 1675 1663 1664 1662
831.197998 1657 1669 1674 1673 1680 1668 1672 1665 1665
831.218994 1667 1666 1675 1671 1671 1678 1667 1661 1659
831.239014 1663 1661 1675 1684 1683 1670 1667 1653 1665
831.258972 1660 1665 1663 1673 1673 1667 1667 1657 1665
831.280029 1654 1658 1673 1676 1671 1666 1668 1658 1664
831.299988 1653 1656 1664 1682 1678 1673 1662 1657 1660
831.320007 1660 1660 1667 1659 1680 1678 1673 1665 1659
831.341003 1661 1657 1672 1676 1671 1668 1664 1666 1665
831.361023 1655 1659 1671 1673 1677 1669 1661 1681 1668
831.382019 1667 1663 1671 1676 1676 1669 1678 1660 1664
831.401978 1672 1667 1671 1680 1669 1671 1671 1660 1662
831.421997 1667 1672 1675 1683 1673 1672 1663 1662 1666
831.442993 1653 1659 1667 1675 1678 1683 1667 1664 1662
831.463013 1662 1664 1670 1679 1678 1681 1660 1660 1665
831.482971 1664 1672 1671 1667 1670 1674 1673 1661 1671
831.504028 1661 1677 1664 1677 1675 1672 1670 1665 1658
831.523987 1655 1673 1674 1679 1676 1676 1666 1665 1661
831.544983 1649 1675 1674 1676 1683 1672 1680 1662 1666
831.565002 1662 1675 1669 1675 1681 1672 1667 1670 1661
831.585022 1676 1659 1673 1681 1668 1669 1666 1667 1663
831.606018 1663 1664 1673 1685 1679 1674 1671 1662 1670
831.625977 1662 1666 1676 1685 1674 1679 1677 1661 1660
831.645996 1660 1667 1678 1682 1684 1680 1675 1668 1661
831.666992 1667 1658 1663 1682 1680 1681 1671 1663 1659
831.687012 1672 1661 1674 1680 1675 1673 1670 1658 1666
831.708008 1662 1666 1675 1678 1678 1681 1677 1674 1669
831.728027 1670 1665 1680 1671 1682 1676 1681 1661 1665
831.747986 1672 1664 1676 1682 1668 1680 1664 1668 1656
831.768982 1667 1679 1676 1674 1682 1674 1672 1661 1659
831.789001 1668 1670 1676 1680 1684 1681 1669 1667 1666
831.809021 1680 1672 1676 1675 1671 1690 1662 1668 1674
831.830017 1673 1671 1674 1685 1669 1678 1680 1662 1668
831.849976 1662 1660 1673 1682 1673 1674 1677 1665 1671
831.869995 1659 1675 1676 1679 1677 1670 1670 1668 1662
831.890991 1674 1678 1681 1675 1679 1680 1682 1667 1663
831.911011 1662 1674 1681 1678 1695 1672 1680 1664 1667
831.932007 1665 1668 1687 1689 1687 1667 1680 1683 1676
831.952026 1660 1674 1676 1673 1678 1684 1667 1680 1670
831.971985 1664 1670 1674 1680 1683 1680 1679 1675 1675
831.992981 1674 1677 1673 1687 1683 1683 1692 1661 1672
832.013 1686 1676 1692 1690 1697 1682 1678 1670 1673
832.03302 1672 1666 1676 1689 1691 1675 1678 1666 1675
832.054016 1681 1675 1681 1680 1679 1681 1686 1674 1675
832.073975 1673 1676 1683 1676 1686 1685 1689 1669 1674
832.093994 1671 1672 1686 1696 1691 1681 1685 1679 1666
832.11499 1668 1674 1683 1687 1684 1682 1678 1678 1657
832.13501 1685 1680 1688 1688 1695 1688 1680 1669 1665
832.155029 1668 1679 1683 1697 1689 1685 1679 1666 1675
832.176025 1685 1674 1690 1686 1684 1688 1683 1685 1678
832.195984 1668 1671 1675 1687 1687 1681 1679 1684 1672
832.216003 1679 1682 1677 1687 1695 1688 1679 1674 1683
832.237 1669 1682 1681 1693 1691 1682 1680 1684 1669
832.257019 1680 1676 1679 1690 1684 1683 1685 1678 1671
832.278015 1673 1678 1687 1688 1685 1684 1686 1684 1678
832.297974 1682 1680 1685 1694 1693 1684 1687 1679 1672
832.317993 1678 1677 1688 1692 1692 1693 1683 1673 1680
832.338989 1678 1681 1686 1696 1694 1689 1682 1671 1684
832.359009 1683 1676 1675 1689 1692 1689 1687 1677 1673
832.379028 1668 1678 1691 1697 1687 1689 1679 1683 1688
832.400024 1681 1679 1680 1697 1693 1687 1677 1677 1680
832.419983 1678 1687 1689 1684 1696 1689 1678 1687 1673
832.440002 1682 1685 1691 1698 1703 1690 1685 1684 1681
832.460999 1692 1699 1689 1685 1701 1689 1682 1680 1672
832.481018 1681 1688 1697 1681 1700 1698 1692 1690 1682
832.500977 1675 1690 1685 1694 1697 1699 1683 1670 1682
832.521973 1674 1683 1691 1700 1696 1692 1684 1678 1689
832.541992 1675 1684 1692 1692 1688 1686 1684 1682 1684
832.562012 1678 1687 1696 1691 1687 1690 1697 1680 1679
832.583008 1667 1683 1690 1694 1687 1691 1685 1683 1674
832.603027 1676 1683 1685 1697 1695 1695 1687 1685 1677
832.622986 1679 1690 1693 1690 1699 1692 1680 1679 1676
832.643982 1674 1678 1697 1686 1694 1688 1681 1691 1689
832.664001 1672 1691 1687 1691 1687 1696 1693 1683 1676
832.684021 1685 1673 1688 1694 1695 1679 1692 1680 1674
832.705017 1690 1680 1693 1684 1688 1696 1691 1677 1671
832.724976 1674 1680 1689 1698 1693 1686 1677 1681 1672
832.744995 1681 1680 1675 1678 1695 1680 1677 1677 1678
832.765991 1666 1679 1685 1684 1691 1682 1680 1675 1669
832.786011 1672 1682 1686 1685 1688 1688 1678 1669 1666
832.80603 1674 1682 1696 1694 1688 1679 1678 1667 1673
832.827026 1683 1686 1686 1682 1688 1684 1679 1674 1670
832.846985 1670 1678 1677 1696 1691 1680 1687 1679 1676
832.867004 1673 1683 1687 1682 1689 1684 1686 1675 1670
832.888 1667 1679 1694 1677 1687 1678 1684 1670 1690
832.90802 1672 1681 1695 1690 1675 1681 1687 1668 1678
832.927979 1672 1677 1686 1684 1680 1675 1680 1682 1666
832.948975 1677 1670 1685 1686 1688 1679 1676 1669 1675
832.968994 1664 1674 1674 1673 1685 1684 1680 1679 1672
832.989014 1669 1679 1682 1691 1677 1674 1679 1678 1663
833.01001 1670 1674 1673 1685 1697 1682 1681 1683 1676
833.030029 1666 1672 1686 1688 1689 1683 1679 1668 1675
833.049988 1664 1669 1690 1685 1688 1684 1683 1677 1663
833.070984 1671 1682 1674 1684 1676 1678 1670 1676 1677
833.091003 1667 1677 1684 1687 1683 1684 1680 1673 1676
833.111023 1666 1674 1692 1668 1682 1675 1666 1673 1666
833.132019 1662 1667 1672 1684 1679 1674 1676 1670 1667
833.151978 1670 1670 1681 1682 1687 1683 1671 1666 1674
833.171997 1664 1673 1685 1689 1685 1682 1666 1672 1671
833.192993 1668 1672 1675 1680 1693 1686 1666 1662 1659
833.213013 1657 1659 1671 1688 1684 1679 1684 1664 1667
833.232971 1665 1662 1672 1682 1673 1681 1665 1666 1673
833.254028 1672 1671 1682 1678 1677 1683 1672 1667 1670
833.273987 1678 1669 1673 1687 1683 1685 1661 1665 1664
833.294006 1653 1664 1669 1676 1676 1673 1671 1669 1672
833.315002 1666 1675 1674 1681 1687 1675 1671 1671 1676
833.335022 1662 1664 1678 1675 1673 1677 1666 1664 1668
833.35498 1657 1667 1672 1681 1670 1677 1669 1667 1665
833.375977 1662 1673 1674 1674 1676 1680 1675 1671 1671
833.395996 1663 1665 1675 1682 1668 1681 1674 1674 1660
833.416016 1653 1672 1677 1679 1678 1683 1665 1681 1663
833.437012 1678 1676 1673 1674 1674 1683 1660 1663 1672
833.45697 1668 1664 1666 1691 1678 1676 1673 1668 1670
833.47699 1667 1677 1668 1672 1681 1667 1671 1669 1661
833.497009 1665 1658 1669 1675 1686 1677 1658 1666 1658
833.518005 1673 1669 1676 1683 1685 1672 1668 1666 1664
833.538025 1659 1658 1670 1670 1685 1692 1667 1674 1675
833.557983 1662 1675 1679 1670 1676 1672 1666 1656 1660
833.578979 1657 1669 1665 1674 1682 1667 1666 1663 1664
833.598999 1657 1672 1678 1676 1676 1682 1666 1664 1661
833.619019 1664 1668 1677 1682 1673 1671 1673 1662 1666
833.640015 1667 1675 1681 1679 1680 1666 1658 1670 1658
833.659973 1664 1664 1678 1674 1668 1669 1669 1670 1666
833.679993 1662 1664 1674 1685 1681 1670 1667 1658 1667
833.700989 1663 1669 1664 1683 1670 1677 1666 1666 1671
833.721008 1663 1685 1681 1678 1685 1680 1665 1666 1667
833.741028 1664 1669 1678 1670 1677 1671 1670 1665 1671
833.762024 1660 1675 1680 1681 1673 1666 1673 1654 1664
833.781982 1664 1676 1679 1675 1681 1681 1671 1665 1657
833.802002 1662 1666 1672 1669 1681 1676 1685 1667 1666
833.822021 1669 1668 1667 1672 1677 1674 1677 1661 1659
833.843018 1667 1675 1670 1679 1671 1677 1670 1656 1672
833.862976 1663 1670 1679 1671 1685 1678 1671 1657 1668
833.882996 1660 1660 1682 1682 1681 1675 1674 1672 1672
833.903992 1667 1668 1675 1675 1680 1674 1677 1663 1668
833.924011 1667 1669 1671 1680 1681 1676 1674 1666 1671
833.94397 1670 1671 1675 1678 1688 1673 1665 1664 1663
833.965027 1661 1662 1678 1672 1681 1673 1666 1671 1670
833.984985 1651 1677 1676 1679 1676 1673 1660 1668 1659
834.005005 1662 1677 1671 1673 1679 1681 1674 1665 1664
834.026001 1664 1657 1669 1677 1679 1674 1669 1657 1670
834.046021 1670 1671 1673 1678 1668 1675 1664 1659 1666
834.065979 1662 1666 1661 1679 1677 1677 1666 1664 1668
834.085999 1673 1665 1669 1686 1682 1670 1683 1670 1666
834.106995 1661 1668 1674 1678 1679 1678 1671 1667 1667
834.127014 1657 1661 1676 1674 1680 1680 1669 1672 1668
834.146973 1650 1663 1675 1679 1677 1680 1660 1668 1659
834.16803 1671 1673 1679 1680 1677 1680 1678 1667 1657
834.187988 1664 1672 1671 1669 1678 1678 1673 1669 1671
834.208008 1657 1659 1674 1682 1681 1683 1666 1666 1667
834.228027 1668 1668 1671 1670 1683 1672 1671 1666 1657
834.249023 1661 1669 1678 1669 1674 1663 1668 1672 1666
834.268982 1665 1672 1670 1688 1683 1678 1662 1668 1668
834.289001 1675 1674 1672 1685 1679 1683 1670 1662 1662
834.309998 1662 1661 1674 1684 1674 1680 1680 1671 1669
834.330017 1671 1670 1672 1681 1668 1678 1677 1663 1656
834.349976 1659 1677 1683 1681 1675 1685 1671 1671 1660
834.369995 1665 1675 1670 1678 1688 1666 1674 1672 1662
834.390991 1664 1664 1677 1679 1675 1669 1673 1660 1662
834.411011 1662 1665 1677 1678 1682 1679 1669 1663 1658
834.43103 1662 1669 1685 1697 1688 1666 1667 1659 1665
834.452026 1655 1674 1672 1674 1678 1672 1665 1676 1668
834.471985 1663 1668 1677 1669 1679 1673 1673 1668 1668
834.492004 1665 1665 1670 1683 1690 1681 1674 1671 1679
834.513 1664 1664 1676 1691 1687 1677 1665 1665 1673
834.53302 1658 1672 1691 1685 1678 1669 1670 1668 1667
834.552979 1662 1680 1685 1686 1670 1677 1670 1656 1661
834.572998 1667 1677 1676 1686 1679 1677 1671 1679 1673
834.593994 1666 1667 1680 1682 1686 1688 1670 1675 1684
834.614014 1660 1670 1681 1690 1674 1662 1683 1667 1670
834.633972 1672 1678 1667 1681 1685 1680 1675 1665 1665
834.653992 1672 1666 1678 1679 1689 1677 1675 1669 1671
834.674988 1665 1671 1684 1675 1675 1692 1667 1669 1661
834.695007 1667 1669 1680 1679 1681 1675 1674 1668 1662
834.715027 1671 1672 1683 1687 1687 1674 1669 1676 1673
834.736023 1671 1676 1684 1694 1683 1676 1669 1671 1668
834.755981 1668 1668 1688 1690 1688 1673 1672 1677 1670
834.776001 1666 1684 1678 1683 1685 1681 1680 1675 1669
834.796021 1675 1681 1684 1685 1694 1684 1674 1674 1670
834.817017 1676 1676 1687 1686 1685 1684 1679 1674 1676
834.836975 1662 1667 1675 1680 1689 1683 1676 1686 1672
834.856995 1667 1670 1682 1686 1686 1686 1680 1673 1674
834.877991 1662 1680 1689 1680 1680 1685 1677 1674 1676
834.89801 1669 1673 1688 1688 1683 1682 1687 1682 1672
834.91803 1669 1690 1678 1681 1691 1685 1680 1686 1676
834.937988 1671 1683 1693 1684 1689 1686 1679 1678 1675
834.958984 1676 1680 1683 1681 1678 1686 1669 1675 1674
834.979004 1687 1673 1683 1697 1690 1692 1683 1685 1677
834.999023 1667 1678 1691 1684 1701 1685 1678 1679 1688
835.018982 1686 1682 1677 1696 1686 1677 1673 1677 1675
835.039978 1676 1676 1686 1688 1681 1680 1677 1676 1672
835.059998 1678 1688 1686 1680 1688 1695 1679 1672 1673
835.080017 1668 1667 1686 1686 1688 1690 1679 1672 1681
835.101013 1671 1668 1687 1694 1690 1695 1686 1672 1681
835.120972 1678 1683 1682 1699 1687 1681 1679 1669 1682
835.140991 1694 1672 1689 1689 1689 1695 1679 1673 1677
835.161011 1674 1689 1679 1678 1694 1687 1670 1677 1682
835.182007 1671 1681 1673 1692 1688 1689 1678 1667 1677
835.202026 1682 1671 1683 1692 1676 1698 1682 1670 1683
835.221985 1673 1664 1687 1686 1682 1689 1687 1675 1676
835.242004 1670 1683 1687 1678 1695 1681 1674 1684 1675
835.263 1674 1685 1681 1686 1688 1689 1690 1678 1665
835.28302 1666 1683 1682 1688 1693 1684 1672 1678 1684
835.302979 1676 1687 1677 1688 1681 1681 1682 1681 1671
835.322998 1684 1677 1680 1676 1691 1690 1679 1682 1689
835.343994 1671 1682 1689 1692 1688 1690 1683 1676 1683
835.364014 1676 1682 1682 1688 1686 1684 1681 1674 1676
835.383972 1676 1684 1678 1687 1694 1678 1678 1669 1667
835.403992 1675 1672 1675 1693 1693 1689 1680 1678 1690
835.424988 1678 1671 1689 1692 1688 1689 1679 1672 1663
835.445007 1669 1672 1672 1684 1693 1683 1669 1672 1684
835.465027 1678 1677 1690 1695 1693 1683 1677 1672 1673
835.486023 1666 1676 1689 1684 1688 1689 1675 1666 1665
835.505981 1676 1669 1689 1691 1687 1679 1678 1670 1674
835.526001 1673 1674 1686 1682 1683 1689 1687 1670 1666
835.546021 1675 1677 1692 1691 1689 1683 1677 1676 1673
835.567017 1676 1673 1683 1690 1692 1678 1677 1675 1670
835.586975 1667 1680 1684 1682 1690 1677 1674 1677 1674
835.606995 1658 1674 1689 1679 1693 1676 1673 1678 1673
835.627014 1669 1679 1679 1672 1674 1678 1673 1678 1678
835.64801 1676 1675 1683 1693 1679 1683 1677 1677 1674
835.66803 1674 1686 1676 1676 1678 1687 1674 1676 1671
835.687988 1667 1671 1682 1688 1686 1683 1678 1678 1670
835.708008 1678 1667 1689 1680 1692 1683 1677 1668 1671
835.729004 1672 1685 1685 1685 1688 1683 1675 1672 1675
835.749023 1670 1673 1686 1678 1689 1681 1681 1675 1657
835.768982 1668 1678 1693 1689 1687 1684 1678 1679 1673
835.789001 1684 1679 1687 1680 1693 1686 1674 1684 1668
835.809998 1679 1675 1680 1678 1692 1683 1682 1669 1672
835.830017 1679 1684 1688 1689 1691 1685 1678 1676 1668
835.849976 1674 1684 1686 1684 1690 1680 1682 1681 1672
835.869995 1674 1668 1684 1699 1697 1677 1690 1684 1685
835.890991 1680 1677 1686 1686 1689 1678 1676 1693 1678
835.911011 1679 1682 1683 1699 1688 1682 1690 1680 1674
835.93103 1675 1669 1678 1685 1679 1684 1684 1673 1674
835.950989 1681 1690 1684 1687 1693 1689 1689 1671 1675
835.971985 1678 1685 1684 1693 1683 1679 1687 1676 1681
835.992004 1687 1679 1690 1687 1696 1694 1674 1667 1679
836.012024 1682 1683 1693 1688 1694 1682 1682 1684 1678
836.031982 1678 1679 1691 1701 1692 1693 1686 1679 1674
836.052002 1680 1694 1692 1679 1695 1688 1692 1686 1677
836.072998 1687 1689 1689 1695 1692 1693 1685 1679 1672
836.093018 1670 1682 1688 1685 1698 1690 1685 1677 1680
836.112976 1673 1686 1692 1696 1688 1677 1687 1686 1676
836.132996 1682 1683 1684 1700 1696 1694 1690 1662 1683
836.153992 1676 1685 1689 1687 1687 1686 1682 1679 1675
836.174011 1668 1691 1692 1694 1689 1680 1681 1681 1681
836.19397 1668 1676 1683 1689 1691 1696 1679 1678 1678
836.213989 1673 1677 1690 1692 1683 1685 1677 1681 1678
836.234985 1677 1683 1683 1687 1688 1680 1680 1679 1674
836.255005 1675 1675 1688 1683 1681 1694 1678 1677 1679
836.275024 1680 1686 1682 1699 1686 1690 1689 1673 1675
836.294983 1674 1676 1691 1684 1685 1685 1679 1684 1681
836.315979 1668 1681 1679 1682 1678 1688 1678 1679 1674
836.335999 1668 1677 1683 1680 1684 1677 1678 1666 1674
836.356018 1666 1685 1685 1691 1694 1689 1686 1672 1675
836.375977 1678 1674 1672 1690 1686 1680 1687 1677 1676
836.395996 1670 1681 1684 1683 1685 1685 1683 1685 1674
836.416992 1675 1680 1687 1674 1685 1683 1681 1674 1676
836.437012 1666 1688 1684 1681 1689 1677 1671 1671 1670
836.45697 1669 1683 1680 1690 1688 1689 1677 1670 1683
836.47699 1681 1675 1678 1689 1676 1686 1684 1670 1680
836.497986 1670 1685 1680 1686 1687 1676 1685 1677 1668
836.518005 1683 1680 1682 1687 1668 1690 1676 1680 1668
836.538025 1677 1679 1682 1686 1689 1683 1671 1665 1679
836.557983 1684 1683 1687 1689 1697 1690 1683 1673 1674
836.578979 1673 1672 1685 1679 1682 1682 1678 1661 1672
836.598999 1676 1683 1685 1690 1694 1693 1681 1674 1662
836.619019 1668 1683 1676 1682 1699 1677 1676 1675 1677
836.638977 1681 1678 1684 1691 1679 1690 1679 1673 1673
836.658997 1679 1680 1680 1692 1687 1691 1683 1677 1675
836.679993 1669 1683 1700 1690 1683 1689 1681 1687 1675
836.700012 1669 1678 1684 1687 1696 1683 1679 1671 1684
836.719971 1676 1669 1684 1683 1688 1681 1680 1677 1683
836.73999 1668 1679 1683 1692 1687 1684 1676 1686 1683
836.760986 1676 1671 1684 1686 1697 1684 1691 1674 1682
836.781006 1671 1674 1684 1675 1683 1682 1678 1678 1679
836.801025 1676 1686 1683 1673 1682 1685 1679 1669 1686
836.820984 1677 1676 1683 1695 1689 1683 1682 1674 1681
836.841003 1673 1676 1673 1686 1682 1678 1688 1680 1666
836.862 1666 1673 1682 1687 1680 1676 1676 1670 1680
836.882019 1671 1677 1680 1691 1680 1682 1689 1687 1679
836.901978 1678 1677 1691 1691 1707 1679 1679 1683 1679
836.921997 1688 1688 1683 1685 1686 1687 1679 1676 1681
836.942993 1687 1681 1684 1689 1686 1694 1692 1682 1675
836.963013 1687 1686 1688 1691 1689 1691 1695 1680 1682
836.982971 1684 1684 1686 1688 1689 1691 1685 1681 1684
837.002991 1685 1678 1690 1690 1694 1690 1685 1673 1675
837.02301 1681 1685 1691 1690 1697 1699 1698 1686 1684
837.044006 1692 1684 1689 1690 1683 1703 1696 1693 1683
837.064026 1677 1689 1698 1694 1686 1684 1699 1683 1689
837.083984 1686 1687 1692 1698 1695 1692 1696 1683 1682
837.104004 1678 1683 1703 1696 1691 1700 1698 1685 1689
837.124023 1683 1692 1699 1702 1694 1690 1686 1696 1685
837.14502 1690 1690 1690 1699 1693 1705 1682 1683 1679
837.164978 1688 1682 1692 1682 1695 1703 1685 1685 1689
837.184998 1687 1698 1702 1692 1691 1689 1703 1681 1689
837.205017 1689 1695 1696 1705 1690 1690 1690 1680 1695
837.224976 1681 1693 1689 1702 1691 1685 1691 1678 1683
837.245972 1682 1698 1691 1695 1701 1700 1688 1689 1686
837.265991 1684 1681 1693 1702 1699 1699 1697 1693 1692
837.286011 1691 1679 1691 1698 1695 1702 1695 1693 1682
837.30603 1684 1689 1687 1694 1703 1693 1682 1686 1687
837.325989 1691 1689 1689 1699 1700 1697 1681 1688 1685
837.346985 1679 1690 1685 1696 1697 1680 1691 1693 1689
837.367004 1681 1685 1693 1689 1693 1689 1700 1683 1676
837.387024 1685 1681 1690 1704 1698 1681 1680 1680 1683
837.406982 1682 1676 1688 1702 1699 1700 1683 1686 1674
837.427002 1684 1680 1697 1694 1688 1707 1688 1690 1686
837.447998 1689 1685 1696 1690 1690 1696 1682 1686 1698
837.468018 1686 1687 1691 1703 1696 1693 1685 1689 1684
837.487976 1682 1689 1683 1696 1693 1699 1696 1685 1691
837.507996 1692 1687 1691 1697 1695 1697 1701 1688 1688
837.528992 1683 1686 1695 1710 1701 1697 1695 1694 1687
837.549011 1688 1696 1687 1694 1698 1698 1689 1684 1686
837.56897 1685 1693 1698 1709 1700 1690 1692 1696 1680
837.588989 1681 1683 1693 1699 1694 1687 1691 1690 1691
837.609009 1690 1692 1700 1694 1698 1690 1705 1692 1697
837.629028 1697 1684 1690 1697 1694 1692 1685 1689 1686
837.650024 1694 1681 1704 1701 1701 1689 1700 1688 1688
837.669983 1690 1696 1707 1699 1693 1689 1702 1686 1690
837.690002 1692 1692 1711 1691 1707 1687 1694 1694 1705
837.710022 1691 1704 1700 1697 1693 1703 1688 1689 1693
837.72998 1695 1698 1712 1711 1704 1702 1694 1692 1694
837.750977 1684 1713 1697 1710 1707 1712 1703 1689 1695
837.770996 1692 1695 1702 1706 1703 1700 1699 1704 1702
837.791016 1704 1692 1702 1705 1691 1699 1698 1695 1702
837.810974 1702 1695 1704 1708 1698 1707 1697 1696 1716
837.830994 1691 1693 1709 1702 1697 1712 1702 1696 1704
837.85199 1694 1696 1721 1705 1704 1706 1706 1701 1705
837.872009 1691 1703 1700 1722 1709 1707 1706 1707 1700
837.892029 1713 1700 1706 1707 1705 1706 1695 1705 1707
837.911987 1691 1708 1708 1697 1711 1700 1697 1691 1700
837.932007 1711 1703 1717 1705 1707 1709 1696 1704 1708
837.953003 1703 1702 1700 1710 1703 1708 1704 1701 1706
837.973022 1699 1703 1709 1713 1704 1708 1698 1706 1699
837.992981 1699 1712 1719 1712 1712 1707 1708 1702 1707
838.013 1703 1712 1711 1715 1711 1712 1706 1706 1709
838.03302 1703 1707 1719 1706 1709 1705 1708 1703 1712
838.052979 1713 1713 1715 1711 1716 1723 1716 1707 1716
838.073975 1714 1715 1711 1715 1716 1711 1701 1716 1718
838.093994 1713 1703 1716 1715 1715 1722 1708 1712 1716
838.114014 1707 1702 1710 1716 1709 1711 1714 1717 1730
838.133972 1708 1707 1718 1711 1718 1718 1714 1713 1711
838.153992 1717 1711 1709 1716 1714 1716 1721 1716 1729
838.174011 1718 1706 1716 1725 1719 1721 1710 1715 1720
838.195007 1709 1716 1721 1724 1724 1733 1715 1711 1723
838.215027 1718 1716 1725 1717 1727 1713 1721 1715 1719
838.234985 1722 1723 1723 1720 1718 1724 1720 1724 1727
838.255005 1725 1718 1728 1712 1712 1723 1733 1727 1714
838.275024 1724 1718 1721 1725 1731 1728 1732 1727 1725
838.296021 1730 1736 1725 1729 1730 1734 1717 1726 1733
838.315979 1724 1734 1717 1722 1725 1731 1737 1728 1726
838.335999 1731 1729 1732 1715 1717 1730 1718 1730 1725
838.356018 1724 1729 1729 1722 1717 1722 1733 1728 1731
838.375977 1739 1716 1722 1721 1729 1733 1732 1736 1728
838.395996 1732 1727 1725 1716 1725 1721 1721 1720 1741
838.416992 1742 1731 1717 1729 1728 1721 1729 1735 1742
838.437012 1725 1722 1735 1729 1731 1744 1737 1738 1746
838.45697 1747 1724 1735 1725 1725 1725 1731 1733 1746
838.47699 1730 1730 1730 1731 1729 1736 1730 1738 1737
838.497009 1742 1729 1734 1711 1734 1732 1736 1739 1739
838.517029 1742 1745 1738 1732 1738 1736 1734 1731 1745
838.538025 1740 1740 1741 1731 1718 1730 1753 1737 1750
838.557983 1746 1738 1731 1722 1729 1746 1737 1756 1756
838.578003 1745 1741 1730 1721 1734 1734 1743 1744 1745
838.598022 1737 1729 1746 1734 1726 1734 1740 1746 1747
838.617981 1734 1747 1742 1724 1730 1737 1742 1744 1765
838.638 1744 1745 1731 1720 1728 1743 1739 1753 1755
838.658997 1752 1744 1750 1740 1720 1727 1740 1748 1766
838.679016 1748 1743 1738 1729 1732 1757 1751 1743 1745
838.698975 1739 1745 1736 1735 1732 1737 1752 1747 1747
838.718994 1746 1748 1734 1736 1724 1746 1755 1762 1755
838.739014 1754 1756 1742 1735 1729 1750 1749 1752 1765
838.758972 1756 1747 1737 1734 1736 1743 1767 1757 1766
838.780029 1760 1745 1743 1736 1733 1744 1757 1769 1770
838.799988 1743 1756 1746 1744 1726 1728 1750 1749 1752
838.820007 1762 1755 1743 1741 1736 1739 1752 1768 1765
838.840027 1762 1755 1751 1742 1736 1732 1759 1764 1766
838.859985 1762 1758 1755 1736 1742 1749 1760 1758 1768
838.880005 1774 1766 1758 1752 1746 1748 1756 1773 1759
838.901001 1767 1758 1761 1744 1731 1753 1768 1765 1768
838.921021 1768 1766 1750 1758 1741 1752 1771 1765 1781
838.940979 1779 1756 1762 1748 1743 1759 1764 1774 1776
838.960999 1766 1772 1777 1745 1757 1751 1774 1781 1781
838.981018 1769 1772 1759 1765 1762 1767 1762 1778 1779
839.000977 1772 1767 1777 1740 1747 1756 1765 1766 1803
839.020996 1769 1771 1757 1748 1753 1767 1768 1787 1781
839.041992 1784 1776 1775 1754 1755 1760 1772 1786 1784
839.062012 1789 1786 1773 1762 1747 1756 1782 1784 1793
839.08197 1777 1783 1769 1757 1760 1771 1774 1782 1796
839.10199 1783 1784 1780 1755 1768 1773 1781 1803 1792
839.122009 1794 1789 1782 1767 1766 1765 1787 1782 1790
839.142029 1801 1787 1772 1763 1772 1768 1772 1794 1798
839.161987 1789 1786 1784 1767 1759 1758 1796 1798 1797
839.182983 1806 1801 1785 1762 1763 1759 1789 1793 1813
839.203003 1806 1789 1780 1755 1777 1765 1772 1804 1795
839.223022 1799 1797 1778 1779 1776 1774 1797 1789 1802
839.242981 1798 1793 1791 1771 1757 1788 1793 1806 1817
839.263 1809 1811 1791 1782 1777 1786 1805 1816 1817
839.28302 1815 1818 1803 1783 1766 1768 1806 1826 1820
839.304016 1815 1818 1788 1770 1777 1781 1792 1808 1822
839.323975 1817 1802 1785 1786 1764 1788 1801 1815 1820
839.343994 1821 1811 1793 1787 1780 1794 1809 1821 1817
839.364014 1826 1810 1792 1785 1768 1803 1801 1814 1829
839.383972 1816 1824 1794 1791 1803 1779 1812 1829 1846
839.403992 1827 1812 1797 1788 1784 1797 1809 1814 1833
839.424011 1832 1811 1819 1783 1773 1780 1808 1823 1834
839.445007 1835 1817 1800 1788 1776 1796 1813 1828 1840
839.465027 1828 1833 1802 1779 1785 1813 1821 1838 1837
839.484985 1833 1821 1812 1800 1782 1801 1820 1827 1846
839.505005 1832 1817 1814 1800 1798 1801 1823 1825 1831
839.525024 1831 1824 1814 1802 1790 1810 1824 1843 1855
839.544983 1841 1835 1813 1798 1786 1805 1834 1843 1845
839.565002 1842 1837 1824 1808 1799 1814 1823 1847 1846
839.585999 1844 1840 1821 1820 1798 1820 1857 1852 1863
839.606018 1851 1844 1825 1804 1812 1814 1841 1856 1866
839.625977 1845 1841 1825 1811 1794 1815 1832 1842 1858
839.645996 1856 1848 1830 1820 1817 1828 1850 1860 1875
839.666016 1877 1862 1830 1814 1813 1824 1863 1852 1869
839.685974 1862 1858 1835 1821 1816 1819 1864 1872 1875
839.705994 1863 1869 1852 1830 1812 1838 1848 1869 1890
839.726013 1873 1865 1834 1836 1821 1822 1860 1869 1881
839.747009 1873 1874 1842 1836 1797 1837 1863 1879 1884
839.767029 1870 1863 1831 1822 1822 1837 1862 1878 1897
839.786987 1885 1857 1845 1833 1824 1834 1866 1873 1882
839.807007 1885 1870 1867 1828 1834 1834 1855 1893 1909
839.827026 1880 1890 1856 1827 1828 1835 1857 1896 1904
839.846985 1890 1881 1856 1836 1839 1844 1856 1885 1890
839.867004 1906 1884 1857 1845 1832 1841 1862 1900 1915
839.887024 1896 1885 1849 1839 1840 1844 1884 1890 1914
839.90802 1902 1888 1867 1845 1838 1856 1895 1918 1918
839.927979 1903 1892 1872 1836 1839 1853 1904 1917 1925
839.947998 1919 1905 1865 1852 1844 1853 1898 1925 1939
839.968018 1917 1902 1878 1859 1848 1852 1885 1938 1937
839.987976 1937 1909 1883 1869 1863 1887 1902 1929 1949
840.007996 1926 1931 1899 1862 1856 1881 1913 1926 1936
840.028015 1922 1921 1894 1854 1862 1877 1913 1944 1972
840.047974 1952 1936 1900 1860 1861 1888 1926 1955 1974
840.06897 1956 1940 1901 1863 1878 1890 1932 1970 1957
840.088989 1951 1951 1906 1874 1882 1899 1936 1965 1982
840.109009 1950 1939 1909 1876 1864 1900 1944 1971 1978
840.129028 1960 1923 1911 1889 1885 1898 1929 1980 1984
840.148987 1959 1948 1917 1879 1869 1909 1943 1974 1984
840.169006 1980 1959 1912 1878 1872 1902 1952 1992 1977
840.189026 1970 1961 1918 1875 1891 1926 1950 1984 2000
840.208984 1966 1962 1918 1884 1883 1887 1942 1999 2001
840.22998 1999 1964 1922 1886 1878 1907 1952 1997 2002
840.25 1993 1954 1921 1895 1887 1905 1950 2002 2027
840.27002 1992 1962 1929 1910 1889 1913 1961 1996 2010
840.289978 1972 1978 1924 1900 1886 1903 1966 1959 1989
840.309998 1990 1977 1934 1897 1879 1930 1953 1992 1999
840.330017 1989 1979 1927 1889 1896 1925 1965 1991 2003
840.349976 2003 1982 1942 1896 1878 1921 1942 2005 2011
840.369995 1988 1978 1941 1910 1888 1917 1979 2004 2029
840.390015 1993 1994 1947 1904 1900 1926 1978 2007 2016
840.411011 1988 1966 1954 1907 1911 1921 1972 2032 2017
840.43103 2018 1992 1951 1899 1901 1919 1973 2007 2020
840.450989 1992 1974 1930 1910 1885 1924 1986 2018 2036
840.471008 2002 1978 1950 1923 1907 1937 1972 2008 2016
840.491028 2002 1983 1951 1925 1904 1934 1958 2014 2020
840.510986 2005 1986 1960 1919 1883 1904 1956 2016 2032
840.531006 1997 1999 1956 1897 1902 1931 1968 2009 2029
840.551025 2021 1992 1950 1907 1894 1922 1986 2001 2043
840.570984 1997 1992 1931 1910 1884 1935 1970 2003 2021
840.59198 2007 2014 1956 1909 1893 1918 1980 2014 2037
840.612 1997 1977 1932 1927 1896 1915 1967 2033 2045
840.632019 1978 1980 1942 1919 1897 1929 1979 1999 2034
840.651978 2008 1990 1918 1906 1878 1911 1966 2005 2015
840.671997 1991 1995 1932 1892 1887 1918 1957 2005 2016
840.692017 1984 1954 1930 1879 1899 1925 1961 1998 2014
840.711975 1999 1986 1932 1892 1902 1910 1954 2001 2008
840.731995 1984 1971 1917 1881 1867 1916 1953 1981 2015
840.752014 1986 1990 1924 1869 1876 1899 1951 1978 1991
840.771973 1976 1968 1914 1889 1861 1901 1933 1979 1984
840.79303 1992 1953 1933 1871 1868 1889 1933 1988 1989
840.812988 1975 1960 1908 1873 1855 1891 1942 1975 1979
840.833008 1976 1950 1908 1865 1859 1887 1933 1982 1983
840.853027 1965 1940 1894 1867 1859 1886 1935 1970 1990
840.872986 1969 1929 1903 1868 1852 1880 1937 1974 1986
840.893005 1965 1949 1909 1850 1833 1876 1916 1978 1975
840.913025 1964 1920 1888 1854 1857 1877 1913 1970 1958
840.932983 1949 1929 1882 1854 1835 1870 1922 1956 1966
840.953003 1964 1933 1869 1837 1839 1863 1919 1961 1965
840.973022 1951 1919 1867 1836 1819 1854 1906 1958 1954
840.994019 1942 1925 1868 1825 1828 1866 1910 1952 1948
841.013977 1929 1911 1850 1838 1822 1862 1900 1954 1951
841.033997 1927 1904 1870 1816 1814 1847 1882 1923 1954
841.054016 1915 1905 1856 1831 1803 1831 1896 1906 1920
841.073975 1912 1894 1837 1814 1800 1820 1872 1917 1923
841.093994 1911 1886 1837 1813 1809 1831 1878 1896 1913
841.114014 1901 1881 1840 1814 1799 1832 1855 1901 1905
841.133972 1883 1870 1822 1815 1805 1820 1871 1887 1899
841.153992 1888 1855 1815 1788 1799 1799 1859 1895 1880
841.174011 1880 1850 1816 1788 1789 1810 1861 1889 1893
841.19397 1871 1861 1812 1793 1780 1796 1848 1875 1880
841.215027 1879 1845 1813 1774 1781 1805 1847 1865 1849
841.234985 1863 1841 1792 1778 1773 1791 1833 1865 1860
841.255005 1858 1845 1803 1771 1770 1808 1828 1860 1860
841.275024 1869 1847 1802 1780 1768 1796 1834 1853 1854
841.294983 1854 1821 1802 1781 1766 1783 1825 1851 1849
841.315002 1846 1839 1788 1762 1757 1793 1815 1849 1850
841.335022 1851 1827 1800 1774 1760 1774 1800 1830 1850
841.35498 1853 1821 1799 1768 1759 1784 1817 1835 1837
841.375 1833 1809 1763 1756 1755 1775 1809 1826 1845
841.39502 1817 1809 1773 1755 1761 1783 1809 1830 1826
841.414978 1815 1794 1804 1763 1757 1776 1803 1811 1815
841.434998 1811 1801 1778 1751 1747 1784 1791 1811 1808
841.455994 1820 1789 1768 1750 1743 1769 1790 1810 1807
841.476013 1814 1800 1775 1750 1754 1754 1776 1810 1806
841.495972 1807 1795 1773 1742 1742 1757 1787 1799 1785
841.515991 1813 1780 1769 1741 1743 1761 1791 1800 1800
841.536011 1792 1778 1785 1754 1744 1764 1781 1787 1799
841.55603 1792 1781 1774 1743 1744 1749 1772 1785 1784
841.575989 1791 1771 1759 1751 1746 1753 1779 1788 1807
841.596008 1790 1779 1763 1733 1734 1756 1769 1784 1788
841.616028 1796 1780 1759 1753 1745 1750 1763 1783 1783
841.635986 1783 1782 1759 1726 1743 1754 1758 1782 1788
841.656006 1780 1773 1760 1747 1740 1746 1759 1783 1790
841.676025 1771 1781 1755 1744 1750 1757 1764 1764 1780
841.695984 1793 1771 1762 1737 1747 1745 1755 1761 1786
841.716003 1776 1754 1760 1744 1735 1743 1779 1769 1775
841.737 1779 1767 1757 1744 1737 1750 1769 1774 1769
841.757019 1779 1765 1760 1739 1735 1745 1762 1764 1772
841.776978 1783 1758 1750 1738 1739 1740 1754 1768 1768
841.796997 1788 1746 1756 1744 1728 1737 1759 1759 1762
841.817017 1760 1756 1753 1741 1734 1738 1763 1756 1760
841.836975 1772 1752 1739 1736 1723 1740 1760 1751 1757
841.856995 1773 1745 1739 1732 1723 1743 1743 1747 1753
841.877014 1760 1747 1747 1730 1721 1746 1754 1756 1761
841.896973 1762 1755 1742 1743 1725 1737 1746 1751 1749
841.916992 1764 1740 1727 1726 1723 1737 1744 1748 1756
841.937012 1764 1755 1734 1731 1723 1737 1754 1755 1747
841.95697 1762 1747 1738 1730 1740 1725 1745 1760 1760
841.97699 1754 1741 1741 1735 1717 1736 1739 1749 1751
841.997009 1748 1736 1731 1725 1733 1736 1749 1748 1762
842.018005 1751 1736 1735 1725 1723 1720 1744 1742 1744
842.038025 1753 1737 1719 1730 1727 1728 1733 1741 1740
842.057983 1737 1730 1725 1722 1720 1728 1733 1736 1738
842.078003 1743 1729 1727 1727 1712 1719 1738 1747 1726
842.098022 1741 1742 1728 1731 1718 1724 1727 1740 1739
842.117981 1742 1731 1725 1717 1722 1713 1719 1724 1725
842.138 1735 1733 1729 1713 1707 1713 1726 1723 1733
842.15802 1735 1723 1717 1711 1714 1710 1731 1719 1725
842.177979 1727 1719 1725 1714 1711 1720 1727 1727 1730
842.197998 1736 1721 1721 1708 1709 1716 1726 1723 1730
842.218018 1719 1722 1723 1715 1715 1711 1718 1730 1729
842.237976 1726 1712 1715 1713 1711 1710 1718 1717 1723
842.257996 1724 1717 1727 1703 1719 1720 1712 1735 1730
842.278015 1719 1714 1717 1717 1716 1714 1709 1725 1729
842.297974 1726 1728 1719 1709 1718 1715 1719 1729 1728
842.317993 1730 1711 1715 1709 1717 1703 1719 1715 1723
842.338013 1719 1720 1725 1717 1711 1699 1723 1718 1731
842.357971 1725 1731 1717 1712 1718 1714 1725 1725 1715
842.379028 1722 1722 1723 1716 1701 1708 1717 1719 1723
842.398987 1717 1725 1714 1711 1716 1717 1727 1729 1717
842.419006 1721 1730 1720 1713 1715 1712 1729 1720 1722
842.439026 1727 1721 1724 1707 1700 1714 1721 1721 1720
842.458984 1725 1724 1711 1718 1709 1718 1714 1721 1716
842.479004 1728 1718 1724 1719 1712 1714 1709 1715 1725
842.499023 1713 1722 1707 1712 1704 1711 1710 1713 1725
842.518982 1718 1713 1714 1714 1706 1723 1721 1726 1731
842.539001 1714 1716 1714 1713 1712 1715 1719 1717 1734
842.559021 1719 1718 1719 1712 1724 1712 1712 1708 1735
842.578979 1704 1729 1712 1715 1709 1718 1714 1714 1714
842.598999 1725 1713 1718 1717 1713 1709 1713 1727 1721
842.619019 1724 1726 1718 1714 1709 1706 1718 1721 1722
842.638977 1729 1725 1712 1719 1708 1708 1718 1719 1707
842.658997 1728 1715 1717 1718 1712 1712 1717 1719 1728
842.679016 1723 1713 1726 1713 1726 1711 1722 1720 1722
842.698975 1713 1725 1717 1710 1724 1724 1724 1721 1717
842.718994 1724 1723 1727 1719 1716 1709 1717 1731 1722
842.739014 1718 1731 1721 1701 1712 1712 1718 1709 1719
842.758972 1723 1732 1722 1718 1717 1723 1723 1707 1716
842.778992 1720 1716 1720 1709 1710 1716 1720 1712 1730
842.799011 1722 1716 1727 1718 1703 1721 1729 1718 1722
842.820007 1720 1723 1713 1716 1719 1725 1711 1725 1723
842.840027 1721 1724 1722 1722 1711 1715 1718 1719 1715
842.859985 1719 1723 1720 1724 1730 1726 1745 1728 1729
842.880005 1739 1722 1717 1720 1702 1726 1711 1728 1730
842.900024 1718 1724 1717 1724 1709 1715 1731 1722 1717
842.919983 1727 1717 1713 1721 1712 1713 1720 1722 1730
842.940002 1731 1736 1709 1709 1712 1734 1725 1724 1713
842.960022 1726 1715 1726 1728 1716 1716 1714 1722 1727
842.97998 1712 1715 1712 1710 1706 1723 1719 1718 1724
843 1721 1728 1724 1720 1715 1717 1709 1729 1723
843.02002 1715 1723 1719 1713 1714 1714 1724 1730 1715
843.039978 1722 1715 1723 1723 1711 1716 1714 1708 1728
843.059998 1705 1721 1712 1709 1714 1722 1734 1722 1719
843.080017 1727 1722 1715 1714 1709 1703 1727 1714 1707
843.099976 1715 1729 1717 1706 1709 1718 1713 1723 1712
843.119995 1719 1720 1713 1707 1721 1719 1710 1715 1710
843.140015 1727 1729 1718 1706 1713 1698 1708 1702 1711
843.159973 1726 1723 1723 1704 1717 1715 1713 1710 1711
843.179993 1731 1706 1713 1714 1715 1710 1715 1724 1727
843.200012 1711 1709 1715 1705 1722 1708 1713 1710 1710
843.219971 1715 1714 1718 1719 1707 1709 1717 1710 1723
843.23999 1723 1728 1719 1715 1713 1716 1717 1722 1718
843.26001 1716 1719 1707 1707 1720 1705 1706 1721 1699
843.280029 1716 1716 1718 1711 1714 1719 1701 1718 1711
843.299988 1715 1711 1724 1699 1715 1720 1710 1701 1723
843.320007 1726 1712 1722 1708 1703 1715 1715 1717 1717
843.340027 1718 1711 1712 1715 1709 1711 1716 1714 1728
843.359985 1720 1706 1713 1715 1712 1716 1713 1716 1711
843.380005 1719 1719 1715 1717 1704 1715 1705 1713 1720
843.400024 1718 1705 1716 1720 1721 1717 1719 1717 1708
843.419983 1707 1709 1711 1711 1709 1712 1701 1718 1713
843.440002 1726 1717 1719 1715 1709 1698 1715 1711 1721
843.460022 1709 1722 1713 1698 1709 1707 1718 1706 1708
843.47998 1714 1714 1717 1701 1715 1708 1714 1707 1710
843.5 1720 1718 1723 1709 1718 1708 1728 1717 1724
843.52002 1707 1715 1724 1706 1722 1715 1710 1712 1723
843.539978 1722 1707 1703 1715 1717 1711 1720 1727 1715
843.559998 1727 1719 1722 1708 1712 1704 1713 1715 1718
843.580994 1709 1709 1702 1707 1715 1707 1710 1716 1718
843.601013 1712 1706 1703 1714 1709 1704 1716 1720 1709
843.620972 1709 1711 1709 1724 1720 1718 1719 1725 1720
843.640991 1713 1708 1723 1711 1708 1713 1708 1714 1717
843.661011 1711 1709 1725 1715 1717 1714 1704 1716 1706
843.68103 1724 1712 1721 1709 1713 1707 1712 1716 1722
843.700989 1707 1713 1717 1706 1708 1716 1714 1713 1711
843.721008 1712 1716 1711 1713 1709 1716 1721 1703 1707
843.741028 1711 1716 1724 1709 1704 1720 1705 1708 1714
843.760986 1720 1709 1706 1712 1702 1714 1709 1708 1706
843.781006 1712 1707 1707 1716 1700 1706 1708 1707 1716
843.801025 1696 1702 1700 1712 1697 1700 1706 1721 1714
843.820984 1719 1706 1711 1716 1703 1715 1706 1717 1717
843.841003 1704 1704 1709 1713 1717 1711 1691 1713 1712
843.861023 1706 1727 1706 1711 1700 1705 1703 1709 1708
843.880981 1708 1719 1715 1719 1718 1704 1708 1707 1717
843.901001 1705 1727 1700 1729 1708 1707 1710 1705 1713
843.921021 1713 1721 1717 1705 1713 1708 1702 1712 1699
843.940979 1702 1706 1713 1720 1710 1704 1710 1706 1716
843.960999 1702 1709 1704 1718 1698 1706 1716 1711 1708
843.981018 1716 1720 1716 1727 1709 1707 1712 1716 1709
844.000977 1702 1713 1703 1713 1701 1698 1715 1703 1709
844.020996 1709 1712 1703 1708 1713 1709 1712 1705 1709
844.041016 1707 1708 1712 1705 1709 1703 1719 1710 1715
844.060974 1718 1709 1705 1716 1710 1706 1717 1720 1716
844.080994 1706 1712 1717 1710 1713 1706 1710 1715 1703
844.101013 1702 1714 1718 1716 1711 1710 1706 1707 1702
844.120972 1707 1704 1705 1700 1710 1712 1711 1717 1707
844.140991 1722 1699 1707 1707 1707 1703 1713 1709 1712
844.161011 1716 1712 1704 1710 1700 1715 1717 1714 1718
844.18103 1713 1711 1715 1710 1710 1717 1700 1712 1711
844.200989 1708 1709 1718 1707 1715 1707 1705 1722 1710
844.221008 1704 1715 1711 1716 1706 1703 1709 1711 1709
844.241028 1715 1716 1713 1707 1711 1713 1716 1720 1716
844.260986 1708 1718 1710 1716 1718 1709 1716 1714 1698
844.281006 1723 1711 1706 1714 1708 1709 1712 1711 1710
844.301025 1701 1724 1707 1699 1708 1707 1721 1708 1711
844.320984 1719 1712 1709 1702 1715 1710 1697 1711 1709
844.341003 1721 1710 1716 1711 1706 1716 1709 1709 1717
844.361023 1710 1730 1711 1718 1707 1709 1707 1704 1718
844.380981 1707 1712 1703 1716 1698 1710 1709 1705 1709
844.401001 1710 1701 1705 1717 1703 1711 1705 1700 1710
844.421021 1698 1709 1708 1709 1708 1710 1697 1718 1716
844.440979 1706 1717 1703 1704 1700 1702 1708 1711 1714
844.460999 1702 1701 1710 1697 1706 1694 1706 1703 1719
844.481018 1697 1706 1704 1707 1707 1701 1699 1701 1704
844.500977 1705 1696 1708 1696 1711 1699 1702 1720 1709
844.520996 1706 1705 1710 1714 1708 1704 1697 1696 1697
844.541016 1696 1702 1693 1694 1703 1699 1698 1697 1707
844.559998 1709 1704 1710 1699 1700 1702 1702 1707 1709
844.580017 1697 1703 1698 1701 1702 1693 1701 1692 1698
844.599976 1712 1711 1710 1707 1698 1703 1696 1697 1699
844.619995 1708 1706 1702 1706 1695 1699 1696 1708 1702
844.640015 1711 1700 1693 1697 1695 1713 1701 1697 1699
844.659973 1705 1703 1697 1702 1694 1703 1690 1701 1705
844.679993 1696 1697 1713 1703 1707 1691 1712 1711 1710
844.700012 1701 1701 1710 1710 1699 1704 1691 1695 1706
844.719971 1702 1708 1704 1695 1709 1699 1697 1701 1700
844.73999 1700 1695 1710 1699 1704 1698 1694 1712 1709
844.76001 1704 1704 1696 1705 1704 1688 1694 1704 1711
844.780029 1711 1702 1695 1707 1693 1703 1701 1692 1706
844.799988 1697 1704 1700 1700 1701 1702 1703 1694 1707
844.820007 1706 1705 1694 1711 1706 1707 1713 1702 1710
844.840027 1703 1705 1703 1706 1707 1700 1699 1700 1705
844.859985 1701 1705 1710 1697 1699 1695 1702 1699 1706
844.880005 1699 1702 1701 1706 1700 1695 1706 1715 1704
844.900024 1697 1687 1700 1704 1695 1694 1704 1707 1698
844.919983 1691 1700 1708 1702 1701 1700 1694 1693 1702
844.940002 1699 1703 1702 1700 1696 1708 1698 1695 1700
844.960022 1695 1704 1705 1700 1692 1695 1694 1697 1705
844.97998 1691 1693 1701 1707 1689 1695 1706 1698 1701
845 1700 1713 1705 1707 1691 1702 1711 1693 1692
845.02002 1697 1692 1703 1702 1700 1700 1698 1690 1695
845.039978 1705 1700 1704 1710 1709 1701 1713 1707 1703
845.059998 1715 1698 1705 1699 1694 1703 1705 1711 1701
845.080017 1701 1712 1710 1699 1709 1708 1705 1707 1698
845.099976 1704 1704 1696 1713 1695 1696 1708 1697 1707
845.119995 1707 1692 1705 1705 1702 1693 1693 1690 1712
845.140015 1695 1702 1714 1699 1704 1697 1696 1699 1709
845.159973 1696 1715 1700 1708 1707 1704 1705 1705 1693
845.179993 1692 1710 1695 1703 1701 1703 1702 1698 1701
845.200012 1696 1717 1701 1708 1703 1712 1700 1706 1701
845.219971 1708 1715 1706 1707 1705 1697 1702 1703 1707
845.23999 1712 1694 1699 1692 1696 1699 1695 1699 1707
845.26001 1704 1697 1698 1706 1703 1693 1700 1704 1710
845.280029 1713 1710 1713 1703 1702 1699 1702 1693 1706
845.299011 1712 1694 1702 1696 1704 1698 1710 1708 1710
845.31897 1712 1703 1708 1708 1700 1701 1705 1705 1704
845.338989 1696 1701 1701 1699 1701 1700 1697 1705 1712
845.359009 1717 1708 1715 1708 1705 1703 1703 1704 1709
845.379028 1715 1715 1711 1712 1702 1707 1707 1718 1707
845.398987 1708 1700 1703 1711 1708 1699 1712 1716 1716
845.419006 1706 1721 1701 1706 1710 1715 1715 1704 1719
845.439026 1704 1706 1707 1703 1714 1715 1698 1718 1701
845.458984 1716 1713 1709 1717 1707 1722 1719 1716 1712
845.479004 1724 1713 1705 1719 1703 1726 1705 1706 1707
845.499023 1710 1719 1723 1713 1718 1713 1711 1705 1716
845.518982 1714 1730 1715 1714 1721 1721 1718 1713 1725
845.539001 1720 1724 1723 1716 1708 1719 1716 1707 1720
845.559021 1715 1717 1725 1721 1724 1723 1719 1713 1726
845.578979 1719 1716 1718 1721 1720 1706 1713 1717 1730
845.598999 1712 1720 1724 1734 1714 1722 1725 1724 1723
845.619019 1712 1725 1718 1718 1718 1716 1725 1719 1733
845.638977 1717 1724 1730 1723 1712 1724 1729 1730 1726
845.658997 1719 1740 1724 1716 1718 1725 1721 1717 1731
845.679016 1732 1718 1718 1732 1722 1715 1722 1718 1728
845.698975 1720 1713 1725 1730 1715 1715 1734 1728 1725
845.718994 1731 1725 1722 1720 1717 1717 1724 1734 1721
845.737976 1727 1724 1705 1721 1725 1725 1721 1711 1721
845.757996 1717 1724 1729 1723 1726 1721 1722 1717 1719
845.778015 1718 1721 1730 1712 1728 1727 1713 1721 1712
845.797974 1725 1715 1720 1724 1731 1720 1731 1727 1726
845.817993 1721 1724 1722 1729 1718 1716 1729 1730 1727
845.838013 1710 1716 1714 1720 1721 1723 1717 1728 1716
845.857971 1721 1721 1721 1721 1711 1718 1723 1722 1728
845.877991 1731 1722 1724 1721 1732 1712 1723 1722 1730
845.89801 1721 1726 1732 1734 1722 1717 1726 1724 1726
845.91803 1721 1718 1724 1737 1713 1728 1725 1709 1714
845.937988 1719 1735 1717 1725 1719 1720 1727 1719 1725
845.958008 1732 1736 1723 1729 1727 1722 1726 1728 1726
845.978027 1724 1724 1727 1729 1719 1717 1718 1725 1724
845.997986 1719 1731 1734 1725 1722 1729 1738 1724 1727
846.018005 1714 1729 1723 1720 1718 1723 1720 1728 1714
846.038025 1720 1722 1731 1725 1722 1720 1722 1728 1729
846.057983 1722 1730 1719 1724 1717 1717 1730 1732 1731
846.078003 1719 1715 1725 1723 1718 1725 1735 1730 1724
846.096985 1721 1723 1731 1722 1726 1725 1727 1729 1732
846.117004 1738 1729 1730 1716 1720 1728 1724 1725 1730
846.137024 1725 1712 1711 1721 1723 1724 1729 1735 1727
846.156982 1728 1733 1725 1727 1714 1714 1716 1744 1728
846.177002 1733 1716 1734 1734 1735 1728 1725 1723 1716
846.197021 1721 1721 1726 1730 1718 1723 1718 1733 1728
846.21698 1724 1723 1708 1716 1718 1720 1733 1727 1717
846.237 1715 1727 1727 1734 1717 1725 1714 1723 1727
846.257019 1727 1727 1723 1723 1728 1727 1716 1725 1736
846.276978 1717 1719 1714 1726 1725 1716 1728 1714 1728
846.296997 1722 1733 1720 1719 1720 1720 1725 1719 1736
846.317017 1723 1726 1731 1727 1716 1723 1729 1726 1729
846.336975 1728 1719 1717 1720 1718 1725 1723 1730 1723
846.356995 1718 1722 1730 1727 1733 1730 1725 1738 1733
846.377014 1725 1735 1726 1719 1734 1735 1720 1735 1718
846.395996 1734 1724 1725 1730 1728 1736 1722 1733 1733
846.416016 1731 1738 1730 1728 1718 1714 1730 1725 1721
846.435974 1732 1722 1727 1733 1727 1730 1732 1732 1733
846.455994 1724 1734 1729 1732 1717 1727 1727 1718 1728
846.476013 1729 1728 1723 1736 1728 1729 1733 1724 1722
846.495972 1716 1732 1724 1734 1720 1730 1724 1722 1731
846.515991 1731 1741 1740 1729 1732 1736 1737 1731 1740
846.536011 1722 1732 1730 1726 1730 1725 1734 1734 1740
846.55603 1722 1728 1719 1709 1732 1720 1724 1736 1727
846.575989 1730 1725 1729 1722 1721 1734 1725 1731 1721
846.596008 1714 1734 1726 1723 1722 1719 1717 1737 1718
846.616028 1732 1721 1721 1704 1713 1723 1732 1729 1732
846.63501 1726 1725 1722 1722 1712 1715 1727 1729 1721
846.655029 1714 1731 1726 1724 1720 1721 1714 1730 1719
846.674988 1720 1731 1730 1723 1716 1732 1710 1729 1734
846.695007 1723 1727 1718 1723 1717 1732 1717 1727 1718
846.715027 1712 1725 1719 1725 1718 1711 1719 1721 1734
846.734985 1730 1712 1721 1719 1722 1719 1736 1715 1727
846.755005 1729 1726 1722 1720 1714 1730 1712 1726 1718
846.775024 1718 1721 1713 1723 1729 1720 1718 1712 1736
846.794983 1717 1722 1719 1720 1715 1715 1725 1732 1728
846.815002 1728 1727 1727 1723 1725 1718 1721 1729 1728
846.835022 1728 1728 1723 1717 1731 1714 1724 1725 1732
846.85498 1712 1709 1730 1726 1714 1722 1717 1715 1740
846.875 1725 1731 1737 1724 1715 1725 1710 1721 1721
846.893982 1716 1730 1716 1707 1719 1722 1715 1724 1726
846.914001 1731 1728 1725 1724 1723 1720 1732 1727 1731
846.934021 1727 1728 1723 1720 1718 1728 1719 1723 1724
846.953979 1728 1731 1727 1721 1717 1726 1721 1730 1728
846.973999 1729 1736 1714 1726 1720 1719 1719 1728 1739
846.994019 1724 1727 1725 1733 1715 1724 1732 1736 1729
847.013977 1722 1716 1727 1743 1724 1726 1734 1721 1730
847.033997 1733 1728 1731 1724 1724 1722 1735 1726 1726
847.054016 1729 1737 1727 1729 1728 1725 1734 1729 1737
847.073975 1731 1722 1732 1731 1725 1727 1731 1724 1740
847.093994 1733 1727 1717 1725 1731 1726 1724 1718 1732
847.112976 1728 1727 1728 1717 1722 1733 1727 1724 1734
847.132996 1727 1730 1724 1727 1730 1726 1722 1732 1722
847.153015 1722 1739 1729 1719 1748 1735 1737 1723 1743
847.172974 1731 1727 1729 1731 1729 1729 1733 1743 1731
847.192993 1731 1720 1724 1729 1728 1721 1722 1746 1741
847.213013 1727 1742 1720 1728 1720 1726 1727 1730 1726
847.232971 1727 1729 1729 1723 1721 1734 1726 1735 1729
847.252991 1721 1729 1719 1724 1735 1725 1731 1735 1730
847.27301 1729 1732 1724 1725 1727 1721 1721 1730 1731
847.29303 1737 1736 1733 1727 1720 1723 1729 1728 1739
847.312012 1732 1732 1727 1730 1726 1720 1739 1738 1735
847.33197 1727 1729 1727 1732 1713 1719 1733 1742 1725
847.35199 1735 1733 1718 1719 1710 1731 1733 1739 1733
847.372009 1730 1720 1729 1725 1717 1712 1726 1724 1736
847.392029 1722 1721 1729 1724 1712 1721 1726 1726 1723
847.411987 1726 1729 1730 1713 1719 1714 1722 1725 1727
847.432007 1721 1721 1722 1729 1721 1721 1719 1718 1734
847.452026 1730 1731 1728 1715 1708 1720 1719 1725 1723
847.471985 1730 1722 1724 1728 1718 1724 1720 1723 1728
847.492004 1723 1721 1726 1713 1721 1724 1726 1722 1727
847.510986 1715 1721 1725 1726 1705 1719 1727 1718 1724
847.531006 1715 1729 1718 1716 1716 1720 1720 1726 1729
847.551025 1720 1712 1718 1714 1714 1712 1717 1718 1720
847.570984 1724 1732 1715 1713 1724 1714 1721 1724 1729
847.591003 1725 1713 1722 1721 1721 1708 1722 1720 1726
847.611023 1709 1731 1719 1717 1710 1723 1715 1714 1736
847.630981 1718 1717 1720 1727 1713 1721 1718 1716 1736
847.651001 1712 1719 1713 1727 1721 1719 1729 1728 1732
847.669983 1723 1725 1720 1715 1709 1713 1735 1735 1733
847.690002 1729 1726 1725 1716 1711 1722 1719 1718 1731
847.710022 1731 1733 1731 1720 1707 1721 1720 1726 1728
847.72998 1725 1718 1721 1712 1713 1717 1718 1726 1729
847.75 1731 1732 1721 1717 1715 1725 1725 1730 1720
847.77002 1721 1727 1721 1715 1710 1716 1727 1727 1739
847.789978 1727 1721 1721 1721 1714 1719 1728 1733 1732
847.809998 1721 1732 1726 1725 1714 1721 1724 1733 1741
847.830017 1729 1727 1724 1713 1721 1724 1733 1723 1741
847.848999 1719 1711 1732 1727 1725 1721 1730 1740 1724
847.869019 1734 1733 1740 1732 1719 1728 1727 1732 1729
847.888977 1730 1731 1725 1728 1724 1719 1720 1723 1743
847.908997 1728 1731 1722 1723 1728 1714 1728 1731 1742
847.929016 1736 1739 1723 1726 1727 1722 1730 1732 1728
847.948975 1736 1720 1728 1715 1722 1731 1730 1735 1737
847.968994 1724 1729 1726 1726 1713 1720 1727 1735 1731
847.989014 1748 1718 1730 1726 1729 1725 1739 1733 1737
848.007996 1733 1735 1732 1728 1730 1725 1724 1723 1735
848.028015 1732 1724 1720 1714 1716 1709 1726 1737 1734
848.047974 1729 1748 1743 1729 1734 1720 1737 1737 1746
848.067993 1741 1747 1737 1724 1729 1737 1744 1740 1739
848.088013 1740 1742 1740 1731 1727 1726 1749 1745 1746
848.107971 1731 1722 1737 1742 1728 1733 1742 1737 1738
848.127991 1737 1725 1738 1727 1727 1738 1729 1741 1748
848.14801 1749 1743 1734 1729 1726 1721 1738 1738 1744
848.166992 1737 1740 1728 1728 1732 1727 1737 1735 1743
848.187012 1742 1745 1739 1721 1730 1732 1740 1744 1734
848.20697 1732 1733 1737 1734 1719 1730 1750 1745 1745
848.22699 1749 1731 1718 1727 1726 1737 1732 1742 1751
848.247009 1743 1741 1738 1742 1726 1735 1744 1755 1757
848.267029 1754 1751 1740 1724 1733 1728 1738 1762 1753
848.286987 1745 1738 1737 1733 1732 1741 1739 1741 1747
848.307007 1746 1752 1738 1743 1740 1738 1740 1746 1746
848.325989 1748 1743 1740 1737 1726 1734 1737 1751 1754
848.346008 1759 1745 1741 1736 1737 1737 1751 1751 1760
848.366028 1764 1755 1741 1736 1735 1730 1740 1744 1753
848.385986 1745 1743 1742 1742 1740 1747 1754 1753 1749
848.406006 1739 1756 1744 1739 1732 1735 1748 1748 1753
848.426025 1748 1760 1741 1742 1745 1733 1740 1754 1746
848.445984 1753 1753 1750 1747 1735 1746 1753 1749 1757
848.466003 1750 1740 1756 1743 1735 1739 1741 1767 1752
848.484985 1756 1737 1734 1739 1736 1750 1751 1750 1745
848.505005 1762 1749 1737 1729 1729 1734 1749 1749 1755
848.525024 1755 1749 1748 1733 1738 1741 1748 1746 1755
848.544983 1749 1759 1742 1747 1730 1737 1740 1763 1749
848.565002 1766 1751 1757 1729 1728 1743 1743 1761 1756
848.585022 1752 1735 1746 1745 1734 1738 1749 1753 1755
848.604004 1753 1749 1743 1745 1742 1740 1741 1752 1747
848.624023 1758 1752 1745 1753 1735 1742 1736 1756 1750
848.643982 1736 1760 1737 1732 1746 1749 1741 1749 1749
848.664001 1757 1760 1744 1733 1728 1726 1738 1755 1751
848.684021 1748 1752 1737 1732 1731 1744 1746 1739 1749
848.703979 1753 1765 1735 1725 1733 1753 1737 1745 1742
848.723999 1749 1749 1739 1742 1740 1751 1751 1749 1763
848.742981 1748 1745 1746 1739 1737 1733 1750 1741 1761
848.763 1761 1765 1734 1741 1735 1734 1737 1747 1745
848.78302 1742 1746 1740 1732 1729 1735 1740 1757 1753
848.802979 1740 1747 1731 1732 1736 1741 1739 1747 1755
848.822998 1751 1749 1743 1734 1744 1727 1737 1742 1750
848.843018 1743 1739 1734 1728 1740 1735 1748 1750 1759
848.862976 1752 1770 1745 1731 1734 1741 1746 1747 1753
848.882019 1758 1751 1743 1753 1738 1744 1747 1752 1748
848.901978 1754 1746 1739 1735 1735 1732 1758 1743 1742
848.921997 1745 1746 1744 1731 1738 1737 1750 1742 1744
848.942017 1753 1750 1749 1735 1736 1743 1738 1748 1757
848.961975 1750 1747 1731 1742 1726 1742 1740 1756 1753
848.981995 1755 1743 1740 1730 1740 1744 1745 1746 1769
849.002014 1748 1746 1746 1737 1742 1735 1751 1748 1756
849.020996 1752 1757 1756 1716 1743 1743 1741 1756 1753
849.041016 1750 1757 1744 1752 1737 1740 1759 1750 1752
849.060974 1747 1752 1752 1733 1731 1739 1735 1744 1769
849.080994 1743 1745 1732 1739 1737 1742 1749 1750 1753
849.101013 1749 1750 1744 1741 1734 1736 1739 1738 1758
849.120972 1747 1744 1738 1726 1730 1733 1745 1747 1751
849.140015 1749 1762 1746 1738 1742 1740 1755 1760 1741
849.159973 1746 1741 1754 1744 1728 1735 1724 1756 1743
849.179993 1750 1745 1751 1731 1730 1735 1749 1746 1759
849.200012 1746 1740 1731 1729 1729 1728 1734 1751 1751
849.219971 1748 1740 1740 1729 1723 1725 1760 1750 1758
849.23999 1746 1742 1727 1732 1726 1723 1740 1738 1757
849.258972 1745 1751 1731 1722 1735 1737 1739 1741 1749
849.278992 1740 1753 1741 1728 1731 1729 1739 1742 1745
849.299011 1748 1746 1733 1738 1721 1731 1733 1744 1741
849.31897 1750 1732 1728 1721 1722 1734 1734 1743 1739
849.338989 1743 1742 1728 1728 1726 1722 1741 1745 1740
849.359009 1742 1736 1739 1723 1720 1726 1741 1737 1743
849.377991 1742 1737 1735 1724 1729 1735 1740 1743 1743
849.39801 1736 1742 1728 1725 1742 1726 1738 1741 1747
849.41803 1742 1733 1746 1728 1735 1730 1727 1732 1749
849.437988 1731 1732 1738 1728 1718 1737 1737 1734 1732
849.458008 1722 1739 1734 1727 1721 1726 1745 1733 1742
849.478027 1725 1733 1725 1720 1721 1727 1732 1727 1751
849.497009 1740 1733 1740 1725 1707 1724 1735 1728 1748
849.517029 1733 1742 1735 1728 1717 1724 1725 1743 1742
849.536987 1742 1725 1731 1727 1726 1717 1727 1735 1744
849.557007 1745 1743 1723 1726 1722 1726 1726 1742 1742
849.577026 1727 1733 1732 1723 1709 1734 1735 1734 1741
849.596985 1741 1747 1720 1714 1721 1715 1730 1740 1732
849.616028 1739 1725 1724 1719 1715 1731 1738 1729 1727
849.635986 1724 1728 1722 1730 1723 1722 1721 1741 1734
849.656006 1731 1732 1729 1718 1722 1721 1717 1743 1729
849.676025 1742 1726 1727 1727 1718 1722 1732 1733 1733
849.695984 1732 1724 1725 1715 1717 1725 1728 1735 1747
849.716003 1724 1726 1723 1728 1717 1724 1719 1736 1747
849.734985 1725 1735 1732 1723 1718 1711 1723 1739 1731
849.755005 1736 1737 1737 1729 1720 1714 1737 1749 1738
849.775024 1749 1729 1723 1727 1710 1716 1734 1728 1752
849.794983 1738 1725 1729 1729 1719 1726 1726 1736 1731
849.815002 1740 1752 1728 1719 1711 1726 1714 1736 1735
849.833984 1739 1728 1731 1716 1724 1738 1735 1732 1731
849.854004 1748 1738 1726 1722 1720 1720 1725 1731 1742
849.874023 1741 1726 1715 1729 1722 1719 1726 1741 1746
849.893982 1730 1731 1735 1715 1715 1722 1736 1736 1752
849.914001 1738 1735 1719 1717 1715 1712 1739 1739 1730
849.934021 1753 1729 1727 1721 1736 1722 1726 1728 1748
849.953003 1725 1745 1739 1730 1727 1709 1739 1734 1754
849.973022 1750 1745 1734 1734 1709 1721 1737 1734 1747
849.992981 1730 1751 1734 1729 1733 1721 1733 1740 1741
850.013 1744 1726 1738 1720 1730 1732 1741 1734 1733
850.03302 1739 1741 1728 1727 1722 1732 1723 1736 1742
850.052002 1747 1745 1736 1723 1731 1736 1738 1745 1745
850.072021 1750 1745 1724 1729 1716 1734 1725 1736 1749
850.09198 1741 1743 1727 1741 1725 1731 1741 1743 1746
850.112 1747 1741 1740 1730 1725 1725 1743 1748 1743
850.132019 1744 1739 1742 1730 1734 1727 1739 1743 1738
850.151001 1737 1738 1731 1738 1732 1726 1730 1741 1745
850.171021 1744 1734 1745 1731 1730 1717 1736 1740 1746
850.190979 1737 1746 1733 1735 1724 1734 1746 1741 1736
850.210999 1745 1749 1730 1726 1730 1736 1742 1748 1734
850.231018 1751 1735 1744 1733 1729 1733 1747 1738 1742
850.250977 1751 1744 1755 1733 1739 1730 1733 1745 1756
850.27002 1743 1742 1741 1739 1736 1727 1745 1733 1758
850.289978 1741 1736 1744 1727 1730 1739 1744 1750 1743
850.309998 1754 1729 1734 1743 1732 1722 1734 1743 1755
850.330017 1739 1737 1734 1732 1735 1733 1740 1750 1756
850.349976 1744 1748 1735 1732 1724 1746 1742 1733 1748
850.369019 1735 1743 1755 1737 1725 1727 1740 1739 1755
850.388977 1737 1740 1736 1734 1739 1731 1729 1737 1747
850.408997 1743 1751 1735 1722 1730 1722 1726 1736 1742
850.429016 1737 1732 1731 1729 1737 1730 1725 1750 1742
850.448975 1742 1737 1736 1729 1725 1733 1734 1739 1741
850.468018 1740 1738 1740 1730 1737 1719 1738 1747 1750
850.487976 1749 1735 1731 1727 1729 1734 1727 1744 1740
850.507996 1747 1746 1740 1731 1729 1724 1736 1753 1753
850.528015 1749 1740 1723 1717 1733 1727 1730 1740 1761
850.547974 1732 1739 1742 1723 1727 1725 1728 1744 1741
850.567017 1750 1737 1742 1736 1718 1727 1727 1733 1726
850.586975 1741 1735 1729 1727 1725 1714 1741 1742 1734
850.606995 1744 1737 1729 1730 1728 1721 1739 1731 1743
850.627014 1729 1749 1731 1723 1727 1734 1722 1745 1738
850.645996 1746 1744 1719 1720 1719 1721 1740 1729 1738
850.666016 1732 1733 1734 1737 1730 1733 1729 1734 1753
850.685974 1733 1736 1737 1723 1712 1723 1731 1728 1739
850.705994 1734 1733 1729 1733 1721 1723 1725 1741 1740
850.726013 1721 1745 1740 1736 1717 1728 1720 1730 1745
850.744995 1738 1735 1729 1724 1729 1722 1735 1744 1737
850.765015 1752 1733 1733 1725 1718 1721 1724 1725 1736
850.784973 1734 1726 1727 1730 1718 1726 1732 1737 1744
850.804993 1735 1741 1728 1724 1732 1728 1739 1728 1727
850.825012 1738 1727 1730 1726 1715 1714 1731 1731 1729
850.843994 1739 1734 1727 1722 1722 1723 1728 1733 1736
850.864014 1735 1737 1730 1714 1732 1722 1729 1739 1745
850.883972 1747 1744 1719 1728 1719 1723 1729 1731 1733
850.903992 1735 1741 1734 1728 1728 1735 1731 1740 1744
850.924011 1735 1743 1722 1731 1722 1728 1743 1742 1737
850.942993 1729 1738 1729 1728 1724 1717 1735 1742 1746
850.963013 1749 1733 1737 1731 1728 1734 1727 1730 1749
850.982971 1732 1741 1721 1718 1727 1736 1733 1744 1738
851.002991 1743 1745 1727 1738 1734 1732 1739 1732 1750
851.021973 1744 1728 1733 1724 1733 1735 1728 1747 1738
851.041992 1740 1728 1728 1722 1726 1728 1729 1739 1747
851.062012 1726 1731 1733 1726 1730 1721 1736 1730 1739
851.08197 1736 1735 1727 1725 1717 1731 1736 1733 1747
851.10199 1732 1734 1728 1722 1730 1727 1727 1735 1735
851.120972 1737 1725 1726 1721 1715 1729 1731 1724 1741
851.140991 1736 1730 1722 1733 1723 1727 1730 1739 1735
851.161011 1734 1733 1731 1727 1728 1724 1730 1742 1742
851.18103 1737 1746 1731 1717 1723 1713 1722 1738 1733
851.200012 1736 1740 1732 1722 1734 1727 1728 1733 1738
851.219971 1732 1736 1721 1724 1720 1723 1733 1737 1730
851.23999 1728 1728 1732 1715 1725 1723 1724 1719 1732
851.26001 1741 1731 1739 1722 1726 1724 1730 1729 1743
851.280029 1737 1729 1731 1725 1734 1723 1743 1726 1732
851.299011 1738 1738 1724 1732 1722 1729 1731 1724 1736
851.31897 1720 1726 1727 1712 1727 1718 1726 1738 1732
851.338989 1731 1725 1725 1726 1728 1725 1732 1727 1725
851.359009 1731 1737 1735 1723 1726 1713 1726 1731 1741
851.377991 1731 1730 1737 1733 1715 1724 1740 1734 1763
851.39801 1738 1729 1727 1732 1719 1739 1733 1722 1740
851.41803 1722 1736 1727 1726 1715 1728 1728 1738 1733
851.437988 1737 1730 1736 1715 1726 1727 1728 1718 1730
851.45697 1727 1728 1722 1717 1715 1720 1726 1739 1730
851.47699 1721 1716 1719 1728 1720 1701 1726 1731 1722
851.497009 1724 1723 1719 1712 1717 1714 1715 1720 1728
851.517029 1724 1725 1713 1712 1732 1721 1720 1723 1723
851.536011 1726 1722 1722 1714 1711 1710 1718 1719 1725
851.55603 1722 1723 1724 1715 1715 1714 1729 1728 1734
851.575989 1710 1725 1726 1709 1732 1704 1720 1724 1733
851.596008 1730 1724 1721 1716 1713 1722 1720 1731 1727
851.616028 1716 1717 1713 1737 1712 1705 1718 1716 1718
851.63501 1741 1727 1731 1717 1718 1712 1720 1719 1720
851.655029 1722 1708 1718 1716 1714 1720 1722 1721 1730
851.674988 1724 1714 1709 1712 1707 1710 1724 1721 1717
851.695007 1720 1715 1709 1706 1711 1707 1714 1715 1718
851.713989 1727 1722 1701 1706 1706 1720 1719 1719 1729
851.734009 1721 1709 1712 1709 1695 1707 1716 1715 1728
851.754028 1725 1710 1716 1712 1712 1713 1712 1724 1714
851.773987 1712 1715 1713 1720 1716 1709 1718 1717 1712
851.79303 1724 1710 1712 1711 1701 1702 1719 1722 1714
851.812988 1723 1711 1710 1707 1710 1711 1710 1718 1723
851.833008 1731 1717 1713 1711 1717 1715 1718 1710 1722
851.853027 1711 1712 1717 1706 1710 1697 1713 1724 1708
851.872009 1721 1717 1725 1718 1709 1712 1723 1717 1714
851.892029 1718 1719 1721 1705 1712 1700 1716 1718 1717
851.911987 1714 1730 1714 1710 1714 1725 1718 1723 1719
851.932007 1732 1724 1709 1714 1717 1707 1714 1716 1717
851.950989 1721 1705 1710 1708 1709 1704 1728 1721 1725
851.971008 1702 1711 1729 1714 1717 1708 1721 1721 1716
851.991028 1716 1706 1716 1721 1706 1713 1724 1712 1720
852.010986 1724 1717 1720 1701 1714 1705 1725 1714 1713
852.030029 1718 1709 1708 1705 1715 1713 1720 1718 1721
852.049988 1710 1715 1714 1704 1709 1722 1725 1720 1727
852.070007 1712 1720 1717 1709 1703 1714 1706 1714 1720
852.090027 1719 1717 1709 1713 1708 1709 1719 1718 1713
852.109009 1722 1721 1733 1716 1712 1709 1716 1716 1723
852.129028 1710 1715 1715 1709 1713 1717 1724 1726 1718
852.148987 1718 1707 1718 1711 1710 1707 1721 1710 1717
852.169006 1713 1714 1724 1703 1721 1719 1719 1723 1727
852.187988 1718 1714 1712 1712 1707 1712 1714 1706 1727
852.208008 1718 1720 1721 1709 1721 1715 1712 1717 1717
852.228027 1726 1728 1719 1705 1706 1710 1727 1717 1729
852.247986 1727 1721 1718 1714 1712 1716 1727 1725 1721
852.267029 1726 1713 1716 1708 1709 1721 1726 1714 1721
852.286987 1706 1719 1711 1714 1727 1713 1715 1725 1708
852.307007 1731 1727 1723 1712 1714 1708 1710 1724 1724
852.327026 1715 1719 1717 1715 1714 1713 1717 1716 1728
852.346008 1719 1720 1715 1709 1718 1711 1710 1728 1717
852.366028 1721 1722 1721 1717 1716 1711 1714 1724 1718
852.385986 1737 1720 1712 1717 1726 1717 1725 1724 1729
852.406006 1715 1727 1716 1718 1713 1717 1717 1714 1714
852.424988 1726 1718 1713 1720 1713 1698 1715 1715 1720
852.445007 1726 1711 1719 1721 1707 1716 1707 1724 1712
852.465027 1716 1721 1726 1715 1697 1721 1719 1730 1728
852.484009 1720 1724 1724 1712 1714 1722 1709 1704 1722
852.504028 1720 1715 1715 1715 1704 1714 1720 1711 1713
852.523987 1722 1717 1709 1714 1703 1713 1714 1722 1723
852.544006 1715 1718 1708 1713 1707 1713 1718 1719 1717
852.562988 1721 1727 1726 1710 1723 1712 1705 1727 1722
852.583008 1722 1724 1718 1712 1701 1711 1718 1729 1720
852.603027 1727 1723 1708 1714 1703 1720 1729 1714 1722
852.622986 1722 1711 1713 1711 1714 1711 1728 1718 1719
852.642029 1722 1713 1705 1720 1717 1721 1716 1715 1718
852.661987 1729 1713 1715 1719 1713 1721 1723 1738 1727
852.682007 1724 1717 1725 1714 1711 1720 1716 1735 1725
852.700989 1715 1716 1719 1706 1713 1715 1715 1725 1730
852.721008 1722 1712 1716 1719 1709 1713 1715 1717 1719
852.741028 1722 1721 1715 1709 1713 1716 1716 1725 1725
852.760986 1722 1706 1719 1709 1716 1718 1718 1721 1721
852.780029 1715 1715 1713 1717 1720 1716 1717 1729 1716
852.799988 1709 1717 1720 1717 1708 1711 1716 1715 1724
852.820007 1709 1719 1712 1707 1713 1720 1727 1727 1720
852.840027 1712 1714 1728 1707 1709 1707 1710 1729 1719
852.859009 1719 1720 1717 1703 1713 1719 1726 1715 1720
852.879028 1725 1725 1711 1712 1710 1712 1726 1720 1721
852.898987 1730 1717 1710 1705 1704 1719 1719 1718 1729
852.91803 1715 1719 1723 1723 1700 1722 1726 1728 1712
852.937988 1716 1727 1728 1709 1706 1715 1723 1725 1734
852.958008 1726 1722 1711 1714 1710 1709 1706 1722 1720
852.978027 1709 1712 1709 1703 1711 1710 1733 1726 1716
852.997009 1711 1726 1714 1711 1712 1718 1722 1715 1713
853.017029 1726 1712 1707 1715 1714 1705 1725 1721 1721
853.036987 1714 1727 1715 1712 1707 1707 1719 1721 1720
853.05603 1715 1722 1709 1709 1716 1708 1720 1708 1714
853.075989 1717 1719 1709 1713 1714 1715 1720 1705 1732
853.096008 1726 1727 1727 1724 1717 1704 1719 1716 1719
853.116028 1710 1722 1715 1714 1710 1715 1716 1724 1722
853.13501 1727 1719 1721 1720 1706 1721 1714 1712 1719
853.155029 1717 1713 1708 1715 1713 1721 1715 1719 1729
853.174988 1722 1716 1740 1715 1704 1717 1717 1721 1724
853.19397 1715 1723 1722 1714 1709 1709 1712 1744 1728
853.213989 1727 1721 1718 1719 1709 1719 1714 1728 1724
853.234009 1702 1711 1717 1717 1707 1708 1724 1718 1705
853.254028 1717 1719 1710 1705 1711 1718 1715 1724 1733
853.27301 1721 1721 1711 1707 1704 1708 1727 1720 1714
853.29303 1714 1719 1709 1714 1726 1722 1729 1706 1723
853.312988 1730 1733 1715 1717 1716 1725 1723 1724 1714
853.33197 1732 1717 1718 1699 1716 1718 1725 1726 1730
853.35199 1724 1721 1716 1708 1713 1722 1721 1721 1721
853.372009 1723 1728 1713 1709 1712 1710 1715 1722 1719
853.390991 1719 1717 1716 1714 1720 1710 1713 1725 1710
853.411011 1717 1722 1722 1716 1704 1718 1727 1714 1713
853.43103 1714 1716 1722 1725 1707 1712 1729 1719 1718
853.450989 1728 1738 1722 1711 1719 1714 1728 1722 1735
853.469971 1717 1718 1715 1714 1724 1714 1714 1725 1722
853.48999 1728 1726 1722 1716 1700 1719 1714 1726 1715
853.51001 1716 1718 1709 1718 1716 1719 1722 1717 1731
853.528992 1725 1722 1715 1708 1703 1712 1722 1722 1721
853.549011 1714 1718 1714 1722 1708 1722 1716 1729 1720
853.56897 1715 1713 1712 1718 1716 1732 1718 1723 1723
853.588989 1719 1711 1716 1716 1713 1704 1721 1719 1733
853.607971 1722 1727 1719 1713 1715 1711 1721 1727 1723
853.627991 1723 1717 1710 1713 1712 1707 1719 1714 1727
853.64801 1715 1716 1711 1719 1719 1718 1712 1726 1732
853.666992 1728 1730 1704 1714 1714 1712 1722 1715 1726
853.687012 1718 1732 1718 1713 1695 1716 1726 1729 1735
853.70697 1722 1710 1717 1706 1712 1714 1723 1726 1728
853.726013 1731 1713 1720 1719 1719 1713 1717 1726 1735
853.745972 1731 1713 1709 1730 1703 1713 1730 1727 1729
853.765991 1722 1720 1722 1711 1711 1719 1724 1731 1717
853.784973 1724 1728 1708 1699 1705 1709 1721 1727 1724
853.804993 1719 1722 1718 1709 1712 1715 1725 1726 1728
853.825012 1718 1720 1709 1719 1726 1704 1725 1739 1747
853.844971 1725 1713 1717 1721 1708 1725 1723 1722 1735
853.864014 1724 1728 1722 1718 1721 1715 1723 1719 1732
853.883972 1724 1731 1727 1713 1715 1718 1717 1725 1734
853.903992 1733 1729 1723 1726 1712 1722 1720 1719 1719
853.922974 1744 1732 1719 1720 1725 1724 1722 1733 1725
853.942993 1726 1722 1721 1722 1720 1722 1734 1736 1722
853.963013 1726 1737 1732 1721 1718 1732 1731 1732 1748
853.981995 1728 1724 1727 1720 1717 1725 1731 1738 1732
854.002014 1733 1708 1727 1719 1715 1722 1729 1727 1729
854.021973 1725 1740 1720 1716 1712 1716 1730 1723 1727
854.041016 1729 1727 1721 1723 1730 1720 1721 1729 1743
854.060974 1726 1737 1727 1734 1730 1732 1725 1736 1731
854.080994 1731 1735 1723 1717 1728 1724 1745 1736 1748
854.099976 1725 1731 1735 1736 1732 1737 1728 1736 1749
854.119995 1744 1744 1740 1719 1721 1739 1728 1744 1739
854.140015 1737 1734 1735 1723 1721 1726 1731 1737 1759
854.158997 1738 1746 1731 1730 1726 1720 1740 1743 1742
854.179016 1729 1735 1717 1740 1725 1725 1746 1745 1753
854.198975 1727 1748 1734 1728 1732 1719 1731 1726 1735
854.218994 1732 1747 1725 1721 1721 1737 1737 1736 1743
854.237976 1734 1738 1731 1734 1723 1724 1750 1739 1745
854.257996 1727 1729 1730 1730 1735 1724 1742 1751 1732
854.278015 1740 1732 1725 1720 1722 1726 1730 1751 1742
854.296997 1741 1739 1733 1733 1723 1720 1727 1733 1737
854.317017 1729 1740 1724 1728 1724 1732 1742 1746 1737
854.336975 1742 1730 1733 1724 1723 1722 1728 1738 1741
854.356018 1731 1740 1712 1730 1717 1732 1724 1734 1739
854.375977 1730 1738 1735 1722 1718 1730 1736 1745 1727
854.395996 1732 1739 1730 1731 1719 1726 1731 1738 1743
854.414978 1726 1736 1733 1719 1723 1720 1728 1733 1734
854.434998 1736 1736 1726 1729 1727 1729 1726 1723 1740
854.455017 1738 1726 1725 1723 1721 1720 1730 1738 1722
854.473999 1731 1734 1730 1727 1720 1726 1738 1743 1731
854.494019 1724 1735 1721 1711 1719 1722 1722 1732 1740
854.513977 1736 1724 1725 1709 1720 1716 1737 1736 1728
854.53302 1734 1724 1725 1725 1711 1721 1731 1738 1743
854.552979 1730 1733 1735 1718 1720 1713 1727 1714 1734
854.572998 1726 1723 1721 1715 1718 1728 1727 1743 1737
854.59198 1729 1724 1721 1713 1716 1733 1720 1733 1743
854.612 1719 1721 1716 1728 1713 1722 1739 1728 1741
854.632019 1730 1720 1713 1714 1710 1718 1723 1722 1727
854.651001 1722 1725 1719 1709 1707 1721 1725 1729 1735
854.671021 1727 1726 1727 1722 1722 1720 1727 1723 1725
854.690979 1725 1727 1717 1712 1720 1718 1723 1727 1729
854.710022 1723 1716 1734 1706 1715 1719 1717 1725 1721
854.72998 1737 1732 1720 1724 1709 1714 1726 1717 1731
854.75 1721 1712 1717 1700 1707 1711 1722 1719 1735
854.768982 1727 1727 1721 1707 1717 1718 1711 1721 1717
854.789001 1723 1726 1714 1709 1723 1721 1725 1728 1742
854.807983 1729 1724 1722 1713 1706 1717 1723 1719 1727
854.828003 1726 1726 1723 1712 1708 1713 1717 1726 1723
854.848022 1724 1716 1715 1712 1702 1721 1725 1722 1733
854.867004 1721 1729 1719 1719 1703 1711 1730 1723 1731
854.887024 1725 1721 1735 1720 1715 1727 1723 1722 1727
854.906982 1741 1726 1726 1721 1712 1713 1721 1740 1734
854.926025 1721 1733 1723 1719 1718 1726 1717 1720 1726
854.945984 1730 1723 1720 1709 1706 1721 1718 1725 1729
854.966003 1723 1725 1717 1724 1716 1712 1724 1728 1727
854.984985 1734 1745 1720 1714 1709 1710 1721 1731 1737
855.005005 1728 1728 1723 1710 1715 1718 1721 1729 1722
855.025024 1737 1726 1715 1713 1719 1728 1722 1718 1722
855.044006 1719 1721 1731 1718 1716 1734 1718 1740 1726
855.064026 1724 1727 1722 1714 1713 1722 1719 1721 1734
855.083984 1718 1714 1717 1716 1714 1709 1712 1731 1725
855.103027 1743 1717 1723 1720 1700 1717 1722 1741 1736
855.122986 1717 1718 1708 1713 1712 1720 1722 1722 1744
855.143005 1729 1728 1717 1721 1714 1715 1725 1720 1731
855.161987 1720 1715 1718 1713 1718 1714 1718 1729 1729
855.182007 1719 1716 1710 1705 1708 1714 1730 1730 1732
855.200989 1717 1733 1716 1712 1708 1728 1720 1728 1737
855.221008 1730 1728 1710 1712 1713 1712 1728 1726 1717
855.241028 1717 1717 1718 1715 1706 1710 1718 1726 1726
855.26001 1722 1728 1714 1713 1703 1714 1720 1727 1720
855.280029 1721 1718 1724 1701 1708 1709 1722 1734 1724
855.299988 1729 1728 1708 1711 1702 1713 1723 1731 1728
855.31897 1716 1724 1726 1714 1702 1720 1719 1736 1727
855.338989 1715 1729 1713 1721 1717 1718 1713 1723 1731
855.359009 1711 1716 1713 1710 1713 1713 1716 1729 1730
855.377991 1732 1722 1716 1719 1706 1709 1718 1722 1721
855.39801 1721 1717 1716 1703 1713 1714 1724 1729 1724
855.41803 1732 1709 1711 1718 1711 1716 1714 1714 1732
855.437012 1709 1722 1713 1711 1712 1708 1716 1727 1718
855.45697 1721 1720 1721 1698 1705 1705 1709 1715 1725
855.476013 1723 1721 1716 1716 1714 1712 1710 1725 1717
855.495972 1726 1714 1717 1709 1712 1714 1724 1725 1726
855.515991 1723 1715 1714 1714 1709 1716 1717 1727 1733
855.534973 1713 1721 1712 1708 1713 1709 1717 1725 1721
855.554993 1722 1723 1720 1709 1701 1708 1724 1723 1723
855.575012 1727 1710 1718 1710 1724 1701 1712 1716 1726
855.593994 1712 1708 1705 1705 1709 1711 1722 1720 1719
855.614014 1715 1720 1711 1717 1705 1721 1724 1713 1719
855.633972 1725 1709 1713 1716 1707 1711 1705 1720 1711
855.653015 1716 1726 1720 1723 1704 1718 1722 1718 1716
855.672974 1714 1719 1710 1716 1716 1723 1717 1722 1720
855.692017 1710 1714 1708 1698 1712 1710 1702 1715 1718
855.711975 1712 1716 1713 1709 1711 1712 1706 1731 1712
855.731995 1725 1720 1716 1701 1709 1713 1721 1724 1722
855.750977 1716 1724 1705 1711 1707 1713 1713 1704 1715
855.770996 1721 1718 1721 1708 1704 1716 1729 1724 1722
855.791016 1723 1709 1721 1707 1708 1716 1720 1718 1719
855.809998 1710 1707 1718 1713 1702 1711 1707 1715 1705
855.830017 1718 1711 1711 1707 1718 1714 1716 1720 1723
855.848999 1720 1722 1708 1710 1702 1707 1712 1720 1716
855.869019 1720 1717 1705 1716 1708 1704 1724 1727 1725
855.888977 1715 1712 1714 1709 1705 1694 1714 1725 1725
855.90802 1715 1717 1710 1710 1706 1716 1703 1718 1713
855.927979 1715 1720 1708 1698 1717 1704 1717 1711 1722
855.947998 1720 1709 1716 1705 1702 1707 1709 1708 1711
855.96698 1712 1720 1709 1714 1708 1721 1721 1715 1726
855.987 1723 1719 1714 1712 1709 1718 1713 1731 1730
856.005981 1730 1730 1721 1704 1713 1716 1712 1724 1712
856.026001 1723 1722 1715 1710 1707 1710 1721 1726 1712
856.046021 1712 1724 1714 1714 1711 1712 1725 1725 1725
856.065002 1712 1722 1710 1714 1708 1703 1714 1719 1724
856.085022 1723 1710 1715 1704 1713 1715 1719 1718 1718
856.104004 1721 1711 1719 1712 1720 1721 1716 1715 1721
856.124023 1728 1718 1717 1712 1720 1700 1718 1716 1734
856.143982 1722 1717 1708 1705 1705 1712 1717 1722 1715
856.163025 1716 1714 1710 1709 1705 1706 1703 1717 1715
856.182983 1715 1726 1723 1719 1711 1715 1718 1716 1721
856.203003 1723 1705 1723 1714 1720 1720 1722 1733 1725
856.221985 1718 1721 1719 1717 1718 1713 1723 1725 1718
856.242004 1721 1710 1724 1721 1705 1715 1720 1731 1720
856.260986 1716 1718 1713 1714 1704 1711 1721 1721 1724
856.281006 1724 1720 1711 1712 1701 1716 1714 1720 1728
856.301025 1718 1722 1720 1704 1718 1707 1709 1726 1719
856.320007 1721 1715 1719 1702 1707 1714 1717 1727 1725
856.340027 1723 1719 1708 1709 1726 1705 1719 1719 1712
856.359009 1712 1714 1706 1700 1710 1702 1717 1720 1725
856.379028 1720 1716 1709 1716 1704 1719 1708 1717 1723
856.398987 1733 1712 1708 1712 1711 1713 1721 1722 1730
856.41803 1715 1713 1717 1708 1710 1719 1711 1718 1709
856.437988 1711 1717 1718 1704 1701 1718 1717 1712 1714
856.45697 1701 1716 1710 1712 1706 1706 1708 1718 1710
856.47699 1717 1720 1711 1704 1712 1706 1713 1715 1727
856.497009 1718 1714 1711 1701 1706 1706 1716 1709 1729
856.515991 1718 1710 1708 1712 1698 1717 1703 1706 1716
856.536011 1717 1709 1714 1720 1702 1701 1716 1713 1716
856.554993 1715 1715 1715 1701 1705 1708 1709 1713 1721
856.575012 1714 1722 1709 1713 1709 1711 1724 1714 1720
856.594971 1702 1713 1701 1704 1706 1706 1715 1715 1717
856.614014 1714 1715 1703 1694 1703 1716 1707 1719 1712
856.633972 1714 1709 1721 1708 1709 1707 1708 1702 1711
856.653015 1714 1709 1709 1706 1705 1705 1717 1712 1714
856.672974 1709 1714 1708 1712 1702 1697 1706 1721 1717
856.692993 1704 1721 1708 1705 1698 1711 1707 1706 1707
856.711975 1714 1710 1710 1699 1708 1716 1711 1708 1723
856.731995 1701 1708 1705 1706 1706 1701 1703 1711 1709
856.750977 1709 1710 1710 1709 1703 1687 1709 1713 1716
856.770996 1718 1712 1712 1713 1698 1705 1715 1709 1716
856.791016 1707 1713 1714 1698 1703 1701 1710 1711 1717
856.809998 1710 1699 1703 1706 1700 1703 1710 1715 1707
856.830017 1714 1701 1714 1709 1698 1699 1711 1724 1708
856.848999 1708 1701 1701 1704 1698 1698 1710 1701 1713
856.869019 1703 1702 1707 1706 1698 1706 1709 1711 1713
856.888 1709 1698 1703 1707 1698 1701 1718 1711 1717
856.90802 1722 1700 1719 1694 1697 1700 1717 1701 1707
856.927979 1695 1710 1698 1698 1703 1697 1701 1698 1718
856.947021 1713 1703 1707 1707 1702 1708 1698 1716 1711
856.96698 1716 1718 1703 1715 1705 1718 1712 1717 1699
856.986023 1702 1708 1704 1704 1699 1705 1702 1709 1705
857.005981 1719 1710 1701 1714 1713 1706 1706 1706 1719
857.026001 1702 1706 1710 1709 1702 1703 1709 1718 1713
857.044983 1715 1700 1697 1703 1701 1702 1712 1705 1708
857.065002 1707 1707 1708 1702 1697 1697 1704 1711 1707
857.083984 1709 1706 1697 1702 1704 1705 1715 1713 1713
857.104004 1712 1705 1706 1707 1694 1696 1718 1704 1707
857.122986 1711 1701 1713 1701 1698 1713 1707 1716 1719
857.143005 1709 1709 1714 1699 1711 1704 1711 1706 1701
857.163025 1709 1716 1710 1697 1702 1700 1704 1713 1711
857.182007 1706 1705 1697 1701 1700 1708 1705 1704 1707
857.202026 1703 1713 1711 1698 1696 1707 1705 1713 1719
857.221008 1719 1700 1711 1705 1704 1712 1707 1711 1714
857.241028 1715 1701 1711 1707 1694 1711 1716 1710 1713
857.260986 1724 1708 1705 1695 1705 1709 1708 1716 1711
857.280029 1715 1712 1701 1708 1712 1707 1704 1716 1709
857.299988 1714 1704 1709 1701 1703 1700 1706 1707 1705
857.31897 1712 1706 1707 1694 1712 1702 1704 1707 1713
857.338989 1711 1708 1712 1704 1702 1702 1704 1709 1709
857.357971 1707 1698 1708 1702 1702 1701 1700 1711 1712
857.377991 1717 1718 1698 1701 1705 1710 1707 1712 1717
857.39801 1713 1707 1695 1716 1703 1705 1700 1709 1705
857.416992 1707 1707 1702 1701 1704 1694 1705 1712 1712
857.437012 1703 1713 1702 1700 1705 1704 1698 1707 1711
857.455994 1711 1724 1706 1705 1699 1702 1715 1709 1717
857.476013 1706 1706 1706 1696 1701 1710 1705 1699 1719
857.494995 1707 1709 1711 1708 1702 1689 1712 1720 1708
857.515015 1712 1702 1712 1692 1698 1707 1708 1710 1702
857.534973 1699 1702 1704 1700 1711 1698 1711 1717 1715
857.554016 1711 1704 1702 1699 1701 1703 1710 1718 1706
857.573975 1702 1706 1708 1706 1699 1696 1702 1716 1711
857.593018 1715 1702 1710 1701 1708 1705 1709 1706 1715
857.612976 1700 1701 1708 1689 1692 1704 1707 1707 1718
857.632019 1709 1701 1705 1706 1718 1705 1711 1708 1705
857.651978 1706 1718 1695 1701 1709 1699 1702 1711 1702
857.671997 1697 1711 1714 1706 1706 1701 1702 1711 1720
857.690979 1707 1697 1704 1700 1704 1701 1705 1710 1710
857.710999 1708 1698 1698 1710 1706 1709 1702 1707 1699
857.72998 1707 1704 1699 1702 1705 1707 1713 1706 1704
857.75 1696 1696 1697 1704 1693 1702 1713 1705 1702
857.768982 1705 1709 1701 1702 1697 1701 1698 1710 1711
857.789001 1699 1707 1700 1705 1695 1713 1698 1706 1703
857.807983 1706 1709 1705 1706 1711 1704 1693 1704 1710
857.828003 1697 1705 1699 1690 1707 1703 1695 1704 1709
857.848022 1699 1704 1700 1703 1698 1715 1707 1703 1695
857.867004 1701 1701 1698 1712 1704 1702 1704 1703 1705
857.887024 1709 1715 1701 1699 1702 1697 1713 1705 1699
857.906006 1710 1703 1703 1701 1704 1710 1701 1703 1704
857.926025 1720 1700 1696 1709 1707 1703 1694 1711 1708
857.945007 1703 1704 1709 1703 1709 1692 1717 1709 1708
857.965027 1712 1700 1702 1706 1702 1699 1704 1714 1701
857.984009 1716 1711 1697 1701 1708 1704 1708 1710 1706
858.004028 1709 1712 1706 1702 1707 1709 1701 1710 1707
858.02301 1702 1705 1698 1699 1710 1698 1708 1702 1712
858.04303 1708 1703 1704 1699 1697 1706 1706 1704 1701
858.062988 1702 1700 1702 1699 1693 1709 1712 1710 1711
858.08197 1718 1709 1707 1703 1705 1704 1717 1703 1708
858.10199 1709 1711 1704 1696 1710 1697 1701 1703 1699
858.120972 1708 1712 1702 1705 1689 1713 1701 1711 1705
858.140991 1718 1708 1691 1703 1702 1703 1705 1710 1710
858.159973 1716 1708 1705 1698 1698 1706 1702 1701 1699
858.179993 1704 1711 1703 1692 1701 1707 1704 1700 1704
858.198975 1696 1699 1703 1695 1704 1696 1710 1705 1711
858.218994 1691 1703 1703 1711 1701 1705 1700 1702 1693
858.239014 1703 1689 1709 1696 1711 1697 1699 1708 1713
858.257996 1700 1701 1703 1697 1701 1700 1701 1716 1708
858.278015 1691 1697 1692 1697 1696 1700 1697 1709 1705
858.296997 1702 1707 1706 1692 1708 1698 1692 1706 1691
858.317017 1706 1689 1702 1694 1701 1697 1701 1696 1702
858.335999 1695 1707 1711 1697 1699 1703 1705 1706 1704
858.356018 1698 1697 1706 1694 1699 1690 1707 1698 1707
858.375 1711 1699 1693 1705 1699 1698 1701 1700 1706
858.39502 1700 1700 1706 1700 1696 1698 1696 1709 1702
858.414001 1703 1701 1701 1711 1692 1701 1702 1694 1695
858.434021 1697 1688 1691 1703 1695 1699 1693 1697 1695
858.453003 1712 1695 1692 1692 1696 1700 1699 1703 1707
858.473022 1697 1703 1706 1702 1695 1699 1702 1696 1708
858.492004 1715 1698 1684 1696 1699 1702 1700 1703 1695
858.512024 1706 1693 1706 1700 1688 1703 1692 1692 1703
858.531982 1702 1698 1700 1701 1695 1692 1689 1698 1701
858.551025 1705 1689 1698 1698 1694 1694 1700 1696 1701
858.570984 1696 1700 1700 1698 1700 1710 1697 1696 1692
858.590027 1687 1702 1702 1703 1697 1701 1703 1700 1711
858.609985 1706 1702 1702 1701 1711 1701 1710 1703 1704
858.629028 1713 1700 1708 1711 1698 1705 1709 1705 1712
858.648987 1704 1703 1705 1693 1706 1706 1700 1706 1697
858.66803 1715 1698 1711 1697 1705 1699 1703 1709 1703
858.687988 1697 1709 1704 1698 1690 1703 1693 1705 1712
858.70697 1705 1713 1699 1700 1703 1699 1698 1712 1696
858.72699 1697 1717 1695 1704 1708 1702 1718 1718 1693
858.745972 1710 1712 1705 1700 1710 1687 1706 1696 1694
858.765991 1707 1695 1690 1696 1705 1708 1703 1703 1719
858.784973 1713 1701 1700 1710 1707 1699 1710 1710 1693
858.804993 1703 1716 1705 1697 1699 1702 1707 1712 1700
858.823975 1718 1695 1704 1709 1708 1704 1703 1706 1703
858.843994 1708 1698 1704 1712 1708 1683 1707 1701 1699
858.864014 1699 1706 1698 1705 1715 1705 1711 1711 1699
858.882996 1698 1701 1701 1707 1704 1699 1697 1704 1703
858.903015 1703 1707 1705 1706 1706 1710 1699 1704 1702
858.921997 1700 1698 1699 1701 1695 1699 1707 1711 1699
858.942017 1706 1704 1710 1698 1692 1709 1705 1703 1699
858.960999 1700 1700 1702 1697 1700 1698 1704 1712 1701
858.981018 1701 1707 1709 1709 1693 1705 1706 1705 1703
859 1712 1704 1697 1698 1696 1688 1709 1702 1699
859.02002 1704 1700 1697 1693 1701 1695 1704 1698 1702
859.039001 1702 1707 1702 1703 1706 1709 1713 1698 1693
859.059021 1697 1714 1696 1700 1702 1698 1709 1708 1701
859.078003 1691 1703 1697 1703 1709 1711 1706 1695 1697
859.098022 1711 1716 1693 1696 1696 1705 1703 1704 1707
859.117004 1699 1690 1690 1703 1697 1703 1702 1692 1696
859.137024 1705 1708 1697 1696 1697 1696 1696 1700 1699
859.156006 1711 1699 1696 1699 1685 1701 1700 1691 1691
859.176025 1693 1698 1698 1697 1691 1689 1695 1702 1706
859.195007 1694 1708 1702 1683 1702 1690 1691 1698 1704
859.215027 1696 1696 1701 1697 1698 1706 1696 1695 1698
859.234009 1692 1695 1689 1695 1707 1691 1702 1694 1698
859.254028 1692 1702 1701 1696 1703 1688 1693 1695 1705
859.27301 1696 1691 1694 1686 1706 1694 1706 1706 1703
859.29303 1697 1698 1711 1688 1704 1693 1698 1701 1704
859.312012 1702 1704 1691 1701 1697 1691 1703 1698 1705
859.33197 1693 1693 1707 1694 1695 1707 1713 1689 1713
859.351013 1693 1693 1696 1701 1695 1697 1698 1699 1699
859.370972 1702 1702 1688 1696 1704 1712 1695 1692 1698
859.390015 1684 1705 1707 1698 1696 1691 1702 1704 1702
859.409973 1702 1704 1705 1705 1704 1691 1699 1699 1694
859.429016 1699 1695 1712 1700 1704 1685 1701 1697 1711
859.448975 1694 1701 1699 1707 1701 1698 1708 1706 1707
859.468018 1698 1703 1694 1704 1703 1691 1702 1699 1709
859.487976 1706 1699 1707 1703 1708 1702 1697 1702 1697
859.507019 1709 1703 1704 1698 1702 1693 1713 1703 1695
859.526978 1707 1686 1705 1699 1699 1696 1704 1692 1701
859.546021 1698 1703 1702 1705 1713 1710 1716 1722 1698
859.565979 1693 1709 1702 1699 1697 1708 1706 1694 1699
859.585022 1690 1697 1693 1710 1698 1700 1704 1706 1706
859.60498 1691 1710 1705 1698 1705 1706 1700 1710 1715
859.624023 1699 1701 1700 1698 1706 1703 1698 1709 1703
859.643982 1689 1704 1700 1709 1706 1696 1703 1701 1699
859.663025 1709 1699 1704 1703 1700 1695 1702 1702 1709
859.682983 1705 1703 1709 1716 1693 1705 1701 1709 1701
859.702026 1697 1707 1705 1701 1702 1706 1699 1705 1706
859.721985 1710 1694 1700 1695 1707 1692 1702 1707 1709
859.741028 1702 1709 1690 1707 1698 1703 1699 1709 1704
859.760986 1707 1706 1700 1712 1707 1692 1711 1703 1704
859.780029 1694 1706 1697 1696 1701 1701 1700 1708 1694
859.799988 1711 1694 1703 1692 1702 1707 1702 1699 1703
859.81897 1703 1698 1703 1696 1698 1707 1695 1700 1701
859.838989 1700 1703 1698 1696 1700 1700 1705 1694 1693
859.857971 1703 1700 1697 1692 1698 1702 1691 1693 1707
859.877991 1708 1696 1696 1698 1696 1707 1700 1696 1703
859.896973 1698 1699 1686 1687 1697 1695 1700 1701 1704
859.916992 1693 1708 1703 1697 1690 1694 1702 1688 1695
859.935974 1696 1698 1703 1702 1711 1691 1691 1700 1696
859.955994 1699 1700 1693 1694 1696 1700 1700 1701 1698
859.974976 1698 1693 1687 1703 1698 1699 1699 1701 1690
859.994995 1694 1697 1689 1693 1690 1679 1707 1700 1705
860.013977 1697 1701 1694 1700 1690 1697 1704 1706 1697
860.033997 1696 1698 1703 1687 1700 1691 1701 1699 1692
860.052979 1684 1698 1695 1697 1689 1697 1691 1705 1697
860.072998 1696 1705 1705 1701 1688 1695 1708 1707 1702
860.09198 1702 1683 1696 1696 1703 1700 1699 1708 1695
860.112 1695 1694 1696 1694 1690 1700 1702 1688 1693
860.130981 1702 1697 1692 1697 1689 1701 1703 1691 1704
860.151001 1696 1694 1704 1703 1703 1698 1697 1696 1703
860.169983 1693 1696 1708 1702 1695 1698 1694 1694 1697
860.189026 1696 1706 1703 1693 1706 1694 1700 1697 1710
860.208984 1694 1694 1691 1690 1689 1686 1697 1696 1702
860.228027 1698 1686 1689 1702 1689 1706 1696 1698 1698
860.247986 1705 1689 1696 1690 1684 1688 1709 1692 1692
860.267029 1701 1697 1697 1703 1688 1699 1698 1700 1686
860.286987 1696 1694 1688 1688 1682 1690 1693 1706 1700
860.30603 1684 1695 1688 1694 1701 1693 1701 1692 1685
860.325989 1691 1709 1690 1692 1697 1691 1700 1699 1699
860.344971 1687 1694 1692 1712 1695 1700 1697 1691 1690
860.36499 1690 1692 1690 1700 1703 1689 1698 1697 1701
860.383972 1696 1701 1697 1702 1706 1704 1684 1706 1689
860.403992 1708 1708 1706 1701 1687 1700 1701 1708 1692
860.422974 1690 1698 1701 1699 1702 1698 1697 1703 1689
860.442993 1708 1698 1699 1691 1691 1690 1707 1693 1695
860.461975 1691 1704 1693 1694 1696 1692 1689 1698 1697
860.481995 1695 1695 1692 1685 1705 1695 1706 1705 1696
860.500977 1696 1701 1693 1703 1693 1701 1691 1702 1695
860.520996 1690 1696 1692 1706 1708 1702 1695 1695 1691
860.539978 1694 1704 1700 1709 1706 1695 1687 1710 1695
860.559021 1708 1694 1685 1704 1697 1699 1691 1700 1695
860.578979 1705 1692 1701 1702 1697 1699 1703 1698 1698
860.598022 1700 1694 1695 1700 1700 1696 1693 1705 1697
860.617981 1701 1702 1707 1700 1700 1696 1693 1700 1705
860.637024 1697 1694 1705 1703 1692 1690 1696 1702 1699
860.656982 1697 1714 1703 1706 1707 1706 1715 1696 1704
860.676025 1697 1696 1705 1694 1705 1686 1695 1698 1697
860.695984 1711 1691 1693 1700 1698 1684 1696 1695 1701
860.715027 1692 1696 1712 1694 1699 1708 1690 1698 1702
860.734985 1695 1697 1703 1705 1697 1687 1697 1698 1690
860.754028 1703 1702 1705 1699 1696 1691 1700 1703 1703
860.77301 1699 1692 1702 1700 1690 1704 1693 1699 1699
