0 12.8571429 25.7142857 38.5714286 51.4285714 64.2857143 77.1428571 90
828.851013 1631 1659 1669 1652 1628 1616 1617 1631
828.870972 1634 1667 1664 1658 1629 1615 1623 1634
828.890991 1636 1650 1662 1663 1633 1616 1611 1635
828.911987 1629 1660 1666 1658 1627 1607 1614 1637
828.932007 1639 1662 1672 1652 1634 1611 1611 1637
828.953003 1627 1658 1667 1651 1614 1615 1608 1629
828.973022 1633 1675 1668 1666 1614 1619 1615 1643
828.994019 1635 1657 1667 1645 1631 1598 1602 1627
829.013977 1631 1654 1652 1654 1626 1609 1613 1627
829.034973 1632 1652 1669 1650 1634 1614 1607 1631
829.054993 1632 1661 1666 1646 1620 1613 1609 1629
829.075012 1631 1648 1658 1647 1624 1612 1606 1629
829.096008 1629 1654 1659 1648 1625 1607 1610 1630
829.116028 1628 1654 1657 1656 1625 1605 1610 1634
829.137024 1631 1658 1649 1649 1636 1607 1614 1624
829.156982 1628 1639 1656 1647 1619 1607 1603 1630
829.177979 1627 1649 1661 1647 1625 1605 1600 1630
829.197998 1624 1644 1664 1636 1625 1600 1604 1626
829.218994 1626 1651 1656 1649 1621 1606 1601 1617
829.239014 1629 1653 1654 1646 1615 1611 1601 1627
829.258972 1636 1649 1658 1649 1614 1605 1600 1627
829.280029 1624 1641 1663 1650 1620 1599 1605 1630
829.299988 1618 1646 1656 1651 1620 1605 1602 1622
829.320984 1624 1646 1658 1639 1615 1599 1609 1624
829.341003 1630 1648 1659 1650 1620 1607 1604 1620
829.362 1621 1642 1656 1637 1617 1600 1607 1618
829.382019 1620 1654 1661 1649 1619 1612 1600 1619
829.401978 1623 1640 1652 1631 1627 1601 1601 1620
829.422974 1628 1651 1662 1633 1613 1603 1605 1626
829.442993 1633 1649 1658 1644 1621 1596 1604 1625
829.463989 1625 1652 1659 1643 1626 1612 1612 1626
829.484009 1628 1645 1657 1642 1614 1606 1604 1623
829.505005 1630 1642 1655 1644 1622 1597 1610 1626
829.525024 1621 1642 1658 1649 1625 1598 1605 1619
829.544983 1637 1652 1659 1646 1609 1603 1612 1624
829.565979 1620 1640 1649 1630 1618 1604 1610 1623
829.585999 1623 1638 1662 1648 1616 1607 1609 1618
829.606995 1619 1648 1657 1644 1610 1600 1608 1618
829.627014 1624 1641 1659 1635 1618 1606 1598 1621
829.64801 1621 1649 1651 1651 1622 1607 1606 1620
829.66803 1626 1648 1661 1644 1622 1607 1614 1625
829.687988 1624 1644 1656 1647 1616 1608 1605 1627
829.708984 1630 1647 1659 1642 1620 1606 1605 1617
829.729004 1628 1652 1655 1648 1618 1602 1602 1617
829.75 1624 1647 1660 1647 1620 1601 1609 1626
829.77002 1621 1644 1657 1637 1613 1601 1610 1628
829.791016 1624 1651 1654 1643 1619 1606 1601 1624
829.810974 1634 1651 1650 1653 1627 1603 1596 1624
829.830994 1625 1652 1651 1648 1625 1608 1599 1634
829.85199 1626 1640 1654 1648 1617 1601 1604 1622
829.872009 1629 1652 1667 1644 1620 1610 1602 1636
829.893005 1633 1642 1651 1634 1626 1607 1609 1626
829.913025 1624 1649 1665 1650 1615 1605 1605 1621
829.932983 1630 1644 1659 1645 1621 1610 1607 1626
829.953979 1627 1644 1667 1649 1624 1608 1602 1618
829.973999 1621 1639 1654 1644 1615 1602 1604 1630
829.994995 1630 1649 1668 1657 1629 1613 1607 1621
830.015015 1635 1657 1671 1653 1623 1606 1600 1625
830.036011 1630 1652 1675 1653 1622 1605 1617 1634
830.05603 1632 1645 1661 1644 1627 1606 1609 1632
830.075989 1632 1661 1670 1646 1625 1606 1612 1633
830.096985 1626 1656 1661 1656 1626 1609 1599 1626
830.117004 1637 1666 1667 1659 1622 1607 1619 1630
830.138 1634 1658 1673 1655 1630 1612 1610 1633
830.15802 1641 1657 1681 1651 1620 1617 1611 1631
830.177979 1640 1665 1668 1654 1636 1605 1617 1629
830.198975 1635 1665 1676 1669 1620 1610 1614 1640
830.218994 1634 1665 1677 1653 1631 1605 1608 1631
830.23999 1640 1665 1669 1656 1624 1613 1614 1633
830.26001 1637 1668 1668 1658 1635 1605 1612 1632
830.280029 1638 1660 1669 1651 1632 1617 1616 1633
830.301025 1633 1655 1673 1661 1620 1610 1610 1634
830.320984 1640 1671 1670 1655 1629 1613 1612 1632
830.34198 1642 1661 1661 1661 1633 1615 1610 1630
830.362 1631 1656 1676 1665 1632 1619 1613 1635
830.382996 1638 1647 1668 1654 1631 1615 1613 1634
830.403015 1625 1662 1670 1660 1628 1615 1613 1630
830.422974 1631 1656 1669 1669 1634 1610 1612 1637
830.44397 1635 1662 1683 1653 1628 1617 1613 1635
830.463989 1642 1662 1675 1664 1623 1606 1608 1640
830.484009 1635 1661 1668 1662 1636 1609 1612 1643
830.505005 1632 1666 1674 1646 1627 1605 1620 1634
830.525024 1639 1660 1677 1648 1630 1615 1620 1637
830.546021 1626 1666 1667 1652 1631 1610 1612 1636
830.565979 1633 1654 1667 1666 1632 1618 1612 1627
830.585999 1640 1649 1675 1649 1623 1610 1616 1634
830.606995 1628 1665 1675 1656 1628 1610 1619 1637
830.627014 1638 1666 1670 1651 1631 1611 1618 1632
830.64801 1632 1654 1676 1658 1627 1608 1615 1630
830.66803 1631 1650 1665 1654 1617 1605 1615 1624
830.687988 1629 1664 1668 1653 1626 1612 1617 1634
830.708984 1632 1649 1656 1653 1639 1604 1604 1636
830.729004 1622 1660 1666 1645 1633 1613 1612 1637
830.75 1632 1656 1664 1652 1624 1613 1612 1630
830.77002 1634 1656 1657 1663 1629 1615 1608 1625
830.789978 1632 1654 1662 1647 1627 1608 1604 1624
830.810974 1627 1662 1675 1647 1623 1614 1609 1632
830.830994 1618 1653 1665 1647 1627 1606 1603 1625
830.85199 1624 1655 1670 1655 1623 1614 1607 1623
830.872009 1628 1651 1656 1648 1614 1601 1608 1629
830.892029 1636 1662 1671 1650 1624 1607 1615 1636
830.913025 1628 1650 1655 1648 1628 1597 1603 1627
830.932983 1632 1652 1670 1644 1627 1606 1608 1627
830.953979 1635 1646 1660 1650 1626 1607 1608 1631
830.973999 1630 1656 1669 1641 1616 1608 1600 1623
830.994019 1621 1647 1663 1651 1624 1607 1611 1626
831.015015 1630 1654 1664 1644 1620 1603 1610 1619
831.034973 1625 1645 1656 1648 1622 1607 1605 1622
831.054993 1631 1645 1651 1636 1629 1601 1602 1634
831.075989 1631 1649 1664 1644 1619 1594 1605 1628
831.096008 1624 1645 1649 1647 1622 1605 1606 1620
831.117004 1627 1647 1651 1647 1623 1602 1613 1620
831.137024 1631 1647 1663 1639 1626 1604 1610 1631
831.156982 1629 1650 1659 1645 1619 1604 1610 1622
831.177979 1631 1651 1653 1648 1620 1605 1605 1626
831.197998 1624 1651 1655 1648 1627 1603 1608 1616
831.218994 1623 1659 1656 1640 1615 1607 1610 1617
831.239014 1627 1645 1652 1651 1618 1610 1600 1630
831.258972 1620 1646 1653 1654 1615 1604 1611 1624
831.280029 1623 1631 1657 1650 1621 1600 1609 1624
831.299988 1628 1646 1649 1653 1619 1609 1610 1626
831.320007 1624 1650 1671 1644 1622 1605 1602 1619
831.341003 1623 1651 1659 1651 1613 1602 1607 1624
831.361023 1618 1656 1653 1647 1623 1612 1606 1628
831.382019 1631 1659 1667 1656 1627 1605 1612 1633
831.401978 1630 1642 1667 1645 1617 1610 1606 1633
831.421997 1622 1648 1665 1652 1621 1602 1609 1618
831.442993 1636 1642 1654 1645 1610 1604 1599 1616
831.463013 1636 1654 1661 1653 1623 1602 1601 1623
831.482971 1640 1651 1656 1639 1629 1611 1601 1617
831.504028 1631 1652 1670 1651 1626 1602 1608 1623
831.523987 1630 1650 1662 1650 1617 1613 1613 1633
831.544983 1630 1645 1666 1650 1620 1609 1603 1627
831.565002 1626 1649 1652 1646 1620 1609 1609 1625
831.585022 1624 1653 1657 1656 1619 1602 1609 1619
831.606018 1622 1659 1656 1653 1623 1613 1613 1617
831.625977 1627 1649 1657 1656 1620 1603 1602 1626
831.645996 1632 1640 1659 1646 1617 1601 1602 1619
831.666992 1632 1652 1652 1641 1628 1606 1616 1636
831.687012 1634 1656 1661 1645 1620 1598 1603 1619
831.708008 1634 1639 1658 1641 1618 1606 1606 1625
831.728027 1621 1658 1663 1652 1624 1607 1609 1625
831.747986 1633 1646 1660 1647 1628 1602 1607 1634
831.768982 1623 1644 1660 1642 1622 1603 1611 1626
831.789001 1634 1658 1666 1656 1609 1608 1611 1633
831.809021 1632 1653 1655 1650 1616 1614 1612 1623
831.830017 1620 1661 1660 1650 1617 1614 1612 1638
831.849976 1622 1653 1654 1648 1630 1603 1613 1625
831.869995 1632 1655 1659 1646 1632 1603 1610 1623
831.890991 1624 1653 1661 1653 1621 1611 1611 1631
831.911011 1631 1658 1664 1647 1620 1614 1608 1634
831.932007 1635 1660 1661 1656 1624 1607 1611 1638
831.952026 1635 1656 1667 1655 1626 1609 1606 1623
831.971985 1638 1657 1667 1656 1622 1596 1607 1621
831.992981 1633 1666 1670 1654 1621 1610 1613 1631
832.013 1635 1661 1662 1661 1629 1617 1604 1626
832.03302 1624 1657 1678 1663 1635 1613 1609 1629
832.054016 1626 1661 1675 1648 1622 1609 1615 1627
832.073975 1635 1651 1678 1655 1634 1614 1610 1632
832.093994 1626 1664 1676 1650 1635 1610 1616 1631
832.11499 1635 1662 1671 1658 1627 1613 1614 1645
832.13501 1631 1660 1667 1661 1626 1611 1607 1627
832.155029 1619 1657 1668 1662 1631 1614 1614 1633
832.176025 1640 1660 1673 1655 1634 1608 1606 1638
832.195984 1640 1655 1667 1658 1639 1606 1617 1640
832.216003 1631 1669 1670 1666 1627 1604 1612 1634
832.237 1645 1667 1677 1653 1636 1622 1610 1634
832.257019 1640 1653 1677 1665 1631 1610 1618 1635
832.278015 1638 1669 1680 1654 1632 1616 1618 1645
832.297974 1645 1652 1675 1660 1635 1617 1616 1630
832.317993 1635 1665 1672 1666 1629 1616 1617 1624
832.338989 1638 1667 1671 1661 1634 1612 1611 1638
832.359009 1647 1660 1670 1664 1635 1613 1617 1637
832.379028 1636 1665 1668 1663 1631 1617 1615 1639
832.400024 1637 1656 1670 1660 1633 1614 1615 1636
832.419983 1637 1667 1685 1663 1628 1608 1612 1637
832.440002 1643 1665 1677 1659 1635 1618 1615 1642
832.460999 1635 1658 1675 1660 1630 1612 1625 1640
832.481018 1636 1657 1678 1651 1626 1607 1616 1642
832.500977 1642 1663 1677 1652 1634 1613 1619 1632
832.521973 1645 1674 1676 1673 1629 1612 1618 1635
832.541992 1639 1670 1682 1660 1632 1612 1619 1645
832.562012 1639 1662 1682 1655 1637 1610 1616 1646
832.583008 1625 1663 1673 1661 1637 1609 1616 1639
832.603027 1643 1662 1668 1667 1625 1608 1623 1638
832.622986 1627 1658 1675 1667 1633 1616 1609 1638
832.643982 1636 1669 1679 1670 1639 1610 1614 1632
832.664001 1636 1662 1669 1653 1628 1612 1623 1632
832.684021 1643 1662 1670 1664 1639 1614 1615 1637
832.705017 1629 1661 1674 1647 1637 1612 1611 1622
832.724976 1639 1650 1677 1661 1631 1610 1613 1633
832.744995 1627 1665 1663 1652 1629 1608 1611 1639
832.765991 1631 1661 1675 1658 1629 1617 1610 1635
832.786011 1631 1659 1664 1664 1631 1612 1613 1619
832.80603 1637 1657 1671 1665 1632 1606 1609 1629
832.827026 1626 1652 1671 1667 1632 1609 1612 1632
832.846985 1630 1657 1666 1652 1636 1610 1608 1635
832.867004 1634 1652 1675 1658 1629 1610 1605 1631
832.888 1636 1668 1671 1647 1622 1607 1607 1623
832.90802 1623 1661 1666 1652 1628 1607 1608 1629
832.927979 1638 1663 1673 1654 1635 1610 1620 1635
832.948975 1638 1661 1666 1657 1625 1610 1613 1633
832.968994 1648 1658 1667 1661 1619 1612 1611 1632
832.989014 1634 1658 1673 1655 1623 1618 1608 1636
833.01001 1630 1661 1671 1661 1619 1613 1613 1628
833.030029 1637 1648 1666 1654 1636 1600 1610 1631
833.049988 1637 1660 1670 1662 1628 1613 1611 1633
833.070984 1624 1653 1672 1650 1617 1605 1614 1627
833.091003 1638 1649 1668 1652 1629 1607 1610 1637
833.111023 1637 1651 1666 1649 1633 1606 1606 1624
833.132019 1634 1641 1663 1650 1632 1605 1603 1627
833.151978 1640 1659 1665 1656 1616 1607 1604 1626
833.171997 1636 1658 1662 1648 1624 1611 1609 1628
833.192993 1627 1646 1667 1652 1623 1608 1612 1629
833.213013 1630 1650 1664 1653 1627 1602 1620 1624
833.232971 1631 1660 1662 1647 1627 1604 1606 1632
833.254028 1640 1654 1660 1643 1626 1605 1618 1632
833.273987 1628 1659 1672 1657 1629 1609 1607 1629
833.294006 1637 1650 1663 1656 1630 1610 1604 1625
833.315002 1637 1652 1659 1646 1622 1604 1614 1632
833.335022 1631 1652 1656 1644 1623 1608 1611 1629
833.35498 1632 1649 1654 1645 1622 1609 1604 1617
833.375977 1621 1663 1662 1648 1632 1603 1619 1626
833.395996 1624 1649 1661 1657 1623 1603 1608 1639
833.416016 1632 1652 1674 1650 1615 1616 1596 1628
833.437012 1627 1650 1655 1650 1622 1597 1596 1629
833.45697 1633 1648 1660 1643 1619 1606 1609 1622
833.47699 1622 1653 1663 1639 1614 1596 1613 1630
833.497009 1628 1657 1662 1646 1629 1604 1608 1629
833.518005 1622 1652 1663 1652 1624 1612 1608 1628
833.538025 1626 1666 1658 1647 1613 1599 1609 1622
833.557983 1630 1647 1665 1646 1626 1598 1610 1621
833.578979 1620 1660 1664 1645 1623 1608 1601 1630
833.598999 1627 1657 1668 1641 1627 1602 1602 1626
833.619019 1626 1647 1661 1650 1617 1598 1600 1623
833.640015 1622 1648 1652 1649 1617 1604 1607 1629
833.659973 1634 1648 1658 1652 1627 1608 1608 1636
833.679993 1628 1645 1657 1651 1617 1595 1599 1621
833.700989 1627 1653 1654 1645 1617 1615 1605 1628
833.721008 1638 1652 1661 1654 1614 1607 1614 1619
833.741028 1627 1648 1657 1650 1629 1602 1610 1625
833.762024 1628 1652 1655 1650 1624 1604 1607 1626
833.781982 1633 1652 1664 1646 1623 1612 1612 1630
833.802002 1631 1654 1657 1646 1620 1613 1608 1626
833.822021 1634 1641 1653 1639 1629 1610 1616 1633
833.843018 1624 1649 1666 1651 1625 1600 1605 1623
833.862976 1623 1651 1657 1649 1626 1597 1608 1626
833.882996 1621 1651 1659 1645 1624 1599 1608 1628
833.903992 1632 1652 1657 1649 1626 1608 1609 1629
833.924011 1630 1658 1658 1658 1625 1609 1615 1627
833.94397 1632 1648 1664 1649 1626 1608 1614 1623
833.965027 1630 1655 1653 1648 1616 1610 1607 1629
833.984985 1629 1653 1665 1650 1627 1605 1607 1626
834.005005 1636 1646 1660 1650 1634 1597 1602 1627
834.026001 1631 1645 1668 1650 1621 1599 1607 1633
834.046021 1626 1647 1672 1650 1617 1599 1601 1622
834.065979 1633 1659 1665 1650 1621 1608 1605 1631
834.085999 1625 1653 1661 1641 1616 1609 1613 1619
834.106995 1626 1652 1660 1652 1620 1605 1608 1628
834.127014 1632 1652 1658 1649 1620 1609 1604 1626
834.146973 1632 1657 1680 1645 1619 1608 1610 1619
834.16803 1626 1658 1659 1656 1616 1602 1601 1620
834.187988 1629 1646 1662 1659 1624 1617 1603 1622
834.208008 1629 1645 1667 1648 1625 1603 1604 1628
834.228027 1636 1658 1671 1650 1622 1612 1605 1624
834.249023 1633 1650 1653 1650 1630 1607 1607 1631
834.268982 1622 1653 1655 1649 1626 1601 1619 1625
834.289001 1635 1648 1660 1648 1621 1603 1608 1621
834.309998 1633 1650 1671 1656 1625 1613 1605 1631
834.330017 1625 1654 1661 1644 1622 1603 1608 1623
834.349976 1623 1649 1660 1648 1623 1607 1612 1623
834.369995 1631 1646 1662 1641 1620 1598 1611 1629
834.390991 1630 1655 1665 1641 1634 1611 1604 1628
834.411011 1627 1652 1658 1646 1629 1601 1605 1638
834.43103 1630 1648 1666 1644 1626 1606 1606 1621
834.452026 1636 1654 1657 1648 1622 1607 1604 1623
834.471985 1632 1656 1653 1658 1619 1619 1611 1628
834.492004 1636 1654 1660 1650 1635 1608 1608 1631
834.513 1622 1649 1670 1654 1632 1608 1605 1636
834.53302 1629 1657 1674 1653 1627 1599 1604 1628
834.552979 1638 1649 1668 1647 1625 1608 1611 1633
834.572998 1626 1657 1669 1655 1631 1604 1602 1627
834.593994 1632 1659 1672 1646 1626 1619 1609 1627
834.614014 1623 1648 1668 1661 1628 1612 1608 1620
834.633972 1635 1654 1660 1663 1622 1608 1604 1631
834.653992 1640 1652 1670 1653 1630 1613 1611 1628
834.674988 1624 1653 1658 1646 1625 1608 1608 1624
834.695007 1631 1648 1675 1653 1615 1611 1605 1632
834.715027 1628 1655 1669 1653 1629 1617 1603 1625
834.736023 1633 1659 1671 1656 1625 1602 1602 1625
834.755981 1631 1659 1677 1653 1629 1611 1609 1627
834.776001 1630 1655 1664 1654 1627 1611 1604 1623
834.796021 1640 1659 1667 1656 1624 1609 1614 1637
834.817017 1644 1658 1669 1653 1629 1611 1609 1636
834.836975 1632 1662 1668 1662 1634 1615 1622 1634
834.856995 1636 1662 1669 1658 1619 1613 1608 1635
834.877991 1634 1660 1680 1660 1633 1616 1610 1628
834.89801 1637 1663 1675 1657 1634 1612 1616 1637
834.91803 1638 1666 1668 1661 1631 1615 1612 1642
834.937988 1636 1651 1671 1660 1620 1612 1610 1630
834.958984 1635 1664 1670 1668 1638 1609 1613 1627
834.979004 1638 1663 1671 1662 1632 1620 1610 1645
834.999023 1633 1663 1666 1656 1636 1608 1607 1632
835.018982 1634 1657 1670 1674 1627 1615 1616 1633
835.039978 1644 1660 1667 1656 1633 1609 1618 1640
835.059998 1631 1663 1672 1669 1634 1620 1609 1631
835.080017 1629 1662 1683 1662 1631 1608 1614 1637
835.101013 1636 1661 1668 1666 1635 1609 1615 1632
835.120972 1628 1665 1677 1662 1628 1618 1612 1629
835.140991 1635 1656 1678 1658 1626 1601 1619 1638
835.161011 1637 1669 1663 1668 1630 1609 1609 1632
835.182007 1634 1660 1667 1657 1627 1615 1619 1637
835.202026 1640 1667 1674 1662 1630 1615 1606 1646
835.221985 1641 1665 1667 1652 1629 1610 1607 1622
835.242004 1636 1658 1671 1656 1623 1611 1613 1628
835.263 1639 1657 1674 1646 1632 1605 1604 1632
835.28302 1622 1667 1675 1658 1629 1617 1619 1636
835.302979 1637 1671 1686 1650 1624 1610 1609 1635
835.322998 1637 1661 1674 1653 1630 1607 1617 1632
835.343994 1634 1661 1674 1657 1624 1617 1609 1626
835.364014 1629 1653 1673 1658 1625 1610 1607 1635
835.383972 1631 1663 1671 1652 1625 1612 1605 1625
835.403992 1629 1668 1669 1663 1630 1612 1613 1635
835.424988 1643 1649 1662 1662 1632 1609 1602 1635
835.445007 1632 1658 1665 1659 1626 1607 1613 1630
835.465027 1639 1655 1657 1656 1627 1602 1609 1632
835.486023 1632 1657 1666 1656 1622 1609 1608 1630
835.505981 1634 1660 1660 1654 1627 1606 1611 1632
835.526001 1635 1652 1660 1655 1629 1609 1609 1638
835.546021 1634 1665 1663 1651 1630 1610 1608 1629
835.567017 1629 1669 1663 1659 1629 1613 1610 1629
835.586975 1637 1651 1663 1660 1626 1604 1611 1629
835.606995 1638 1665 1660 1666 1634 1603 1615 1633
835.627014 1627 1654 1667 1652 1634 1612 1605 1634
835.64801 1639 1656 1669 1656 1627 1608 1618 1634
835.66803 1632 1667 1667 1654 1631 1605 1607 1637
835.687988 1625 1657 1659 1649 1633 1607 1605 1629
835.708008 1636 1657 1675 1655 1635 1601 1603 1634
835.729004 1641 1657 1673 1661 1636 1605 1610 1632
835.749023 1635 1658 1675 1649 1633 1607 1613 1635
835.768982 1634 1659 1665 1654 1622 1607 1610 1633
835.789001 1634 1659 1666 1653 1626 1606 1609 1633
835.809998 1635 1664 1672 1659 1634 1620 1610 1635
835.830017 1636 1652 1683 1653 1623 1609 1612 1632
835.849976 1637 1659 1680 1659 1635 1614 1616 1637
835.869995 1636 1658 1667 1661 1631 1616 1617 1629
835.890991 1641 1661 1663 1657 1621 1614 1616 1633
835.911011 1638 1655 1676 1654 1628 1620 1610 1632
835.93103 1642 1660 1674 1655 1639 1614 1620 1638
835.950989 1631 1664 1674 1666 1627 1614 1608 1634
835.971985 1645 1660 1681 1664 1632 1614 1613 1635
835.992004 1628 1673 1670 1659 1634 1610 1619 1633
836.012024 1625 1669 1673 1658 1636 1614 1617 1645
836.031982 1638 1661 1679 1661 1634 1617 1608 1636
836.052002 1627 1659 1668 1665 1635 1610 1611 1635
836.072998 1641 1671 1673 1669 1633 1619 1615 1635
836.093018 1640 1666 1682 1660 1633 1612 1615 1635
836.112976 1637 1660 1670 1659 1637 1607 1616 1632
836.132996 1637 1664 1671 1664 1630 1613 1624 1641
836.153992 1635 1659 1676 1652 1629 1612 1612 1638
836.174011 1641 1658 1680 1667 1632 1609 1614 1629
836.19397 1638 1669 1664 1653 1628 1612 1609 1641
836.213989 1636 1663 1669 1666 1634 1611 1611 1628
836.234985 1624 1659 1680 1649 1632 1604 1611 1635
836.255005 1636 1657 1684 1653 1629 1610 1610 1634
836.275024 1638 1657 1662 1662 1636 1611 1616 1636
836.294983 1633 1678 1664 1660 1624 1610 1615 1634
836.315979 1640 1655 1682 1662 1636 1613 1615 1639
836.335999 1637 1669 1679 1661 1636 1609 1611 1625
836.356018 1636 1663 1676 1665 1622 1612 1601 1640
836.375977 1632 1661 1666 1660 1628 1608 1619 1632
836.395996 1633 1658 1670 1656 1618 1610 1614 1631
836.416992 1639 1662 1669 1655 1636 1604 1611 1643
836.437012 1641 1655 1675 1656 1631 1613 1612 1632
836.45697 1629 1648 1673 1654 1621 1606 1617 1631
836.47699 1634 1664 1665 1654 1627 1610 1610 1631
836.497986 1628 1649 1665 1663 1621 1608 1608 1632
836.518005 1639 1657 1681 1654 1630 1606 1616 1637
836.538025 1628 1666 1684 1649 1631 1616 1615 1622
836.557983 1630 1666 1666 1662 1633 1607 1613 1636
836.578979 1635 1665 1679 1661 1625 1611 1617 1636
836.598999 1639 1667 1676 1658 1628 1606 1612 1639
836.619019 1635 1660 1669 1664 1627 1618 1622 1636
836.638977 1642 1665 1681 1663 1618 1612 1608 1634
836.658997 1633 1661 1667 1667 1625 1613 1610 1632
836.679993 1631 1657 1667 1661 1630 1609 1612 1621
836.700012 1641 1653 1666 1658 1633 1610 1615 1636
836.719971 1634 1654 1665 1659 1619 1606 1610 1632
836.73999 1632 1662 1666 1663 1630 1607 1611 1639
836.760986 1638 1653 1670 1654 1629 1610 1615 1627
836.781006 1629 1667 1674 1656 1624 1613 1616 1631
836.801025 1635 1660 1669 1665 1629 1610 1610 1641
836.820984 1630 1671 1679 1658 1624 1612 1614 1635
836.841003 1635 1661 1676 1657 1628 1611 1604 1633
836.862 1639 1662 1671 1659 1625 1613 1610 1628
836.882019 1643 1664 1668 1646 1626 1624 1615 1632
836.901978 1633 1661 1670 1661 1625 1613 1606 1637
836.921997 1630 1663 1679 1658 1632 1608 1605 1640
836.942993 1639 1662 1675 1667 1635 1623 1607 1637
836.963013 1639 1671 1681 1656 1639 1612 1610 1640
836.982971 1639 1663 1675 1658 1626 1626 1609 1631
837.002991 1638 1658 1681 1661 1632 1612 1622 1639
837.02301 1636 1661 1679 1664 1627 1604 1620 1636
837.044006 1647 1667 1682 1669 1631 1619 1609 1638
837.064026 1642 1674 1682 1667 1625 1617 1609 1641
837.083984 1644 1669 1687 1664 1624 1611 1615 1640
837.104004 1656 1680 1675 1669 1647 1613 1618 1650
837.124023 1644 1681 1678 1655 1627 1615 1614 1634
837.14502 1642 1666 1675 1663 1639 1614 1619 1644
837.164978 1638 1663 1668 1666 1637 1611 1620 1643
837.184998 1643 1674 1691 1664 1633 1617 1619 1638
837.205017 1635 1673 1682 1677 1641 1617 1613 1639
837.224976 1648 1686 1683 1665 1640 1615 1624 1628
837.245972 1646 1669 1684 1673 1632 1617 1613 1629
837.265991 1648 1671 1686 1672 1634 1624 1618 1641
837.286011 1637 1669 1689 1668 1622 1614 1617 1647
837.30603 1644 1667 1685 1664 1637 1615 1616 1640
837.325989 1640 1662 1684 1671 1639 1607 1618 1638
837.346985 1638 1665 1678 1668 1630 1616 1619 1642
837.367004 1636 1666 1683 1666 1625 1604 1619 1641
837.387024 1631 1664 1672 1662 1637 1624 1612 1634
837.406982 1634 1664 1687 1669 1635 1617 1616 1643
837.427002 1632 1664 1678 1671 1638 1621 1614 1638
837.447998 1643 1670 1685 1666 1636 1603 1614 1637
837.468018 1637 1670 1666 1659 1640 1608 1626 1640
837.487976 1642 1656 1675 1662 1632 1622 1614 1630
837.507996 1649 1672 1677 1662 1640 1623 1612 1645
837.528992 1639 1676 1697 1674 1631 1614 1613 1639
837.549011 1639 1674 1684 1670 1637 1616 1617 1642
837.56897 1646 1667 1676 1666 1651 1627 1613 1644
837.588989 1634 1678 1688 1670 1637 1619 1618 1634
837.609009 1645 1675 1676 1672 1636 1613 1612 1631
837.629028 1641 1662 1681 1666 1640 1619 1608 1640
837.650024 1646 1671 1688 1669 1634 1620 1620 1641
837.669983 1648 1669 1692 1671 1646 1617 1616 1644
837.690002 1637 1669 1690 1669 1634 1611 1616 1643
837.710022 1650 1670 1685 1668 1633 1622 1629 1637
837.72998 1637 1675 1692 1676 1638 1611 1614 1643
837.750977 1645 1674 1692 1678 1644 1616 1618 1651
837.770996 1642 1680 1682 1670 1636 1626 1619 1646
837.791016 1646 1680 1703 1670 1645 1620 1631 1650
837.810974 1650 1680 1688 1681 1637 1604 1619 1645
837.830994 1647 1678 1688 1677 1644 1623 1619 1649
837.85199 1652 1681 1689 1680 1645 1624 1620 1659
837.872009 1660 1683 1699 1681 1641 1614 1616 1648
837.892029 1658 1681 1691 1677 1641 1619 1621 1648
837.911987 1645 1678 1695 1671 1648 1625 1622 1649
837.932007 1654 1681 1706 1672 1642 1611 1629 1638
837.953003 1650 1686 1697 1680 1635 1614 1626 1645
837.973022 1653 1677 1701 1682 1649 1627 1617 1655
837.992981 1653 1683 1697 1676 1647 1624 1618 1659
838.013 1654 1677 1694 1692 1655 1621 1619 1650
838.03302 1661 1687 1699 1677 1647 1621 1624 1647
838.052979 1650 1679 1695 1691 1652 1626 1618 1661
838.073975 1659 1676 1702 1681 1644 1626 1624 1645
838.093994 1651 1689 1705 1680 1640 1619 1622 1655
838.114014 1659 1691 1706 1703 1650 1621 1625 1652
838.133972 1661 1690 1707 1679 1640 1627 1624 1651
838.153992 1653 1685 1697 1689 1662 1623 1636 1650
838.174011 1653 1684 1702 1682 1643 1628 1619 1653
838.195007 1654 1683 1700 1695 1649 1621 1622 1654
838.215027 1658 1694 1708 1691 1638 1630 1628 1651
838.234985 1663 1682 1709 1687 1646 1625 1633 1654
838.255005 1657 1694 1702 1693 1652 1621 1622 1652
838.275024 1657 1688 1702 1705 1663 1636 1629 1659
838.296021 1657 1695 1710 1695 1651 1634 1616 1664
838.315979 1663 1710 1708 1694 1652 1632 1633 1656
838.335999 1662 1697 1705 1695 1650 1626 1618 1658
838.356018 1663 1692 1713 1693 1645 1623 1628 1661
838.375977 1662 1700 1709 1691 1648 1626 1617 1658
838.395996 1668 1695 1707 1695 1649 1614 1617 1653
838.416992 1655 1700 1709 1698 1648 1624 1620 1656
838.437012 1667 1693 1715 1708 1653 1630 1627 1660
838.45697 1662 1694 1718 1697 1648 1626 1628 1663
838.47699 1668 1696 1715 1715 1664 1626 1619 1670
838.497009 1668 1701 1716 1710 1671 1630 1630 1662
838.517029 1663 1707 1716 1705 1668 1628 1629 1659
838.538025 1662 1704 1716 1694 1662 1627 1631 1667
838.557983 1670 1715 1717 1702 1661 1635 1623 1672
838.578003 1662 1679 1720 1698 1661 1636 1629 1663
838.598022 1669 1710 1725 1721 1671 1635 1630 1672
838.617981 1659 1714 1735 1709 1663 1628 1634 1667
838.638 1674 1713 1729 1703 1665 1631 1631 1677
838.658997 1667 1714 1737 1704 1666 1643 1626 1671
838.679016 1672 1712 1729 1715 1664 1630 1633 1666
838.698975 1673 1718 1728 1706 1664 1637 1638 1679
838.718994 1677 1722 1739 1725 1673 1635 1636 1679
838.739014 1671 1721 1737 1719 1665 1639 1632 1674
838.758972 1682 1722 1742 1722 1672 1635 1635 1678
838.780029 1675 1719 1737 1713 1674 1640 1637 1679
838.799988 1691 1723 1738 1727 1679 1631 1640 1678
838.820007 1676 1730 1738 1732 1679 1629 1641 1683
838.840027 1676 1732 1747 1729 1682 1642 1642 1676
838.859985 1695 1729 1746 1723 1689 1646 1636 1687
838.880005 1691 1729 1739 1731 1684 1651 1650 1679
838.901001 1691 1735 1751 1728 1681 1631 1639 1698
838.921021 1695 1739 1758 1738 1689 1631 1644 1691
838.940979 1701 1757 1761 1734 1679 1640 1639 1695
838.960999 1702 1744 1743 1730 1692 1644 1642 1690
838.981018 1696 1735 1752 1740 1687 1645 1636 1704
839.000977 1697 1746 1759 1748 1691 1650 1647 1709
839.020996 1694 1750 1770 1737 1689 1657 1649 1692
839.041992 1700 1745 1763 1742 1700 1651 1658 1708
839.062012 1699 1744 1772 1736 1698 1648 1646 1692
839.08197 1702 1741 1769 1750 1698 1643 1642 1689
839.10199 1710 1758 1784 1747 1707 1648 1644 1688
839.122009 1713 1762 1776 1757 1705 1649 1640 1709
839.142029 1696 1770 1780 1748 1694 1641 1646 1702
839.161987 1706 1766 1778 1764 1708 1654 1655 1708
839.182983 1714 1760 1768 1759 1700 1650 1649 1707
839.203003 1708 1762 1773 1747 1705 1646 1645 1714
839.223022 1710 1755 1790 1759 1702 1656 1654 1714
839.242981 1709 1760 1786 1771 1693 1654 1652 1711
839.263 1727 1772 1789 1770 1704 1652 1659 1713
839.28302 1711 1765 1781 1765 1710 1646 1649 1705
839.304016 1709 1761 1776 1765 1718 1653 1652 1708
839.323975 1719 1770 1796 1768 1714 1657 1654 1709
839.343994 1704 1768 1781 1758 1718 1661 1652 1710
839.364014 1713 1773 1792 1764 1718 1654 1660 1710
839.383972 1711 1774 1796 1781 1703 1656 1658 1713
839.403992 1719 1779 1795 1774 1715 1655 1652 1707
839.424011 1705 1784 1807 1767 1716 1656 1657 1713
839.445007 1717 1776 1806 1774 1714 1661 1664 1725
839.465027 1711 1780 1809 1769 1724 1644 1654 1729
839.484985 1720 1790 1803 1778 1730 1658 1667 1715
839.505005 1718 1789 1801 1774 1712 1657 1654 1716
839.525024 1726 1776 1810 1789 1716 1655 1663 1720
839.544983 1723 1783 1813 1782 1714 1653 1664 1721
839.565002 1722 1784 1809 1786 1712 1658 1660 1733
839.585999 1718 1795 1822 1779 1725 1651 1660 1724
839.606018 1732 1798 1825 1805 1733 1663 1666 1732
839.625977 1726 1793 1829 1793 1726 1663 1660 1738
839.645996 1729 1809 1827 1792 1733 1661 1662 1723
839.666016 1734 1802 1820 1792 1723 1666 1664 1723
839.685974 1744 1814 1847 1791 1722 1676 1669 1732
839.705994 1735 1803 1823 1789 1732 1656 1677 1725
839.726013 1739 1807 1829 1804 1744 1663 1660 1734
839.747009 1735 1810 1849 1812 1732 1662 1667 1741
839.767029 1731 1799 1828 1814 1735 1676 1673 1744
839.786987 1737 1812 1836 1808 1739 1669 1676 1737
839.807007 1742 1820 1826 1819 1749 1670 1670 1738
839.827026 1751 1822 1838 1812 1732 1675 1667 1757
839.846985 1743 1831 1839 1815 1734 1671 1664 1740
839.867004 1741 1812 1842 1819 1733 1675 1676 1740
839.887024 1746 1811 1847 1832 1744 1677 1681 1746
839.90802 1756 1833 1847 1827 1748 1686 1673 1751
839.927979 1751 1822 1864 1820 1765 1684 1683 1763
839.947998 1757 1831 1850 1821 1760 1684 1686 1739
839.968018 1779 1853 1869 1844 1761 1691 1690 1769
839.987976 1761 1856 1865 1834 1757 1695 1688 1763
840.007996 1767 1849 1883 1833 1768 1695 1689 1776
840.028015 1778 1861 1881 1846 1759 1693 1693 1785
840.047974 1781 1872 1878 1859 1778 1698 1696 1780
840.06897 1789 1857 1882 1867 1791 1705 1696 1778
840.088989 1765 1864 1889 1876 1780 1700 1702 1780
840.109009 1790 1847 1906 1871 1793 1703 1698 1793
840.129028 1786 1871 1876 1868 1789 1707 1706 1790
840.148987 1788 1872 1884 1879 1784 1700 1704 1784
840.169006 1788 1868 1901 1877 1795 1704 1701 1779
840.189026 1791 1882 1900 1875 1798 1703 1707 1804
840.208984 1804 1891 1905 1880 1800 1722 1703 1801
840.22998 1792 1875 1910 1893 1808 1709 1715 1818
840.25 1805 1877 1904 1911 1791 1709 1714 1812
840.27002 1819 1890 1907 1879 1813 1724 1696 1813
840.289978 1812 1895 1911 1898 1811 1722 1713 1811
840.309998 1817 1883 1925 1908 1821 1732 1724 1812
840.330017 1816 1905 1923 1902 1816 1713 1723 1816
840.349976 1822 1911 1922 1903 1816 1726 1717 1829
840.369995 1819 1914 1941 1905 1830 1733 1731 1822
840.390015 1827 1916 1930 1913 1833 1730 1726 1825
840.411011 1833 1920 1953 1925 1833 1747 1748 1844
840.43103 1820 1912 1949 1924 1830 1727 1729 1828
840.450989 1835 1917 1952 1941 1834 1740 1736 1833
840.471008 1832 1918 1954 1925 1834 1752 1736 1851
840.491028 1834 1918 1948 1925 1851 1748 1743 1848
840.510986 1841 1932 1949 1928 1843 1728 1738 1826
840.531006 1845 1929 1966 1919 1836 1745 1743 1850
840.551025 1848 1929 1947 1938 1845 1732 1738 1841
840.570984 1825 1934 1961 1936 1841 1743 1739 1847
840.59198 1829 1933 1949 1929 1847 1737 1733 1840
840.612 1845 1932 1942 1928 1841 1733 1740 1832
840.632019 1830 1928 1945 1930 1822 1743 1717 1836
840.651978 1832 1923 1979 1933 1831 1731 1723 1850
840.671997 1835 1924 1946 1920 1824 1723 1720 1816
840.692017 1821 1923 1957 1913 1836 1722 1722 1830
840.711975 1815 1922 1947 1910 1837 1721 1707 1827
840.731995 1810 1900 1935 1918 1813 1714 1715 1812
840.752014 1793 1883 1938 1910 1800 1706 1702 1799
840.771973 1813 1899 1930 1907 1796 1704 1700 1805
840.79303 1789 1885 1937 1881 1789 1703 1702 1786
840.812988 1799 1891 1924 1898 1794 1689 1695 1783
840.833008 1780 1874 1926 1884 1784 1691 1696 1789
840.853027 1787 1880 1907 1885 1775 1693 1699 1770
840.872986 1780 1874 1909 1871 1779 1693 1684 1770
840.893005 1764 1868 1913 1868 1767 1674 1673 1755
840.913025 1757 1853 1885 1860 1762 1685 1679 1759
840.932983 1756 1859 1889 1868 1739 1675 1670 1748
840.953003 1758 1841 1889 1859 1758 1665 1654 1743
840.973022 1744 1843 1879 1839 1744 1662 1658 1744
840.994019 1733 1848 1870 1837 1739 1666 1663 1733
841.013977 1727 1838 1874 1839 1743 1654 1651 1726
841.033997 1721 1828 1867 1815 1717 1645 1648 1723
841.054016 1717 1826 1858 1810 1711 1651 1641 1723
841.073975 1704 1792 1843 1799 1705 1647 1649 1711
841.093994 1710 1800 1831 1801 1712 1635 1645 1709
841.114014 1698 1799 1826 1777 1705 1647 1644 1703
841.133972 1692 1792 1810 1776 1705 1639 1638 1705
841.153992 1702 1774 1813 1783 1701 1634 1635 1694
841.174011 1697 1780 1795 1763 1693 1634 1632 1690
841.19397 1694 1765 1796 1758 1685 1627 1619 1677
841.215027 1690 1767 1802 1758 1687 1634 1633 1682
841.234985 1682 1762 1802 1760 1687 1629 1630 1681
841.255005 1682 1741 1792 1752 1689 1635 1633 1682
841.275024 1673 1759 1792 1756 1673 1619 1627 1689
841.294983 1679 1760 1784 1753 1684 1640 1624 1681
841.315002 1682 1749 1782 1745 1686 1629 1625 1681
841.335022 1679 1758 1778 1754 1686 1623 1636 1681
841.35498 1681 1744 1781 1744 1684 1627 1619 1678
841.375 1683 1752 1785 1749 1672 1622 1634 1677
841.39502 1681 1737 1774 1726 1662 1621 1624 1670
841.414978 1673 1736 1778 1740 1669 1614 1622 1673
841.434998 1671 1739 1763 1726 1666 1622 1627 1667
841.455994 1671 1723 1761 1750 1670 1620 1618 1674
841.476013 1680 1727 1766 1738 1666 1630 1621 1668
841.495972 1659 1737 1763 1728 1659 1629 1630 1674
841.515991 1664 1736 1760 1736 1669 1621 1626 1666
841.536011 1669 1724 1757 1740 1678 1634 1624 1662
841.55603 1667 1726 1757 1732 1667 1623 1609 1661
841.575989 1660 1724 1753 1725 1653 1622 1625 1670
841.596008 1661 1736 1756 1726 1670 1631 1634 1672
841.616028 1667 1732 1753 1739 1669 1615 1619 1665
841.635986 1664 1713 1750 1713 1665 1627 1623 1664
841.656006 1665 1723 1762 1719 1657 1626 1622 1671
841.676025 1673 1713 1754 1714 1661 1631 1630 1664
841.695984 1674 1722 1754 1718 1668 1626 1632 1664
841.716003 1657 1726 1739 1722 1674 1623 1630 1668
841.737 1657 1718 1735 1726 1666 1627 1622 1662
841.757019 1658 1716 1743 1719 1663 1623 1626 1656
841.776978 1656 1710 1738 1725 1655 1621 1618 1669
841.796997 1669 1721 1733 1708 1659 1626 1611 1656
841.817017 1668 1716 1736 1710 1663 1620 1618 1654
841.836975 1660 1719 1744 1706 1659 1616 1623 1654
841.856995 1657 1716 1730 1706 1655 1622 1626 1663
841.877014 1661 1701 1727 1706 1654 1621 1615 1653
841.896973 1651 1701 1745 1713 1649 1626 1613 1648
841.916992 1653 1700 1744 1710 1656 1617 1619 1661
841.937012 1653 1702 1741 1716 1669 1623 1627 1660
841.95697 1669 1710 1737 1713 1649 1624 1619 1654
841.97699 1665 1704 1732 1706 1651 1624 1625 1657
841.997009 1666 1712 1726 1716 1646 1619 1627 1651
842.018005 1654 1701 1727 1708 1645 1620 1622 1648
842.038025 1663 1691 1727 1702 1649 1623 1612 1655
842.057983 1653 1699 1723 1691 1654 1609 1615 1652
842.078003 1653 1690 1714 1699 1636 1619 1618 1641
842.098022 1650 1702 1716 1697 1644 1614 1620 1657
842.117981 1654 1700 1729 1697 1647 1615 1616 1650
842.138 1657 1691 1716 1695 1634 1617 1614 1650
842.15802 1654 1690 1725 1682 1649 1610 1607 1645
842.177979 1659 1697 1722 1687 1642 1615 1621 1649
842.197998 1638 1682 1704 1689 1639 1609 1608 1638
842.218018 1644 1689 1712 1681 1648 1615 1620 1654
842.237976 1653 1692 1706 1691 1640 1610 1610 1640
842.257996 1661 1691 1713 1687 1646 1603 1616 1639
842.278015 1643 1694 1719 1690 1645 1614 1617 1648
842.297974 1645 1692 1715 1684 1640 1612 1616 1650
842.317993 1648 1690 1712 1689 1649 1615 1612 1648
842.338013 1646 1688 1708 1688 1644 1613 1618 1652
842.357971 1653 1688 1710 1673 1650 1609 1608 1646
842.379028 1648 1686 1712 1696 1653 1615 1615 1642
842.398987 1648 1683 1710 1682 1646 1619 1609 1647
842.419006 1647 1684 1712 1690 1645 1618 1623 1648
842.439026 1641 1680 1704 1680 1650 1623 1618 1644
842.458984 1635 1694 1701 1685 1639 1611 1604 1652
842.479004 1650 1700 1712 1685 1648 1619 1629 1642
842.499023 1658 1707 1705 1693 1642 1611 1613 1644
842.518982 1638 1690 1717 1682 1637 1614 1615 1658
842.539001 1650 1693 1709 1679 1652 1611 1612 1644
842.559021 1647 1687 1698 1671 1640 1608 1611 1641
842.578979 1647 1698 1700 1694 1638 1615 1624 1632
842.598999 1652 1685 1709 1683 1638 1620 1613 1652
842.619019 1649 1682 1709 1691 1639 1619 1617 1653
842.638977 1650 1686 1703 1681 1637 1620 1613 1639
842.658997 1647 1698 1699 1697 1643 1616 1617 1654
842.679016 1648 1687 1710 1681 1645 1617 1611 1648
842.698975 1652 1703 1724 1692 1646 1622 1618 1655
842.718994 1657 1701 1720 1686 1641 1610 1618 1641
842.739014 1653 1684 1717 1694 1648 1622 1620 1653
842.758972 1650 1687 1708 1693 1643 1625 1622 1648
842.778992 1650 1698 1711 1703 1645 1615 1617 1649
842.799011 1660 1695 1716 1699 1644 1625 1616 1651
842.820007 1648 1696 1712 1691 1645 1621 1622 1653
842.840027 1650 1692 1704 1689 1652 1613 1621 1645
842.859985 1651 1692 1704 1694 1646 1620 1617 1654
842.880005 1648 1691 1711 1689 1651 1617 1616 1645
842.900024 1659 1688 1709 1695 1650 1624 1625 1647
842.919983 1644 1702 1708 1698 1650 1621 1624 1642
842.940002 1659 1694 1705 1697 1653 1625 1621 1648
842.960022 1655 1689 1706 1685 1643 1619 1618 1649
842.97998 1649 1699 1709 1686 1647 1618 1612 1647
843 1643 1701 1716 1689 1647 1624 1625 1656
843.02002 1663 1695 1713 1694 1642 1617 1611 1650
843.039978 1660 1686 1705 1694 1645 1626 1620 1643
843.059998 1653 1687 1704 1692 1652 1620 1630 1643
843.080017 1651 1693 1708 1687 1651 1609 1613 1648
843.099976 1654 1684 1713 1691 1641 1609 1604 1650
843.119995 1643 1688 1702 1681 1636 1612 1613 1655
843.140015 1647 1696 1710 1685 1649 1612 1628 1647
843.159973 1652 1689 1711 1680 1647 1613 1618 1638
843.179993 1645 1696 1715 1687 1649 1621 1610 1653
843.200012 1656 1693 1710 1687 1633 1611 1627 1650
843.219971 1661 1686 1701 1691 1640 1621 1613 1646
843.23999 1665 1683 1709 1673 1644 1617 1614 1657
843.26001 1646 1694 1710 1698 1650 1621 1618 1649
843.280029 1652 1690 1711 1687 1645 1625 1617 1646
843.299988 1655 1689 1703 1679 1645 1625 1625 1646
843.320007 1652 1694 1707 1687 1647 1613 1623 1652
843.340027 1655 1692 1700 1689 1650 1612 1612 1651
843.359985 1654 1688 1704 1699 1646 1612 1622 1641
843.380005 1662 1684 1706 1689 1641 1615 1610 1649
843.400024 1649 1691 1705 1692 1645 1622 1612 1639
843.419983 1660 1697 1711 1687 1646 1615 1609 1652
843.440002 1644 1684 1701 1676 1651 1618 1615 1644
843.460022 1654 1690 1699 1696 1650 1622 1619 1632
843.47998 1641 1682 1691 1683 1646 1611 1612 1640
843.5 1640 1695 1702 1687 1641 1618 1611 1654
843.52002 1659 1682 1688 1692 1642 1614 1613 1650
843.539978 1653 1683 1710 1686 1646 1619 1617 1642
843.559998 1649 1686 1704 1687 1650 1612 1612 1645
843.580994 1644 1692 1698 1689 1645 1619 1618 1645
843.601013 1652 1682 1712 1686 1647 1611 1614 1640
843.620972 1645 1695 1723 1685 1644 1612 1615 1655
843.640991 1645 1689 1704 1685 1649 1616 1620 1649
843.661011 1660 1697 1711 1686 1646 1618 1612 1656
843.68103 1652 1686 1706 1690 1652 1609 1620 1651
843.700989 1657 1679 1709 1692 1646 1617 1627 1648
843.721008 1651 1684 1703 1679 1646 1620 1609 1640
843.741028 1652 1689 1716 1687 1650 1620 1615 1650
843.760986 1643 1679 1690 1697 1651 1624 1622 1649
843.781006 1647 1697 1707 1687 1636 1618 1609 1639
843.801025 1651 1682 1707 1678 1645 1617 1615 1651
843.820984 1648 1698 1709 1682 1638 1615 1623 1655
843.841003 1654 1682 1711 1682 1637 1609 1610 1642
843.861023 1642 1693 1691 1688 1651 1619 1617 1650
843.880981 1651 1680 1704 1693 1635 1614 1609 1646
843.901001 1642 1692 1697 1694 1645 1611 1617 1648
843.921021 1650 1688 1698 1678 1639 1618 1606 1646
843.940979 1643 1687 1701 1687 1652 1615 1610 1639
843.960999 1650 1683 1699 1678 1646 1616 1614 1638
843.981018 1649 1687 1688 1684 1647 1617 1611 1644
844.000977 1643 1679 1690 1676 1644 1607 1613 1647
844.020996 1640 1687 1702 1680 1640 1622 1619 1641
844.041016 1644 1685 1706 1691 1632 1620 1617 1640
844.060974 1655 1692 1709 1681 1648 1612 1614 1644
844.080994 1637 1675 1702 1689 1637 1619 1606 1643
844.101013 1657 1683 1707 1682 1647 1613 1616 1652
844.120972 1652 1691 1693 1673 1639 1612 1614 1639
844.140991 1636 1691 1705 1688 1636 1616 1615 1644
844.161011 1646 1692 1702 1690 1644 1620 1617 1645
844.18103 1650 1688 1697 1681 1643 1620 1618 1656
844.200989 1647 1688 1709 1684 1632 1609 1615 1646
844.221008 1646 1682 1705 1681 1647 1615 1619 1654
844.241028 1654 1673 1704 1685 1639 1617 1615 1643
844.260986 1656 1688 1704 1689 1642 1606 1611 1653
844.281006 1644 1689 1703 1676 1647 1612 1614 1646
844.301025 1653 1689 1702 1677 1640 1616 1613 1643
844.320984 1647 1683 1700 1684 1637 1612 1608 1638
844.341003 1655 1680 1699 1687 1642 1613 1621 1656
844.361023 1649 1681 1698 1686 1638 1613 1618 1646
844.380981 1652 1694 1703 1682 1641 1616 1608 1641
844.401001 1654 1677 1700 1684 1646 1616 1610 1642
844.421021 1649 1683 1693 1686 1639 1616 1610 1638
844.440979 1643 1687 1697 1679 1644 1616 1616 1639
844.460999 1649 1680 1703 1681 1634 1618 1615 1627
844.481018 1641 1675 1697 1677 1638 1611 1608 1648
844.500977 1648 1680 1703 1691 1640 1616 1615 1636
844.520996 1647 1673 1697 1685 1628 1611 1620 1637
844.541016 1649 1680 1700 1686 1637 1616 1608 1639
844.559998 1641 1682 1687 1688 1631 1607 1608 1645
844.580017 1641 1668 1697 1676 1639 1608 1610 1639
844.599976 1644 1684 1693 1672 1643 1606 1606 1641
844.619995 1646 1691 1698 1679 1638 1613 1611 1637
844.640015 1648 1678 1693 1672 1632 1622 1608 1638
844.659973 1629 1689 1701 1675 1640 1613 1614 1644
844.679993 1653 1678 1688 1678 1633 1605 1610 1637
844.700012 1627 1670 1694 1670 1641 1618 1614 1642
844.719971 1637 1681 1685 1682 1628 1604 1611 1645
844.73999 1646 1667 1700 1675 1643 1612 1611 1644
844.76001 1649 1672 1692 1670 1634 1613 1611 1636
844.780029 1640 1676 1689 1671 1633 1604 1608 1632
844.799988 1632 1675 1686 1677 1643 1602 1610 1635
844.820007 1646 1679 1691 1677 1639 1610 1607 1636
844.840027 1637 1672 1685 1674 1641 1617 1619 1641
844.859985 1645 1682 1690 1683 1641 1609 1611 1636
844.880005 1643 1690 1697 1670 1629 1612 1611 1635
844.900024 1650 1677 1690 1675 1649 1616 1614 1647
844.919983 1640 1672 1678 1667 1640 1613 1617 1633
844.940002 1643 1685 1702 1678 1638 1616 1621 1640
844.960022 1645 1673 1692 1678 1645 1614 1607 1634
844.97998 1647 1685 1688 1674 1633 1607 1609 1644
845 1632 1680 1694 1678 1639 1615 1611 1629
845.02002 1643 1688 1694 1675 1638 1610 1610 1637
845.039978 1649 1680 1703 1680 1645 1614 1617 1645
845.059998 1645 1674 1699 1679 1636 1609 1618 1636
845.080017 1639 1679 1694 1678 1640 1613 1606 1633
845.099976 1642 1679 1703 1674 1642 1610 1608 1639
845.119995 1638 1674 1697 1676 1641 1611 1609 1638
845.140015 1642 1675 1702 1679 1641 1615 1603 1636
845.159973 1648 1686 1687 1675 1638 1609 1605 1636
845.179993 1642 1694 1707 1668 1640 1610 1616 1631
845.200012 1648 1678 1690 1680 1650 1614 1613 1642
845.219971 1648 1680 1698 1676 1641 1609 1615 1646
845.23999 1642 1666 1689 1679 1649 1614 1610 1642
845.26001 1644 1675 1699 1688 1634 1606 1614 1638
845.280029 1634 1686 1708 1676 1645 1616 1617 1642
845.299011 1646 1678 1694 1684 1642 1622 1617 1634
845.31897 1645 1675 1695 1681 1637 1618 1615 1639
845.338989 1639 1682 1701 1686 1631 1611 1609 1640
845.359009 1644 1686 1703 1673 1640 1610 1616 1645
845.379028 1653 1677 1706 1674 1647 1610 1613 1648
845.398987 1641 1679 1709 1684 1636 1608 1618 1634
845.419006 1649 1681 1693 1691 1638 1615 1608 1648
845.439026 1644 1675 1697 1681 1637 1605 1612 1641
845.458984 1654 1690 1702 1686 1649 1626 1621 1646
845.479004 1656 1684 1702 1679 1643 1610 1618 1655
845.499023 1656 1689 1713 1685 1639 1611 1624 1653
845.518982 1650 1679 1711 1682 1641 1612 1620 1651
845.539001 1653 1691 1701 1685 1646 1610 1626 1646
845.559021 1651 1697 1703 1701 1653 1625 1625 1653
845.578979 1650 1687 1720 1688 1654 1620 1617 1664
845.598999 1658 1693 1699 1700 1649 1617 1618 1648
845.619019 1653 1692 1721 1701 1646 1612 1627 1653
845.638977 1653 1695 1705 1697 1658 1619 1613 1652
845.658997 1658 1696 1714 1693 1653 1615 1618 1639
845.679016 1649 1692 1712 1700 1645 1625 1621 1649
845.698975 1665 1701 1721 1704 1661 1615 1624 1660
845.718994 1650 1697 1708 1696 1655 1626 1615 1658
845.737976 1652 1701 1723 1700 1658 1622 1615 1646
845.757996 1654 1698 1713 1692 1649 1613 1626 1659
845.778015 1651 1694 1718 1698 1654 1619 1624 1653
845.797974 1658 1693 1707 1692 1655 1618 1620 1658
845.817993 1657 1705 1728 1698 1654 1621 1631 1666
845.838013 1657 1694 1712 1691 1643 1620 1613 1645
845.857971 1654 1698 1712 1690 1651 1625 1624 1655
845.877991 1649 1689 1723 1695 1656 1628 1616 1655
845.89801 1658 1700 1716 1699 1652 1625 1612 1651
845.91803 1647 1701 1710 1698 1654 1626 1617 1650
845.937988 1652 1698 1714 1696 1667 1628 1621 1658
845.958008 1653 1690 1714 1698 1643 1624 1610 1654
845.978027 1651 1694 1719 1696 1660 1622 1624 1663
845.997986 1659 1693 1721 1687 1660 1626 1627 1660
846.018005 1666 1697 1718 1707 1651 1621 1619 1657
846.038025 1653 1693 1721 1701 1656 1623 1619 1648
846.057983 1663 1701 1714 1697 1656 1624 1617 1660
846.078003 1655 1699 1721 1699 1652 1624 1618 1657
846.096985 1662 1697 1722 1696 1648 1629 1626 1654
846.117004 1660 1697 1719 1686 1653 1617 1613 1660
846.137024 1652 1700 1715 1699 1648 1624 1624 1663
846.156982 1664 1693 1713 1699 1645 1619 1622 1658
846.177002 1659 1693 1711 1696 1661 1621 1628 1663
846.197021 1656 1695 1715 1701 1651 1615 1618 1659
846.21698 1652 1698 1717 1705 1653 1624 1617 1662
846.237 1667 1697 1712 1690 1659 1616 1623 1655
846.257019 1658 1696 1726 1691 1650 1622 1618 1654
846.276978 1655 1707 1712 1701 1660 1616 1619 1651
846.296997 1659 1699 1723 1697 1652 1617 1620 1653
846.317017 1661 1696 1722 1697 1655 1631 1618 1653
846.336975 1658 1700 1720 1703 1654 1629 1625 1657
846.356995 1654 1699 1710 1697 1650 1625 1624 1652
846.377014 1657 1696 1715 1699 1650 1617 1623 1657
846.395996 1662 1706 1717 1710 1656 1623 1616 1658
846.416016 1661 1701 1713 1693 1660 1625 1619 1665
846.435974 1661 1705 1716 1698 1659 1631 1630 1660
846.455994 1665 1705 1719 1703 1654 1622 1615 1659
846.476013 1658 1703 1718 1705 1653 1620 1615 1649
846.495972 1659 1712 1730 1707 1651 1623 1629 1655
846.515991 1663 1704 1718 1694 1656 1636 1634 1656
846.536011 1657 1696 1714 1704 1663 1627 1624 1650
846.55603 1653 1701 1707 1703 1652 1615 1620 1651
846.575989 1656 1698 1716 1691 1656 1630 1620 1650
846.596008 1655 1697 1723 1700 1649 1612 1620 1651
846.616028 1654 1693 1716 1701 1649 1620 1610 1656
846.63501 1655 1697 1716 1687 1655 1614 1618 1641
846.655029 1655 1690 1726 1697 1656 1628 1623 1657
846.674988 1662 1692 1710 1694 1655 1621 1618 1658
846.695007 1653 1696 1716 1696 1640 1614 1614 1656
846.715027 1653 1696 1719 1700 1643 1617 1620 1646
846.734985 1656 1701 1713 1700 1648 1621 1616 1659
846.755005 1651 1702 1712 1688 1650 1608 1619 1653
846.775024 1654 1702 1708 1691 1656 1621 1621 1658
846.794983 1655 1693 1708 1703 1646 1619 1611 1653
846.815002 1657 1699 1724 1700 1654 1622 1620 1662
846.835022 1656 1697 1718 1696 1645 1620 1617 1662
846.85498 1655 1703 1715 1703 1640 1622 1608 1652
846.875 1651 1706 1713 1696 1652 1627 1611 1660
846.893982 1666 1697 1697 1695 1646 1615 1624 1663
846.914001 1662 1696 1723 1696 1656 1623 1612 1662
846.934021 1662 1692 1713 1695 1647 1619 1615 1650
846.953979 1655 1688 1725 1692 1649 1614 1614 1655
846.973999 1662 1710 1723 1699 1650 1621 1621 1653
846.994019 1662 1703 1720 1702 1654 1617 1626 1655
847.013977 1666 1705 1727 1705 1646 1623 1614 1652
847.033997 1661 1703 1726 1701 1654 1624 1623 1659
847.054016 1665 1708 1739 1699 1654 1612 1615 1642
847.073975 1662 1699 1728 1702 1648 1621 1623 1655
847.093994 1661 1706 1722 1703 1655 1626 1621 1658
847.112976 1665 1701 1712 1704 1660 1623 1618 1661
847.132996 1652 1696 1724 1704 1653 1618 1626 1649
847.153015 1659 1697 1728 1699 1656 1620 1616 1648
847.172974 1670 1701 1737 1707 1655 1621 1620 1654
847.192993 1660 1711 1729 1690 1656 1619 1619 1658
847.213013 1662 1706 1720 1708 1654 1629 1623 1650
847.232971 1652 1702 1718 1712 1668 1613 1609 1652
847.252991 1665 1700 1714 1700 1658 1622 1626 1657
847.27301 1671 1697 1725 1698 1655 1625 1619 1659
847.29303 1660 1688 1723 1704 1664 1620 1618 1650
847.312012 1661 1697 1714 1695 1648 1614 1626 1655
847.33197 1655 1704 1719 1709 1649 1615 1616 1655
847.35199 1651 1693 1728 1699 1657 1619 1619 1653
847.372009 1659 1707 1726 1702 1647 1621 1617 1656
847.392029 1651 1707 1716 1693 1663 1617 1616 1654
847.411987 1651 1693 1717 1687 1655 1618 1624 1653
847.432007 1660 1707 1725 1694 1654 1617 1615 1653
847.452026 1655 1699 1723 1688 1655 1616 1612 1661
847.471985 1654 1695 1700 1692 1653 1619 1616 1647
847.492004 1655 1693 1705 1696 1652 1621 1613 1661
847.510986 1659 1688 1710 1688 1650 1617 1618 1637
847.531006 1655 1697 1710 1682 1656 1620 1616 1646
847.551025 1659 1701 1719 1697 1643 1608 1617 1658
847.570984 1658 1699 1717 1689 1648 1615 1619 1647
847.591003 1656 1691 1717 1691 1651 1609 1618 1643
847.611023 1669 1685 1716 1699 1654 1619 1623 1656
847.630981 1657 1703 1708 1692 1655 1616 1626 1643
847.651001 1656 1704 1708 1686 1656 1611 1617 1657
847.669983 1652 1691 1712 1698 1655 1614 1615 1639
847.690002 1660 1692 1717 1699 1647 1623 1616 1648
847.710022 1654 1703 1718 1701 1649 1615 1623 1654
847.72998 1654 1700 1716 1705 1646 1615 1613 1652
847.75 1652 1703 1715 1704 1661 1616 1616 1661
847.77002 1655 1702 1724 1704 1652 1620 1620 1653
847.789978 1653 1689 1729 1693 1649 1617 1612 1649
847.809998 1661 1707 1716 1702 1645 1624 1618 1663
847.830017 1653 1698 1707 1707 1652 1621 1625 1660
847.848999 1666 1699 1721 1696 1661 1618 1620 1655
847.869019 1656 1700 1723 1709 1653 1624 1612 1649
847.888977 1663 1707 1730 1702 1665 1620 1622 1657
847.908997 1666 1703 1720 1702 1661 1615 1624 1653
847.929016 1660 1696 1721 1710 1651 1631 1624 1665
847.948975 1654 1692 1719 1702 1650 1620 1616 1654
847.968994 1651 1713 1723 1698 1662 1613 1618 1646
847.989014 1672 1704 1717 1701 1660 1624 1623 1647
848.007996 1667 1713 1738 1699 1647 1621 1612 1661
848.028015 1656 1712 1717 1701 1653 1615 1624 1657
848.047974 1668 1702 1734 1707 1662 1619 1626 1661
848.067993 1663 1699 1719 1705 1653 1632 1626 1663
848.088013 1651 1711 1711 1713 1654 1626 1620 1661
848.107971 1660 1710 1727 1710 1657 1620 1621 1651
848.127991 1661 1708 1715 1701 1654 1626 1620 1660
848.14801 1655 1706 1733 1698 1654 1618 1627 1653
848.166992 1662 1714 1745 1718 1651 1628 1619 1661
848.187012 1665 1708 1736 1717 1675 1622 1618 1667
848.20697 1658 1713 1731 1713 1660 1621 1621 1660
848.22699 1659 1697 1729 1727 1663 1620 1625 1665
848.247009 1667 1704 1720 1713 1655 1628 1627 1661
848.267029 1666 1724 1736 1716 1666 1631 1623 1667
848.286987 1674 1721 1737 1702 1661 1631 1626 1671
848.307007 1666 1716 1733 1714 1658 1634 1624 1664
848.325989 1667 1723 1735 1724 1669 1627 1622 1664
848.346008 1675 1716 1739 1717 1677 1629 1632 1674
848.366028 1665 1722 1733 1707 1666 1629 1623 1670
848.385986 1664 1715 1738 1711 1666 1625 1626 1679
848.406006 1669 1714 1740 1714 1657 1625 1629 1673
848.426025 1665 1723 1737 1713 1663 1628 1636 1674
848.445984 1682 1737 1736 1712 1665 1627 1631 1672
848.466003 1671 1713 1753 1711 1668 1628 1626 1662
848.484985 1674 1725 1734 1715 1668 1626 1632 1668
848.505005 1664 1720 1734 1718 1662 1620 1638 1670
848.525024 1671 1726 1746 1720 1665 1629 1632 1662
848.544983 1688 1721 1733 1727 1669 1620 1624 1669
848.565002 1666 1719 1753 1709 1673 1625 1628 1667
848.585022 1674 1714 1728 1717 1666 1624 1625 1682
848.604004 1670 1723 1727 1721 1657 1633 1629 1670
848.624023 1662 1719 1740 1714 1660 1629 1621 1672
848.643982 1672 1707 1739 1723 1666 1623 1630 1672
848.664001 1672 1710 1743 1719 1666 1630 1625 1672
848.684021 1671 1709 1729 1713 1662 1620 1627 1663
848.703979 1667 1718 1734 1704 1665 1632 1628 1647
848.723999 1666 1719 1725 1716 1669 1624 1627 1663
848.742981 1674 1719 1737 1710 1667 1628 1626 1666
848.763 1666 1704 1730 1723 1665 1630 1629 1675
848.78302 1657 1708 1738 1715 1670 1624 1630 1664
848.802979 1665 1712 1726 1719 1666 1627 1625 1668
848.822998 1674 1725 1732 1721 1657 1624 1621 1666
848.843018 1669 1721 1742 1715 1657 1637 1626 1674
848.862976 1670 1715 1734 1715 1667 1629 1623 1668
848.882019 1669 1713 1738 1721 1666 1630 1627 1668
848.901978 1671 1722 1730 1719 1664 1625 1633 1670
848.921997 1666 1724 1732 1720 1667 1629 1628 1664
848.942017 1679 1718 1736 1716 1667 1623 1631 1663
848.961975 1669 1717 1728 1715 1659 1631 1631 1679
848.981995 1678 1722 1735 1729 1654 1622 1633 1670
849.002014 1667 1725 1739 1713 1663 1624 1626 1669
849.020996 1660 1713 1743 1720 1679 1626 1625 1664
849.041016 1681 1715 1738 1712 1666 1627 1632 1660
849.060974 1655 1723 1730 1719 1666 1632 1624 1672
849.080994 1674 1716 1739 1719 1661 1625 1634 1674
849.101013 1666 1716 1734 1712 1673 1624 1626 1671
849.120972 1667 1723 1738 1718 1676 1631 1628 1663
849.140015 1678 1725 1742 1705 1671 1624 1625 1658
849.159973 1664 1708 1735 1707 1664 1628 1632 1663
849.179993 1669 1705 1743 1721 1656 1629 1626 1665
849.200012 1667 1720 1738 1721 1666 1628 1621 1667
849.219971 1663 1705 1729 1719 1657 1625 1622 1664
849.23999 1664 1708 1737 1709 1665 1619 1630 1659
849.258972 1661 1712 1728 1712 1664 1616 1623 1658
849.278992 1659 1710 1732 1706 1669 1627 1620 1664
849.299011 1668 1708 1733 1704 1663 1620 1623 1668
849.31897 1663 1707 1725 1712 1658 1625 1636 1657
849.338989 1659 1707 1727 1705 1671 1624 1621 1663
849.359009 1653 1709 1725 1708 1656 1613 1625 1670
849.377991 1660 1709 1716 1713 1656 1617 1615 1658
849.39801 1665 1712 1726 1707 1661 1619 1624 1662
849.41803 1656 1709 1732 1705 1663 1619 1620 1660
849.437988 1664 1709 1724 1707 1665 1628 1619 1661
849.458008 1646 1715 1721 1699 1658 1621 1628 1655
849.478027 1662 1712 1720 1718 1664 1623 1614 1667
849.497009 1656 1713 1724 1707 1649 1622 1619 1660
849.517029 1660 1716 1731 1705 1655 1624 1623 1663
849.536987 1657 1710 1725 1697 1657 1620 1617 1657
849.557007 1662 1716 1722 1708 1655 1625 1620 1655
849.577026 1665 1692 1719 1699 1654 1619 1625 1654
849.596985 1663 1714 1738 1706 1659 1618 1626 1657
849.616028 1662 1704 1725 1710 1649 1620 1624 1659
849.635986 1661 1711 1716 1704 1656 1621 1615 1655
849.656006 1653 1705 1724 1701 1664 1619 1613 1655
849.676025 1667 1703 1739 1697 1659 1621 1621 1656
849.695984 1660 1690 1735 1719 1656 1620 1630 1659
849.716003 1659 1697 1726 1704 1648 1612 1616 1662
849.734985 1660 1697 1721 1698 1658 1619 1622 1664
849.755005 1672 1701 1737 1708 1655 1622 1626 1652
849.775024 1661 1695 1714 1699 1658 1621 1620 1657
849.794983 1664 1700 1717 1708 1657 1625 1612 1667
849.815002 1660 1700 1725 1715 1652 1621 1612 1664
849.833984 1660 1699 1732 1695 1658 1620 1626 1651
849.854004 1659 1705 1710 1709 1660 1626 1621 1657
849.874023 1652 1699 1731 1713 1647 1626 1619 1664
849.893982 1664 1711 1731 1706 1656 1623 1613 1656
849.914001 1656 1709 1725 1702 1648 1618 1621 1655
849.934021 1666 1699 1719 1702 1662 1623 1614 1660
849.953003 1667 1705 1719 1699 1662 1627 1624 1666
849.973022 1668 1703 1726 1690 1661 1621 1617 1659
849.992981 1668 1704 1732 1713 1653 1628 1626 1661
850.013 1671 1702 1727 1704 1651 1625 1618 1654
850.03302 1676 1718 1730 1712 1664 1622 1629 1658
850.052002 1655 1698 1720 1707 1654 1632 1618 1667
850.072021 1670 1715 1733 1699 1668 1635 1631 1654
850.09198 1663 1704 1729 1710 1662 1630 1621 1660
850.112 1659 1717 1721 1711 1667 1629 1621 1668
850.132019 1662 1710 1717 1708 1658 1626 1621 1658
850.151001 1659 1718 1732 1713 1665 1619 1620 1666
850.171021 1666 1699 1729 1712 1668 1620 1628 1660
850.190979 1663 1705 1743 1711 1657 1621 1623 1666
850.210999 1666 1707 1729 1702 1663 1621 1620 1654
850.231018 1669 1701 1732 1714 1660 1623 1638 1669
850.250977 1659 1718 1731 1717 1665 1618 1620 1665
850.27002 1657 1703 1736 1713 1648 1634 1622 1661
850.289978 1664 1712 1740 1714 1662 1625 1623 1663
850.309998 1676 1715 1731 1703 1664 1621 1631 1657
850.330017 1669 1719 1723 1710 1662 1626 1627 1664
850.349976 1659 1715 1736 1709 1656 1625 1628 1656
850.369019 1659 1713 1736 1707 1653 1624 1612 1665
850.388977 1656 1707 1732 1718 1659 1625 1623 1669
850.408997 1661 1716 1736 1706 1656 1627 1621 1663
850.429016 1664 1705 1720 1702 1665 1615 1623 1665
850.448975 1659 1717 1733 1698 1650 1617 1626 1665
850.468018 1669 1708 1724 1717 1664 1621 1628 1662
850.487976 1655 1705 1728 1711 1655 1627 1620 1666
850.507996 1660 1701 1724 1702 1658 1626 1620 1664
850.528015 1671 1708 1719 1702 1660 1623 1624 1661
850.547974 1663 1710 1734 1700 1652 1629 1620 1666
850.567017 1653 1700 1729 1707 1649 1620 1615 1649
850.586975 1662 1705 1722 1711 1661 1616 1630 1652
850.606995 1656 1699 1729 1706 1659 1622 1629 1669
850.627014 1652 1706 1724 1701 1659 1621 1621 1660
850.645996 1660 1703 1728 1703 1656 1609 1623 1655
850.666016 1665 1705 1732 1707 1660 1621 1621 1655
850.685974 1660 1715 1730 1702 1650 1619 1622 1658
850.705994 1666 1700 1720 1710 1658 1625 1620 1651
850.726013 1653 1700 1727 1705 1657 1615 1620 1652
850.744995 1649 1713 1711 1699 1663 1620 1620 1664
850.765015 1661 1704 1719 1687 1658 1623 1622 1651
850.784973 1668 1701 1732 1706 1651 1610 1614 1650
850.804993 1659 1703 1726 1694 1652 1622 1610 1657
850.825012 1660 1706 1718 1695 1657 1622 1626 1659
850.843994 1651 1703 1715 1704 1654 1624 1611 1660
850.864014 1659 1707 1729 1708 1662 1619 1626 1661
850.883972 1661 1693 1724 1696 1661 1629 1621 1652
850.903992 1669 1715 1714 1698 1665 1622 1616 1648
850.924011 1666 1704 1715 1704 1656 1623 1620 1660
850.942993 1666 1711 1726 1707 1657 1618 1618 1669
850.963013 1661 1701 1719 1700 1656 1621 1622 1663
850.982971 1655 1706 1716 1700 1657 1629 1622 1665
851.002991 1666 1702 1721 1717 1653 1613 1616 1673
851.021973 1657 1698 1728 1697 1652 1609 1621 1666
851.041992 1673 1707 1724 1709 1663 1623 1628 1657
851.062012 1656 1704 1721 1709 1652 1628 1634 1656
851.08197 1662 1699 1731 1693 1651 1625 1624 1651
851.10199 1660 1707 1730 1695 1662 1627 1619 1668
851.120972 1648 1703 1728 1692 1646 1619 1623 1655
851.140991 1657 1705 1721 1700 1654 1618 1617 1651
851.161011 1656 1716 1720 1701 1658 1616 1619 1661
851.18103 1657 1696 1716 1700 1663 1614 1618 1648
851.200012 1663 1700 1724 1705 1650 1617 1625 1657
851.219971 1663 1701 1728 1701 1659 1621 1615 1655
851.23999 1653 1702 1719 1691 1659 1619 1619 1657
851.26001 1658 1703 1719 1711 1651 1615 1616 1658
851.280029 1658 1706 1717 1705 1660 1615 1620 1653
851.299011 1653 1701 1709 1704 1657 1618 1623 1648
851.31897 1656 1705 1727 1706 1655 1617 1611 1655
851.338989 1662 1705 1719 1706 1654 1622 1617 1659
851.359009 1662 1698 1720 1689 1656 1618 1620 1649
851.377991 1659 1699 1723 1701 1645 1619 1616 1654
851.39801 1645 1695 1719 1694 1651 1615 1613 1653
851.41803 1648 1705 1717 1705 1645 1614 1621 1651
851.437988 1660 1700 1736 1698 1673 1616 1616 1662
851.45697 1660 1697 1722 1692 1654 1617 1623 1664
851.47699 1659 1702 1715 1696 1641 1610 1617 1644
851.497009 1651 1692 1698 1692 1662 1616 1617 1648
851.517029 1654 1693 1724 1694 1655 1620 1619 1648
851.536011 1654 1702 1713 1694 1654 1616 1617 1655
851.55603 1648 1692 1719 1694 1657 1617 1609 1645
851.575989 1651 1695 1700 1694 1649 1621 1613 1650
851.596008 1643 1693 1715 1687 1650 1615 1619 1657
851.616028 1649 1680 1709 1694 1652 1622 1613 1659
851.63501 1643 1697 1712 1693 1646 1613 1620 1655
851.655029 1644 1694 1705 1688 1649 1617 1610 1657
851.674988 1647 1691 1711 1689 1636 1609 1612 1648
851.695007 1660 1695 1711 1689 1650 1608 1614 1645
851.713989 1646 1686 1708 1688 1643 1608 1607 1647
851.734009 1647 1696 1700 1691 1654 1615 1605 1650
851.754028 1650 1681 1714 1691 1648 1615 1607 1640
851.773987 1645 1691 1699 1689 1650 1614 1611 1643
851.79303 1650 1694 1716 1696 1654 1607 1603 1652
851.812988 1651 1686 1700 1688 1650 1615 1612 1642
851.833008 1638 1677 1709 1686 1645 1607 1605 1644
851.853027 1649 1689 1708 1684 1638 1611 1611 1642
851.872009 1645 1679 1704 1694 1649 1605 1614 1645
851.892029 1652 1689 1708 1692 1644 1614 1613 1654
851.911987 1653 1687 1716 1686 1653 1604 1615 1644
851.932007 1649 1696 1703 1690 1642 1601 1613 1644
851.950989 1646 1693 1705 1689 1638 1608 1611 1651
851.971008 1649 1695 1707 1685 1645 1609 1612 1653
851.991028 1653 1692 1706 1681 1647 1619 1614 1650
852.010986 1645 1688 1700 1687 1648 1621 1611 1651
852.030029 1643 1693 1698 1690 1643 1610 1609 1655
852.049988 1641 1691 1719 1682 1653 1608 1611 1654
852.070007 1642 1686 1699 1686 1651 1610 1609 1644
852.090027 1648 1693 1701 1680 1652 1619 1615 1661
852.109009 1659 1694 1702 1691 1647 1611 1619 1653
852.129028 1657 1689 1704 1690 1644 1612 1608 1646
852.148987 1648 1682 1706 1683 1643 1614 1607 1652
852.169006 1643 1677 1714 1695 1646 1609 1611 1646
852.187988 1643 1683 1713 1689 1649 1615 1615 1650
852.208008 1653 1696 1707 1698 1639 1609 1616 1634
852.228027 1646 1690 1709 1685 1647 1609 1614 1654
852.247986 1649 1690 1709 1688 1643 1614 1611 1646
852.267029 1643 1692 1706 1690 1652 1603 1607 1644
852.286987 1647 1695 1711 1693 1644 1618 1613 1638
852.307007 1652 1693 1713 1681 1651 1618 1612 1645
852.327026 1642 1699 1713 1690 1641 1613 1615 1640
852.346008 1644 1698 1707 1686 1635 1607 1612 1642
852.366028 1649 1707 1702 1692 1640 1607 1617 1642
852.385986 1654 1696 1719 1691 1638 1618 1619 1649
852.406006 1644 1699 1709 1697 1649 1608 1616 1651
852.424988 1656 1688 1710 1696 1652 1616 1608 1645
852.445007 1653 1702 1701 1692 1651 1615 1618 1652
852.465027 1651 1687 1711 1687 1642 1611 1612 1642
852.484009 1650 1692 1718 1679 1651 1619 1609 1654
852.504028 1648 1688 1718 1682 1652 1613 1605 1652
852.523987 1643 1696 1709 1698 1638 1620 1616 1648
852.544006 1650 1691 1709 1695 1646 1615 1610 1646
852.562988 1646 1693 1708 1685 1652 1613 1624 1644
852.583008 1657 1693 1711 1690 1645 1617 1613 1650
852.603027 1661 1692 1707 1684 1644 1619 1614 1644
852.622986 1648 1684 1714 1687 1637 1614 1607 1645
852.642029 1652 1690 1716 1696 1644 1614 1618 1650
852.661987 1655 1690 1716 1690 1646 1616 1608 1654
852.682007 1651 1696 1717 1700 1645 1614 1613 1643
852.700989 1647 1691 1713 1692 1645 1611 1616 1653
852.721008 1649 1699 1701 1693 1640 1619 1616 1643
852.741028 1647 1690 1709 1699 1637 1615 1612 1649
852.760986 1657 1695 1723 1694 1644 1616 1609 1638
852.780029 1653 1683 1715 1700 1646 1611 1607 1641
852.799988 1653 1689 1712 1689 1639 1611 1617 1641
852.820007 1640 1696 1712 1685 1642 1613 1609 1651
852.840027 1648 1692 1709 1689 1637 1616 1613 1648
852.859009 1651 1685 1712 1696 1647 1614 1612 1655
852.879028 1649 1685 1704 1690 1647 1620 1618 1646
852.898987 1650 1688 1715 1685 1640 1617 1614 1651
852.91803 1653 1689 1713 1689 1654 1610 1614 1647
852.937988 1645 1697 1711 1677 1652 1610 1610 1647
852.958008 1645 1696 1710 1705 1641 1611 1614 1640
852.978027 1649 1692 1710 1680 1648 1606 1615 1648
852.997009 1654 1688 1703 1682 1642 1620 1605 1650
853.017029 1657 1684 1713 1689 1640 1609 1610 1637
853.036987 1653 1690 1700 1691 1636 1611 1617 1649
853.05603 1642 1688 1707 1689 1646 1611 1608 1641
853.075989 1650 1692 1712 1691 1643 1618 1619 1650
853.096008 1651 1692 1711 1695 1652 1614 1617 1652
853.116028 1646 1687 1710 1688 1641 1618 1611 1643
853.13501 1652 1700 1710 1691 1645 1607 1613 1641
853.155029 1658 1702 1721 1689 1647 1621 1627 1652
853.174988 1652 1688 1718 1687 1649 1619 1606 1656
853.19397 1642 1691 1724 1688 1640 1607 1610 1650
853.213989 1641 1704 1708 1692 1648 1623 1613 1640
853.234009 1655 1703 1708 1699 1651 1618 1615 1655
853.254028 1652 1697 1708 1688 1640 1611 1612 1652
853.27301 1638 1682 1714 1690 1652 1610 1615 1643
853.29303 1656 1688 1704 1688 1642 1603 1616 1640
853.312988 1650 1694 1712 1693 1650 1613 1616 1654
853.33197 1650 1690 1715 1690 1645 1611 1621 1638
853.35199 1656 1693 1706 1690 1640 1607 1615 1645
853.372009 1648 1690 1718 1694 1653 1609 1602 1650
853.390991 1649 1687 1711 1688 1643 1616 1624 1646
853.411011 1650 1691 1716 1697 1639 1613 1606 1651
853.43103 1657 1686 1710 1688 1646 1612 1611 1654
853.450989 1643 1680 1711 1693 1641 1621 1615 1654
853.469971 1654 1697 1716 1697 1661 1615 1614 1649
853.48999 1645 1698 1705 1704 1637 1611 1607 1650
853.51001 1668 1683 1707 1688 1651 1615 1616 1647
853.528992 1646 1685 1717 1685 1649 1610 1613 1645
853.549011 1650 1704 1718 1692 1639 1610 1615 1651
853.56897 1645 1695 1719 1699 1648 1618 1608 1651
853.588989 1649 1694 1713 1687 1646 1615 1621 1641
853.607971 1653 1700 1714 1685 1647 1610 1610 1650
853.627991 1654 1694 1721 1687 1637 1623 1613 1650
853.64801 1643 1690 1711 1694 1640 1613 1607 1644
853.666992 1646 1696 1720 1689 1651 1612 1618 1657
853.687012 1648 1685 1713 1687 1653 1608 1612 1644
853.70697 1656 1699 1715 1693 1653 1619 1608 1656
853.726013 1649 1681 1713 1689 1656 1608 1611 1653
853.745972 1646 1691 1705 1692 1639 1611 1611 1644
853.765991 1645 1696 1709 1687 1644 1618 1616 1644
853.784973 1652 1702 1713 1694 1635 1625 1616 1648
853.804993 1651 1703 1715 1692 1652 1607 1618 1657
853.825012 1659 1697 1711 1686 1648 1612 1612 1648
853.844971 1659 1698 1711 1698 1652 1618 1610 1653
853.864014 1650 1693 1712 1694 1648 1609 1622 1652
853.883972 1650 1687 1715 1705 1643 1616 1612 1651
853.903992 1657 1685 1719 1702 1638 1620 1614 1654
853.922974 1654 1697 1702 1697 1646 1618 1609 1648
853.942993 1668 1713 1720 1699 1644 1627 1620 1662
853.963013 1652 1698 1724 1692 1657 1614 1618 1650
853.981995 1660 1703 1727 1712 1662 1612 1612 1653
854.002014 1648 1696 1717 1698 1649 1622 1617 1667
854.021973 1660 1705 1721 1696 1658 1618 1616 1658
854.041016 1659 1707 1719 1692 1659 1621 1615 1650
854.060974 1658 1712 1715 1704 1650 1618 1622 1648
854.080994 1656 1695 1722 1695 1653 1615 1618 1656
854.099976 1664 1703 1721 1709 1666 1619 1625 1657
854.119995 1665 1717 1720 1713 1655 1622 1622 1659
854.140015 1656 1710 1732 1712 1655 1614 1613 1656
854.158997 1661 1706 1728 1704 1661 1615 1618 1651
854.179016 1659 1716 1732 1701 1671 1619 1609 1665
854.198975 1659 1704 1728 1705 1663 1625 1620 1657
854.218994 1670 1701 1726 1708 1660 1620 1620 1660
854.237976 1656 1705 1720 1700 1656 1624 1621 1653
854.257996 1670 1707 1727 1700 1661 1621 1612 1654
854.278015 1661 1712 1723 1714 1656 1626 1626 1669
854.296997 1656 1710 1724 1702 1654 1624 1616 1654
854.317017 1650 1707 1720 1700 1654 1623 1623 1653
854.336975 1658 1709 1726 1701 1658 1623 1620 1657
854.356018 1654 1693 1733 1690 1669 1605 1619 1660
854.375977 1664 1711 1720 1701 1655 1616 1607 1664
854.395996 1656 1694 1711 1704 1663 1620 1619 1657
854.414978 1660 1708 1710 1694 1647 1613 1620 1657
854.434998 1654 1699 1722 1708 1655 1612 1615 1649
854.455017 1651 1702 1724 1696 1649 1619 1620 1654
854.473999 1654 1702 1724 1695 1651 1616 1616 1655
854.494019 1655 1694 1719 1697 1648 1614 1622 1649
854.513977 1652 1703 1718 1692 1667 1614 1620 1647
854.53302 1665 1706 1717 1695 1649 1609 1614 1655
854.552979 1654 1702 1706 1701 1652 1614 1610 1654
854.572998 1663 1702 1715 1706 1661 1620 1620 1654
854.59198 1658 1707 1710 1701 1655 1620 1612 1656
854.612 1652 1708 1732 1703 1648 1613 1622 1652
854.632019 1660 1708 1713 1703 1644 1617 1610 1653
854.651001 1654 1708 1715 1701 1653 1611 1623 1649
854.671021 1649 1694 1720 1697 1651 1615 1616 1647
854.690979 1657 1688 1718 1701 1661 1612 1614 1648
854.710022 1652 1688 1720 1691 1647 1611 1614 1652
854.72998 1646 1696 1724 1692 1653 1616 1617 1650
854.75 1652 1694 1723 1695 1641 1619 1615 1655
854.768982 1647 1699 1718 1696 1651 1613 1612 1653
854.789001 1651 1695 1709 1693 1651 1617 1617 1652
854.807983 1652 1691 1717 1685 1662 1626 1617 1651
854.828003 1644 1699 1710 1693 1645 1613 1606 1652
854.848022 1650 1699 1719 1689 1648 1613 1616 1652
854.867004 1652 1692 1712 1704 1656 1612 1611 1648
854.887024 1656 1695 1713 1701 1646 1615 1611 1654
854.906982 1652 1694 1707 1712 1645 1615 1617 1652
854.926025 1662 1698 1723 1694 1651 1618 1616 1657
854.945984 1660 1695 1713 1699 1648 1617 1609 1651
854.966003 1650 1698 1716 1705 1652 1608 1615 1648
854.984985 1650 1694 1711 1695 1646 1618 1612 1649
855.005005 1651 1692 1717 1693 1657 1622 1614 1644
855.025024 1650 1700 1716 1700 1654 1619 1616 1648
855.044006 1657 1699 1717 1700 1645 1611 1615 1654
855.064026 1660 1696 1722 1689 1656 1614 1599 1640
855.083984 1651 1690 1706 1696 1648 1615 1619 1650
855.103027 1661 1692 1713 1695 1653 1613 1609 1648
855.122986 1649 1692 1719 1689 1651 1609 1622 1645
855.143005 1648 1691 1713 1691 1645 1607 1606 1647
855.161987 1651 1702 1713 1689 1642 1613 1614 1649
855.182007 1647 1694 1706 1700 1650 1610 1612 1650
855.200989 1649 1686 1718 1684 1646 1610 1611 1638
855.221008 1656 1682 1708 1702 1627 1611 1617 1656
855.241028 1652 1703 1705 1694 1647 1611 1619 1647
855.26001 1650 1687 1705 1691 1646 1606 1619 1654
855.280029 1639 1685 1710 1694 1645 1619 1602 1646
855.299988 1645 1691 1704 1697 1650 1610 1605 1642
855.31897 1654 1692 1721 1676 1648 1619 1602 1643
855.338989 1646 1687 1697 1696 1641 1607 1614 1650
855.359009 1647 1688 1696 1692 1637 1611 1611 1647
855.377991 1648 1698 1713 1692 1645 1611 1614 1646
855.39801 1648 1685 1703 1694 1643 1613 1611 1642
855.41803 1645 1701 1708 1686 1643 1614 1608 1645
855.437012 1649 1686 1711 1699 1643 1621 1613 1644
855.45697 1644 1684 1705 1693 1635 1615 1607 1650
855.476013 1647 1695 1714 1694 1645 1616 1608 1639
855.495972 1645 1689 1708 1692 1648 1616 1614 1645
855.515991 1649 1697 1716 1688 1643 1618 1611 1653
855.534973 1648 1676 1718 1685 1643 1610 1605 1647
855.554993 1653 1684 1706 1692 1643 1606 1606 1650
855.575012 1655 1692 1713 1685 1655 1612 1608 1653
855.593994 1643 1692 1706 1696 1642 1611 1613 1651
855.614014 1655 1678 1702 1688 1644 1620 1611 1640
855.633972 1654 1685 1705 1678 1646 1619 1610 1647
855.653015 1642 1685 1710 1687 1650 1604 1613 1643
855.672974 1647 1696 1703 1684 1640 1613 1608 1643
855.692017 1653 1683 1700 1687 1651 1608 1609 1650
855.711975 1656 1689 1705 1693 1642 1619 1613 1640
855.731995 1653 1687 1703 1682 1636 1608 1604 1644
855.750977 1645 1693 1703 1679 1651 1610 1610 1635
855.770996 1654 1691 1701 1694 1633 1607 1607 1644
855.791016 1645 1693 1707 1689 1647 1612 1612 1648
855.809998 1645 1684 1701 1688 1634 1604 1611 1639
855.830017 1649 1684 1704 1693 1647 1617 1614 1651
855.848999 1653 1675 1701 1683 1643 1609 1612 1647
855.869019 1639 1697 1706 1682 1643 1604 1614 1646
855.888977 1648 1687 1704 1683 1644 1615 1616 1642
855.90802 1654 1681 1709 1679 1649 1611 1604 1635
855.927979 1644 1688 1708 1695 1643 1615 1610 1633
855.947998 1641 1694 1711 1684 1645 1615 1604 1650
855.96698 1643 1695 1711 1698 1644 1613 1604 1641
855.987 1647 1687 1702 1687 1655 1608 1611 1654
856.005981 1643 1690 1707 1693 1647 1610 1615 1641
856.026001 1642 1690 1712 1681 1654 1614 1606 1647
856.046021 1642 1688 1705 1690 1652 1617 1617 1646
856.065002 1653 1696 1717 1686 1643 1613 1617 1641
856.085022 1650 1684 1710 1686 1657 1612 1613 1645
856.104004 1648 1689 1710 1687 1641 1614 1607 1644
856.124023 1650 1696 1700 1694 1640 1616 1613 1651
856.143982 1648 1698 1702 1684 1639 1611 1609 1650
856.163025 1647 1689 1717 1687 1644 1619 1604 1656
856.182983 1651 1696 1708 1693 1649 1619 1615 1652
856.203003 1646 1704 1711 1694 1660 1617 1612 1645
856.221985 1653 1691 1705 1693 1639 1614 1612 1645
856.242004 1641 1692 1711 1684 1643 1608 1612 1652
856.260986 1647 1695 1712 1693 1651 1609 1624 1655
856.281006 1644 1685 1718 1689 1645 1609 1612 1649
856.301025 1646 1689 1711 1693 1642 1609 1614 1647
856.320007 1647 1697 1712 1690 1646 1613 1609 1648
856.340027 1653 1694 1709 1688 1646 1621 1607 1643
856.359009 1652 1697 1704 1694 1638 1616 1608 1654
856.379028 1659 1689 1699 1681 1643 1616 1614 1641
856.398987 1654 1693 1705 1693 1634 1609 1612 1651
856.41803 1645 1689 1700 1690 1647 1611 1613 1646
856.437988 1644 1687 1710 1689 1645 1605 1612 1646
856.45697 1636 1683 1712 1689 1642 1605 1610 1657
856.47699 1643 1682 1694 1690 1646 1608 1612 1651
856.497009 1646 1686 1699 1692 1648 1613 1615 1652
856.515991 1645 1684 1715 1674 1643 1605 1607 1645
856.536011 1646 1691 1702 1692 1648 1621 1608 1647
856.554993 1640 1688 1699 1691 1645 1610 1602 1644
856.575012 1642 1689 1711 1690 1637 1608 1610 1640
856.594971 1647 1685 1707 1685 1645 1611 1609 1638
856.614014 1641 1687 1708 1688 1641 1603 1607 1648
856.633972 1643 1688 1695 1687 1640 1607 1611 1643
856.653015 1642 1685 1706 1692 1641 1606 1614 1647
856.672974 1640 1685 1703 1683 1639 1604 1605 1634
856.692993 1640 1686 1698 1693 1647 1620 1620 1636
856.711975 1642 1678 1694 1679 1644 1611 1612 1638
856.731995 1652 1678 1706 1682 1637 1608 1608 1651
856.750977 1647 1684 1708 1687 1632 1608 1607 1635
856.770996 1644 1685 1705 1684 1644 1612 1604 1645
856.791016 1643 1688 1704 1682 1642 1610 1603 1644
856.809998 1639 1678 1690 1689 1642 1600 1610 1637
856.830017 1646 1676 1713 1686 1636 1608 1612 1634
856.848999 1639 1690 1714 1681 1643 1612 1603 1632
856.869019 1651 1677 1708 1684 1642 1605 1617 1645
856.888 1653 1686 1704 1690 1636 1602 1596 1654
856.90802 1640 1682 1696 1681 1635 1601 1606 1633
856.927979 1644 1686 1700 1680 1633 1610 1608 1642
856.947021 1645 1685 1694 1680 1638 1602 1602 1640
856.96698 1648 1678 1709 1680 1639 1612 1611 1642
856.986023 1642 1676 1706 1683 1641 1609 1603 1635
857.005981 1639 1682 1705 1688 1635 1612 1600 1650
857.026001 1642 1679 1714 1693 1641 1607 1614 1641
857.044983 1642 1693 1705 1683 1641 1606 1605 1636
857.065002 1641 1689 1704 1665 1635 1609 1608 1644
857.083984 1653 1687 1706 1691 1634 1609 1607 1648
857.104004 1652 1687 1703 1681 1637 1607 1609 1645
857.122986 1644 1689 1695 1678 1633 1605 1605 1637
857.143005 1646 1681 1697 1680 1635 1616 1612 1642
857.163025 1632 1678 1702 1679 1635 1616 1607 1645
857.182007 1645 1679 1698 1678 1645 1605 1603 1640
857.202026 1649 1673 1707 1692 1644 1610 1603 1637
857.221008 1642 1679 1698 1690 1637 1601 1594 1638
857.241028 1638 1677 1695 1682 1637 1603 1614 1643
857.260986 1644 1676 1702 1683 1643 1611 1606 1639
857.280029 1642 1688 1691 1687 1636 1610 1610 1645
857.299988 1636 1676 1692 1675 1644 1606 1607 1639
857.31897 1650 1686 1708 1694 1633 1618 1608 1647
857.338989 1647 1677 1712 1683 1642 1605 1604 1645
857.357971 1640 1685 1707 1680 1639 1609 1604 1648
857.377991 1638 1686 1708 1686 1645 1610 1607 1642
857.39801 1639 1677 1708 1677 1640 1607 1609 1634
857.416992 1636 1666 1697 1680 1642 1611 1605 1647
857.437012 1639 1685 1710 1681 1638 1605 1609 1642
857.455994 1634 1675 1689 1676 1639 1606 1607 1639
857.476013 1647 1690 1699 1687 1645 1610 1612 1638
857.494995 1648 1672 1694 1671 1642 1612 1612 1648
857.515015 1635 1688 1706 1676 1643 1607 1613 1637
857.534973 1644 1675 1702 1688 1634 1611 1599 1641
857.554016 1644 1671 1696 1681 1636 1617 1609 1635
857.573975 1648 1674 1697 1689 1636 1598 1605 1636
857.593018 1636 1690 1708 1682 1640 1609 1612 1638
857.612976 1648 1682 1692 1690 1626 1606 1609 1633
857.632019 1638 1679 1698 1685 1634 1600 1608 1645
857.651978 1630 1673 1677 1677 1634 1606 1607 1641
857.671997 1648 1671 1705 1674 1635 1606 1607 1636
857.690979 1643 1698 1703 1673 1627 1613 1608 1639
857.710999 1639 1684 1695 1679 1634 1606 1617 1651
857.72998 1642 1677 1690 1676 1643 1609 1610 1635
857.75 1649 1687 1699 1672 1642 1604 1609 1646
857.768982 1640 1678 1689 1687 1632 1597 1602 1645
857.789001 1654 1681 1696 1678 1632 1608 1605 1646
857.807983 1633 1685 1698 1683 1632 1603 1608 1641
857.828003 1649 1680 1690 1679 1642 1605 1609 1642
857.848022 1637 1668 1701 1682 1633 1609 1601 1640
857.867004 1650 1683 1696 1675 1638 1612 1601 1635
857.887024 1634 1677 1700 1682 1634 1609 1604 1636
857.906006 1646 1676 1695 1682 1633 1599 1605 1639
857.926025 1647 1684 1709 1683 1633 1609 1603 1644
857.945007 1646 1686 1692 1681 1642 1607 1609 1649
857.965027 1639 1685 1698 1675 1628 1608 1605 1641
857.984009 1642 1687 1707 1674 1636 1610 1613 1643
858.004028 1636 1681 1696 1685 1638 1605 1615 1646
858.02301 1635 1680 1706 1675 1630 1605 1607 1631
858.04303 1644 1685 1708 1675 1639 1608 1602 1633
858.062988 1642 1686 1691 1689 1635 1611 1608 1638
858.08197 1639 1674 1705 1690 1637 1608 1611 1652
858.10199 1650 1685 1707 1681 1634 1611 1611 1637
858.120972 1653 1684 1689 1673 1633 1603 1615 1637
858.140991 1644 1686 1701 1686 1643 1617 1608 1645
858.159973 1640 1675 1695 1674 1640 1611 1609 1636
858.179993 1641 1692 1695 1681 1637 1609 1613 1641
858.198975 1637 1686 1696 1676 1631 1613 1606 1636
858.218994 1638 1682 1690 1678 1636 1615 1615 1629
858.239014 1647 1684 1708 1674 1633 1607 1607 1630
858.257996 1643 1675 1694 1666 1646 1616 1604 1643
858.278015 1645 1675 1699 1670 1636 1607 1604 1638
858.296997 1650 1674 1706 1681 1636 1612 1607 1633
858.317017 1645 1679 1696 1671 1635 1603 1594 1646
858.335999 1640 1677 1694 1675 1638 1601 1603 1635
858.356018 1634 1672 1695 1672 1638 1606 1604 1629
858.375 1628 1677 1693 1673 1631 1603 1602 1642
858.39502 1632 1670 1683 1663 1623 1600 1610 1634
858.414001 1640 1680 1695 1673 1642 1607 1606 1629
858.434021 1634 1672 1694 1678 1634 1602 1608 1634
858.453003 1641 1676 1716 1676 1624 1613 1605 1633
858.473022 1636 1673 1694 1678 1634 1608 1606 1635
858.492004 1647 1667 1691 1676 1628 1603 1605 1638
858.512024 1636 1665 1691 1681 1623 1601 1600 1641
858.531982 1639 1673 1693 1680 1633 1610 1612 1629
858.551025 1644 1665 1691 1667 1637 1606 1604 1632
858.570984 1644 1683 1706 1678 1632 1610 1600 1620
858.590027 1636 1678 1701 1682 1643 1605 1608 1626
858.609985 1635 1682 1701 1681 1642 1609 1611 1635
858.629028 1642 1682 1695 1675 1633 1607 1605 1635
858.648987 1640 1689 1701 1677 1641 1606 1608 1644
858.66803 1642 1685 1689 1676 1633 1608 1609 1638
858.687988 1638 1684 1700 1675 1632 1608 1606 1648
858.70697 1641 1673 1697 1678 1633 1607 1609 1643
858.72699 1644 1678 1702 1677 1638 1614 1607 1642
858.745972 1638 1675 1701 1682 1634 1601 1603 1642
858.765991 1633 1678 1704 1679 1629 1604 1605 1642
858.784973 1647 1673 1704 1672 1648 1606 1607 1640
858.804993 1649 1689 1701 1675 1633 1609 1620 1637
858.823975 1653 1677 1703 1678 1643 1606 1605 1643
858.843994 1640 1683 1697 1680 1635 1602 1604 1636
858.864014 1643 1687 1697 1677 1633 1603 1603 1639
858.882996 1640 1680 1698 1674 1636 1596 1613 1631
858.903015 1646 1681 1690 1687 1639 1615 1610 1640
858.921997 1644 1683 1700 1675 1639 1601 1607 1636
858.942017 1637 1668 1690 1668 1635 1598 1602 1624
858.960999 1640 1675 1701 1679 1634 1612 1604 1651
858.981018 1638 1678 1679 1670 1638 1605 1610 1633
859 1640 1679 1704 1669 1644 1603 1605 1648
859.02002 1638 1676 1693 1682 1635 1612 1603 1638
859.039001 1649 1676 1698 1676 1643 1610 1609 1635
859.059021 1641 1672 1693 1674 1636 1603 1609 1633
859.078003 1639 1679 1698 1683 1636 1604 1609 1640
859.098022 1648 1670 1689 1678 1630 1606 1609 1632
859.117004 1646 1672 1689 1677 1621 1606 1607 1638
859.137024 1641 1666 1694 1677 1633 1602 1606 1636
859.156006 1633 1685 1692 1671 1629 1607 1602 1638
859.176025 1635 1672 1688 1671 1628 1603 1607 1630
859.195007 1635 1682 1702 1674 1633 1613 1600 1648
859.215027 1634 1679 1689 1671 1635 1607 1603 1635
859.234009 1634 1671 1692 1667 1640 1597 1603 1634
859.254028 1638 1669 1695 1671 1628 1608 1601 1640
859.27301 1640 1670 1688 1674 1628 1604 1605 1631
859.29303 1633 1677 1692 1674 1643 1610 1602 1627
859.312012 1635 1675 1704 1682 1634 1608 1612 1633
859.33197 1638 1676 1689 1668 1636 1615 1607 1623
859.351013 1646 1669 1695 1677 1634 1600 1601 1644
859.370972 1630 1670 1686 1686 1633 1598 1608 1632
859.390015 1639 1686 1692 1678 1635 1603 1596 1639
859.409973 1628 1687 1695 1668 1631 1607 1603 1636
859.429016 1627 1679 1695 1669 1623 1609 1606 1635
859.448975 1643 1675 1692 1684 1633 1608 1604 1631
859.468018 1636 1687 1690 1673 1635 1606 1608 1645
859.487976 1642 1679 1691 1680 1643 1613 1601 1633
859.507019 1641 1680 1696 1682 1634 1604 1606 1642
859.526978 1640 1674 1688 1675 1630 1607 1610 1641
859.546021 1635 1679 1688 1676 1633 1604 1605 1632
859.565979 1647 1677 1690 1675 1628 1608 1604 1627
859.585022 1641 1671 1694 1683 1633 1603 1609 1646
859.60498 1639 1681 1695 1672 1636 1602 1600 1634
859.624023 1638 1681 1703 1673 1640 1614 1612 1633
859.643982 1640 1676 1689 1682 1642 1608 1603 1639
859.663025 1646 1672 1699 1679 1642 1610 1605 1636
859.682983 1641 1679 1695 1680 1634 1612 1597 1639
859.702026 1632 1681 1685 1686 1640 1600 1622 1631
859.721985 1641 1676 1693 1671 1630 1603 1600 1648
859.741028 1638 1681 1702 1682 1639 1610 1606 1635
859.760986 1643 1669 1687 1685 1639 1610 1607 1643
859.780029 1640 1672 1698 1689 1625 1606 1601 1635
859.799988 1634 1675 1693 1676 1641 1604 1607 1640
859.81897 1635 1686 1680 1677 1637 1605 1605 1630
859.838989 1638 1672 1693 1671 1642 1598 1600 1636
859.857971 1643 1677 1702 1680 1634 1602 1610 1640
859.877991 1632 1674 1688 1667 1634 1604 1603 1644
859.896973 1635 1669 1686 1662 1634 1615 1604 1639
859.916992 1633 1677 1690 1680 1642 1598 1605 1636
859.935974 1651 1678 1694 1678 1633 1597 1604 1634
859.955994 1641 1673 1693 1661 1624 1601 1604 1636
859.974976 1639 1678 1688 1676 1629 1605 1598 1629
859.994995 1640 1670 1691 1678 1624 1604 1600 1632
860.013977 1634 1673 1686 1681 1634 1604 1600 1633
860.033997 1637 1670 1690 1668 1634 1600 1594 1632
860.052979 1634 1664 1687 1687 1636 1608 1604 1637
860.072998 1641 1670 1693 1675 1624 1601 1599 1629
860.09198 1640 1677 1683 1675 1633 1606 1608 1627
860.112 1641 1679 1675 1672 1637 1602 1597 1630
860.130981 1641 1672 1689 1689 1626 1607 1607 1636
860.151001 1634 1666 1691 1671 1635 1611 1606 1629
860.169983 1642 1675 1683 1663 1634 1608 1599 1631
860.189026 1640 1659 1685 1665 1625 1605 1601 1632
860.208984 1643 1673 1693 1670 1640 1605 1617 1634
860.228027 1637 1671 1694 1668 1631 1594 1600 1631
860.247986 1631 1677 1686 1671 1630 1605 1602 1631
860.267029 1635 1670 1687 1665 1636 1592 1601 1633
860.286987 1635 1666 1689 1670 1627 1601 1611 1640
860.30603 1632 1664 1701 1676 1626 1606 1600 1628
860.325989 1644 1670 1703 1677 1622 1614 1605 1629
860.344971 1625 1675 1683 1668 1632 1603 1602 1642
860.36499 1634 1673 1694 1671 1624 1609 1603 1635
860.383972 1649 1667 1688 1684 1638 1603 1595 1627
860.403992 1639 1663 1705 1677 1630 1601 1607 1634
860.422974 1629 1677 1689 1684 1635 1610 1612 1643
860.442993 1641 1677 1695 1678 1630 1607 1600 1638
860.461975 1635 1676 1697 1684 1620 1603 1595 1631
860.481995 1632 1675 1694 1667 1634 1599 1607 1635
860.500977 1632 1674 1700 1675 1643 1602 1601 1639
860.520996 1636 1682 1695 1680 1637 1598 1603 1631
860.539978 1636 1676 1692 1669 1630 1608 1606 1640
860.559021 1636 1677 1693 1670 1637 1612 1606 1643
860.578979 1628 1668 1690 1675 1629 1609 1598 1624
860.598022 1634 1685 1693 1679 1634 1608 1608 1637
860.617981 1643 1677 1693 1669 1626 1600 1600 1639
860.637024 1643 1678 1697 1672 1639 1602 1602 1639
860.656982 1639 1680 1689 1677 1630 1607 1599 1632
860.676025 1633 1681 1693 1684 1628 1605 1608 1631
860.695984 1643 1671 1695 1675 1638 1609 1598 1632
860.715027 1624 1679 1697 1681 1630 1599 1603 1637
860.734985 1632 1679 1691 1680 1630 1602 1602 1633
860.754028 1634 1670 1691 1670 1637 1597 1597 1634
860.77301 1635 1681 1701 1671 1629 1602 1601 1633
