0 11.25 22.5 33.75 45 56.25 67.5 78.75 90
828.851013 1668 1678 1683 1691 1694 1680 1686 1681 1680
828.870972 1678 1679 1686 1680 1685 1672 1680 1665 1683
828.890991 1675 1676 1689 1683 1683 1680 1686 1673 1677
828.911987 1675 1671 1686 1689 1691 1681 1678 1670 1663
828.932007 1679 1672 1684 1687 1677 1684 1675 1671 1665
828.953003 1672 1684 1679 1674 1694 1676 1672 1673 1670
828.973022 1676 1674 1675 1687 1676 1684 1674 1676 1675
828.994019 1669 1673 1680 1682 1681 1681 1674 1676 1674
829.013977 1665 1664 1672 1684 1690 1680 1672 1669 1674
829.034973 1665 1670 1678 1683 1670 1671 1671 1667 1668
829.054993 1660 1677 1672 1679 1688 1674 1678 1670 1665
829.075012 1657 1679 1674 1684 1679 1673 1671 1675 1659
829.096008 1665 1664 1679 1670 1685 1666 1668 1659 1661
829.116028 1665 1675 1670 1675 1679 1680 1675 1667 1671
829.137024 1667 1660 1672 1675 1674 1679 1669 1657 1666
829.156982 1668 1663 1677 1680 1684 1673 1667 1663 1662
829.177979 1661 1667 1676 1682 1670 1676 1662 1657 1665
829.197998 1662 1665 1661 1672 1680 1682 1663 1658 1663
829.218994 1661 1668 1668 1687 1683 1667 1673 1669 1657
829.239014 1656 1669 1665 1678 1679 1672 1661 1657 1665
829.258972 1665 1663 1669 1670 1678 1668 1677 1657 1656
829.280029 1656 1662 1670 1668 1666 1667 1673 1658 1663
829.299988 1656 1674 1672 1675 1665 1677 1653 1662 1654
829.320984 1663 1668 1678 1672 1679 1668 1664 1661 1666
829.341003 1652 1666 1667 1673 1675 1666 1669 1655 1655
829.362 1655 1658 1674 1668 1668 1667 1648 1662 1664
829.382019 1661 1666 1670 1658 1671 1667 1673 1661 1662
829.401978 1660 1664 1669 1667 1676 1661 1666 1662 1659
829.422974 1661 1658 1662 1667 1667 1679 1659 1669 1656
829.442993 1665 1667 1673 1671 1659 1662 1653 1665 1662
829.463989 1654 1667 1664 1679 1678 1669 1664 1657 1656
829.484009 1671 1666 1654 1674 1679 1670 1660 1659 1662
829.505005 1657 1665 1664 1671 1674 1668 1669 1659 1660
829.525024 1660 1664 1671 1673 1676 1656 1667 1664 1668
829.544983 1653 1656 1665 1667 1680 1675 1661 1667 1660
829.565979 1662 1661 1665 1673 1671 1673 1661 1657 1668
829.585999 1655 1673 1665 1682 1670 1664 1667 1653 1662
829.606995 1661 1669 1677 1677 1677 1677 1671 1668 1664
829.627014 1670 1649 1671 1681 1676 1664 1665 1663 1667
829.64801 1657 1666 1672 1672 1667 1670 1664 1670 1665
829.66803 1661 1660 1663 1666 1672 1669 1671 1662 1662
829.687988 1652 1660 1661 1666 1666 1665 1660 1657 1664
829.708984 1673 1660 1669 1671 1682 1678 1665 1657 1662
829.729004 1663 1672 1666 1677 1678 1675 1664 1663 1675
829.75 1660 1671 1670 1668 1673 1669 1666 1671 1663
829.77002 1663 1664 1672 1669 1667 1668 1668 1658 1658
829.791016 1665 1670 1674 1676 1680 1675 1671 1655 1664
829.810974 1661 1675 1661 1679 1678 1673 1675 1664 1673
829.830994 1668 1665 1671 1676 1677 1672 1665 1657 1660
829.85199 1656 1672 1678 1678 1673 1673 1672 1659 1667
829.872009 1656 1670 1666 1676 1671 1671 1674 1665 1656
829.893005 1663 1663 1673 1672 1674 1677 1670 1659 1663
829.913025 1668 1661 1667 1680 1677 1668 1675 1662 1661
829.932983 1665 1675 1675 1674 1680 1672 1671 1672 1660
829.953979 1667 1662 1673 1680 1673 1679 1669 1672 1670
829.973999 1666 1670 1676 1678 1681 1671 1666 1660 1680
829.994995 1668 1663 1675 1678 1679 1682 1674 1673 1667
830.015015 1665 1672 1669 1680 1685 1661 1667 1667 1668
830.036011 1660 1681 1672 1679 1685 1676 1669 1669 1667
830.05603 1667 1674 1673 1677 1678 1679 1672 1667 1656
830.075989 1678 1675 1671 1684 1696 1678 1680 1665 1671
830.096985 1670 1665 1678 1679 1693 1679 1684 1668 1669
830.117004 1677 1672 1677 1670 1686 1672 1678 1664 1668
830.138 1673 1674 1684 1679 1686 1685 1679 1678 1669
830.15802 1662 1670 1678 1685 1691 1684 1684 1679 1678
830.177979 1681 1675 1692 1694 1686 1704 1683 1680 1665
830.198975 1679 1674 1698 1688 1689 1698 1680 1682 1679
830.218994 1672 1678 1685 1688 1691 1675 1676 1685 1682
830.23999 1676 1683 1686 1691 1680 1684 1677 1679 1682
830.26001 1685 1686 1678 1692 1690 1695 1685 1678 1666
830.280029 1673 1673 1690 1692 1686 1683 1687 1677 1686
830.301025 1682 1677 1684 1698 1691 1687 1672 1675 1675
830.320984 1668 1673 1673 1687 1686 1691 1675 1679 1665
830.34198 1672 1677 1689 1687 1706 1685 1679 1681 1681
830.362 1673 1676 1689 1691 1697 1684 1686 1678 1662
830.382996 1670 1680 1685 1685 1692 1685 1680 1671 1683
830.403015 1671 1684 1681 1690 1693 1687 1679 1678 1689
830.422974 1680 1673 1675 1682 1694 1686 1677 1673 1676
830.44397 1680 1687 1684 1686 1698 1694 1675 1676 1678
830.463989 1685 1686 1681 1689 1704 1685 1683 1676 1683
830.484009 1680 1685 1688 1693 1690 1692 1689 1681 1680
830.505005 1668 1676 1689 1697 1689 1686 1682 1679 1677
830.525024 1675 1670 1690 1691 1689 1684 1684 1686 1665
830.546021 1679 1680 1681 1698 1692 1695 1685 1670 1677
830.565979 1673 1680 1694 1691 1690 1678 1677 1676 1679
830.585999 1672 1679 1682 1678 1692 1689 1685 1680 1672
830.606995 1670 1681 1680 1694 1683 1681 1679 1679 1683
830.627014 1669 1677 1683 1685 1685 1678 1678 1679 1667
830.64801 1685 1682 1678 1687 1682 1686 1674 1686 1679
830.66803 1672 1676 1677 1692 1687 1674 1676 1672 1675
830.687988 1682 1670 1687 1675 1691 1682 1674 1680 1666
830.708984 1667 1672 1680 1684 1681 1686 1670 1666 1669
830.729004 1677 1675 1696 1687 1687 1682 1680 1671 1674
830.75 1663 1674 1674 1684 1683 1676 1689 1669 1676
830.77002 1672 1676 1679 1676 1685 1673 1671 1667 1673
830.789978 1664 1667 1675 1680 1683 1695 1677 1666 1663
830.810974 1668 1681 1677 1681 1684 1672 1663 1671 1670
830.830994 1664 1675 1671 1684 1696 1681 1667 1677 1671
830.85199 1671 1673 1679 1674 1682 1672 1676 1666 1671
830.872009 1667 1666 1671 1686 1677 1670 1674 1669 1666
830.892029 1673 1675 1690 1687 1692 1682 1656 1672 1669
830.913025 1669 1667 1678 1687 1691 1671 1668 1670 1666
830.932983 1657 1667 1677 1689 1683 1689 1666 1670 1667
830.953979 1664 1670 1676 1687 1681 1676 1664 1669 1667
830.973999 1668 1672 1674 1677 1690 1673 1678 1667 1664
830.994019 1658 1664 1671 1678 1681 1674 1668 1665 1664
831.015015 1658 1662 1671 1672 1686 1673 1669 1669 1666
831.034973 1658 1669 1674 1684 1681 1686 1678 1664 1659
831.054993 1660 1666 1672 1681 1679 1679 1659 1667 1674
831.075989 1669 1662 1673 1680 1674 1675 1666 1667 1665
831.096008 1668 1676 1686 1672 1673 1666 1669 1672 1659
831.117004 1658 1660 1673 1673 1674 1677 1673 1670 1663
831.137024 1655 1671 1670 1674 1674 1677 1663 1662 1660
831.156982 1662 1660 1668 1683 1680 1666 1671 1671 1659
831.177979 1671 1671 1667 1674 1677 1671 1664 1661 1672
831.197998 1664 1664 1674 1675 1674 1674 1668 1669 1669
831.218994 1663 1660 1656 1676 1669 1666 1661 1666 1661
831.239014 1664 1683 1672 1665 1672 1677 1662 1664 1667
831.258972 1651 1667 1675 1667 1668 1667 1665 1669 1663
831.280029 1663 1661 1668 1677 1669 1683 1661 1665 1654
831.299988 1668 1667 1673 1670 1677 1661 1662 1671 1658
831.320007 1657 1659 1675 1681 1685 1668 1673 1665 1660
831.341003 1662 1660 1683 1673 1685 1670 1666 1659 1660
831.361023 1658 1671 1668 1674 1672 1656 1666 1670 1663
831.382019 1667 1660 1681 1677 1681 1673 1678 1662 1657
831.401978 1657 1668 1661 1668 1677 1673 1674 1667 1666
831.421997 1666 1663 1678 1670 1678 1676 1670 1676 1667
831.442993 1666 1662 1679 1676 1670 1667 1660 1670 1656
831.463013 1664 1672 1666 1673 1669 1685 1665 1666 1661
831.482971 1673 1665 1671 1671 1682 1676 1667 1664 1662
831.504028 1663 1666 1669 1680 1680 1678 1666 1668 1655
831.523987 1663 1663 1672 1682 1678 1672 1681 1672 1663
831.544983 1666 1670 1672 1685 1676 1673 1671 1675 1668
831.565002 1658 1670 1678 1683 1668 1670 1665 1664 1672
831.585022 1662 1671 1678 1682 1686 1678 1672 1670 1670
831.606018 1665 1667 1675 1684 1690 1673 1666 1652 1661
831.625977 1667 1676 1674 1683 1673 1677 1674 1670 1663
831.645996 1664 1662 1671 1682 1676 1674 1675 1662 1674
831.666992 1671 1668 1676 1673 1678 1667 1664 1666 1663
831.687012 1659 1664 1676 1681 1679 1673 1667 1666 1662
831.708008 1658 1661 1669 1680 1693 1674 1670 1672 1665
831.728027 1665 1670 1678 1678 1679 1670 1676 1658 1666
831.747986 1671 1671 1674 1683 1683 1677 1671 1664 1653
831.768982 1661 1672 1670 1675 1690 1677 1674 1669 1665
831.789001 1669 1673 1674 1684 1683 1677 1681 1670 1675
831.809021 1673 1661 1674 1684 1672 1673 1668 1675 1669
831.830017 1661 1678 1668 1687 1690 1680 1668 1669 1665
831.849976 1674 1677 1679 1680 1686 1675 1669 1674 1679
831.869995 1668 1675 1670 1680 1676 1674 1664 1667 1665
831.890991 1676 1675 1680 1689 1681 1669 1678 1684 1676
831.911011 1677 1669 1691 1689 1685 1675 1678 1661 1671
831.932007 1671 1679 1685 1677 1689 1676 1681 1673 1668
831.952026 1663 1665 1687 1690 1691 1673 1676 1665 1673
831.971985 1662 1675 1686 1692 1683 1679 1674 1673 1678
831.992981 1674 1679 1689 1682 1692 1684 1684 1670 1669
832.013 1679 1677 1690 1688 1689 1680 1680 1681 1684
832.03302 1674 1676 1683 1681 1686 1684 1684 1672 1670
832.054016 1676 1670 1679 1688 1687 1680 1684 1674 1666
832.073975 1679 1679 1691 1692 1691 1689 1680 1671 1674
832.093994 1670 1686 1682 1688 1687 1696 1676 1683 1684
832.11499 1675 1676 1687 1693 1690 1691 1682 1674 1682
832.13501 1675 1679 1687 1690 1692 1690 1686 1676 1684
832.155029 1673 1680 1692 1688 1689 1684 1681 1673 1676
832.176025 1687 1679 1685 1691 1689 1685 1680 1682 1672
832.195984 1674 1680 1673 1684 1687 1684 1674 1672 1679
832.216003 1675 1681 1687 1692 1692 1691 1682 1676 1676
832.237 1671 1671 1678 1691 1698 1695 1695 1680 1675
832.257019 1685 1681 1685 1685 1691 1675 1680 1681 1681
832.278015 1678 1672 1693 1699 1688 1690 1680 1678 1675
832.297974 1673 1697 1694 1688 1693 1694 1688 1686 1667
832.317993 1684 1688 1687 1686 1697 1690 1686 1688 1679
832.338989 1679 1687 1682 1687 1694 1696 1676 1679 1681
832.359009 1687 1683 1685 1693 1704 1685 1683 1673 1674
832.379028 1679 1686 1690 1694 1688 1694 1677 1687 1677
832.400024 1695 1671 1675 1703 1698 1681 1687 1675 1684
832.419983 1679 1681 1692 1695 1692 1692 1693 1683 1676
832.440002 1674 1687 1692 1690 1683 1679 1682 1669 1682
832.460999 1679 1688 1688 1696 1696 1684 1679 1683 1682
832.481018 1681 1686 1685 1700 1687 1681 1684 1684 1689
832.500977 1679 1682 1698 1706 1690 1686 1687 1686 1680
832.521973 1680 1682 1689 1687 1697 1697 1677 1687 1690
832.541992 1683 1687 1688 1686 1700 1694 1697 1684 1683
832.562012 1672 1685 1694 1687 1691 1688 1688 1687 1688
832.583008 1694 1686 1684 1694 1695 1680 1685 1682 1698
832.603027 1680 1682 1691 1693 1701 1690 1688 1683 1687
832.622986 1688 1687 1702 1690 1690 1686 1680 1688 1686
832.643982 1676 1681 1683 1695 1695 1688 1679 1679 1679
832.664001 1671 1680 1685 1692 1688 1693 1676 1684 1679
832.684021 1670 1683 1688 1687 1695 1687 1681 1676 1677
832.705017 1671 1684 1680 1698 1685 1689 1692 1675 1690
832.724976 1664 1676 1693 1695 1709 1691 1690 1683 1684
832.744995 1676 1681 1682 1683 1687 1680 1682 1679 1679
832.765991 1670 1685 1691 1687 1692 1686 1680 1677 1679
832.786011 1679 1683 1689 1696 1696 1686 1678 1665 1663
832.80603 1670 1683 1687 1691 1687 1676 1685 1680 1673
832.827026 1668 1670 1684 1690 1693 1684 1675 1673 1672
832.846985 1681 1689 1685 1682 1677 1684 1673 1673 1685
832.867004 1674 1674 1682 1692 1681 1676 1684 1675 1673
832.888 1680 1679 1678 1692 1691 1695 1682 1679 1669
832.90802 1678 1691 1685 1686 1695 1687 1686 1673 1669
832.927979 1675 1673 1683 1690 1692 1694 1684 1668 1676
832.948975 1678 1682 1688 1694 1677 1680 1681 1674 1675
832.968994 1681 1684 1681 1694 1692 1686 1685 1683 1674
832.989014 1662 1680 1688 1693 1684 1677 1666 1677 1671
833.01001 1672 1673 1677 1693 1695 1686 1673 1673 1676
833.030029 1668 1683 1693 1696 1688 1676 1678 1676 1672
833.049988 1664 1681 1685 1679 1681 1681 1673 1678 1669
833.070984 1664 1677 1679 1689 1693 1671 1671 1667 1672
833.091003 1674 1675 1672 1686 1678 1684 1677 1674 1668
833.111023 1668 1669 1674 1682 1677 1668 1672 1671 1675
833.132019 1665 1676 1674 1687 1678 1678 1681 1674 1677
833.151978 1672 1671 1687 1687 1693 1681 1676 1666 1669
833.171997 1681 1675 1683 1687 1680 1683 1673 1674 1666
833.192993 1666 1667 1679 1689 1683 1675 1681 1670 1673
833.213013 1669 1676 1675 1686 1683 1671 1670 1665 1665
833.232971 1671 1671 1673 1678 1670 1673 1672 1669 1656
833.254028 1666 1674 1674 1687 1673 1680 1669 1664 1663
833.273987 1673 1669 1671 1689 1685 1678 1670 1673 1665
833.294006 1665 1671 1667 1676 1689 1681 1666 1665 1684
833.315002 1668 1672 1673 1684 1689 1675 1674 1665 1662
833.335022 1662 1658 1670 1685 1680 1675 1663 1673 1674
833.35498 1665 1667 1676 1677 1683 1666 1666 1669 1667
833.375977 1662 1674 1680 1680 1680 1674 1676 1665 1676
833.395996 1668 1665 1679 1684 1687 1687 1671 1673 1664
833.416016 1665 1664 1670 1685 1684 1674 1675 1669 1671
833.437012 1667 1668 1674 1685 1674 1681 1672 1673 1670
833.45697 1661 1669 1678 1683 1692 1671 1668 1670 1667
833.47699 1672 1672 1680 1672 1679 1679 1666 1663 1668
833.497009 1668 1667 1666 1674 1672 1678 1668 1670 1662
833.518005 1664 1670 1678 1674 1689 1671 1672 1667 1665
833.538025 1657 1675 1676 1669 1675 1681 1656 1671 1649
833.557983 1669 1664 1676 1681 1682 1666 1669 1670 1664
833.578979 1666 1663 1670 1672 1683 1678 1666 1671 1663
833.598999 1659 1674 1674 1670 1679 1679 1668 1667 1675
833.619019 1662 1660 1680 1680 1682 1670 1668 1666 1668
833.640015 1661 1653 1682 1675 1674 1672 1665 1671 1666
833.659973 1652 1673 1676 1681 1687 1679 1666 1667 1669
833.679993 1670 1679 1673 1676 1678 1679 1663 1669 1670
833.700989 1669 1672 1669 1674 1684 1685 1671 1672 1661
833.721008 1672 1672 1671 1679 1685 1674 1671 1673 1671
833.741028 1667 1669 1673 1677 1675 1679 1684 1669 1673
833.762024 1670 1665 1683 1682 1683 1676 1673 1661 1668
833.781982 1671 1679 1670 1687 1683 1672 1675 1663 1674
833.802002 1666 1670 1672 1681 1682 1674 1671 1673 1667
833.822021 1665 1663 1680 1677 1692 1677 1672 1672 1661
833.843018 1668 1674 1675 1681 1681 1678 1666 1655 1666
833.862976 1662 1671 1680 1675 1692 1670 1665 1664 1670
833.882996 1673 1669 1678 1683 1677 1674 1670 1668 1670
833.903992 1666 1678 1668 1682 1680 1669 1670 1668 1667
833.924011 1670 1671 1677 1683 1672 1686 1672 1669 1664
833.94397 1670 1667 1677 1670 1676 1681 1671 1665 1667
833.965027 1657 1673 1678 1685 1691 1673 1668 1667 1667
833.984985 1658 1673 1682 1679 1689 1666 1668 1666 1658
834.005005 1665 1664 1665 1676 1683 1675 1668 1668 1667
834.026001 1663 1658 1680 1667 1668 1681 1671 1667 1672
834.046021 1668 1664 1672 1682 1681 1675 1664 1673 1675
834.065979 1662 1661 1669 1681 1684 1674 1666 1670 1666
834.085999 1664 1670 1674 1693 1681 1681 1658 1661 1668
834.106995 1674 1652 1679 1664 1675 1684 1680 1673 1660
834.127014 1666 1670 1668 1676 1678 1663 1675 1668 1668
834.146973 1663 1675 1671 1682 1680 1674 1672 1666 1669
834.16803 1662 1664 1671 1687 1693 1678 1661 1667 1672
834.187988 1666 1671 1671 1679 1687 1673 1676 1670 1654
834.208008 1671 1668 1676 1686 1685 1673 1668 1676 1669
834.228027 1659 1678 1681 1669 1673 1671 1674 1665 1672
834.249023 1660 1679 1674 1675 1680 1675 1676 1668 1671
834.268982 1667 1666 1674 1681 1677 1684 1670 1673 1655
834.289001 1672 1677 1687 1685 1677 1676 1675 1666 1674
834.309998 1663 1670 1667 1675 1674 1677 1677 1667 1671
834.330017 1677 1667 1675 1679 1675 1677 1669 1668 1662
834.349976 1668 1666 1677 1672 1682 1677 1662 1668 1667
834.369995 1664 1680 1687 1673 1674 1675 1668 1668 1666
834.390991 1673 1666 1676 1681 1680 1674 1681 1673 1675
834.411011 1663 1684 1678 1691 1684 1677 1676 1671 1662
834.43103 1666 1680 1671 1688 1672 1674 1661 1674 1665
834.452026 1666 1663 1688 1671 1680 1683 1667 1658 1668
834.471985 1672 1674 1685 1678 1677 1678 1667 1676 1671
834.492004 1664 1671 1678 1680 1683 1677 1670 1668 1668
834.513 1669 1681 1679 1680 1687 1682 1682 1665 1670
834.53302 1671 1669 1669 1680 1684 1678 1672 1671 1671
834.552979 1655 1672 1668 1678 1678 1685 1672 1669 1672
834.572998 1675 1675 1680 1679 1690 1679 1667 1669 1668
834.593994 1669 1671 1680 1674 1684 1670 1668 1666 1672
834.614014 1679 1678 1691 1685 1684 1679 1670 1665 1668
834.633972 1669 1668 1687 1687 1688 1672 1667 1672 1676
834.653992 1667 1671 1676 1681 1677 1691 1669 1676 1667
834.674988 1671 1671 1684 1678 1679 1673 1676 1669 1681
834.695007 1673 1690 1681 1694 1690 1685 1683 1673 1675
834.715027 1675 1671 1685 1682 1686 1687 1692 1678 1680
834.736023 1676 1674 1686 1681 1681 1683 1674 1676 1670
834.755981 1670 1678 1682 1689 1688 1682 1674 1673 1677
834.776001 1673 1675 1684 1690 1691 1676 1686 1670 1672
834.796021 1667 1680 1683 1685 1683 1684 1677 1673 1668
834.817017 1678 1678 1667 1689 1700 1684 1676 1671 1674
834.836975 1673 1680 1691 1675 1697 1688 1681 1678 1682
834.856995 1674 1691 1673 1690 1683 1681 1685 1678 1681
834.877991 1676 1691 1686 1687 1682 1688 1685 1680 1678
834.89801 1676 1687 1687 1691 1690 1676 1680 1685 1677
834.91803 1673 1684 1693 1685 1686 1691 1693 1678 1679
834.937988 1680 1671 1690 1694 1689 1683 1688 1674 1677
834.958984 1683 1686 1683 1686 1674 1693 1688 1674 1674
834.979004 1668 1688 1694 1681 1690 1686 1685 1679 1674
834.999023 1678 1682 1692 1692 1690 1687 1677 1680 1668
835.018982 1674 1675 1679 1687 1689 1687 1684 1673 1672
835.039978 1687 1681 1696 1704 1690 1688 1690 1680 1676
835.059998 1681 1699 1689 1696 1693 1685 1683 1681 1675
835.080017 1674 1671 1682 1696 1692 1684 1675 1674 1682
835.101013 1686 1687 1690 1683 1683 1686 1675 1685 1678
835.120972 1672 1680 1687 1695 1691 1686 1679 1675 1689
835.140991 1679 1681 1692 1693 1693 1684 1685 1683 1671
835.161011 1682 1676 1685 1687 1698 1698 1687 1677 1679
835.182007 1677 1666 1694 1690 1686 1694 1690 1679 1676
835.202026 1672 1689 1687 1681 1692 1684 1691 1682 1673
835.221985 1686 1679 1684 1694 1683 1691 1687 1668 1681
835.242004 1679 1679 1692 1693 1688 1694 1674 1679 1692
835.263 1682 1678 1688 1689 1692 1685 1671 1671 1673
835.28302 1686 1674 1690 1687 1697 1684 1684 1686 1689
835.302979 1679 1674 1690 1690 1695 1682 1680 1674 1676
835.322998 1668 1672 1683 1693 1694 1692 1684 1673 1672
835.343994 1679 1694 1678 1698 1689 1683 1689 1670 1662
835.364014 1674 1684 1680 1694 1687 1680 1676 1670 1673
835.383972 1680 1689 1701 1698 1677 1676 1684 1671 1679
835.403992 1671 1673 1678 1697 1682 1676 1676 1684 1682
835.424988 1683 1671 1693 1678 1676 1683 1678 1682 1674
835.445007 1670 1683 1680 1689 1679 1680 1682 1668 1675
835.465027 1674 1685 1683 1688 1696 1686 1681 1666 1678
835.486023 1674 1669 1675 1694 1690 1683 1675 1682 1677
835.505981 1672 1679 1690 1677 1698 1679 1673 1680 1678
835.526001 1682 1666 1679 1694 1680 1691 1673 1671 1674
835.546021 1670 1683 1683 1686 1698 1676 1677 1672 1682
835.567017 1673 1680 1684 1688 1674 1679 1666 1666 1677
835.586975 1675 1680 1685 1686 1683 1686 1685 1674 1675
835.606995 1670 1671 1684 1687 1692 1684 1675 1672 1680
835.627014 1678 1677 1676 1691 1684 1691 1684 1677 1674
835.64801 1675 1680 1689 1684 1685 1684 1684 1681 1676
835.66803 1675 1668 1675 1680 1675 1677 1683 1685 1673
835.687988 1669 1678 1688 1684 1683 1689 1681 1671 1680
835.708008 1675 1679 1680 1686 1693 1675 1668 1677 1672
835.729004 1675 1682 1676 1688 1692 1681 1676 1671 1677
835.749023 1677 1678 1681 1684 1693 1670 1682 1685 1672
835.768982 1676 1689 1680 1692 1695 1678 1686 1669 1674
835.789001 1678 1669 1688 1690 1688 1695 1679 1674 1679
835.809998 1674 1677 1687 1690 1686 1684 1680 1676 1679
835.830017 1673 1687 1700 1686 1693 1692 1687 1685 1680
835.849976 1673 1680 1689 1695 1681 1684 1685 1677 1672
835.869995 1668 1681 1687 1705 1687 1685 1681 1680 1674
835.890991 1667 1688 1685 1692 1686 1691 1685 1665 1680
835.911011 1682 1685 1684 1693 1685 1682 1682 1672 1676
835.93103 1674 1694 1688 1697 1688 1700 1681 1674 1677
835.950989 1683 1679 1686 1690 1692 1684 1686 1683 1680
835.971985 1681 1686 1693 1692 1701 1681 1688 1691 1672
835.992004 1676 1678 1692 1698 1691 1684 1683 1674 1679
836.012024 1673 1685 1681 1698 1702 1699 1675 1676 1674
836.031982 1676 1685 1691 1693 1686 1694 1683 1683 1683
836.052002 1687 1691 1691 1692 1685 1704 1687 1681 1672
836.072998 1686 1691 1698 1694 1695 1698 1690 1686 1681
836.093018 1679 1687 1685 1703 1695 1684 1674 1680 1684
836.112976 1681 1686 1678 1690 1697 1683 1690 1673 1678
836.132996 1685 1686 1697 1692 1696 1700 1698 1687 1677
836.153992 1681 1682 1693 1691 1700 1683 1685 1689 1677
836.174011 1674 1687 1702 1688 1691 1693 1686 1677 1665
836.19397 1676 1681 1685 1702 1690 1688 1682 1675 1685
836.213989 1673 1682 1674 1695 1680 1686 1682 1677 1676
836.234985 1684 1680 1681 1686 1703 1695 1683 1686 1671
836.255005 1676 1689 1685 1697 1688 1683 1677 1677 1679
836.275024 1679 1681 1679 1691 1687 1679 1671 1683 1679
836.294983 1682 1679 1679 1678 1700 1686 1682 1682 1679
836.315979 1675 1674 1688 1693 1686 1687 1678 1677 1674
836.335999 1667 1680 1686 1691 1679 1681 1679 1676 1682
836.356018 1677 1681 1691 1694 1686 1690 1673 1678 1676
836.375977 1671 1684 1694 1687 1701 1684 1681 1673 1676
836.395996 1687 1670 1686 1678 1680 1687 1677 1682 1681
836.416992 1678 1685 1685 1695 1682 1684 1688 1672 1681
836.437012 1663 1673 1688 1686 1689 1683 1690 1680 1682
836.45697 1674 1681 1677 1687 1683 1694 1679 1678 1686
836.47699 1672 1681 1679 1687 1684 1689 1674 1679 1678
836.497986 1680 1685 1693 1691 1682 1688 1679 1681 1686
836.518005 1674 1677 1691 1697 1685 1674 1681 1680 1689
836.538025 1680 1674 1691 1683 1698 1699 1686 1678 1677
836.557983 1668 1687 1685 1687 1689 1677 1682 1679 1677
836.578979 1673 1678 1683 1690 1690 1688 1688 1676 1685
836.598999 1669 1674 1696 1694 1692 1685 1681 1681 1673
836.619019 1679 1686 1681 1688 1687 1688 1677 1682 1680
836.638977 1674 1678 1688 1697 1696 1681 1687 1675 1685
836.658997 1670 1679 1687 1682 1695 1681 1682 1677 1686
836.679993 1678 1679 1688 1688 1691 1683 1678 1687 1690
836.700012 1690 1682 1685 1689 1679 1681 1683 1683 1686
836.719971 1677 1678 1681 1684 1688 1674 1691 1667 1673
836.73999 1677 1683 1693 1686 1691 1691 1681 1679 1683
836.760986 1673 1678 1674 1690 1690 1685 1676 1676 1683
836.781006 1673 1689 1695 1679 1692 1675 1691 1680 1671
836.801025 1680 1682 1679 1694 1693 1682 1676 1685 1682
836.820984 1688 1674 1684 1688 1683 1675 1675 1681 1679
836.841003 1672 1685 1686 1689 1692 1693 1676 1669 1690
836.862 1679 1692 1683 1687 1680 1683 1677 1681 1688
836.882019 1677 1673 1687 1683 1690 1692 1682 1676 1686
836.901978 1667 1678 1687 1687 1677 1688 1682 1674 1693
836.921997 1673 1679 1684 1697 1693 1682 1683 1684 1681
836.942993 1689 1680 1686 1695 1692 1686 1686 1694 1685
836.963013 1673 1691 1691 1690 1686 1695 1684 1693 1674
836.982971 1675 1679 1689 1690 1704 1687 1689 1686 1678
837.002991 1682 1679 1696 1702 1707 1682 1688 1682 1689
837.02301 1683 1692 1699 1697 1693 1691 1686 1681 1682
837.044006 1678 1688 1688 1691 1699 1688 1687 1689 1683
837.064026 1695 1687 1697 1699 1692 1694 1688 1683 1683
837.083984 1680 1684 1696 1700 1705 1697 1684 1687 1682
837.104004 1691 1696 1699 1693 1703 1700 1691 1690 1692
837.124023 1680 1689 1708 1703 1685 1691 1701 1680 1691
837.14502 1685 1704 1691 1697 1704 1696 1692 1689 1688
837.164978 1683 1686 1694 1693 1705 1707 1690 1691 1692
837.184998 1694 1696 1705 1701 1699 1699 1691 1695 1699
837.205017 1697 1694 1699 1705 1708 1690 1694 1685 1687
837.224976 1687 1697 1698 1701 1695 1705 1693 1690 1687
837.245972 1696 1689 1694 1695 1708 1695 1695 1686 1691
837.265991 1698 1694 1693 1696 1695 1704 1684 1687 1683
837.286011 1683 1704 1700 1697 1694 1701 1687 1690 1697
837.30603 1692 1695 1689 1686 1708 1687 1694 1689 1684
837.325989 1682 1682 1697 1699 1696 1689 1700 1692 1695
837.346985 1687 1684 1692 1710 1693 1702 1701 1686 1690
837.367004 1680 1701 1691 1707 1690 1687 1683 1692 1685
837.387024 1676 1680 1692 1697 1692 1701 1681 1691 1677
837.406982 1687 1690 1696 1706 1704 1687 1692 1691 1697
837.427002 1694 1687 1704 1702 1696 1688 1692 1694 1681
837.447998 1683 1690 1695 1700 1699 1695 1687 1692 1687
837.468018 1692 1696 1709 1703 1694 1693 1689 1695 1698
837.487976 1682 1689 1690 1699 1692 1691 1689 1698 1693
837.507996 1684 1689 1701 1681 1701 1691 1706 1693 1689
837.528992 1689 1688 1702 1696 1699 1687 1681 1695 1692
837.549011 1694 1684 1687 1703 1705 1692 1693 1697 1682
837.56897 1693 1686 1699 1701 1704 1689 1703 1694 1690
837.588989 1693 1692 1709 1711 1702 1690 1689 1689 1692
837.609009 1697 1699 1689 1700 1702 1691 1698 1695 1690
837.629028 1687 1706 1706 1692 1696 1690 1691 1690 1692
837.650024 1706 1702 1698 1692 1705 1703 1696 1689 1698
837.669983 1700 1682 1697 1704 1702 1687 1706 1702 1704
837.690002 1678 1693 1695 1705 1711 1700 1701 1692 1699
837.710022 1686 1704 1701 1701 1713 1700 1697 1701 1694
837.72998 1698 1703 1702 1706 1693 1701 1696 1702 1707
837.750977 1699 1694 1699 1714 1718 1700 1695 1699 1695
837.770996 1705 1695 1708 1698 1710 1704 1699 1699 1698
837.791016 1696 1713 1714 1710 1710 1701 1703 1708 1705
837.810974 1703 1708 1709 1720 1704 1705 1708 1709 1700
837.830994 1710 1715 1711 1722 1708 1703 1707 1702 1697
837.85199 1705 1700 1706 1710 1716 1710 1705 1702 1700
837.872009 1704 1697 1703 1713 1706 1705 1712 1705 1702
837.892029 1698 1704 1708 1709 1700 1694 1702 1709 1697
837.911987 1716 1714 1706 1711 1711 1709 1695 1711 1711
837.932007 1707 1713 1709 1722 1717 1715 1706 1710 1703
837.953003 1704 1708 1696 1714 1716 1706 1708 1724 1711
837.973022 1712 1701 1722 1709 1719 1709 1712 1711 1707
837.992981 1720 1698 1705 1717 1713 1708 1707 1702 1705
838.013 1712 1704 1710 1712 1715 1704 1708 1715 1696
838.03302 1704 1704 1708 1714 1717 1710 1710 1721 1703
838.052979 1708 1709 1714 1718 1719 1716 1718 1731 1720
838.073975 1708 1710 1712 1696 1709 1709 1725 1724 1706
838.093994 1716 1718 1714 1716 1704 1714 1704 1723 1723
838.114014 1720 1717 1709 1723 1721 1719 1724 1717 1711
838.133972 1701 1716 1717 1718 1705 1707 1706 1714 1727
838.153992 1719 1723 1713 1709 1716 1714 1712 1715 1724
838.174011 1705 1728 1726 1718 1715 1716 1728 1726 1708
838.195007 1716 1720 1717 1712 1715 1725 1716 1726 1721
838.215027 1729 1725 1723 1727 1731 1716 1724 1718 1742
838.234985 1726 1734 1720 1717 1723 1719 1724 1711 1714
838.255005 1732 1738 1728 1726 1728 1719 1729 1729 1724
838.275024 1731 1725 1731 1726 1715 1719 1717 1734 1724
838.296021 1743 1738 1718 1722 1727 1734 1710 1729 1725
838.315979 1726 1730 1732 1712 1726 1717 1728 1722 1734
838.335999 1742 1722 1730 1716 1719 1728 1734 1739 1719
838.356018 1717 1736 1722 1715 1726 1732 1729 1723 1733
838.375977 1741 1747 1726 1730 1725 1734 1741 1736 1733
838.395996 1736 1725 1734 1720 1729 1720 1735 1730 1741
838.416992 1740 1732 1717 1730 1723 1731 1723 1742 1736
838.437012 1742 1729 1741 1730 1715 1722 1753 1739 1735
838.45697 1745 1726 1732 1738 1734 1730 1727 1733 1735
838.47699 1745 1747 1744 1739 1738 1725 1740 1749 1735
838.497009 1744 1744 1731 1728 1734 1733 1747 1756 1752
838.517029 1736 1746 1738 1729 1734 1729 1748 1747 1739
838.538025 1750 1743 1748 1735 1733 1739 1745 1750 1743
838.557983 1746 1754 1740 1733 1742 1731 1747 1744 1744
838.578003 1752 1748 1740 1731 1740 1735 1738 1742 1747
838.598022 1754 1758 1742 1724 1735 1733 1752 1754 1766
838.617981 1761 1759 1741 1735 1737 1744 1742 1761 1766
838.638 1760 1743 1762 1752 1730 1737 1751 1750 1763
838.658997 1764 1754 1751 1739 1730 1734 1751 1767 1759
838.679016 1760 1759 1744 1741 1726 1734 1742 1765 1760
838.698975 1765 1768 1748 1740 1741 1741 1741 1770 1760
838.718994 1769 1763 1748 1743 1734 1743 1759 1761 1763
838.739014 1764 1765 1753 1743 1732 1748 1747 1763 1779
838.758972 1787 1764 1752 1753 1739 1765 1762 1773 1772
838.780029 1784 1762 1758 1730 1733 1749 1748 1773 1779
838.799988 1783 1777 1774 1733 1744 1762 1754 1767 1795
838.820007 1788 1770 1761 1735 1753 1766 1762 1779 1786
838.840027 1774 1778 1758 1741 1730 1761 1760 1778 1781
838.859985 1785 1764 1759 1742 1746 1755 1764 1785 1795
838.880005 1802 1782 1765 1764 1752 1752 1774 1780 1791
838.901001 1784 1773 1767 1742 1748 1752 1775 1797 1790
838.921021 1795 1787 1774 1760 1757 1756 1778 1783 1801
838.940979 1795 1790 1761 1766 1754 1762 1783 1796 1799
838.960999 1793 1796 1772 1772 1749 1761 1773 1787 1793
838.981018 1792 1787 1766 1753 1757 1770 1783 1801 1810
839.000977 1811 1800 1775 1772 1754 1764 1791 1802 1801
839.020996 1803 1798 1783 1762 1759 1764 1787 1809 1821
839.041992 1807 1803 1778 1758 1762 1766 1785 1801 1820
839.062012 1815 1789 1789 1761 1755 1777 1797 1804 1811
839.08197 1822 1802 1787 1773 1760 1786 1789 1807 1818
839.10199 1831 1814 1796 1775 1769 1772 1797 1803 1821
839.122009 1819 1808 1783 1763 1771 1772 1802 1807 1811
839.142029 1807 1821 1789 1780 1764 1776 1811 1808 1820
839.161987 1825 1808 1794 1781 1784 1773 1817 1817 1819
839.182983 1802 1809 1804 1792 1781 1780 1806 1808 1815
839.203003 1829 1811 1803 1771 1773 1776 1795 1819 1828
839.223022 1830 1826 1799 1795 1776 1785 1817 1828 1830
839.242981 1835 1819 1814 1800 1777 1801 1808 1825 1821
839.263 1846 1828 1802 1779 1783 1780 1811 1837 1822
839.28302 1838 1839 1816 1795 1786 1803 1813 1838 1841
839.304016 1844 1838 1818 1794 1784 1801 1812 1833 1840
839.323975 1843 1836 1823 1786 1787 1802 1810 1847 1845
839.343994 1836 1833 1817 1790 1786 1794 1828 1849 1840
839.364014 1835 1832 1828 1801 1782 1806 1815 1834 1847
839.383972 1856 1843 1824 1793 1805 1804 1814 1839 1850
839.403992 1848 1846 1817 1796 1797 1807 1827 1845 1849
839.424011 1847 1850 1804 1806 1806 1797 1826 1853 1861
839.445007 1859 1845 1809 1795 1809 1806 1828 1860 1852
839.465027 1862 1849 1831 1801 1796 1809 1832 1850 1862
839.484985 1868 1842 1825 1805 1792 1809 1830 1874 1849
839.505005 1867 1854 1827 1813 1797 1809 1833 1852 1853
839.525024 1858 1847 1831 1803 1807 1815 1827 1854 1863
839.544983 1881 1843 1835 1805 1800 1809 1854 1852 1854
839.565002 1872 1859 1833 1817 1787 1818 1839 1871 1855
839.585999 1881 1864 1829 1824 1799 1817 1859 1876 1883
839.606018 1867 1870 1849 1812 1808 1816 1848 1879 1871
839.625977 1889 1882 1844 1815 1810 1827 1853 1896 1877
839.645996 1875 1870 1845 1839 1823 1827 1854 1885 1888
839.666016 1892 1869 1855 1822 1819 1827 1856 1889 1893
839.685974 1898 1894 1855 1837 1828 1823 1851 1871 1895
839.705994 1893 1880 1854 1823 1816 1830 1871 1899 1900
839.726013 1901 1875 1853 1819 1829 1848 1876 1897 1901
839.747009 1903 1886 1853 1836 1821 1835 1862 1913 1909
839.767029 1893 1880 1856 1842 1818 1835 1871 1881 1898
839.786987 1904 1891 1861 1831 1830 1833 1872 1900 1903
839.807007 1922 1906 1877 1824 1823 1839 1877 1907 1901
839.827026 1917 1896 1872 1839 1835 1841 1884 1912 1912
839.846985 1915 1893 1860 1846 1827 1846 1876 1915 1928
839.867004 1925 1907 1866 1841 1831 1855 1876 1920 1922
839.887024 1912 1909 1880 1841 1843 1852 1897 1922 1930
839.90802 1931 1918 1873 1856 1828 1864 1897 1936 1933
839.927979 1944 1925 1884 1845 1840 1851 1903 1935 1941
839.947998 1964 1926 1877 1867 1841 1865 1906 1933 1943
839.968018 1951 1941 1903 1866 1860 1871 1896 1943 1953
839.987976 1963 1936 1875 1867 1862 1875 1926 1960 1977
840.007996 1970 1939 1901 1860 1846 1901 1916 1967 1968
840.028015 1980 1951 1907 1853 1883 1876 1929 1972 1982
840.047974 1976 1949 1919 1878 1873 1893 1945 1987 1979
840.06897 2018 1967 1922 1889 1863 1907 1955 1993 1981
840.088989 2001 1971 1924 1878 1883 1911 1961 1997 1993
840.109009 1999 2006 1920 1897 1879 1910 1952 1998 1986
840.129028 2022 1982 1914 1895 1869 1906 1968 1996 2004
840.148987 2029 1995 1943 1900 1877 1937 1974 1995 2006
840.169006 2016 1997 1947 1873 1883 1912 1977 1995 2035
840.189026 2021 2010 1952 1888 1890 1927 1978 2021 2029
840.208984 2042 2008 1942 1905 1888 1935 1981 2004 2037
840.22998 2042 2008 1956 1911 1889 1923 1982 2028 2021
840.25 2041 2000 1946 1899 1883 1933 1990 2036 2043
840.27002 2038 2006 1951 1906 1900 1929 1989 2026 2041
840.289978 2054 2007 1959 1893 1911 1938 1976 2043 2061
840.309998 2058 2016 1963 1897 1900 1941 1996 2053 2057
840.330017 2058 2027 1960 1912 1896 1937 2002 2057 2060
840.349976 2068 2032 1962 1929 1886 1929 2008 2041 2069
840.369995 2052 2025 1969 1911 1917 1951 1998 2052 2068
840.390015 2067 2033 1959 1925 1903 1962 2010 2071 2088
840.411011 2080 2030 1980 1930 1916 1947 2000 2095 2082
840.43103 2065 2043 1967 1919 1913 1947 2011 2073 2063
840.450989 2086 2059 1977 1920 1919 1951 2007 2093 2080
840.471008 2076 2057 1979 1929 1898 1953 2028 2075 2102
840.491028 2097 2044 1979 1924 1912 1950 2021 2091 2091
840.510986 2106 2046 1992 1928 1903 1953 2012 2092 2082
840.531006 2096 2061 1975 1915 1902 1951 2006 2076 2106
840.551025 2099 2047 1997 1933 1913 1954 2027 2086 2111
840.570984 2114 2047 1991 1931 1921 1955 2009 2090 2087
840.59198 2083 2056 1996 1914 1920 1947 2032 2095 2099
840.612 2106 2056 2004 1926 1909 1948 2023 2094 2100
840.632019 2107 2038 1983 1900 1911 1940 2027 2092 2105
840.651978 2093 2044 1986 1920 1910 1944 2013 2093 2099
840.671997 2099 2048 1961 1926 1905 1929 2021 2071 2094
840.692017 2055 2049 1967 1909 1881 1942 2027 2077 2097
840.711975 2088 2043 1959 1907 1885 1930 2009 2052 2077
840.731995 2085 2034 1958 1897 1880 1918 2004 2064 2060
840.752014 2045 2040 1935 1892 1868 1922 2001 2054 2076
840.771973 2063 2011 1946 1893 1885 1917 2007 2052 2063
840.79303 2038 2009 1946 1888 1870 1915 1983 2054 2048
840.812988 2036 2014 1932 1880 1881 1907 1980 2041 2047
840.833008 2041 1991 1932 1870 1871 1916 1993 2044 2037
840.853027 2042 1990 1928 1876 1869 1883 1971 2033 2027
840.872986 2036 1989 1918 1863 1860 1886 1957 2013 2038
840.893005 2013 1972 1913 1863 1830 1899 1974 2007 1997
840.913025 2021 1974 1907 1876 1857 1893 1944 2005 2015
840.932983 2001 1969 1908 1861 1848 1873 1946 2011 2004
840.953003 1992 1954 1897 1850 1835 1863 1933 1974 1987
840.973022 1976 1950 1890 1844 1839 1870 1928 1974 1998
840.994019 1990 1945 1893 1825 1832 1863 1915 1961 1972
841.013977 1951 1930 1867 1826 1819 1852 1915 1949 1957
841.033997 1962 1930 1863 1818 1820 1852 1916 1947 1945
841.054016 1942 1913 1856 1820 1814 1861 1895 1939 1947
841.073975 1926 1896 1842 1807 1815 1840 1878 1934 1935
841.093994 1935 1891 1841 1819 1806 1832 1865 1929 1924
841.114014 1901 1888 1837 1805 1806 1829 1858 1899 1909
841.133972 1886 1865 1829 1789 1788 1833 1848 1900 1912
841.153992 1883 1848 1818 1788 1779 1821 1854 1877 1895
841.174011 1866 1858 1829 1785 1779 1798 1841 1891 1891
841.19397 1873 1848 1805 1774 1782 1794 1842 1868 1871
841.215027 1871 1846 1807 1782 1768 1794 1824 1871 1871
841.234985 1854 1836 1813 1777 1764 1788 1830 1855 1879
841.255005 1850 1833 1798 1774 1772 1796 1825 1859 1850
841.275024 1855 1841 1793 1786 1761 1782 1822 1845 1853
841.294983 1836 1831 1797 1772 1767 1789 1825 1854 1850
841.315002 1842 1828 1801 1776 1777 1780 1795 1839 1840
841.335022 1840 1816 1784 1764 1766 1785 1808 1828 1838
841.35498 1834 1813 1784 1761 1761 1773 1799 1822 1839
841.375 1823 1813 1778 1770 1746 1771 1809 1826 1827
841.39502 1810 1800 1779 1755 1751 1749 1784 1825 1812
841.414978 1811 1801 1776 1752 1751 1768 1789 1809 1808
841.434998 1817 1797 1763 1766 1739 1755 1787 1794 1807
841.455994 1798 1797 1770 1762 1754 1747 1787 1817 1805
841.476013 1801 1783 1770 1764 1740 1757 1793 1808 1801
841.495972 1805 1800 1769 1756 1745 1755 1781 1791 1812
841.515991 1783 1780 1768 1752 1736 1756 1775 1786 1803
841.536011 1800 1779 1767 1746 1743 1750 1776 1786 1798
841.55603 1797 1786 1765 1752 1746 1765 1775 1788 1791
841.575989 1783 1781 1761 1755 1749 1747 1777 1789 1795
841.596008 1792 1787 1758 1746 1760 1743 1775 1789 1799
841.616028 1784 1786 1758 1744 1728 1746 1775 1780 1775
841.635986 1779 1776 1753 1735 1738 1750 1764 1769 1793
841.656006 1786 1765 1760 1740 1747 1746 1771 1782 1786
841.676025 1779 1769 1758 1748 1733 1735 1763 1772 1774
841.695984 1775 1777 1757 1745 1731 1753 1768 1778 1786
841.716003 1773 1775 1766 1747 1738 1746 1764 1766 1774
841.737 1775 1781 1749 1751 1740 1741 1757 1771 1782
841.757019 1775 1769 1762 1736 1745 1752 1773 1771 1771
841.776978 1775 1779 1743 1743 1732 1734 1751 1774 1775
841.796997 1764 1766 1749 1747 1737 1742 1757 1769 1779
841.817017 1773 1770 1745 1741 1727 1735 1741 1774 1760
841.836975 1748 1759 1744 1736 1736 1738 1763 1755 1761
841.856995 1766 1759 1744 1728 1725 1733 1742 1747 1765
841.877014 1755 1741 1738 1731 1719 1738 1752 1762 1737
841.896973 1751 1744 1747 1739 1730 1724 1747 1760 1756
841.916992 1761 1752 1743 1742 1729 1735 1748 1745 1758
841.937012 1755 1744 1760 1720 1727 1735 1747 1744 1760
841.95697 1762 1751 1745 1722 1733 1737 1743 1756 1762
841.97699 1753 1755 1741 1727 1725 1730 1751 1752 1767
841.997009 1753 1755 1744 1733 1742 1727 1739 1751 1768
842.018005 1750 1751 1744 1739 1726 1738 1746 1756 1756
842.038025 1750 1742 1737 1735 1730 1728 1738 1742 1750
842.057983 1752 1742 1736 1719 1724 1719 1750 1754 1739
842.078003 1745 1734 1724 1725 1721 1729 1732 1733 1745
842.098022 1747 1733 1728 1720 1723 1717 1739 1747 1743
842.117981 1735 1750 1735 1718 1723 1724 1738 1733 1731
842.138 1745 1740 1728 1713 1711 1725 1721 1732 1741
842.15802 1739 1733 1732 1728 1719 1724 1729 1742 1730
842.177979 1748 1743 1723 1710 1705 1716 1721 1732 1731
842.197998 1741 1731 1720 1706 1710 1722 1720 1727 1732
842.218018 1719 1737 1720 1715 1715 1715 1727 1728 1736
842.237976 1734 1730 1719 1718 1705 1719 1720 1733 1722
842.257996 1736 1726 1716 1720 1713 1722 1722 1730 1729
842.278015 1727 1728 1723 1718 1713 1719 1723 1727 1717
842.297974 1724 1718 1709 1716 1715 1728 1720 1719 1734
842.317993 1724 1722 1714 1724 1710 1714 1719 1730 1726
842.338013 1728 1724 1728 1705 1718 1712 1722 1719 1725
842.357971 1726 1725 1713 1711 1712 1718 1727 1725 1733
842.379028 1733 1733 1710 1712 1710 1722 1716 1723 1726
842.398987 1736 1723 1724 1705 1727 1722 1719 1720 1722
842.419006 1734 1724 1717 1698 1728 1715 1726 1711 1741
842.439026 1720 1727 1711 1717 1704 1712 1725 1725 1732
842.458984 1726 1713 1722 1706 1721 1708 1711 1729 1731
842.479004 1731 1713 1729 1714 1717 1707 1714 1724 1737
842.499023 1720 1722 1714 1711 1713 1713 1717 1721 1725
842.518982 1729 1732 1711 1727 1711 1706 1719 1715 1728
842.539001 1729 1722 1720 1718 1718 1718 1714 1719 1727
842.559021 1719 1718 1717 1716 1718 1708 1726 1720 1715
842.578979 1726 1711 1710 1704 1711 1712 1718 1719 1724
842.598999 1724 1718 1720 1711 1709 1704 1719 1714 1722
842.619019 1713 1720 1724 1709 1709 1709 1725 1726 1728
842.638977 1723 1732 1717 1721 1711 1719 1709 1735 1727
842.658997 1731 1731 1720 1712 1706 1722 1727 1719 1727
842.679016 1726 1723 1719 1718 1715 1721 1717 1725 1742
842.698975 1726 1721 1726 1703 1723 1716 1719 1719 1726
842.718994 1725 1723 1721 1706 1718 1719 1715 1718 1722
842.739014 1718 1725 1712 1720 1715 1720 1731 1725 1730
842.758972 1730 1725 1726 1707 1728 1716 1729 1725 1739
842.778992 1723 1719 1721 1714 1715 1732 1726 1727 1721
842.799011 1723 1728 1724 1732 1719 1705 1718 1734 1732
842.820007 1727 1726 1731 1731 1706 1715 1732 1728 1724
842.840027 1723 1732 1719 1720 1717 1722 1740 1714 1733
842.859985 1733 1735 1733 1723 1719 1717 1724 1724 1735
842.880005 1731 1734 1723 1725 1723 1723 1722 1727 1731
842.900024 1720 1710 1719 1731 1733 1719 1728 1725 1734
842.919983 1732 1725 1728 1719 1717 1714 1721 1735 1728
842.940002 1724 1723 1729 1724 1711 1722 1719 1736 1736
842.960022 1726 1738 1731 1724 1714 1730 1737 1739 1723
842.97998 1731 1723 1719 1716 1714 1723 1719 1723 1732
843 1725 1729 1720 1730 1722 1721 1721 1734 1727
843.02002 1717 1716 1711 1717 1703 1711 1720 1744 1730
843.039978 1720 1732 1721 1709 1719 1721 1730 1723 1727
843.059998 1720 1723 1720 1712 1717 1706 1719 1723 1725
843.080017 1724 1740 1716 1705 1722 1716 1719 1720 1706
843.099976 1720 1721 1721 1716 1730 1715 1723 1717 1732
843.119995 1722 1718 1723 1712 1714 1714 1720 1708 1722
843.140015 1728 1716 1720 1715 1715 1717 1707 1715 1729
843.159973 1720 1723 1723 1707 1713 1718 1706 1713 1717
843.179993 1722 1717 1709 1718 1720 1718 1727 1721 1732
843.200012 1710 1718 1726 1727 1712 1717 1719 1720 1728
843.219971 1718 1711 1714 1722 1717 1707 1714 1725 1718
843.23999 1719 1720 1729 1713 1705 1716 1720 1727 1722
843.26001 1720 1722 1720 1714 1711 1720 1722 1717 1715
843.280029 1721 1715 1722 1717 1732 1718 1721 1724 1723
843.299988 1718 1720 1713 1714 1715 1721 1716 1718 1723
843.320007 1715 1725 1727 1715 1724 1719 1715 1720 1722
843.340027 1720 1731 1717 1716 1719 1713 1716 1715 1715
843.359985 1714 1725 1731 1716 1717 1717 1720 1718 1734
843.380005 1718 1720 1718 1717 1709 1719 1720 1725 1713
843.400024 1726 1716 1726 1710 1711 1710 1710 1724 1728
843.419983 1715 1726 1722 1717 1705 1714 1713 1730 1719
843.440002 1720 1714 1720 1711 1708 1703 1719 1712 1717
843.460022 1717 1713 1729 1721 1713 1701 1706 1724 1708
843.47998 1725 1717 1712 1729 1713 1709 1715 1714 1721
843.5 1726 1728 1724 1715 1712 1717 1723 1719 1723
843.52002 1718 1714 1722 1725 1722 1714 1715 1723 1718
843.539978 1717 1717 1719 1709 1722 1713 1714 1724 1728
843.559998 1716 1709 1724 1724 1718 1713 1732 1718 1714
843.580994 1725 1724 1710 1709 1715 1718 1715 1718 1715
843.601013 1723 1720 1708 1717 1705 1718 1723 1725 1721
843.620972 1723 1722 1718 1721 1714 1716 1715 1714 1712
843.640991 1706 1714 1723 1713 1718 1720 1724 1719 1728
843.661011 1718 1729 1721 1717 1716 1711 1719 1707 1723
843.68103 1723 1718 1724 1720 1711 1703 1717 1722 1709
843.700989 1715 1698 1721 1704 1709 1717 1717 1722 1729
843.721008 1705 1723 1717 1713 1718 1707 1714 1709 1722
843.741028 1720 1717 1710 1713 1713 1709 1713 1717 1721
843.760986 1707 1723 1718 1717 1714 1724 1715 1709 1714
843.781006 1715 1723 1720 1710 1711 1713 1725 1711 1706
843.801025 1720 1719 1712 1711 1717 1707 1714 1719 1723
843.820984 1719 1709 1712 1716 1715 1706 1711 1719 1726
843.841003 1708 1724 1712 1713 1708 1721 1713 1722 1715
843.861023 1723 1716 1711 1721 1706 1707 1720 1722 1722
843.880981 1726 1719 1722 1710 1708 1705 1725 1718 1719
843.901001 1712 1719 1704 1721 1706 1707 1713 1719 1715
843.921021 1708 1715 1703 1708 1711 1720 1711 1713 1710
843.940979 1712 1704 1722 1709 1712 1702 1719 1712 1708
843.960999 1719 1716 1706 1714 1713 1714 1710 1709 1717
843.981018 1704 1717 1718 1709 1704 1708 1727 1720 1729
844.000977 1719 1709 1714 1714 1717 1719 1709 1718 1711
844.020996 1710 1712 1716 1715 1707 1707 1702 1708 1708
844.041016 1710 1713 1709 1707 1712 1706 1703 1713 1707
844.060974 1719 1724 1722 1706 1709 1707 1707 1715 1722
844.080994 1720 1719 1709 1710 1709 1714 1717 1717 1713
844.101013 1704 1704 1716 1708 1709 1708 1702 1710 1723
844.120972 1735 1720 1711 1713 1718 1705 1714 1716 1723
844.140991 1710 1715 1715 1720 1701 1703 1720 1724 1715
844.161011 1708 1725 1713 1715 1707 1703 1716 1719 1720
844.18103 1720 1719 1711 1718 1709 1718 1719 1720 1717
844.200989 1711 1729 1717 1701 1708 1707 1719 1727 1718
844.221008 1712 1712 1709 1716 1710 1714 1715 1717 1716
844.241028 1715 1717 1705 1707 1713 1711 1712 1718 1721
844.260986 1713 1713 1711 1715 1711 1721 1710 1716 1720
844.281006 1721 1714 1711 1708 1712 1716 1714 1706 1715
844.301025 1705 1713 1712 1707 1711 1706 1713 1712 1718
844.320984 1712 1718 1724 1720 1711 1693 1712 1714 1706
844.341003 1711 1708 1710 1709 1715 1713 1710 1725 1718
844.361023 1715 1713 1724 1711 1702 1707 1702 1711 1718
844.380981 1710 1727 1710 1704 1714 1711 1707 1711 1719
844.401001 1716 1713 1710 1699 1707 1709 1708 1714 1722
844.421021 1706 1712 1714 1717 1720 1715 1702 1715 1705
844.440979 1715 1715 1704 1712 1709 1704 1702 1704 1713
844.460999 1697 1706 1717 1706 1701 1698 1706 1709 1710
844.481018 1700 1716 1706 1716 1707 1703 1703 1697 1724
844.500977 1712 1713 1714 1709 1703 1713 1713 1706 1702
844.520996 1702 1713 1700 1710 1707 1702 1698 1707 1710
844.541016 1695 1715 1705 1707 1710 1702 1712 1699 1704
844.559998 1711 1713 1711 1703 1702 1706 1704 1705 1714
844.580017 1710 1700 1704 1709 1711 1703 1705 1711 1706
844.599976 1708 1721 1705 1708 1720 1717 1708 1706 1715
844.619995 1711 1711 1708 1702 1705 1701 1713 1713 1714
844.640015 1712 1707 1708 1709 1712 1712 1704 1712 1707
844.659973 1701 1700 1705 1716 1712 1705 1707 1709 1710
844.679993 1703 1706 1699 1706 1703 1692 1704 1719 1705
844.700012 1712 1697 1712 1699 1699 1708 1702 1703 1703
844.719971 1710 1711 1698 1714 1703 1697 1707 1699 1706
844.73999 1699 1702 1702 1695 1691 1701 1709 1704 1705
844.76001 1704 1710 1702 1711 1702 1704 1704 1698 1710
844.780029 1705 1703 1713 1710 1699 1689 1699 1705 1699
844.799988 1698 1703 1696 1707 1695 1705 1716 1706 1710
844.820007 1701 1712 1706 1705 1700 1704 1708 1710 1708
844.840027 1704 1708 1698 1708 1706 1710 1696 1710 1715
844.859985 1703 1708 1714 1707 1702 1708 1699 1709 1713
844.880005 1711 1704 1715 1705 1707 1699 1700 1699 1717
844.900024 1705 1704 1715 1705 1717 1700 1699 1706 1704
844.919983 1713 1705 1710 1708 1709 1707 1699 1697 1692
844.940002 1709 1707 1715 1701 1702 1695 1700 1704 1697
844.960022 1709 1703 1695 1712 1707 1694 1696 1702 1718
844.97998 1712 1700 1709 1696 1704 1709 1709 1698 1709
845 1698 1700 1714 1698 1716 1704 1703 1702 1701
845.02002 1703 1699 1705 1708 1710 1700 1709 1706 1708
845.039978 1710 1715 1705 1706 1698 1710 1701 1705 1712
845.059998 1708 1718 1707 1715 1698 1696 1711 1717 1708
845.080017 1714 1700 1719 1713 1712 1708 1710 1709 1715
845.099976 1708 1710 1705 1710 1700 1713 1706 1722 1712
845.119995 1710 1703 1709 1709 1696 1707 1711 1709 1711
845.140015 1696 1714 1710 1707 1708 1707 1698 1714 1713
845.159973 1707 1710 1709 1701 1709 1706 1719 1707 1706
845.179993 1704 1716 1710 1699 1693 1698 1703 1705 1716
845.200012 1697 1711 1710 1708 1702 1686 1702 1709 1708
845.219971 1711 1708 1713 1715 1711 1695 1708 1708 1718
845.23999 1714 1708 1709 1720 1706 1703 1708 1714 1703
845.26001 1712 1710 1707 1700 1718 1712 1710 1707 1719
845.280029 1707 1703 1712 1714 1713 1718 1709 1688 1709
845.299011 1708 1716 1707 1709 1713 1694 1709 1719 1700
845.31897 1702 1713 1706 1717 1697 1708 1710 1715 1706
845.338989 1711 1718 1706 1712 1718 1706 1711 1716 1719
845.359009 1710 1714 1716 1723 1701 1716 1714 1707 1714
845.379028 1708 1714 1713 1706 1709 1707 1707 1723 1723
845.398987 1718 1711 1724 1703 1704 1714 1707 1717 1716
845.419006 1727 1708 1712 1709 1715 1716 1711 1708 1721
845.439026 1711 1704 1712 1712 1709 1705 1715 1715 1715
845.458984 1736 1720 1719 1712 1718 1721 1705 1724 1713
845.479004 1720 1717 1718 1720 1724 1713 1713 1733 1724
845.499023 1715 1720 1716 1712 1723 1712 1722 1725 1718
845.518982 1724 1725 1723 1729 1725 1722 1719 1731 1719
845.539001 1724 1720 1715 1723 1721 1714 1727 1718 1719
845.559021 1724 1716 1726 1720 1718 1726 1722 1719 1730
845.578979 1722 1727 1726 1714 1718 1725 1725 1723 1718
845.598999 1732 1714 1719 1722 1732 1717 1709 1725 1730
845.619019 1716 1727 1710 1726 1717 1716 1718 1732 1737
845.638977 1728 1729 1734 1729 1736 1719 1724 1727 1727
845.658997 1729 1713 1721 1722 1727 1719 1721 1735 1733
845.679016 1721 1726 1731 1733 1722 1734 1732 1730 1745
845.698975 1722 1723 1732 1725 1719 1727 1729 1734 1724
845.718994 1730 1735 1725 1729 1720 1727 1727 1722 1722
845.737976 1735 1735 1733 1721 1732 1729 1721 1736 1737
845.757996 1736 1726 1736 1727 1722 1718 1720 1737 1731
845.778015 1746 1728 1727 1714 1723 1724 1739 1730 1735
845.797974 1731 1727 1718 1716 1717 1716 1735 1740 1732
845.817993 1736 1714 1732 1733 1726 1734 1719 1731 1741
845.838013 1727 1725 1739 1734 1731 1722 1734 1727 1722
845.857971 1724 1725 1727 1716 1719 1724 1722 1728 1736
845.877991 1731 1727 1730 1718 1722 1733 1732 1732 1731
845.89801 1729 1734 1729 1717 1728 1719 1725 1727 1732
845.91803 1732 1723 1728 1728 1732 1733 1731 1731 1723
845.937988 1727 1738 1740 1727 1717 1730 1726 1726 1733
845.958008 1735 1734 1730 1731 1725 1730 1723 1727 1733
845.978027 1733 1737 1730 1735 1732 1734 1717 1737 1729
845.997986 1731 1725 1727 1736 1729 1723 1731 1738 1734
846.018005 1738 1732 1736 1726 1723 1730 1717 1728 1728
846.038025 1728 1725 1726 1722 1736 1733 1731 1729 1730
846.057983 1731 1730 1734 1721 1728 1726 1738 1725 1730
846.078003 1730 1731 1735 1731 1733 1741 1735 1731 1729
846.096985 1725 1731 1726 1731 1725 1721 1726 1715 1730
846.117004 1727 1734 1729 1738 1726 1724 1728 1735 1743
846.137024 1733 1722 1734 1720 1742 1734 1729 1720 1730
846.156982 1731 1731 1719 1730 1719 1722 1714 1727 1738
846.177002 1738 1733 1728 1720 1737 1723 1731 1716 1720
846.197021 1731 1728 1733 1724 1723 1727 1716 1741 1727
846.21698 1726 1741 1730 1734 1729 1731 1735 1712 1731
846.237 1731 1727 1727 1733 1719 1734 1733 1736 1743
846.257019 1729 1722 1725 1740 1729 1729 1734 1730 1736
846.276978 1725 1728 1724 1727 1727 1725 1716 1728 1727
846.296997 1726 1727 1730 1726 1721 1720 1729 1730 1736
846.317017 1732 1734 1722 1729 1727 1742 1748 1729 1738
846.336975 1731 1733 1736 1725 1729 1737 1737 1734 1732
846.356995 1726 1749 1738 1735 1727 1729 1716 1737 1734
846.377014 1734 1736 1736 1727 1741 1738 1743 1721 1729
846.395996 1743 1729 1733 1726 1727 1734 1727 1740 1737
846.416016 1728 1735 1737 1730 1729 1742 1725 1736 1737
846.435974 1739 1728 1731 1736 1742 1730 1732 1735 1739
846.455994 1733 1735 1725 1728 1728 1728 1721 1731 1738
846.476013 1737 1753 1745 1728 1727 1731 1732 1724 1729
846.495972 1735 1751 1725 1738 1727 1732 1728 1728 1734
846.515991 1741 1745 1730 1734 1724 1723 1725 1740 1740
846.536011 1732 1724 1729 1737 1742 1729 1725 1736 1735
846.55603 1734 1735 1746 1723 1722 1744 1729 1732 1735
846.575989 1738 1741 1747 1731 1723 1744 1733 1730 1734
846.596008 1738 1738 1737 1725 1726 1723 1725 1736 1747
846.616028 1740 1728 1726 1726 1725 1727 1733 1714 1740
846.63501 1736 1724 1731 1726 1729 1727 1734 1730 1733
846.655029 1724 1734 1736 1721 1722 1722 1716 1727 1728
846.674988 1748 1729 1735 1718 1722 1717 1720 1738 1737
846.695007 1735 1737 1728 1726 1727 1725 1730 1734 1715
846.715027 1732 1712 1723 1722 1724 1731 1723 1722 1741
846.734985 1735 1718 1733 1730 1734 1724 1721 1741 1738
846.755005 1730 1728 1730 1729 1733 1725 1735 1725 1725
846.775024 1722 1732 1726 1732 1724 1718 1724 1744 1733
846.794983 1734 1745 1733 1721 1711 1724 1740 1722 1741
846.815002 1723 1739 1725 1723 1730 1714 1728 1730 1724
846.835022 1741 1729 1721 1729 1718 1733 1727 1728 1731
846.85498 1731 1730 1722 1720 1722 1729 1734 1729 1732
846.875 1740 1731 1724 1725 1727 1721 1730 1741 1737
846.893982 1724 1729 1740 1729 1726 1742 1726 1735 1739
846.914001 1738 1738 1734 1727 1725 1726 1734 1734 1745
846.934021 1731 1731 1726 1726 1715 1733 1719 1731 1725
846.953979 1730 1735 1719 1720 1732 1726 1738 1740 1722
846.973999 1739 1729 1729 1730 1748 1730 1736 1735 1738
846.994019 1745 1733 1740 1730 1725 1739 1739 1733 1744
847.013977 1735 1741 1742 1722 1726 1733 1731 1742 1731
847.033997 1738 1736 1728 1732 1725 1736 1726 1732 1739
847.054016 1735 1735 1730 1725 1735 1734 1745 1730 1729
847.073975 1744 1737 1743 1726 1720 1731 1736 1745 1735
847.093994 1741 1728 1729 1727 1729 1718 1733 1729 1740
847.112976 1736 1737 1731 1726 1726 1733 1738 1745 1734
847.132996 1737 1737 1734 1726 1735 1731 1733 1738 1729
847.153015 1740 1740 1742 1743 1733 1732 1728 1737 1739
847.172974 1741 1751 1738 1733 1724 1732 1737 1744 1749
847.192993 1734 1748 1736 1730 1739 1728 1729 1726 1738
847.213013 1745 1745 1745 1734 1741 1738 1737 1745 1733
847.232971 1736 1747 1735 1732 1725 1721 1741 1742 1740
847.252991 1735 1734 1735 1731 1718 1735 1740 1729 1738
847.27301 1733 1730 1748 1734 1732 1746 1742 1730 1742
847.29303 1739 1746 1736 1729 1721 1728 1732 1743 1754
847.312012 1743 1731 1732 1723 1724 1744 1745 1736 1742
847.33197 1746 1742 1728 1728 1725 1733 1741 1745 1744
847.35199 1729 1748 1735 1725 1720 1724 1722 1737 1727
847.372009 1737 1738 1730 1715 1726 1732 1732 1734 1741
847.392029 1744 1721 1735 1726 1720 1715 1742 1728 1737
847.411987 1730 1720 1728 1727 1725 1727 1733 1735 1742
847.432007 1729 1731 1727 1732 1725 1726 1727 1726 1737
847.452026 1732 1735 1727 1728 1720 1723 1723 1728 1725
847.471985 1732 1731 1724 1730 1714 1722 1728 1727 1743
847.492004 1736 1727 1719 1726 1722 1708 1736 1740 1719
847.510986 1724 1724 1726 1712 1712 1721 1730 1748 1736
847.531006 1727 1726 1736 1718 1711 1716 1723 1729 1737
847.551025 1724 1731 1731 1721 1729 1723 1739 1729 1729
847.570984 1728 1724 1734 1718 1707 1727 1728 1739 1751
847.591003 1742 1726 1718 1712 1710 1717 1729 1734 1724
847.611023 1725 1731 1729 1731 1721 1721 1729 1739 1736
847.630981 1723 1721 1730 1720 1724 1732 1730 1729 1730
847.651001 1732 1723 1727 1723 1724 1721 1724 1736 1744
847.669983 1732 1731 1727 1725 1713 1713 1726 1733 1750
847.690002 1732 1745 1721 1716 1735 1728 1731 1739 1731
847.710022 1726 1730 1733 1721 1728 1728 1734 1726 1736
847.72998 1729 1730 1735 1737 1724 1718 1730 1740 1735
847.75 1734 1739 1724 1714 1721 1722 1727 1736 1739
847.77002 1731 1741 1730 1718 1724 1729 1733 1729 1735
847.789978 1735 1731 1728 1713 1726 1728 1729 1740 1741
847.809998 1735 1735 1731 1737 1715 1726 1727 1740 1741
847.830017 1746 1751 1733 1721 1724 1732 1727 1746 1739
847.848999 1737 1739 1737 1727 1723 1723 1738 1747 1746
847.869019 1735 1741 1727 1720 1742 1739 1736 1735 1730
847.888977 1735 1746 1729 1736 1740 1727 1738 1736 1744
847.908997 1739 1737 1731 1721 1731 1726 1744 1746 1745
847.929016 1734 1741 1723 1737 1722 1728 1734 1728 1738
847.948975 1743 1743 1729 1724 1734 1734 1742 1742 1746
847.968994 1731 1738 1716 1723 1725 1719 1731 1741 1757
847.989014 1751 1742 1733 1721 1717 1734 1735 1736 1746
848.007996 1754 1750 1744 1734 1729 1727 1744 1750 1748
848.028015 1753 1745 1734 1734 1737 1730 1740 1752 1753
848.047974 1753 1742 1741 1725 1729 1740 1737 1748 1738
848.067993 1751 1739 1742 1730 1739 1734 1746 1749 1747
848.088013 1737 1748 1748 1734 1734 1723 1737 1738 1752
848.107971 1736 1745 1734 1728 1734 1735 1735 1755 1754
848.127991 1746 1748 1740 1733 1724 1740 1747 1749 1758
848.14801 1745 1737 1743 1737 1744 1741 1743 1748 1747
848.166992 1761 1747 1743 1742 1721 1739 1746 1756 1741
848.187012 1755 1748 1752 1738 1731 1735 1752 1744 1752
848.20697 1761 1752 1753 1738 1746 1732 1743 1746 1746
848.22699 1754 1745 1746 1736 1725 1734 1756 1753 1762
848.247009 1756 1748 1758 1739 1739 1742 1744 1755 1756
848.267029 1763 1742 1748 1740 1730 1729 1752 1751 1765
848.286987 1750 1759 1743 1743 1736 1733 1747 1746 1748
848.307007 1756 1758 1753 1743 1740 1736 1754 1753 1759
848.325989 1761 1757 1750 1741 1742 1732 1761 1759 1768
848.346008 1760 1754 1746 1746 1739 1751 1744 1753 1756
848.366028 1765 1763 1752 1734 1742 1742 1743 1761 1771
848.385986 1755 1755 1756 1748 1725 1754 1769 1769 1770
848.406006 1768 1758 1761 1746 1734 1736 1752 1765 1759
848.426025 1752 1755 1749 1741 1741 1743 1755 1759 1765
848.445984 1767 1760 1748 1746 1736 1741 1758 1757 1773
848.466003 1764 1765 1751 1750 1725 1747 1750 1750 1762
848.484985 1778 1762 1752 1743 1733 1755 1758 1762 1778
848.505005 1762 1761 1751 1746 1746 1751 1756 1778 1771
848.525024 1763 1762 1755 1742 1745 1746 1750 1751 1767
848.544983 1768 1759 1741 1746 1739 1747 1750 1764 1769
848.565002 1767 1761 1759 1745 1747 1753 1755 1772 1755
848.585022 1762 1758 1752 1744 1752 1751 1762 1757 1763
848.604004 1764 1744 1749 1745 1735 1744 1765 1769 1764
848.624023 1760 1760 1751 1747 1743 1751 1761 1757 1765
848.643982 1765 1757 1749 1749 1733 1739 1749 1770 1771
848.664001 1766 1749 1759 1754 1737 1738 1746 1759 1766
848.684021 1753 1757 1748 1743 1727 1740 1748 1763 1759
848.703979 1756 1763 1756 1749 1735 1739 1750 1758 1757
848.723999 1756 1761 1763 1743 1739 1738 1746 1766 1766
848.742981 1764 1767 1734 1755 1740 1742 1747 1751 1760
848.763 1773 1745 1734 1745 1734 1746 1754 1766 1759
848.78302 1752 1743 1739 1748 1733 1741 1741 1755 1759
848.802979 1750 1752 1756 1743 1739 1733 1745 1764 1756
848.822998 1753 1753 1752 1743 1738 1732 1760 1771 1765
848.843018 1751 1753 1763 1744 1735 1748 1754 1759 1763
848.862976 1771 1762 1750 1739 1750 1739 1757 1747 1759
848.882019 1761 1760 1746 1753 1745 1734 1755 1758 1755
848.901978 1761 1753 1744 1742 1749 1735 1743 1763 1769
848.921997 1750 1762 1756 1741 1748 1750 1745 1757 1772
848.942017 1762 1767 1749 1756 1743 1744 1758 1763 1769
848.961975 1777 1768 1755 1750 1736 1733 1754 1754 1775
848.981995 1767 1748 1755 1731 1743 1738 1753 1767 1755
849.002014 1749 1753 1757 1742 1738 1734 1750 1767 1765
849.020996 1763 1749 1739 1745 1746 1742 1747 1761 1762
849.041016 1768 1751 1741 1742 1748 1741 1757 1753 1775
849.060974 1756 1736 1756 1732 1735 1755 1760 1770 1759
849.080994 1760 1757 1736 1746 1748 1734 1752 1769 1775
849.101013 1770 1750 1746 1735 1730 1747 1743 1766 1763
849.120972 1754 1773 1763 1746 1738 1742 1750 1759 1759
849.140015 1769 1758 1746 1744 1728 1740 1738 1756 1764
849.159973 1756 1762 1752 1750 1739 1746 1759 1765 1766
849.179993 1765 1751 1746 1740 1730 1742 1747 1762 1763
849.200012 1752 1749 1748 1737 1735 1741 1742 1752 1762
849.219971 1752 1742 1744 1741 1742 1730 1748 1756 1767
849.23999 1753 1762 1745 1744 1729 1747 1754 1757 1761
849.258972 1756 1740 1740 1733 1737 1743 1745 1742 1754
849.278992 1753 1745 1754 1734 1725 1741 1745 1755 1758
849.299011 1762 1740 1747 1734 1736 1739 1731 1753 1758
849.31897 1768 1740 1734 1739 1724 1722 1747 1746 1748
849.338989 1753 1745 1745 1740 1726 1738 1740 1751 1759
849.359009 1760 1737 1740 1730 1724 1727 1738 1758 1757
849.377991 1765 1738 1744 1726 1724 1738 1738 1751 1749
849.39801 1755 1763 1746 1745 1732 1742 1752 1752 1746
849.41803 1744 1740 1726 1732 1732 1744 1742 1756 1744
849.437988 1751 1758 1741 1731 1738 1736 1739 1746 1761
849.458008 1756 1746 1728 1734 1737 1737 1742 1750 1755
849.478027 1747 1737 1739 1726 1730 1722 1730 1744 1746
849.497009 1766 1753 1745 1735 1720 1727 1743 1742 1742
849.517029 1748 1750 1738 1731 1734 1738 1730 1752 1741
849.536987 1748 1752 1728 1731 1732 1728 1732 1747 1753
849.557007 1745 1753 1724 1715 1731 1737 1737 1739 1748
849.577026 1736 1746 1739 1741 1722 1733 1751 1746 1751
849.596985 1748 1743 1727 1715 1728 1727 1739 1746 1743
849.616028 1745 1743 1729 1730 1729 1724 1730 1746 1734
849.635986 1747 1737 1745 1724 1721 1725 1733 1733 1752
849.656006 1746 1734 1737 1727 1735 1723 1733 1745 1753
849.676025 1737 1735 1741 1736 1718 1724 1735 1751 1748
849.695984 1740 1734 1731 1731 1730 1726 1742 1733 1736
849.716003 1742 1752 1739 1726 1726 1729 1732 1749 1744
849.734985 1749 1732 1738 1728 1732 1739 1730 1742 1737
849.755005 1740 1723 1734 1725 1716 1729 1729 1744 1744
849.775024 1751 1749 1739 1725 1715 1732 1735 1741 1738
849.794983 1736 1748 1740 1714 1716 1725 1733 1735 1742
849.815002 1744 1731 1731 1721 1723 1732 1738 1742 1746
849.833984 1749 1746 1735 1729 1723 1735 1740 1742 1746
849.854004 1738 1743 1742 1735 1719 1728 1742 1755 1744
849.874023 1745 1758 1735 1733 1729 1724 1722 1739 1743
849.893982 1734 1750 1732 1737 1736 1724 1744 1749 1743
849.914001 1752 1757 1742 1719 1724 1734 1739 1746 1759
849.934021 1748 1738 1741 1727 1720 1737 1728 1757 1743
849.953003 1750 1737 1743 1729 1728 1741 1744 1737 1746
849.973022 1746 1749 1740 1731 1738 1738 1757 1748 1747
849.992981 1757 1737 1746 1742 1734 1727 1739 1747 1754
850.013 1750 1758 1735 1717 1731 1739 1745 1751 1754
850.03302 1756 1755 1742 1719 1737 1736 1753 1758 1755
850.052002 1749 1756 1746 1732 1729 1739 1743 1761 1756
850.072021 1759 1743 1740 1731 1747 1733 1757 1748 1748
850.09198 1754 1743 1748 1733 1740 1748 1747 1765 1748
850.112 1749 1747 1741 1747 1741 1727 1745 1743 1751
850.132019 1756 1741 1742 1740 1729 1732 1743 1753 1748
850.151001 1763 1743 1737 1739 1728 1740 1744 1747 1764
850.171021 1758 1755 1737 1735 1724 1731 1749 1754 1747
850.190979 1745 1752 1744 1743 1733 1734 1738 1754 1765
850.210999 1750 1763 1747 1749 1725 1745 1743 1750 1759
850.231018 1750 1755 1743 1742 1743 1721 1740 1755 1758
850.250977 1758 1749 1756 1738 1738 1742 1750 1769 1755
850.27002 1755 1740 1738 1736 1741 1750 1750 1750 1762
850.289978 1748 1760 1735 1736 1745 1736 1749 1748 1755
850.309998 1750 1756 1731 1741 1735 1739 1749 1746 1757
850.330017 1756 1745 1742 1731 1732 1733 1744 1755 1763
850.349976 1752 1743 1748 1748 1743 1734 1742 1758 1752
850.369019 1745 1740 1744 1729 1739 1737 1759 1756 1752
850.388977 1756 1751 1753 1740 1738 1736 1744 1763 1752
850.408997 1760 1745 1745 1746 1728 1735 1734 1760 1751
850.429016 1750 1747 1727 1748 1734 1739 1747 1746 1746
850.448975 1751 1743 1739 1745 1726 1740 1741 1749 1765
850.468018 1750 1748 1752 1725 1738 1736 1736 1751 1741
850.487976 1756 1748 1747 1734 1736 1725 1739 1750 1747
850.507996 1742 1748 1741 1736 1735 1738 1734 1742 1752
850.528015 1759 1743 1742 1728 1723 1737 1742 1748 1748
850.547974 1744 1740 1733 1724 1739 1728 1752 1751 1750
850.567017 1741 1741 1743 1730 1729 1734 1750 1735 1743
850.586975 1753 1739 1748 1730 1737 1736 1740 1751 1753
850.606995 1747 1743 1735 1734 1725 1736 1734 1753 1751
850.627014 1751 1737 1745 1742 1719 1747 1743 1753 1754
850.645996 1752 1740 1738 1726 1729 1746 1742 1737 1753
850.666016 1737 1729 1744 1744 1730 1725 1750 1746 1749
850.685974 1752 1738 1735 1733 1707 1731 1734 1750 1744
850.705994 1733 1738 1748 1731 1724 1731 1729 1748 1745
850.726013 1743 1750 1729 1717 1728 1731 1737 1743 1754
850.744995 1744 1742 1738 1734 1722 1737 1744 1746 1748
850.765015 1754 1741 1729 1721 1726 1728 1751 1742 1742
850.784973 1742 1737 1744 1723 1732 1730 1741 1737 1739
850.804993 1733 1748 1740 1735 1724 1735 1745 1743 1748
850.825012 1738 1741 1730 1733 1734 1727 1745 1742 1751
850.843994 1752 1739 1738 1736 1732 1729 1739 1748 1749
850.864014 1740 1740 1745 1728 1725 1738 1730 1748 1745
850.883972 1753 1746 1743 1735 1722 1724 1741 1742 1753
850.903992 1741 1739 1755 1717 1737 1732 1737 1748 1735
850.924011 1743 1739 1745 1737 1730 1731 1743 1746 1737
850.942993 1756 1742 1737 1737 1730 1730 1740 1744 1747
850.963013 1750 1745 1743 1742 1728 1744 1741 1740 1747
850.982971 1744 1741 1749 1731 1735 1736 1747 1747 1745
851.002991 1744 1736 1737 1732 1743 1734 1744 1748 1748
851.021973 1745 1743 1752 1740 1727 1735 1729 1751 1754
851.041992 1748 1738 1740 1729 1729 1724 1741 1738 1756
851.062012 1747 1748 1736 1725 1730 1745 1734 1740 1745
851.08197 1741 1738 1738 1729 1737 1731 1731 1754 1737
851.10199 1741 1735 1741 1726 1726 1732 1731 1755 1739
851.120972 1746 1744 1724 1724 1731 1731 1737 1748 1739
851.140991 1749 1736 1746 1731 1722 1727 1742 1747 1739
851.161011 1734 1743 1729 1726 1737 1726 1737 1737 1743
851.18103 1748 1755 1740 1728 1742 1727 1738 1741 1743
851.200012 1741 1739 1745 1729 1732 1738 1736 1738 1748
851.219971 1746 1735 1740 1724 1724 1735 1739 1736 1743
851.23999 1737 1737 1737 1739 1723 1729 1732 1741 1732
851.26001 1747 1734 1733 1733 1734 1745 1737 1727 1751
851.280029 1736 1743 1734 1719 1731 1732 1735 1744 1747
851.299011 1737 1742 1731 1729 1723 1738 1728 1742 1736
851.31897 1744 1743 1747 1728 1726 1731 1740 1739 1743
851.338989 1736 1739 1729 1727 1725 1731 1735 1746 1738
851.359009 1735 1739 1733 1726 1734 1734 1729 1738 1751
851.377991 1734 1742 1736 1734 1738 1728 1735 1740 1745
851.39801 1746 1742 1735 1719 1723 1735 1741 1747 1746
851.41803 1738 1741 1732 1730 1723 1727 1723 1742 1736
851.437988 1736 1737 1740 1726 1732 1729 1738 1739 1745
851.45697 1730 1726 1732 1719 1728 1729 1740 1738 1739
851.47699 1739 1737 1725 1718 1716 1715 1728 1745 1735
851.497009 1731 1730 1723 1725 1717 1729 1729 1726 1731
851.517029 1740 1724 1727 1729 1720 1728 1729 1733 1748
851.536011 1736 1723 1725 1716 1719 1722 1722 1738 1732
851.55603 1730 1728 1717 1725 1717 1717 1733 1715 1736
851.575989 1722 1736 1732 1715 1717 1724 1724 1743 1723
851.596008 1732 1732 1736 1726 1722 1727 1739 1732 1735
851.616028 1718 1724 1728 1720 1719 1733 1714 1733 1729
851.63501 1723 1731 1721 1727 1718 1723 1725 1735 1724
851.655029 1726 1727 1716 1718 1721 1723 1729 1721 1727
851.674988 1728 1733 1732 1713 1718 1717 1717 1723 1726
851.695007 1717 1731 1727 1721 1724 1715 1714 1721 1745
851.713989 1722 1718 1721 1723 1719 1716 1708 1735 1725
851.734009 1732 1721 1717 1705 1715 1714 1716 1733 1730
851.754028 1712 1723 1721 1722 1715 1719 1720 1730 1732
851.773987 1726 1723 1727 1724 1706 1709 1719 1737 1722
851.79303 1730 1724 1726 1719 1729 1719 1721 1740 1730
851.812988 1729 1722 1723 1710 1722 1706 1711 1725 1727
851.833008 1715 1720 1719 1721 1711 1715 1720 1728 1723
851.853027 1723 1728 1729 1700 1705 1725 1731 1734 1732
851.872009 1731 1727 1722 1715 1724 1721 1710 1723 1726
851.892029 1725 1724 1715 1718 1708 1716 1714 1711 1722
851.911987 1721 1728 1717 1716 1709 1720 1710 1712 1734
851.932007 1720 1721 1730 1708 1728 1728 1713 1726 1726
851.950989 1727 1720 1716 1716 1709 1723 1716 1727 1730
851.971008 1728 1722 1721 1707 1723 1722 1715 1733 1727
851.991028 1723 1723 1716 1712 1714 1721 1716 1716 1728
852.010986 1718 1724 1724 1712 1716 1708 1716 1732 1734
852.030029 1728 1722 1708 1709 1708 1710 1720 1727 1725
852.049988 1733 1733 1719 1718 1713 1716 1718 1733 1726
852.070007 1723 1717 1711 1713 1717 1716 1707 1725 1735
852.090027 1725 1722 1718 1720 1720 1724 1707 1721 1718
852.109009 1736 1713 1733 1724 1714 1718 1715 1729 1736
852.129028 1731 1733 1722 1707 1720 1715 1715 1720 1716
852.148987 1734 1729 1721 1713 1727 1714 1716 1727 1726
852.169006 1730 1733 1722 1726 1719 1710 1709 1724 1739
852.187988 1731 1718 1723 1703 1711 1729 1730 1732 1729
852.208008 1723 1720 1716 1725 1720 1720 1741 1726 1732
852.228027 1723 1720 1732 1720 1714 1728 1719 1733 1734
852.247986 1728 1720 1719 1731 1723 1727 1719 1728 1732
852.267029 1722 1717 1730 1715 1712 1724 1724 1725 1730
852.286987 1730 1723 1723 1717 1711 1701 1725 1730 1729
852.307007 1736 1717 1720 1721 1720 1713 1721 1724 1731
852.327026 1737 1725 1722 1727 1714 1716 1718 1725 1736
852.346008 1721 1724 1719 1716 1709 1719 1725 1727 1728
852.366028 1721 1729 1727 1720 1722 1714 1723 1730 1730
852.385986 1725 1735 1724 1720 1714 1725 1725 1730 1739
852.406006 1731 1720 1717 1719 1713 1712 1724 1732 1731
852.424988 1724 1724 1721 1719 1721 1714 1727 1724 1739
852.445007 1725 1720 1720 1725 1711 1727 1724 1727 1729
852.465027 1733 1727 1726 1716 1725 1715 1729 1726 1733
852.484009 1715 1719 1743 1715 1715 1720 1722 1729 1737
852.504028 1721 1722 1716 1715 1715 1718 1722 1728 1728
852.523987 1725 1726 1718 1706 1718 1720 1728 1731 1722
852.544006 1726 1727 1721 1697 1714 1718 1724 1731 1727
852.562988 1738 1721 1727 1719 1716 1711 1725 1736 1726
852.583008 1734 1733 1717 1715 1712 1719 1722 1732 1733
852.603027 1731 1733 1729 1718 1733 1716 1713 1731 1734
852.622986 1731 1714 1730 1710 1722 1726 1729 1720 1733
852.642029 1722 1728 1722 1718 1730 1724 1722 1728 1730
852.661987 1735 1725 1729 1724 1727 1730 1723 1722 1737
852.682007 1726 1722 1713 1717 1713 1712 1729 1720 1725
852.700989 1741 1730 1727 1723 1714 1728 1733 1732 1729
852.721008 1728 1725 1715 1720 1718 1726 1719 1734 1720
852.741028 1735 1735 1719 1712 1715 1716 1727 1721 1719
852.760986 1727 1726 1714 1732 1713 1700 1717 1723 1731
852.780029 1727 1725 1727 1718 1715 1718 1712 1732 1722
852.799988 1722 1728 1714 1711 1718 1713 1723 1730 1732
852.820007 1728 1724 1714 1719 1718 1720 1727 1721 1715
852.840027 1728 1728 1721 1720 1708 1722 1732 1729 1726
852.859009 1729 1716 1715 1722 1721 1716 1730 1730 1721
852.879028 1722 1725 1717 1715 1727 1719 1731 1726 1726
852.898987 1730 1722 1724 1727 1717 1714 1730 1733 1722
852.91803 1730 1716 1739 1731 1727 1731 1712 1729 1730
852.937988 1726 1727 1719 1729 1721 1724 1722 1739 1732
852.958008 1726 1732 1727 1701 1719 1725 1717 1726 1726
852.978027 1734 1715 1716 1715 1710 1718 1708 1721 1724
852.997009 1732 1735 1723 1711 1710 1724 1729 1718 1715
853.017029 1723 1727 1711 1704 1719 1724 1726 1729 1728
853.036987 1737 1719 1730 1720 1722 1720 1734 1722 1721
853.05603 1722 1728 1728 1714 1720 1714 1701 1730 1728
853.075989 1725 1736 1717 1718 1722 1713 1733 1739 1722
853.096008 1723 1726 1727 1715 1727 1713 1727 1725 1733
853.116028 1727 1713 1722 1713 1717 1723 1720 1729 1730
853.13501 1719 1731 1726 1713 1708 1723 1720 1720 1739
853.155029 1733 1729 1729 1715 1718 1710 1721 1723 1745
853.174988 1729 1730 1727 1719 1721 1730 1724 1724 1748
853.19397 1724 1732 1728 1710 1723 1723 1708 1718 1734
853.213989 1745 1733 1714 1716 1719 1714 1717 1724 1728
853.234009 1718 1723 1731 1729 1723 1718 1730 1732 1734
853.254028 1724 1727 1725 1728 1718 1721 1733 1724 1725
853.27301 1717 1721 1714 1718 1718 1711 1726 1712 1731
853.29303 1729 1725 1719 1711 1718 1712 1724 1728 1726
853.312988 1725 1727 1725 1714 1717 1724 1720 1722 1726
853.33197 1721 1712 1732 1721 1733 1721 1728 1730 1729
853.35199 1727 1737 1712 1716 1720 1716 1725 1722 1726
853.372009 1733 1731 1725 1717 1706 1719 1730 1736 1727
853.390991 1725 1725 1719 1718 1717 1709 1725 1720 1730
853.411011 1725 1722 1725 1719 1710 1712 1719 1716 1738
853.43103 1717 1725 1726 1719 1718 1717 1729 1723 1738
853.450989 1731 1738 1728 1722 1720 1721 1711 1733 1720
853.469971 1726 1726 1732 1725 1719 1718 1714 1725 1731
853.48999 1718 1729 1721 1729 1712 1722 1725 1727 1728
853.51001 1739 1721 1731 1715 1715 1723 1723 1731 1726
853.528992 1730 1730 1725 1725 1722 1717 1717 1741 1727
853.549011 1729 1728 1730 1724 1722 1707 1711 1734 1734
853.56897 1728 1729 1721 1730 1717 1722 1727 1725 1736
853.588989 1731 1725 1724 1719 1715 1722 1730 1734 1732
853.607971 1740 1723 1715 1707 1724 1710 1741 1720 1738
853.627991 1742 1731 1726 1713 1724 1726 1723 1729 1734
853.64801 1731 1716 1722 1730 1704 1727 1729 1734 1733
853.666992 1738 1720 1728 1726 1722 1733 1721 1735 1725
853.687012 1741 1728 1721 1719 1712 1704 1730 1741 1730
853.70697 1733 1731 1738 1716 1709 1723 1727 1733 1726
853.726013 1721 1726 1725 1717 1717 1709 1713 1742 1729
853.745972 1726 1715 1732 1709 1719 1724 1717 1719 1728
853.765991 1735 1733 1721 1729 1712 1713 1727 1730 1735
853.784973 1736 1734 1730 1709 1719 1720 1715 1716 1732
853.804993 1742 1741 1726 1719 1718 1717 1730 1738 1744
853.825012 1732 1732 1728 1722 1724 1728 1734 1725 1739
853.844971 1732 1733 1720 1732 1735 1723 1721 1739 1737
853.864014 1726 1726 1722 1714 1713 1713 1728 1739 1730
853.883972 1729 1734 1722 1718 1714 1722 1725 1735 1738
853.903992 1738 1737 1725 1722 1719 1728 1722 1737 1736
853.922974 1729 1733 1723 1719 1727 1727 1731 1733 1736
853.942993 1739 1745 1745 1735 1727 1733 1730 1730 1740
853.963013 1743 1730 1720 1726 1711 1732 1732 1737 1748
853.981995 1740 1734 1738 1722 1717 1733 1727 1729 1738
854.002014 1738 1747 1738 1725 1728 1732 1730 1737 1745
854.021973 1732 1737 1750 1724 1721 1724 1733 1738 1735
854.041016 1747 1737 1721 1729 1724 1731 1739 1743 1744
854.060974 1735 1752 1738 1737 1732 1739 1742 1747 1749
854.080994 1745 1744 1737 1731 1725 1738 1733 1739 1742
854.099976 1761 1754 1748 1730 1732 1741 1741 1744 1749
854.119995 1756 1741 1737 1723 1730 1735 1741 1745 1733
854.140015 1754 1752 1740 1734 1740 1726 1749 1741 1738
854.158997 1742 1736 1746 1736 1726 1724 1747 1747 1745
854.179016 1748 1739 1729 1734 1735 1736 1744 1748 1743
854.198975 1750 1748 1750 1733 1730 1737 1739 1751 1742
854.218994 1739 1746 1741 1741 1739 1741 1745 1737 1748
854.237976 1744 1755 1741 1733 1725 1741 1746 1762 1754
854.257996 1749 1754 1747 1746 1731 1739 1732 1744 1759
854.278015 1754 1743 1749 1735 1736 1732 1736 1741 1762
854.296997 1752 1749 1735 1736 1734 1740 1735 1763 1747
854.317017 1751 1727 1744 1737 1734 1729 1726 1751 1745
854.336975 1753 1749 1739 1726 1730 1732 1745 1756 1746
854.356018 1738 1745 1730 1735 1733 1723 1741 1739 1749
854.375977 1741 1750 1727 1737 1724 1746 1732 1731 1753
854.395996 1747 1743 1727 1733 1723 1716 1724 1752 1737
854.414978 1761 1737 1739 1726 1735 1726 1735 1741 1738
854.434998 1742 1749 1740 1728 1730 1724 1749 1742 1738
854.455017 1735 1731 1728 1735 1736 1721 1739 1747 1744
854.473999 1751 1731 1736 1710 1721 1730 1745 1737 1750
854.494019 1743 1745 1728 1721 1731 1720 1728 1731 1745
854.513977 1734 1722 1737 1734 1723 1726 1750 1745 1747
854.53302 1745 1748 1738 1717 1728 1731 1743 1746 1750
854.552979 1749 1726 1720 1730 1731 1723 1738 1734 1751
854.572998 1730 1734 1744 1725 1715 1725 1720 1740 1751
854.59198 1739 1721 1734 1724 1725 1717 1749 1748 1746
854.612 1720 1729 1726 1718 1726 1730 1719 1740 1743
854.632019 1734 1737 1725 1724 1717 1742 1727 1743 1729
854.651001 1742 1722 1730 1720 1715 1726 1734 1744 1748
854.671021 1737 1733 1740 1725 1728 1712 1729 1735 1735
854.690979 1737 1733 1719 1737 1717 1719 1729 1734 1728
854.710022 1748 1720 1733 1718 1716 1719 1730 1724 1744
854.72998 1732 1728 1720 1721 1713 1719 1732 1731 1739
854.75 1747 1735 1736 1723 1723 1723 1734 1733 1736
854.768982 1736 1738 1727 1714 1720 1714 1729 1733 1727
854.789001 1738 1748 1729 1715 1719 1733 1731 1731 1731
854.807983 1742 1735 1721 1709 1728 1724 1743 1735 1733
854.828003 1729 1726 1714 1716 1716 1711 1735 1731 1736
854.848022 1724 1738 1736 1712 1727 1723 1719 1736 1727
854.867004 1734 1723 1728 1736 1712 1729 1741 1736 1736
854.887024 1733 1730 1720 1734 1723 1721 1733 1737 1739
854.906982 1733 1731 1714 1724 1716 1734 1722 1737 1732
854.926025 1736 1733 1726 1713 1720 1726 1729 1747 1732
854.945984 1733 1738 1734 1725 1720 1721 1718 1741 1730
854.966003 1743 1735 1720 1726 1714 1717 1726 1744 1741
854.984985 1736 1734 1730 1730 1726 1716 1727 1743 1748
855.005005 1742 1738 1739 1719 1721 1730 1723 1741 1729
855.025024 1740 1729 1737 1733 1708 1716 1729 1732 1740
855.044006 1731 1747 1727 1721 1714 1732 1731 1727 1747
855.064026 1731 1729 1726 1720 1713 1729 1719 1736 1734
855.083984 1742 1729 1715 1729 1712 1720 1734 1743 1735
855.103027 1735 1736 1724 1724 1716 1729 1724 1737 1736
855.122986 1744 1738 1728 1717 1712 1718 1729 1742 1741
855.143005 1735 1736 1734 1716 1719 1716 1735 1736 1732
855.161987 1731 1727 1716 1715 1714 1727 1723 1739 1733
855.182007 1742 1733 1712 1702 1734 1725 1736 1736 1738
855.200989 1731 1724 1727 1720 1728 1722 1711 1734 1738
855.221008 1747 1729 1730 1708 1714 1711 1726 1734 1728
855.241028 1728 1735 1717 1716 1719 1721 1733 1719 1738
855.26001 1740 1726 1729 1708 1712 1713 1732 1724 1742
855.280029 1735 1726 1715 1720 1729 1731 1726 1730 1725
855.299988 1736 1718 1727 1711 1705 1719 1730 1737 1727
855.31897 1719 1731 1722 1708 1707 1713 1719 1727 1730
855.338989 1729 1729 1731 1697 1711 1714 1721 1725 1735
855.359009 1725 1727 1718 1713 1719 1716 1724 1723 1733
855.377991 1733 1724 1721 1729 1712 1725 1730 1729 1719
855.39801 1727 1727 1720 1704 1714 1728 1715 1728 1724
855.41803 1731 1724 1727 1712 1720 1725 1730 1731 1727
855.437012 1734 1722 1717 1706 1715 1724 1729 1727 1739
855.45697 1722 1717 1711 1715 1714 1722 1711 1726 1739
855.476013 1737 1737 1728 1709 1712 1722 1726 1730 1742
855.495972 1726 1725 1712 1712 1724 1725 1734 1730 1733
855.515991 1713 1721 1722 1713 1723 1709 1718 1726 1733
855.534973 1736 1716 1720 1722 1716 1718 1724 1730 1736
855.554993 1734 1724 1713 1708 1714 1710 1716 1721 1720
855.575012 1732 1732 1723 1715 1713 1720 1728 1730 1735
855.593994 1718 1720 1702 1715 1708 1727 1714 1726 1723
855.614014 1720 1731 1723 1723 1721 1717 1735 1737 1733
855.633972 1735 1711 1730 1715 1711 1702 1723 1726 1729
855.653015 1725 1722 1727 1716 1723 1712 1719 1730 1732
855.672974 1721 1723 1711 1716 1714 1720 1726 1735 1730
855.692017 1726 1717 1713 1719 1712 1719 1720 1731 1723
855.711975 1729 1725 1712 1720 1725 1713 1722 1728 1728
855.731995 1730 1715 1731 1703 1700 1709 1729 1742 1716
855.750977 1738 1722 1717 1716 1716 1717 1719 1718 1731
855.770996 1721 1722 1719 1718 1708 1712 1714 1728 1731
855.791016 1727 1720 1714 1713 1709 1721 1719 1720 1726
855.809998 1707 1711 1718 1709 1717 1710 1725 1715 1723
855.830017 1715 1715 1709 1707 1709 1723 1727 1716 1722
855.848999 1715 1712 1718 1711 1712 1708 1724 1735 1730
855.869019 1722 1723 1725 1717 1716 1719 1721 1731 1727
855.888977 1725 1728 1721 1707 1711 1711 1728 1724 1731
855.90802 1727 1728 1716 1695 1715 1720 1721 1727 1734
855.927979 1721 1718 1721 1712 1714 1711 1721 1726 1729
855.947998 1724 1725 1728 1708 1711 1709 1723 1732 1723
855.96698 1722 1717 1724 1709 1706 1713 1728 1726 1721
855.987 1728 1725 1718 1723 1720 1708 1714 1717 1737
856.005981 1736 1729 1719 1722 1716 1720 1716 1728 1737
856.026001 1727 1722 1712 1720 1714 1715 1725 1724 1727
856.046021 1733 1736 1716 1727 1711 1718 1719 1730 1731
856.065002 1721 1724 1721 1718 1717 1713 1729 1726 1726
856.085022 1734 1728 1715 1724 1723 1726 1729 1734 1727
856.104004 1731 1724 1722 1719 1725 1718 1734 1738 1725
856.124023 1731 1734 1717 1722 1712 1722 1724 1729 1725
856.143982 1729 1712 1715 1721 1719 1725 1739 1721 1733
856.163025 1726 1721 1712 1711 1721 1713 1727 1731 1719
856.182983 1729 1722 1720 1717 1710 1717 1738 1727 1733
856.203003 1726 1742 1716 1715 1715 1706 1713 1722 1729
856.221985 1733 1719 1718 1728 1711 1716 1719 1727 1726
856.242004 1729 1719 1723 1712 1712 1709 1719 1731 1717
856.260986 1727 1721 1724 1726 1718 1715 1731 1742 1714
856.281006 1732 1726 1714 1714 1702 1721 1722 1723 1730
856.301025 1727 1725 1721 1710 1732 1712 1720 1722 1735
856.320007 1735 1725 1733 1719 1718 1714 1722 1719 1723
856.340027 1728 1724 1727 1715 1721 1716 1726 1714 1729
856.359009 1722 1720 1726 1717 1709 1716 1735 1727 1728
856.379028 1736 1721 1728 1726 1720 1720 1727 1725 1727
856.398987 1721 1724 1729 1712 1718 1708 1719 1720 1729
856.41803 1727 1717 1717 1706 1707 1718 1732 1715 1728
856.437988 1720 1714 1719 1712 1717 1721 1722 1726 1736
856.45697 1728 1715 1713 1707 1714 1719 1721 1728 1725
856.47699 1714 1723 1716 1705 1718 1718 1713 1715 1733
856.497009 1719 1712 1722 1719 1708 1710 1719 1713 1719
856.515991 1720 1715 1715 1708 1704 1716 1714 1719 1715
856.536011 1721 1723 1709 1714 1710 1710 1706 1721 1723
856.554993 1719 1719 1707 1710 1701 1709 1726 1719 1723
856.575012 1726 1729 1714 1706 1704 1713 1707 1719 1728
856.594971 1730 1719 1708 1707 1712 1707 1720 1727 1723
856.614014 1715 1727 1707 1713 1717 1716 1703 1729 1718
856.633972 1721 1722 1715 1704 1707 1704 1715 1722 1711
856.653015 1724 1724 1713 1715 1707 1715 1722 1726 1728
856.672974 1721 1713 1714 1701 1723 1705 1709 1714 1718
856.692993 1715 1710 1712 1703 1708 1702 1725 1732 1720
856.711975 1720 1714 1700 1706 1708 1717 1723 1713 1716
856.731995 1720 1720 1720 1710 1704 1712 1714 1725 1710
856.750977 1717 1719 1709 1709 1711 1717 1721 1715 1722
856.770996 1716 1728 1705 1708 1716 1711 1723 1708 1735
856.791016 1710 1716 1718 1707 1710 1712 1715 1708 1716
856.809998 1719 1718 1716 1708 1705 1706 1712 1719 1721
856.830017 1715 1719 1707 1704 1699 1706 1707 1722 1715
856.848999 1720 1716 1714 1702 1705 1712 1714 1711 1703
856.869019 1711 1724 1716 1707 1705 1700 1706 1701 1717
856.888 1724 1721 1712 1711 1709 1700 1713 1716 1718
856.90802 1716 1706 1717 1712 1705 1698 1720 1712 1711
856.927979 1716 1725 1709 1706 1711 1693 1710 1717 1712
856.947021 1712 1717 1715 1705 1699 1710 1716 1717 1716
856.96698 1718 1722 1705 1706 1713 1705 1718 1721 1713
856.986023 1710 1702 1703 1709 1691 1700 1714 1720 1728
857.005981 1711 1706 1716 1710 1704 1703 1707 1715 1717
857.026001 1715 1715 1715 1705 1713 1707 1710 1714 1724
857.044983 1720 1705 1722 1707 1702 1713 1711 1720 1719
857.065002 1712 1711 1692 1704 1713 1703 1709 1712 1720
857.083984 1719 1722 1704 1706 1713 1706 1708 1720 1716
857.104004 1723 1721 1715 1702 1712 1704 1712 1719 1729
857.122986 1715 1714 1709 1708 1718 1719 1712 1705 1715
857.143005 1722 1715 1714 1704 1711 1702 1705 1716 1716
857.163025 1703 1721 1716 1706 1704 1696 1706 1713 1717
857.182007 1716 1702 1718 1706 1710 1704 1724 1719 1730
857.202026 1723 1711 1710 1704 1704 1704 1724 1717 1720
857.221008 1719 1711 1711 1706 1695 1708 1700 1719 1722
857.241028 1717 1724 1722 1705 1709 1710 1717 1729 1724
857.260986 1723 1722 1719 1710 1706 1712 1713 1713 1727
857.280029 1714 1716 1717 1711 1711 1706 1722 1719 1716
857.299988 1718 1715 1706 1705 1706 1719 1712 1725 1704
857.31897 1717 1696 1709 1716 1713 1702 1712 1717 1720
857.338989 1719 1719 1708 1707 1707 1710 1706 1719 1718
857.357971 1719 1724 1710 1708 1712 1717 1718 1722 1731
857.377991 1713 1718 1709 1699 1711 1702 1701 1709 1707
857.39801 1722 1704 1700 1689 1698 1712 1714 1712 1709
857.416992 1708 1715 1714 1707 1697 1716 1706 1705 1713
857.437012 1717 1713 1712 1707 1703 1706 1711 1715 1724
857.455994 1718 1713 1708 1700 1697 1704 1723 1708 1720
857.476013 1711 1705 1706 1709 1711 1719 1712 1712 1716
857.494995 1713 1711 1705 1707 1708 1700 1716 1725 1726
857.515015 1714 1716 1717 1701 1703 1702 1717 1703 1713
857.534973 1719 1709 1708 1714 1716 1710 1714 1715 1727
857.554016 1705 1706 1700 1699 1712 1705 1712 1714 1721
857.573975 1710 1702 1704 1703 1715 1700 1720 1720 1703
857.593018 1703 1719 1710 1709 1715 1716 1722 1708 1713
857.612976 1711 1705 1703 1717 1701 1714 1706 1704 1704
857.632019 1715 1716 1705 1699 1706 1706 1712 1708 1721
857.651978 1713 1721 1716 1708 1703 1722 1705 1705 1720
857.671997 1717 1709 1705 1706 1717 1696 1712 1711 1717
857.690979 1715 1708 1713 1728 1705 1706 1704 1706 1718
857.710999 1708 1720 1709 1703 1705 1713 1718 1705 1719
857.72998 1721 1704 1711 1704 1708 1709 1720 1717 1710
857.75 1716 1714 1704 1704 1697 1709 1722 1707 1712
857.768982 1706 1704 1710 1708 1703 1707 1706 1718 1726
857.789001 1719 1721 1710 1709 1703 1706 1714 1711 1708
857.807983 1708 1712 1717 1698 1714 1713 1709 1715 1713
857.828003 1712 1701 1710 1710 1706 1694 1710 1710 1718
857.848022 1696 1703 1715 1705 1706 1710 1724 1710 1709
857.867004 1711 1718 1721 1709 1700 1714 1716 1709 1708
857.887024 1712 1715 1701 1711 1710 1703 1706 1720 1702
857.906006 1710 1707 1710 1707 1707 1704 1711 1710 1710
857.926025 1706 1702 1711 1702 1690 1713 1714 1723 1714
857.945007 1716 1708 1699 1702 1705 1709 1719 1711 1724
857.965027 1710 1716 1697 1705 1703 1713 1707 1715 1717
857.984009 1711 1715 1715 1715 1710 1711 1720 1717 1712
858.004028 1713 1716 1712 1709 1706 1710 1725 1719 1727
858.02301 1710 1708 1704 1707 1717 1700 1714 1716 1715
858.04303 1712 1716 1705 1715 1708 1710 1701 1697 1705
858.062988 1709 1704 1709 1708 1707 1716 1699 1726 1722
858.08197 1723 1721 1712 1714 1718 1709 1716 1718 1721
858.10199 1716 1713 1699 1709 1701 1696 1712 1704 1708
858.120972 1717 1720 1721 1703 1711 1705 1705 1715 1717
858.140991 1708 1712 1718 1708 1708 1718 1702 1716 1715
858.159973 1712 1716 1713 1721 1702 1706 1695 1703 1717
858.179993 1705 1702 1711 1711 1694 1706 1702 1714 1714
858.198975 1719 1708 1713 1703 1704 1702 1707 1713 1712
858.218994 1714 1706 1715 1701 1699 1699 1704 1709 1717
858.239014 1703 1714 1713 1707 1699 1719 1698 1708 1717
858.257996 1706 1701 1710 1706 1724 1702 1698 1717 1713
858.278015 1714 1716 1705 1706 1714 1702 1710 1708 1707
858.296997 1710 1717 1715 1703 1702 1693 1704 1709 1710
858.317017 1706 1712 1705 1697 1712 1696 1704 1716 1706
858.335999 1701 1704 1712 1702 1710 1702 1704 1703 1703
858.356018 1714 1720 1700 1704 1699 1701 1715 1732 1711
858.375 1705 1697 1710 1709 1697 1700 1701 1712 1705
858.39502 1701 1706 1693 1703 1704 1695 1701 1715 1707
858.414001 1698 1687 1714 1708 1696 1695 1701 1697 1712
858.434021 1706 1704 1701 1701 1697 1703 1703 1707 1714
858.453003 1711 1690 1701 1704 1700 1695 1696 1701 1707
858.473022 1704 1695 1695 1699 1705 1697 1714 1704 1709
858.492004 1705 1695 1695 1707 1702 1699 1697 1712 1706
858.512024 1699 1708 1707 1697 1701 1700 1714 1706 1700
858.531982 1709 1699 1710 1701 1692 1698 1700 1707 1708
858.551025 1693 1705 1707 1702 1698 1696 1700 1697 1709
858.570984 1699 1708 1703 1705 1713 1708 1708 1710 1704
858.590027 1700 1701 1728 1706 1699 1699 1707 1705 1711
858.609985 1699 1703 1706 1707 1706 1702 1704 1708 1707
858.629028 1711 1708 1708 1703 1704 1708 1708 1707 1705
858.648987 1708 1724 1710 1694 1706 1710 1710 1700 1709
858.66803 1713 1710 1708 1704 1705 1704 1702 1712 1710
858.687988 1718 1707 1702 1716 1698 1705 1709 1710 1722
858.70697 1708 1704 1705 1710 1717 1706 1705 1696 1705
858.72699 1706 1705 1704 1711 1712 1698 1711 1713 1716
858.745972 1714 1705 1710 1712 1700 1708 1711 1710 1710
858.765991 1703 1704 1704 1703 1714 1715 1712 1711 1718
858.784973 1723 1717 1712 1718 1711 1710 1702 1706 1707
858.804993 1713 1709 1722 1706 1714 1713 1704 1724 1713
858.823975 1698 1700 1721 1716 1712 1712 1706 1702 1708
858.843994 1712 1716 1720 1716 1708 1707 1714 1711 1706
858.864014 1701 1711 1706 1721 1729 1716 1716 1713 1705
858.882996 1707 1719 1708 1707 1708 1704 1709 1703 1711
858.903015 1707 1699 1713 1700 1708 1707 1708 1712 1714
858.921997 1709 1722 1701 1717 1712 1708 1698 1707 1707
858.942017 1702 1698 1709 1702 1704 1699 1713 1709 1718
858.960999 1703 1708 1698 1707 1704 1702 1706 1705 1714
858.981018 1694 1698 1700 1701 1704 1706 1701 1716 1705
859 1716 1705 1699 1691 1705 1713 1710 1712 1694
859.02002 1715 1702 1697 1704 1700 1697 1701 1708 1703
859.039001 1704 1699 1707 1707 1702 1705 1713 1718 1704
859.059021 1709 1716 1706 1707 1693 1711 1696 1705 1710
859.078003 1697 1704 1710 1700 1708 1696 1712 1710 1713
859.098022 1703 1694 1693 1701 1704 1699 1695 1709 1710
859.117004 1700 1696 1702 1708 1695 1697 1711 1707 1713
859.137024 1697 1699 1712 1705 1706 1697 1699 1705 1715
859.156006 1710 1701 1697 1692 1703 1698 1697 1702 1712
859.176025 1710 1695 1701 1706 1699 1702 1706 1699 1703
859.195007 1714 1708 1702 1702 1703 1703 1696 1697 1702
859.215027 1709 1697 1706 1703 1693 1698 1704 1711 1703
859.234009 1704 1701 1702 1706 1708 1704 1708 1715 1710
859.254028 1706 1709 1692 1697 1705 1704 1703 1689 1707
859.27301 1706 1696 1695 1706 1705 1694 1703 1702 1708
859.29303 1703 1707 1696 1701 1700 1699 1693 1702 1705
859.312012 1696 1712 1701 1705 1695 1706 1708 1701 1705
859.33197 1698 1697 1699 1708 1696 1695 1697 1706 1714
859.351013 1701 1697 1709 1701 1708 1708 1717 1694 1691
859.370972 1707 1707 1712 1702 1696 1694 1698 1710 1698
859.390015 1696 1700 1713 1704 1718 1700 1695 1710 1702
859.409973 1695 1696 1701 1702 1707 1696 1696 1706 1697
859.429016 1701 1701 1701 1698 1705 1707 1706 1708 1703
859.448975 1711 1706 1705 1697 1710 1707 1698 1703 1713
859.468018 1710 1700 1705 1713 1689 1701 1706 1702 1708
859.487976 1707 1699 1712 1706 1704 1706 1702 1706 1698
859.507019 1697 1700 1703 1710 1697 1698 1713 1717 1709
859.526978 1714 1698 1710 1706 1711 1707 1720 1709 1711
859.546021 1713 1704 1707 1691 1702 1709 1710 1703 1719
859.565979 1700 1710 1714 1701 1705 1711 1713 1702 1710
859.585022 1714 1703 1709 1715 1714 1704 1698 1705 1708
859.60498 1698 1702 1715 1710 1710 1682 1700 1707 1702
859.624023 1707 1706 1710 1710 1706 1704 1705 1701 1709
859.643982 1711 1703 1713 1705 1710 1717 1700 1706 1717
859.663025 1718 1708 1714 1704 1704 1707 1705 1711 1707
859.682983 1703 1711 1706 1715 1709 1701 1699 1707 1710
859.702026 1709 1702 1711 1703 1708 1703 1709 1714 1714
859.721985 1700 1704 1705 1705 1703 1693 1714 1704 1693
859.741028 1698 1706 1701 1714 1700 1714 1708 1695 1710
859.760986 1706 1712 1713 1705 1708 1700 1697 1715 1712
859.780029 1707 1706 1705 1703 1699 1697 1714 1695 1708
859.799988 1702 1698 1704 1708 1717 1707 1707 1710 1704
859.81897 1693 1704 1694 1713 1694 1690 1714 1705 1707
859.838989 1706 1705 1694 1711 1699 1697 1699 1708 1706
859.857971 1704 1703 1708 1697 1700 1693 1703 1712 1704
859.877991 1705 1703 1705 1705 1702 1696 1701 1701 1705
859.896973 1708 1697 1697 1707 1705 1706 1707 1706 1699
859.916992 1701 1695 1704 1700 1704 1708 1698 1708 1709
859.935974 1701 1694 1705 1691 1704 1703 1701 1708 1705
859.955994 1694 1698 1698 1702 1697 1703 1702 1707 1711
859.974976 1692 1698 1705 1708 1709 1704 1697 1696 1706
859.994995 1700 1701 1701 1697 1703 1702 1697 1702 1702
860.013977 1691 1707 1696 1703 1700 1704 1697 1701 1699
860.033997 1696 1695 1699 1704 1702 1709 1701 1714 1704
860.052979 1711 1702 1700 1695 1696 1700 1683 1699 1706
860.072998 1695 1703 1704 1697 1701 1690 1698 1704 1698
860.09198 1697 1688 1704 1709 1698 1707 1700 1708 1698
860.112 1701 1702 1702 1701 1708 1699 1701 1700 1699
860.130981 1697 1699 1706 1702 1702 1712 1702 1708 1701
860.151001 1702 1697 1697 1698 1689 1702 1712 1694 1698
860.169983 1700 1704 1698 1691 1704 1686 1702 1702 1703
860.189026 1697 1707 1699 1701 1702 1700 1689 1705 1703
860.208984 1711 1701 1698 1694 1705 1706 1690 1699 1713
860.228027 1695 1699 1704 1703 1702 1700 1701 1700 1694
860.247986 1718 1699 1698 1694 1696 1689 1704 1699 1705
860.267029 1699 1704 1700 1699 1688 1700 1707 1705 1702
860.286987 1696 1700 1701 1698 1711 1698 1698 1698 1701
860.30603 1700 1705 1698 1710 1697 1708 1700 1696 1709
860.325989 1695 1703 1698 1698 1696 1698 1689 1692 1701
860.344971 1686 1700 1708 1704 1705 1702 1695 1702 1699
860.36499 1711 1696 1701 1696 1697 1702 1698 1694 1708
860.383972 1686 1695 1701 1710 1701 1704 1697 1697 1712
860.403992 1699 1706 1702 1699 1706 1691 1704 1705 1703
860.422974 1702 1699 1707 1699 1710 1703 1698 1707 1690
860.442993 1695 1700 1699 1703 1692 1697 1701 1707 1697
860.461975 1700 1688 1711 1699 1701 1704 1688 1707 1698
860.481995 1705 1696 1702 1705 1710 1694 1712 1700 1698
860.500977 1703 1704 1696 1705 1709 1704 1707 1709 1702
860.520996 1709 1707 1704 1714 1706 1702 1695 1704 1709
860.539978 1708 1703 1705 1719 1691 1702 1712 1702 1701
860.559021 1703 1686 1705 1713 1703 1697 1703 1709 1692
860.578979 1704 1706 1714 1710 1706 1709 1713 1707 1712
860.598022 1703 1696 1718 1706 1707 1706 1711 1699 1715
860.617981 1717 1703 1711 1701 1705 1701 1697 1717 1700
860.637024 1703 1711 1699 1703 1720 1704 1699 1709 1702
860.656982 1703 1698 1708 1693 1700 1707 1714 1702 1690
860.676025 1710 1694 1698 1699 1705 1702 1697 1718 1698
860.695984 1699 1704 1700 1699 1703 1704 1687 1707 1702
860.715027 1710 1702 1701 1709 1715 1694 1706 1707 1699
860.734985 1705 1708 1703 1706 1701 1713 1708 1702 1696
860.754028 1701 1704 1701 1709 1700 1694 1696 1709 1708
860.77301 1695 1695 1699 1724 1706 1702 1697 1697 1709
