0 11.25 22.5 33.75 45 56.25 67.5 78.75 90
828.851013 1683 1691 1691 1691 1697 1687 1682 1675 1684
828.870972 1676 1689 1692 1692 1688 1690 1675 1681 1679
828.890991 1676 1692 1692 1692 1689 1687 1681 1678 1680
828.911987 1677 1680 1691 1691 1693 1680 1686 1680 1670
828.932007 1682 1666 1689 1689 1705 1689 1678 1677 1681
828.953003 1681 1673 1676 1676 1688 1683 1686 1679 1676
828.973022 1676 1683 1687 1687 1693 1676 1677 1685 1678
828.994019 1680 1677 1688 1688 1682 1676 1670 1665 1666
829.013977 1684 1681 1672 1672 1684 1686 1668 1666 1680
829.034973 1676 1677 1681 1681 1681 1675 1676 1680 1664
829.054993 1667 1690 1662 1662 1684 1684 1680 1670 1673
829.075012 1672 1671 1683 1683 1690 1679 1675 1670 1664
829.096008 1663 1672 1675 1675 1683 1686 1669 1668 1662
829.116028 1670 1668 1677 1677 1674 1673 1669 1672 1667
829.137024 1669 1664 1677 1677 1695 1680 1664 1683 1679
829.156982 1664 1668 1676 1676 1680 1672 1667 1672 1663
829.177979 1670 1663 1668 1668 1685 1671 1671 1667 1664
829.197998 1668 1671 1678 1678 1674 1671 1672 1664 1660
829.218994 1667 1677 1663 1663 1687 1679 1673 1660 1666
829.239014 1663 1666 1671 1671 1679 1676 1665 1659 1664
829.258972 1667 1669 1686 1686 1672 1676 1655 1663 1669
829.280029 1660 1662 1675 1675 1681 1679 1664 1669 1653
829.299988 1671 1663 1672 1672 1665 1672 1668 1657 1670
829.320984 1664 1667 1661 1661 1678 1680 1661 1653 1664
829.341003 1663 1660 1675 1675 1670 1664 1662 1669 1654
829.362 1662 1662 1667 1667 1678 1667 1664 1657 1660
829.382019 1665 1669 1680 1680 1676 1663 1663 1660 1669
829.401978 1661 1659 1683 1683 1678 1668 1663 1662 1659
829.422974 1665 1678 1669 1669 1683 1673 1656 1661 1663
829.442993 1663 1669 1675 1675 1669 1669 1659 1667 1659
829.463989 1658 1663 1681 1681 1671 1675 1668 1664 1658
829.484009 1662 1664 1677 1677 1683 1669 1661 1665 1665
829.505005 1664 1669 1665 1665 1676 1672 1670 1663 1656
829.525024 1658 1673 1658 1658 1699 1668 1660 1666 1668
829.544983 1656 1677 1672 1672 1681 1678 1671 1652 1662
829.565979 1661 1664 1665 1665 1676 1674 1663 1659 1663
829.585999 1667 1664 1671 1671 1686 1680 1668 1659 1661
829.606995 1657 1657 1679 1679 1674 1665 1663 1663 1664
829.627014 1662 1665 1671 1671 1674 1672 1663 1669 1668
829.64801 1659 1666 1676 1676 1670 1673 1659 1662 1662
829.66803 1670 1672 1680 1680 1685 1669 1662 1659 1653
829.687988 1663 1673 1674 1674 1677 1668 1661 1660 1658
829.708984 1660 1667 1668 1668 1682 1673 1664 1658 1663
829.729004 1660 1658 1667 1667 1672 1667 1667 1654 1665
829.75 1664 1660 1673 1673 1681 1669 1664 1660 1660
829.77002 1658 1669 1673 1673 1681 1676 1661 1667 1659
829.791016 1674 1670 1681 1681 1686 1674 1658 1662 1659
829.810974 1670 1679 1676 1676 1682 1670 1669 1653 1659
829.830994 1662 1657 1674 1674 1675 1675 1666 1667 1656
829.85199 1679 1675 1673 1673 1685 1674 1668 1673 1665
829.872009 1664 1678 1669 1669 1684 1665 1670 1661 1668
829.893005 1663 1674 1679 1679 1679 1666 1660 1669 1675
829.913025 1660 1680 1681 1681 1676 1679 1675 1671 1671
829.932983 1668 1679 1682 1682 1691 1673 1664 1675 1656
829.953979 1668 1674 1682 1682 1682 1678 1671 1663 1667
829.973999 1668 1671 1678 1678 1682 1672 1672 1662 1659
829.994995 1679 1668 1688 1688 1684 1685 1681 1667 1667
830.015015 1661 1685 1678 1678 1682 1676 1679 1668 1680
830.036011 1669 1682 1678 1678 1683 1684 1669 1675 1677
830.05603 1671 1674 1680 1680 1683 1677 1677 1685 1673
830.075989 1678 1681 1679 1679 1686 1691 1677 1666 1678
830.096985 1668 1679 1678 1678 1683 1678 1686 1673 1677
830.117004 1679 1689 1687 1687 1694 1693 1690 1678 1678
830.138 1682 1677 1672 1672 1691 1688 1683 1677 1678
830.15802 1687 1681 1686 1686 1693 1698 1676 1671 1668
830.177979 1672 1676 1684 1684 1698 1689 1689 1682 1670
830.198975 1685 1683 1685 1685 1706 1698 1685 1687 1675
830.218994 1680 1688 1691 1691 1693 1689 1689 1679 1675
830.23999 1673 1675 1693 1693 1681 1685 1682 1684 1683
830.26001 1679 1680 1677 1677 1689 1697 1683 1681 1684
830.280029 1681 1682 1689 1689 1702 1688 1684 1678 1680
830.301025 1676 1684 1692 1692 1702 1688 1677 1683 1682
830.320984 1677 1683 1684 1684 1710 1687 1676 1675 1687
830.34198 1675 1685 1692 1692 1694 1691 1687 1677 1678
830.362 1675 1690 1680 1680 1693 1694 1681 1677 1674
830.382996 1680 1677 1693 1693 1686 1692 1690 1686 1680
830.403015 1680 1676 1692 1692 1700 1690 1678 1682 1680
830.422974 1674 1678 1695 1695 1689 1690 1677 1681 1681
830.44397 1674 1690 1689 1689 1694 1677 1685 1685 1678
830.463989 1680 1692 1693 1693 1690 1687 1686 1667 1679
830.484009 1678 1686 1704 1704 1696 1697 1675 1676 1689
830.505005 1674 1679 1680 1680 1695 1689 1672 1686 1674
830.525024 1681 1683 1689 1689 1693 1690 1682 1690 1678
830.546021 1685 1676 1692 1692 1697 1684 1673 1686 1678
830.565979 1681 1673 1689 1689 1695 1689 1679 1680 1678
830.585999 1668 1681 1687 1687 1698 1676 1677 1685 1682
830.606995 1688 1681 1694 1694 1689 1680 1690 1672 1674
830.627014 1679 1686 1678 1678 1694 1688 1680 1683 1668
830.64801 1673 1673 1692 1692 1682 1683 1681 1676 1669
830.66803 1685 1676 1681 1681 1685 1695 1672 1671 1681
830.687988 1669 1682 1689 1689 1696 1688 1675 1684 1674
830.708984 1681 1680 1682 1682 1676 1685 1681 1668 1670
830.729004 1674 1692 1678 1678 1690 1692 1670 1680 1669
830.75 1664 1669 1682 1682 1688 1693 1674 1668 1672
830.77002 1665 1679 1684 1684 1690 1686 1670 1672 1668
830.789978 1672 1681 1679 1679 1684 1673 1685 1666 1670
830.810974 1674 1679 1681 1681 1684 1677 1664 1672 1669
830.830994 1671 1671 1681 1681 1672 1679 1676 1673 1668
830.85199 1660 1667 1683 1683 1679 1683 1673 1671 1669
830.872009 1665 1681 1680 1680 1688 1684 1668 1663 1667
830.892029 1672 1677 1684 1684 1689 1684 1674 1670 1668
830.913025 1674 1671 1686 1686 1684 1685 1673 1671 1671
830.932983 1669 1671 1684 1684 1683 1681 1670 1670 1673
830.953979 1673 1667 1689 1689 1682 1674 1669 1664 1672
830.973999 1659 1669 1674 1674 1683 1672 1679 1661 1672
830.994019 1666 1674 1685 1685 1676 1680 1675 1668 1667
831.015015 1667 1673 1672 1672 1682 1685 1665 1667 1667
831.034973 1668 1671 1677 1677 1678 1663 1667 1667 1671
831.054993 1674 1665 1675 1675 1678 1672 1674 1671 1666
831.075989 1670 1661 1671 1671 1676 1673 1664 1670 1672
831.096008 1665 1672 1680 1680 1674 1681 1662 1666 1669
831.117004 1673 1668 1684 1684 1685 1668 1660 1669 1662
831.137024 1668 1668 1676 1676 1674 1680 1674 1668 1672
831.156982 1663 1679 1679 1679 1676 1686 1666 1673 1669
831.177979 1665 1674 1674 1674 1681 1680 1668 1671 1674
831.197998 1670 1674 1677 1677 1689 1681 1663 1661 1666
831.218994 1662 1662 1673 1673 1682 1683 1670 1667 1668
831.239014 1668 1661 1662 1662 1671 1672 1667 1670 1669
831.258972 1662 1661 1684 1684 1670 1677 1672 1671 1670
831.280029 1672 1664 1670 1670 1672 1677 1668 1664 1662
831.299988 1662 1669 1676 1676 1685 1676 1658 1665 1666
831.320007 1659 1675 1666 1666 1676 1668 1676 1666 1668
831.341003 1675 1661 1676 1676 1673 1672 1662 1670 1663
831.361023 1661 1663 1676 1676 1674 1671 1668 1663 1665
831.382019 1675 1669 1677 1677 1680 1671 1659 1672 1652
831.401978 1665 1676 1673 1673 1676 1687 1675 1664 1662
831.421997 1673 1661 1679 1679 1687 1675 1674 1679 1672
831.442993 1665 1672 1670 1670 1678 1672 1663 1666 1658
831.463013 1664 1678 1681 1681 1673 1669 1662 1672 1666
831.482971 1669 1669 1683 1683 1684 1676 1674 1671 1674
831.504028 1669 1674 1688 1688 1677 1683 1674 1671 1674
831.523987 1668 1674 1673 1673 1686 1678 1669 1674 1666
831.544983 1671 1662 1681 1681 1681 1674 1669 1676 1671
831.565002 1670 1672 1670 1670 1686 1669 1674 1670 1665
831.585022 1667 1664 1675 1675 1693 1678 1668 1661 1666
831.606018 1668 1674 1669 1669 1685 1678 1678 1676 1667
831.625977 1672 1669 1678 1678 1682 1681 1670 1672 1676
831.645996 1669 1665 1679 1679 1687 1681 1675 1673 1672
831.666992 1670 1671 1681 1681 1683 1673 1674 1677 1662
831.687012 1674 1672 1682 1682 1679 1686 1672 1674 1664
831.708008 1665 1672 1679 1679 1685 1681 1658 1665 1660
831.728027 1675 1666 1667 1667 1679 1674 1662 1675 1667
831.747986 1667 1667 1678 1678 1689 1683 1680 1669 1666
831.768982 1684 1670 1674 1674 1678 1684 1674 1666 1660
831.789001 1672 1671 1675 1675 1681 1675 1672 1670 1673
831.809021 1672 1670 1678 1678 1676 1677 1676 1671 1671
831.830017 1669 1675 1683 1683 1687 1682 1668 1663 1673
831.849976 1673 1679 1676 1676 1688 1678 1677 1669 1670
831.869995 1675 1672 1682 1682 1684 1689 1679 1677 1675
831.890991 1671 1679 1681 1681 1693 1688 1680 1662 1671
831.911011 1667 1673 1675 1675 1687 1680 1682 1671 1665
831.932007 1673 1678 1682 1682 1686 1690 1677 1680 1675
831.952026 1677 1679 1684 1684 1687 1687 1672 1684 1668
831.971985 1675 1685 1697 1697 1690 1684 1677 1678 1671
831.992981 1691 1675 1688 1688 1690 1682 1675 1674 1684
832.013 1683 1682 1685 1685 1689 1694 1677 1681 1672
832.03302 1672 1676 1672 1672 1683 1681 1673 1673 1681
832.054016 1677 1680 1682 1682 1695 1684 1678 1681 1680
832.073975 1680 1683 1686 1686 1689 1685 1690 1670 1684
832.093994 1672 1684 1685 1685 1688 1683 1677 1668 1676
832.11499 1679 1683 1678 1678 1686 1687 1683 1676 1678
832.13501 1675 1691 1686 1686 1686 1685 1689 1674 1678
832.155029 1678 1684 1682 1682 1695 1685 1687 1687 1679
832.176025 1680 1680 1686 1686 1696 1684 1673 1682 1678
832.195984 1673 1678 1696 1696 1693 1691 1683 1672 1676
832.216003 1682 1678 1687 1687 1684 1693 1686 1672 1682
832.237 1687 1689 1690 1690 1687 1686 1672 1686 1686
832.257019 1688 1692 1686 1686 1692 1689 1676 1687 1669
832.278015 1679 1687 1696 1696 1688 1692 1691 1697 1687
832.297974 1686 1689 1707 1707 1693 1696 1690 1686 1687
832.317993 1688 1693 1689 1689 1704 1686 1673 1681 1688
832.338989 1681 1675 1688 1688 1688 1691 1679 1683 1681
832.359009 1672 1685 1689 1689 1691 1700 1684 1671 1685
832.379028 1677 1684 1696 1696 1692 1687 1684 1679 1677
832.400024 1680 1686 1678 1678 1683 1698 1683 1680 1687
832.419983 1690 1692 1698 1698 1695 1691 1680 1672 1682
832.440002 1673 1691 1689 1689 1703 1699 1689 1688 1686
832.460999 1690 1687 1700 1700 1684 1696 1687 1680 1682
832.481018 1680 1687 1698 1698 1702 1702 1685 1684 1682
832.500977 1680 1692 1699 1699 1697 1682 1685 1689 1681
832.521973 1680 1693 1695 1695 1692 1688 1689 1690 1669
832.541992 1696 1687 1695 1695 1701 1700 1680 1685 1688
832.562012 1683 1679 1709 1709 1698 1697 1681 1687 1684
832.583008 1676 1694 1695 1695 1691 1690 1690 1687 1693
832.603027 1692 1692 1698 1698 1694 1699 1691 1681 1678
832.622986 1688 1694 1697 1697 1702 1696 1691 1676 1684
832.643982 1674 1680 1692 1692 1690 1697 1691 1682 1681
832.664001 1677 1678 1690 1690 1695 1689 1680 1677 1678
832.684021 1680 1683 1694 1694 1696 1692 1678 1682 1685
832.705017 1685 1688 1696 1696 1693 1698 1687 1685 1680
832.724976 1692 1680 1696 1696 1701 1698 1686 1685 1679
832.744995 1678 1672 1693 1693 1701 1693 1686 1665 1679
832.765991 1681 1698 1698 1698 1688 1675 1681 1687 1681
832.786011 1683 1682 1689 1689 1683 1695 1672 1682 1672
832.80603 1684 1682 1691 1691 1694 1674 1676 1681 1668
832.827026 1672 1691 1680 1680 1691 1688 1679 1681 1677
832.846985 1686 1689 1691 1691 1691 1698 1678 1682 1682
832.867004 1676 1686 1697 1697 1692 1695 1685 1678 1670
832.888 1679 1679 1691 1691 1691 1681 1684 1674 1680
832.90802 1680 1683 1673 1673 1686 1675 1683 1672 1676
832.927979 1668 1694 1682 1682 1689 1689 1671 1675 1679
832.948975 1686 1687 1677 1677 1694 1691 1682 1669 1675
832.968994 1671 1680 1682 1682 1693 1692 1675 1679 1682
832.989014 1676 1688 1686 1686 1687 1688 1671 1678 1680
833.01001 1686 1674 1687 1687 1689 1695 1679 1677 1671
833.030029 1674 1682 1678 1678 1681 1688 1674 1678 1669
833.049988 1673 1666 1692 1692 1696 1693 1681 1674 1669
833.070984 1667 1685 1690 1690 1687 1679 1679 1667 1682
833.091003 1675 1685 1683 1683 1690 1677 1679 1680 1681
833.111023 1676 1688 1686 1686 1691 1687 1670 1673 1663
833.132019 1675 1674 1686 1686 1694 1693 1682 1670 1680
833.151978 1670 1676 1680 1680 1685 1689 1678 1670 1672
833.171997 1670 1670 1683 1683 1684 1688 1681 1674 1658
833.192993 1671 1675 1677 1677 1680 1688 1667 1675 1664
833.213013 1682 1673 1677 1677 1684 1685 1666 1679 1673
833.232971 1669 1667 1678 1678 1690 1685 1665 1670 1661
833.254028 1685 1673 1675 1675 1678 1670 1675 1662 1659
833.273987 1673 1681 1679 1679 1681 1685 1674 1669 1670
833.294006 1677 1684 1677 1677 1685 1677 1667 1678 1666
833.315002 1674 1671 1674 1674 1679 1683 1676 1673 1673
833.335022 1677 1678 1681 1681 1680 1683 1680 1680 1667
833.35498 1661 1674 1680 1680 1683 1679 1677 1673 1675
833.375977 1681 1676 1677 1677 1680 1673 1662 1672 1679
833.395996 1670 1672 1676 1676 1686 1689 1663 1672 1666
833.416016 1673 1676 1679 1679 1687 1683 1679 1673 1687
833.437012 1670 1662 1679 1679 1673 1684 1674 1669 1667
833.45697 1660 1666 1678 1678 1693 1677 1673 1662 1666
833.47699 1664 1672 1671 1671 1673 1680 1675 1670 1663
833.497009 1662 1674 1675 1675 1686 1676 1673 1669 1663
833.518005 1680 1673 1680 1680 1679 1676 1680 1671 1676
833.538025 1666 1671 1669 1669 1683 1668 1662 1671 1666
833.557983 1666 1666 1677 1677 1680 1680 1678 1661 1671
833.578979 1677 1667 1674 1674 1678 1683 1679 1674 1662
833.598999 1667 1685 1676 1676 1680 1678 1666 1668 1662
833.619019 1666 1667 1688 1688 1682 1675 1675 1683 1656
833.640015 1671 1671 1676 1676 1677 1681 1668 1664 1664
833.659973 1666 1674 1675 1675 1686 1677 1670 1654 1672
833.679993 1669 1672 1679 1679 1677 1675 1674 1666 1675
833.700989 1671 1678 1681 1681 1688 1671 1668 1679 1676
833.721008 1665 1664 1660 1660 1683 1673 1670 1673 1667
833.741028 1674 1674 1680 1680 1693 1673 1674 1670 1661
833.762024 1673 1673 1665 1665 1680 1678 1674 1667 1665
833.781982 1677 1676 1676 1676 1684 1680 1671 1675 1664
833.802002 1670 1681 1683 1683 1685 1670 1674 1665 1669
833.822021 1669 1685 1680 1680 1690 1684 1674 1670 1671
833.843018 1665 1681 1670 1670 1677 1676 1666 1669 1669
833.862976 1672 1675 1679 1679 1676 1676 1667 1670 1661
833.882996 1668 1674 1672 1672 1677 1673 1670 1660 1666
833.903992 1673 1679 1678 1678 1678 1689 1674 1662 1670
833.924011 1672 1673 1676 1676 1682 1677 1672 1665 1673
833.94397 1666 1674 1674 1674 1688 1679 1667 1666 1675
833.965027 1668 1673 1681 1681 1686 1677 1672 1669 1684
833.984985 1678 1674 1678 1678 1673 1678 1664 1668 1675
834.005005 1675 1672 1688 1688 1685 1685 1670 1675 1672
834.026001 1669 1668 1678 1678 1687 1666 1668 1663 1685
834.046021 1669 1675 1683 1683 1691 1678 1682 1670 1665
834.065979 1677 1671 1675 1675 1685 1672 1670 1657 1677
834.085999 1679 1673 1682 1682 1682 1687 1671 1677 1673
834.106995 1671 1673 1678 1678 1683 1672 1676 1668 1667
834.127014 1670 1667 1676 1676 1675 1682 1677 1672 1670
834.146973 1676 1680 1667 1667 1672 1681 1681 1665 1667
834.16803 1666 1673 1679 1679 1680 1680 1677 1673 1671
834.187988 1659 1677 1683 1683 1680 1679 1674 1676 1670
834.208008 1671 1676 1677 1677 1693 1681 1673 1671 1676
834.228027 1669 1671 1680 1680 1688 1673 1671 1674 1662
834.249023 1677 1665 1685 1685 1686 1671 1673 1685 1672
834.268982 1674 1673 1681 1681 1682 1689 1678 1671 1667
834.289001 1674 1678 1674 1674 1675 1672 1670 1671 1674
834.309998 1676 1677 1674 1674 1684 1680 1671 1670 1672
834.330017 1667 1671 1673 1673 1673 1671 1675 1664 1669
834.349976 1673 1679 1682 1682 1684 1677 1665 1667 1667
834.369995 1675 1681 1668 1668 1692 1671 1670 1660 1667
834.390991 1672 1667 1682 1682 1686 1672 1670 1677 1663
834.411011 1670 1665 1675 1675 1679 1681 1671 1680 1667
834.43103 1673 1661 1693 1693 1690 1674 1669 1669 1677
834.452026 1678 1677 1676 1676 1684 1677 1677 1672 1673
834.471985 1670 1679 1694 1694 1678 1672 1665 1671 1678
834.492004 1675 1670 1683 1683 1674 1683 1674 1666 1671
834.513 1675 1676 1682 1682 1685 1679 1687 1669 1688
834.53302 1679 1680 1679 1679 1691 1679 1672 1673 1668
834.552979 1674 1676 1689 1689 1679 1686 1663 1673 1663
834.572998 1680 1679 1672 1672 1686 1681 1679 1678 1674
834.593994 1675 1677 1685 1685 1684 1684 1677 1672 1675
834.614014 1675 1676 1682 1682 1691 1682 1667 1664 1672
834.633972 1670 1683 1689 1689 1689 1687 1674 1677 1674
834.653992 1672 1673 1686 1686 1688 1671 1679 1671 1670
834.674988 1668 1685 1672 1672 1691 1685 1681 1665 1663
834.695007 1671 1673 1692 1692 1688 1698 1679 1680 1683
834.715027 1676 1673 1688 1688 1686 1682 1671 1668 1670
834.736023 1670 1682 1675 1675 1688 1683 1684 1682 1669
834.755981 1676 1675 1689 1689 1688 1685 1680 1684 1685
834.776001 1674 1681 1693 1693 1682 1682 1681 1672 1671
834.796021 1675 1681 1695 1695 1692 1699 1677 1682 1674
834.817017 1677 1690 1683 1683 1685 1688 1665 1677 1675
834.836975 1674 1691 1689 1689 1680 1689 1683 1667 1680
834.856995 1681 1679 1694 1694 1696 1691 1690 1677 1664
834.877991 1681 1674 1685 1685 1701 1698 1672 1676 1678
834.89801 1687 1678 1680 1680 1693 1692 1679 1667 1690
834.91803 1682 1685 1688 1688 1694 1694 1692 1687 1681
834.937988 1675 1682 1686 1686 1699 1676 1689 1680 1686
834.958984 1679 1691 1685 1685 1689 1691 1680 1681 1680
834.979004 1690 1687 1706 1706 1692 1693 1684 1677 1684
834.999023 1687 1686 1692 1692 1694 1703 1683 1683 1675
835.018982 1678 1679 1681 1681 1690 1690 1682 1683 1675
835.039978 1672 1690 1694 1694 1693 1693 1693 1682 1683
835.059998 1686 1678 1677 1677 1680 1684 1685 1679 1680
835.080017 1686 1673 1692 1692 1695 1689 1678 1668 1676
835.101013 1688 1685 1685 1685 1700 1684 1681 1678 1682
835.120972 1685 1687 1691 1691 1689 1693 1688 1677 1684
835.140991 1679 1686 1692 1692 1685 1690 1685 1683 1675
835.161011 1675 1688 1693 1693 1680 1700 1672 1682 1673
835.182007 1675 1687 1685 1685 1686 1697 1684 1682 1685
835.202026 1688 1682 1689 1689 1688 1696 1688 1678 1685
835.221985 1665 1683 1688 1688 1698 1690 1680 1677 1674
835.242004 1666 1674 1682 1682 1700 1691 1677 1683 1675
835.263 1672 1695 1689 1689 1691 1685 1688 1673 1680
835.28302 1682 1692 1689 1689 1699 1681 1682 1675 1688
835.302979 1681 1681 1693 1693 1689 1695 1687 1679 1675
835.322998 1691 1674 1687 1687 1695 1696 1679 1677 1688
835.343994 1678 1676 1687 1687 1685 1696 1676 1677 1690
835.364014 1674 1679 1693 1693 1691 1689 1669 1674 1682
835.383972 1685 1679 1684 1684 1685 1690 1673 1683 1680
835.403992 1677 1679 1697 1697 1689 1692 1676 1679 1683
835.424988 1688 1677 1685 1685 1694 1683 1688 1684 1689
835.445007 1679 1679 1680 1680 1691 1687 1681 1686 1681
835.465027 1683 1689 1686 1686 1688 1689 1680 1685 1683
835.486023 1664 1682 1679 1679 1694 1687 1675 1678 1680
835.505981 1687 1687 1684 1684 1689 1689 1668 1682 1678
835.526001 1685 1684 1687 1687 1694 1691 1681 1674 1678
835.546021 1689 1680 1687 1687 1679 1695 1677 1667 1683
835.567017 1678 1677 1679 1679 1687 1683 1672 1675 1682
835.586975 1672 1678 1690 1690 1686 1681 1676 1671 1688
835.606995 1673 1692 1694 1694 1702 1681 1666 1680 1684
835.627014 1663 1676 1674 1674 1684 1682 1672 1672 1678
835.64801 1684 1679 1688 1688 1694 1692 1679 1667 1679
835.66803 1684 1677 1682 1682 1694 1682 1670 1672 1676
835.687988 1683 1681 1681 1681 1692 1678 1678 1684 1682
835.708008 1683 1680 1686 1686 1681 1684 1678 1676 1671
835.729004 1673 1673 1691 1691 1690 1684 1678 1678 1685
835.749023 1674 1682 1689 1689 1693 1689 1677 1681 1678
835.768982 1674 1680 1689 1689 1687 1689 1681 1676 1684
835.789001 1681 1684 1687 1687 1681 1683 1690 1680 1682
835.809998 1684 1684 1690 1690 1693 1691 1693 1677 1688
835.830017 1682 1688 1683 1683 1701 1688 1676 1674 1681
835.849976 1685 1685 1679 1679 1691 1680 1681 1674 1666
835.869995 1684 1682 1681 1681 1700 1699 1681 1678 1680
835.890991 1680 1681 1690 1690 1697 1682 1683 1684 1679
835.911011 1688 1679 1695 1695 1699 1688 1682 1681 1675
835.93103 1680 1695 1684 1684 1691 1698 1683 1683 1679
835.950989 1670 1688 1687 1687 1688 1672 1686 1687 1684
835.971985 1689 1685 1679 1679 1700 1696 1681 1678 1686
835.992004 1684 1685 1701 1701 1696 1689 1685 1684 1680
836.012024 1689 1689 1692 1692 1689 1698 1686 1688 1680
836.031982 1684 1673 1702 1702 1702 1687 1685 1685 1684
836.052002 1686 1678 1687 1687 1695 1686 1687 1688 1683
836.072998 1687 1686 1695 1695 1692 1691 1686 1684 1685
836.093018 1689 1685 1698 1698 1696 1698 1686 1688 1688
836.112976 1685 1688 1692 1692 1701 1695 1681 1676 1683
836.132996 1681 1678 1689 1689 1699 1697 1679 1686 1685
836.153992 1685 1677 1702 1702 1686 1689 1683 1688 1678
836.174011 1675 1685 1696 1696 1700 1690 1699 1673 1680
836.19397 1685 1691 1688 1688 1690 1689 1688 1684 1679
836.213989 1679 1688 1695 1695 1693 1703 1679 1676 1686
836.234985 1689 1683 1689 1689 1697 1702 1684 1670 1680
836.255005 1673 1679 1699 1699 1691 1692 1686 1679 1677
836.275024 1685 1687 1692 1692 1699 1691 1676 1683 1683
836.294983 1681 1686 1679 1679 1694 1692 1677 1680 1691
836.315979 1673 1683 1689 1689 1692 1693 1680 1678 1682
836.335999 1691 1679 1688 1688 1686 1677 1690 1703 1685
836.356018 1689 1687 1684 1684 1699 1685 1684 1681 1677
836.375977 1681 1685 1691 1691 1691 1695 1682 1681 1690
836.395996 1685 1690 1685 1685 1691 1692 1680 1685 1669
836.416992 1681 1678 1692 1692 1686 1687 1671 1686 1685
836.437012 1679 1671 1685 1685 1686 1691 1670 1680 1682
836.45697 1676 1683 1694 1694 1687 1688 1682 1679 1679
836.47699 1695 1680 1686 1686 1688 1684 1687 1687 1685
836.497986 1681 1692 1688 1688 1698 1687 1673 1683 1675
836.518005 1678 1676 1696 1696 1692 1688 1676 1681 1687
836.538025 1685 1689 1688 1688 1684 1686 1677 1678 1691
836.557983 1681 1683 1696 1696 1691 1688 1683 1680 1671
836.578979 1686 1677 1688 1688 1691 1693 1689 1689 1672
836.598999 1688 1701 1681 1681 1689 1695 1693 1692 1684
836.619019 1682 1677 1681 1681 1685 1699 1683 1682 1683
836.638977 1681 1687 1690 1690 1694 1687 1685 1689 1677
836.658997 1683 1678 1693 1693 1686 1688 1680 1679 1679
836.679993 1677 1690 1694 1694 1682 1689 1685 1680 1679
836.700012 1679 1678 1691 1691 1694 1692 1683 1689 1677
836.719971 1687 1674 1688 1688 1688 1682 1684 1682 1675
836.73999 1686 1687 1683 1683 1694 1685 1687 1689 1682
836.760986 1686 1686 1684 1684 1687 1690 1681 1680 1690
836.781006 1683 1686 1695 1695 1694 1689 1682 1685 1682
836.801025 1683 1687 1683 1683 1693 1683 1689 1687 1683
836.820984 1679 1689 1687 1687 1695 1689 1692 1681 1684
836.841003 1683 1679 1691 1691 1679 1695 1681 1686 1686
836.862 1674 1699 1690 1690 1697 1687 1690 1687 1684
836.882019 1677 1686 1688 1688 1688 1691 1679 1671 1683
836.901978 1683 1688 1690 1690 1691 1684 1679 1681 1680
836.921997 1686 1684 1690 1690 1691 1699 1687 1683 1675
836.942993 1684 1687 1694 1694 1701 1695 1693 1682 1689
836.963013 1684 1692 1695 1695 1699 1689 1683 1686 1692
836.982971 1687 1696 1697 1697 1696 1701 1692 1684 1687
837.002991 1691 1692 1702 1702 1689 1701 1694 1680 1679
837.02301 1691 1684 1690 1690 1703 1697 1695 1687 1682
837.044006 1686 1675 1708 1708 1695 1699 1691 1691 1701
837.064026 1695 1695 1691 1691 1697 1692 1688 1696 1697
837.083984 1684 1693 1707 1707 1697 1701 1700 1696 1693
837.104004 1691 1691 1703 1703 1712 1692 1689 1702 1696
837.124023 1697 1695 1689 1689 1688 1692 1691 1693 1690
837.14502 1687 1693 1697 1697 1700 1704 1699 1688 1695
837.164978 1693 1691 1693 1693 1700 1703 1688 1695 1693
837.184998 1691 1706 1696 1696 1713 1703 1695 1689 1697
837.205017 1701 1701 1707 1707 1700 1700 1692 1685 1701
837.224976 1689 1703 1706 1706 1707 1709 1695 1691 1692
837.245972 1692 1688 1698 1698 1701 1699 1685 1689 1696
837.265991 1692 1699 1698 1698 1695 1699 1702 1689 1695
837.286011 1688 1708 1694 1694 1703 1691 1700 1685 1700
837.30603 1694 1704 1707 1707 1701 1703 1691 1689 1699
837.325989 1692 1686 1697 1697 1704 1695 1692 1697 1683
837.346985 1686 1695 1701 1701 1697 1700 1694 1692 1701
837.367004 1684 1694 1691 1691 1696 1701 1694 1684 1681
837.387024 1682 1691 1707 1707 1707 1694 1686 1686 1693
837.406982 1688 1689 1701 1701 1697 1704 1690 1693 1691
837.427002 1699 1693 1699 1699 1702 1705 1687 1683 1694
837.447998 1697 1697 1700 1700 1702 1706 1691 1681 1685
837.468018 1689 1706 1696 1696 1701 1689 1706 1693 1692
837.487976 1689 1701 1701 1701 1695 1696 1691 1695 1704
837.507996 1697 1695 1702 1702 1705 1701 1700 1703 1690
837.528992 1692 1702 1704 1704 1694 1702 1693 1689 1700
837.549011 1696 1700 1708 1708 1703 1695 1696 1693 1694
837.56897 1693 1700 1703 1703 1704 1704 1692 1691 1695
837.588989 1700 1696 1695 1695 1710 1699 1695 1695 1688
837.609009 1704 1690 1699 1699 1704 1705 1694 1696 1698
837.629028 1702 1709 1695 1695 1699 1700 1700 1688 1699
837.650024 1691 1699 1711 1711 1709 1696 1696 1705 1701
837.669983 1697 1697 1716 1716 1716 1693 1694 1700 1699
837.690002 1708 1700 1706 1706 1698 1705 1704 1693 1693
837.710022 1703 1696 1702 1702 1707 1702 1709 1705 1694
837.72998 1691 1696 1710 1710 1707 1702 1699 1700 1697
837.750977 1717 1698 1704 1704 1715 1712 1696 1698 1710
837.770996 1707 1720 1704 1704 1702 1714 1701 1693 1710
837.791016 1699 1709 1707 1707 1723 1712 1705 1694 1711
837.810974 1709 1715 1712 1712 1696 1714 1704 1704 1708
837.830994 1709 1712 1722 1722 1711 1716 1708 1708 1708
837.85199 1711 1701 1708 1708 1715 1702 1699 1707 1712
837.872009 1712 1708 1715 1715 1718 1715 1700 1708 1705
837.892029 1712 1699 1707 1707 1715 1709 1715 1712 1714
837.911987 1715 1699 1714 1714 1711 1718 1710 1705 1718
837.932007 1704 1709 1704 1704 1709 1706 1707 1708 1715
837.953003 1711 1719 1716 1716 1714 1715 1708 1713 1715
837.973022 1705 1718 1710 1710 1715 1720 1718 1709 1725
837.992981 1711 1709 1724 1724 1719 1708 1713 1710 1712
838.013 1711 1720 1712 1712 1714 1718 1717 1712 1712
838.03302 1703 1714 1724 1724 1723 1710 1714 1717 1713
838.052979 1711 1716 1719 1719 1717 1722 1713 1716 1716
838.073975 1710 1712 1722 1722 1716 1711 1725 1719 1705
838.093994 1722 1725 1719 1719 1715 1724 1717 1714 1720
838.114014 1721 1725 1730 1730 1710 1719 1718 1715 1724
838.133972 1722 1718 1729 1729 1717 1706 1710 1729 1723
838.153992 1715 1726 1723 1723 1733 1725 1734 1718 1736
838.174011 1724 1730 1727 1727 1727 1725 1715 1725 1720
838.195007 1723 1726 1722 1722 1735 1718 1723 1723 1728
838.215027 1732 1740 1728 1728 1726 1719 1720 1719 1729
838.234985 1723 1731 1737 1737 1727 1725 1728 1735 1728
838.255005 1718 1727 1717 1717 1715 1723 1737 1721 1736
838.275024 1748 1722 1740 1740 1723 1737 1727 1726 1720
838.296021 1736 1733 1712 1712 1725 1728 1730 1738 1738
838.315979 1744 1726 1727 1727 1731 1730 1732 1744 1739
838.335999 1728 1736 1731 1731 1720 1732 1729 1723 1734
838.356018 1740 1741 1738 1738 1725 1734 1728 1739 1743
838.375977 1730 1739 1737 1737 1730 1724 1729 1733 1736
838.395996 1751 1741 1732 1732 1739 1734 1718 1748 1733
838.416992 1744 1751 1737 1737 1722 1716 1725 1727 1747
838.437012 1743 1743 1743 1743 1728 1732 1728 1746 1754
838.45697 1747 1745 1735 1735 1722 1737 1732 1741 1741
838.47699 1743 1748 1750 1750 1732 1735 1743 1748 1747
838.497009 1755 1753 1735 1735 1731 1734 1724 1742 1742
838.517029 1758 1751 1756 1756 1741 1749 1735 1750 1758
838.538025 1766 1752 1739 1739 1730 1738 1735 1748 1770
838.557983 1759 1744 1739 1739 1737 1749 1758 1748 1752
838.578003 1755 1764 1749 1749 1740 1730 1744 1756 1765
838.598022 1766 1764 1747 1747 1743 1740 1739 1768 1758
838.617981 1769 1745 1753 1753 1737 1729 1756 1756 1760
838.638 1772 1755 1739 1739 1739 1741 1750 1762 1769
838.658997 1767 1752 1755 1755 1738 1742 1743 1751 1768
838.679016 1766 1760 1752 1752 1745 1757 1740 1772 1772
838.698975 1775 1765 1747 1747 1732 1744 1751 1765 1777
838.718994 1779 1757 1755 1755 1750 1747 1753 1768 1765
838.739014 1776 1776 1750 1750 1742 1743 1755 1775 1793
838.758972 1782 1777 1765 1765 1751 1745 1758 1782 1774
838.780029 1784 1771 1766 1766 1743 1753 1757 1776 1781
838.799988 1789 1770 1771 1771 1755 1768 1772 1791 1786
838.820007 1808 1795 1769 1769 1752 1742 1774 1782 1788
838.840027 1790 1793 1764 1764 1742 1758 1763 1806 1798
838.859985 1791 1787 1769 1769 1745 1761 1772 1798 1793
838.880005 1785 1789 1777 1777 1754 1749 1777 1806 1804
838.901001 1813 1799 1789 1789 1744 1750 1780 1804 1795
838.921021 1813 1803 1777 1777 1761 1770 1789 1805 1808
838.940979 1807 1806 1785 1785 1762 1770 1783 1810 1811
838.960999 1823 1801 1784 1784 1765 1766 1788 1810 1814
838.981018 1814 1802 1791 1791 1762 1771 1799 1811 1812
839.000977 1825 1810 1782 1782 1760 1761 1800 1812 1817
839.020996 1830 1810 1789 1789 1762 1784 1782 1810 1832
839.041992 1825 1822 1796 1796 1766 1778 1802 1820 1824
839.062012 1831 1825 1793 1793 1763 1770 1797 1833 1827
839.08197 1832 1819 1793 1793 1771 1771 1807 1820 1831
839.10199 1834 1826 1800 1800 1780 1778 1809 1832 1838
839.122009 1837 1836 1790 1790 1785 1794 1808 1836 1842
839.142029 1840 1827 1797 1797 1773 1788 1803 1813 1839
839.161987 1843 1841 1794 1794 1776 1782 1802 1832 1829
839.182983 1832 1832 1802 1802 1773 1797 1817 1835 1841
839.203003 1837 1845 1792 1792 1785 1803 1819 1842 1855
839.223022 1847 1843 1799 1799 1779 1806 1826 1852 1847
839.242981 1840 1846 1809 1809 1785 1787 1813 1847 1859
839.263 1865 1839 1822 1822 1778 1794 1824 1845 1851
839.28302 1850 1845 1828 1828 1802 1797 1816 1854 1864
839.304016 1863 1837 1817 1817 1795 1806 1838 1869 1855
839.323975 1868 1860 1824 1824 1788 1799 1836 1859 1870
839.343994 1874 1867 1813 1813 1792 1801 1836 1847 1872
839.364014 1862 1864 1835 1835 1801 1816 1828 1851 1886
839.383972 1866 1859 1841 1841 1787 1817 1837 1864 1860
839.403992 1878 1857 1831 1831 1785 1804 1837 1866 1885
839.424011 1875 1859 1825 1825 1799 1799 1814 1858 1877
839.445007 1866 1858 1841 1841 1790 1808 1835 1865 1880
839.465027 1879 1871 1839 1839 1788 1813 1850 1884 1875
839.484985 1862 1872 1835 1835 1802 1810 1836 1877 1870
839.505005 1869 1875 1836 1836 1810 1817 1837 1868 1886
839.525024 1882 1875 1839 1839 1814 1817 1850 1884 1890
839.544983 1883 1872 1841 1841 1805 1807 1844 1882 1887
839.565002 1896 1878 1848 1848 1808 1821 1847 1870 1880
839.585999 1891 1885 1846 1846 1795 1829 1860 1880 1892
839.606018 1896 1890 1841 1841 1812 1840 1867 1887 1896
839.625977 1902 1887 1850 1850 1807 1836 1859 1891 1887
839.645996 1902 1879 1870 1870 1824 1828 1857 1886 1898
839.666016 1910 1877 1866 1866 1834 1826 1877 1892 1918
839.685974 1900 1903 1864 1864 1819 1837 1874 1896 1916
839.705994 1919 1911 1857 1857 1828 1838 1870 1925 1922
839.726013 1912 1917 1871 1871 1840 1836 1873 1909 1912
839.747009 1921 1918 1855 1855 1820 1838 1883 1900 1917
839.767029 1901 1910 1876 1876 1822 1855 1860 1925 1921
839.786987 1928 1912 1856 1856 1823 1843 1879 1904 1941
839.807007 1934 1918 1882 1882 1828 1861 1890 1921 1931
839.827026 1928 1904 1879 1879 1828 1843 1889 1925 1937
839.846985 1944 1894 1881 1881 1841 1844 1896 1924 1935
839.867004 1959 1929 1881 1881 1831 1860 1892 1924 1932
839.887024 1945 1932 1897 1897 1838 1870 1897 1933 1948
839.90802 1940 1942 1884 1884 1836 1862 1919 1942 1937
839.927979 1944 1933 1903 1903 1850 1870 1904 1947 1948
839.947998 1971 1939 1907 1907 1851 1880 1918 1959 1949
839.968018 1969 1953 1903 1903 1857 1886 1935 1961 1981
839.987976 1981 1951 1906 1906 1865 1880 1929 1966 1981
840.007996 1978 1972 1923 1923 1865 1885 1917 1977 1990
840.028015 1986 1975 1932 1932 1879 1888 1937 1972 1993
840.047974 1993 1961 1930 1930 1865 1891 1945 1979 1992
840.06897 2011 1970 1924 1924 1880 1907 1947 1994 1996
840.088989 2003 1977 1944 1944 1869 1908 1946 2005 2003
840.109009 2004 1983 1947 1947 1874 1902 1946 2003 2008
840.129028 2020 1976 1936 1936 1882 1912 1972 2011 2023
840.148987 2015 1985 1958 1958 1876 1909 1976 2022 2037
840.169006 2034 1996 1944 1944 1874 1906 1961 2015 2037
840.189026 2013 1988 1944 1944 1899 1918 1976 2004 2045
840.208984 2047 2020 1950 1950 1893 1912 1982 2040 2042
840.22998 2060 2012 1945 1945 1884 1909 1979 2042 2052
840.25 2051 2017 1956 1956 1885 1937 1977 2034 2058
840.27002 2052 2012 1971 1971 1897 1941 1987 2034 2060
840.289978 2060 2046 1966 1966 1890 1938 1999 2054 2068
840.309998 2065 2027 1966 1966 1889 1931 1984 2073 2077
840.330017 2084 2050 1979 1979 1899 1931 1999 2071 2080
840.349976 2078 2042 1973 1973 1876 1942 1996 2083 2088
840.369995 2104 2050 1976 1976 1913 1951 2012 2104 2110
840.390015 2114 2052 1985 1985 1890 1953 2022 2089 2113
840.411011 2110 2061 1994 1994 1902 1953 2030 2094 2111
840.43103 2109 2065 1976 1976 1915 1945 2023 2095 2108
840.450989 2120 2064 1980 1980 1914 1955 2032 2092 2117
840.471008 2112 2079 1991 1991 1906 1966 2025 2118 2103
840.491028 2131 2081 1998 1998 1907 1963 2025 2121 2132
840.510986 2128 2080 1979 1979 1902 1954 2044 2108 2136
840.531006 2134 2074 2015 2015 1910 1961 2059 2134 2124
840.551025 2133 2076 1990 1990 1904 1960 2065 2118 2135
840.570984 2140 2092 1995 1995 1913 1955 2046 2125 2168
840.59198 2132 2095 1991 1991 1919 1965 2043 2128 2140
840.612 2137 2088 2014 2014 1924 1956 2040 2129 2143
840.632019 2124 2075 1998 1998 1896 1964 2036 2129 2142
840.651978 2157 2070 2002 2002 1924 1950 2041 2094 2122
840.671997 2125 2069 1992 1992 1907 1962 2036 2120 2107
840.692017 2127 2084 1982 1982 1899 1949 2050 2103 2122
840.711975 2120 2062 1976 1976 1893 1954 2037 2109 2113
840.731995 2112 2065 1977 1977 1913 1944 2014 2085 2107
840.752014 2103 2075 1972 1972 1898 1929 2026 2089 2105
840.771973 2079 2068 1969 1969 1885 1928 2022 2073 2085
840.79303 2102 2038 1965 1965 1890 1918 1995 2074 2083
840.812988 2076 2011 1969 1969 1882 1926 1993 2065 2092
840.833008 2077 2026 1953 1953 1871 1915 1981 2072 2076
840.853027 2054 2027 1960 1960 1858 1914 1985 2053 2077
840.872986 2060 2016 1975 1975 1865 1900 1976 2042 2083
840.893005 2050 2026 1941 1941 1854 1898 1980 2049 2051
840.913025 2048 1969 1926 1926 1869 1885 1953 2006 2024
840.932983 2032 1991 1930 1930 1851 1889 1964 2015 2037
840.953003 2018 1983 1916 1916 1845 1873 1936 2014 2014
840.973022 2017 1984 1912 1912 1848 1877 1930 1991 2000
840.994019 2000 1956 1887 1887 1839 1874 1927 1993 1986
841.013977 1995 1944 1883 1883 1828 1848 1927 1971 1974
841.033997 1981 1944 1878 1878 1828 1844 1907 1953 1963
841.054016 1951 1930 1873 1873 1827 1846 1898 1950 1955
841.073975 1948 1911 1855 1855 1816 1835 1891 1930 1934
841.093994 1934 1918 1868 1868 1813 1818 1870 1924 1943
841.114014 1935 1910 1861 1861 1795 1823 1871 1915 1921
841.133972 1923 1896 1837 1837 1801 1818 1868 1898 1914
841.153992 1911 1870 1825 1825 1788 1806 1856 1878 1901
841.174011 1899 1868 1840 1840 1801 1815 1862 1893 1889
841.19397 1899 1880 1832 1832 1778 1801 1828 1893 1891
841.215027 1885 1871 1831 1831 1785 1806 1826 1880 1893
841.234985 1875 1853 1831 1831 1778 1788 1836 1863 1862
841.255005 1862 1838 1821 1821 1777 1799 1822 1872 1875
841.275024 1861 1840 1803 1803 1769 1803 1818 1852 1856
841.294983 1856 1835 1806 1806 1779 1785 1826 1835 1856
841.315002 1863 1841 1812 1812 1766 1792 1812 1848 1850
841.335022 1836 1847 1811 1811 1774 1783 1804 1841 1829
841.35498 1852 1828 1797 1797 1763 1779 1814 1840 1855
841.375 1854 1826 1800 1800 1758 1782 1805 1833 1828
841.39502 1831 1830 1794 1794 1758 1765 1792 1827 1831
841.414978 1836 1817 1796 1796 1761 1769 1799 1823 1813
841.434998 1837 1816 1790 1790 1757 1769 1806 1822 1813
841.455994 1833 1805 1768 1768 1763 1768 1797 1817 1826
841.476013 1828 1804 1788 1788 1763 1763 1786 1826 1825
841.495972 1816 1812 1779 1779 1758 1770 1791 1824 1812
841.515991 1806 1812 1776 1776 1749 1754 1783 1801 1798
841.536011 1808 1787 1773 1773 1754 1760 1781 1808 1808
841.55603 1802 1791 1787 1787 1752 1771 1784 1798 1811
841.575989 1824 1796 1779 1779 1751 1758 1779 1804 1798
841.596008 1799 1792 1771 1771 1755 1761 1777 1792 1807
841.616028 1793 1790 1782 1782 1758 1757 1785 1798 1806
841.635986 1802 1791 1763 1763 1748 1765 1778 1792 1794
841.656006 1796 1798 1771 1771 1746 1764 1767 1788 1793
841.676025 1795 1789 1775 1775 1740 1748 1765 1793 1806
841.695984 1791 1799 1770 1770 1753 1759 1763 1782 1788
841.716003 1791 1780 1763 1763 1750 1735 1774 1787 1787
841.737 1787 1785 1771 1771 1739 1753 1766 1774 1795
841.757019 1774 1788 1761 1761 1734 1754 1767 1781 1791
841.776978 1794 1784 1776 1776 1735 1743 1767 1773 1785
841.796997 1782 1784 1755 1755 1740 1747 1758 1785 1798
841.817017 1784 1776 1754 1754 1735 1742 1757 1777 1787
841.836975 1773 1765 1757 1757 1738 1753 1763 1779 1775
841.856995 1772 1773 1748 1748 1735 1753 1753 1764 1786
841.877014 1774 1777 1775 1775 1723 1722 1756 1771 1781
841.896973 1775 1752 1760 1760 1736 1744 1751 1774 1772
841.916992 1775 1761 1762 1762 1746 1733 1763 1769 1776
841.937012 1772 1772 1745 1745 1738 1743 1739 1765 1779
841.95697 1764 1775 1743 1743 1730 1736 1748 1773 1786
841.97699 1780 1741 1759 1759 1728 1745 1756 1762 1786
841.997009 1767 1765 1758 1758 1727 1739 1760 1775 1775
842.018005 1761 1765 1752 1752 1736 1734 1754 1755 1761
842.038025 1762 1766 1746 1746 1742 1729 1752 1758 1767
842.057983 1749 1749 1733 1733 1725 1730 1746 1752 1754
842.078003 1756 1755 1741 1741 1711 1730 1735 1745 1752
842.098022 1755 1744 1733 1733 1729 1726 1744 1748 1754
842.117981 1757 1737 1747 1747 1727 1728 1734 1745 1747
842.138 1745 1750 1737 1737 1726 1720 1742 1756 1753
842.15802 1743 1745 1727 1727 1719 1734 1715 1744 1754
842.177979 1748 1746 1735 1735 1726 1721 1734 1744 1741
842.197998 1735 1739 1731 1731 1715 1715 1725 1750 1752
842.218018 1736 1739 1725 1725 1724 1725 1723 1738 1738
842.237976 1753 1734 1723 1723 1726 1733 1729 1735 1747
842.257996 1742 1736 1735 1735 1715 1716 1724 1743 1740
842.278015 1745 1742 1729 1729 1729 1725 1723 1730 1735
842.297974 1737 1738 1732 1732 1719 1726 1726 1740 1748
842.317993 1748 1737 1725 1725 1708 1721 1718 1741 1741
842.338013 1740 1741 1723 1723 1704 1725 1729 1739 1744
842.357971 1748 1736 1718 1718 1714 1717 1725 1740 1748
842.379028 1743 1733 1743 1743 1721 1713 1726 1742 1735
842.398987 1744 1740 1716 1716 1714 1722 1732 1734 1736
842.419006 1738 1745 1725 1725 1720 1725 1720 1739 1738
842.439026 1739 1739 1714 1714 1725 1713 1730 1729 1741
842.458984 1746 1727 1721 1721 1717 1722 1738 1736 1731
842.479004 1736 1734 1721 1721 1712 1721 1715 1729 1739
842.499023 1741 1736 1728 1728 1728 1723 1722 1729 1737
842.518982 1740 1729 1725 1725 1712 1721 1732 1728 1726
842.539001 1740 1736 1734 1734 1721 1723 1728 1745 1730
842.559021 1734 1737 1726 1726 1712 1713 1721 1740 1730
842.578979 1745 1720 1728 1728 1720 1710 1727 1740 1729
842.598999 1757 1732 1733 1733 1714 1729 1733 1723 1738
842.619019 1737 1737 1730 1730 1724 1721 1721 1740 1730
842.638977 1740 1727 1725 1725 1718 1722 1736 1733 1737
842.658997 1738 1745 1724 1724 1721 1719 1733 1741 1739
842.679016 1734 1747 1731 1731 1722 1724 1713 1727 1741
842.698975 1734 1735 1736 1736 1723 1709 1719 1739 1733
842.718994 1746 1731 1733 1733 1723 1724 1720 1737 1741
842.739014 1743 1728 1737 1737 1731 1738 1724 1732 1733
842.758972 1734 1726 1730 1730 1722 1728 1733 1737 1741
842.778992 1736 1742 1738 1738 1731 1724 1715 1749 1737
842.799011 1741 1730 1737 1737 1719 1730 1740 1733 1749
842.820007 1730 1734 1738 1738 1727 1730 1728 1741 1734
842.840027 1745 1735 1735 1735 1721 1718 1733 1741 1742
842.859985 1735 1737 1726 1726 1725 1719 1735 1717 1743
842.880005 1744 1745 1742 1742 1720 1729 1727 1728 1722
842.900024 1741 1746 1743 1743 1733 1724 1730 1741 1745
842.919983 1738 1742 1723 1723 1725 1740 1737 1733 1746
842.940002 1739 1742 1723 1723 1718 1733 1734 1748 1728
842.960022 1731 1735 1732 1732 1723 1727 1721 1742 1737
842.97998 1739 1739 1725 1725 1722 1721 1733 1740 1743
843 1729 1724 1740 1740 1727 1723 1718 1727 1735
843.02002 1743 1740 1736 1736 1719 1722 1736 1741 1737
843.039978 1743 1737 1733 1733 1724 1717 1726 1745 1746
843.059998 1741 1737 1734 1734 1715 1719 1726 1733 1731
843.080017 1739 1730 1721 1721 1711 1716 1733 1720 1736
843.099976 1744 1741 1736 1736 1719 1716 1728 1728 1731
843.119995 1731 1723 1720 1720 1714 1711 1722 1735 1729
843.140015 1727 1734 1728 1728 1723 1714 1721 1730 1729
843.159973 1731 1726 1725 1725 1728 1721 1721 1727 1737
843.179993 1721 1725 1719 1719 1718 1727 1725 1737 1741
843.200012 1735 1730 1729 1729 1708 1715 1724 1727 1738
843.219971 1731 1730 1733 1733 1708 1731 1729 1743 1738
843.23999 1736 1730 1736 1736 1718 1711 1723 1721 1730
843.26001 1727 1726 1734 1734 1728 1716 1720 1737 1737
843.280029 1731 1731 1714 1714 1710 1729 1718 1718 1718
843.299988 1727 1730 1718 1718 1716 1733 1724 1732 1727
843.320007 1733 1728 1725 1725 1720 1712 1722 1738 1727
843.340027 1739 1732 1727 1727 1727 1718 1723 1719 1723
843.359985 1730 1729 1729 1729 1717 1723 1724 1712 1745
843.380005 1720 1727 1718 1718 1718 1719 1719 1731 1726
843.400024 1733 1724 1732 1732 1722 1710 1713 1729 1726
843.419983 1742 1737 1737 1737 1720 1716 1721 1736 1726
843.440002 1714 1724 1728 1728 1716 1709 1719 1725 1723
843.460022 1740 1729 1729 1729 1719 1716 1728 1729 1728
843.47998 1740 1730 1718 1718 1703 1710 1711 1731 1720
843.5 1722 1723 1736 1736 1724 1713 1728 1727 1718
843.52002 1730 1742 1722 1722 1716 1715 1726 1729 1724
843.539978 1734 1721 1721 1721 1720 1727 1711 1734 1731
843.559998 1732 1734 1723 1723 1720 1718 1728 1737 1737
843.580994 1726 1732 1734 1734 1725 1716 1728 1732 1728
843.601013 1722 1728 1728 1728 1717 1733 1716 1729 1728
843.620972 1726 1726 1732 1732 1710 1725 1722 1727 1744
843.640991 1734 1722 1727 1727 1714 1719 1722 1728 1726
843.661011 1731 1728 1732 1732 1726 1707 1718 1727 1730
843.68103 1725 1728 1715 1715 1713 1707 1718 1722 1740
843.700989 1734 1735 1734 1734 1724 1720 1719 1728 1733
843.721008 1721 1733 1717 1717 1721 1725 1721 1725 1736
843.741028 1727 1738 1724 1724 1719 1725 1722 1734 1731
843.760986 1725 1727 1719 1719 1715 1705 1721 1718 1718
843.781006 1725 1727 1713 1713 1712 1725 1719 1721 1728
843.801025 1732 1723 1727 1727 1711 1715 1712 1726 1724
843.820984 1727 1723 1727 1727 1717 1719 1719 1728 1724
843.841003 1721 1736 1722 1722 1720 1724 1709 1718 1725
843.861023 1721 1729 1718 1718 1721 1732 1715 1731 1725
843.880981 1721 1728 1714 1714 1733 1718 1720 1720 1727
843.901001 1718 1723 1724 1724 1722 1716 1714 1723 1736
843.921021 1729 1735 1718 1718 1708 1705 1724 1721 1710
843.940979 1719 1715 1727 1727 1717 1707 1716 1718 1729
843.960999 1731 1721 1711 1711 1722 1718 1724 1714 1716
843.981018 1713 1727 1721 1721 1723 1720 1722 1727 1725
844.000977 1720 1722 1724 1724 1706 1711 1715 1729 1721
844.020996 1713 1721 1723 1723 1721 1713 1710 1722 1729
844.041016 1717 1725 1728 1728 1727 1715 1713 1718 1723
844.060974 1720 1721 1719 1719 1716 1721 1718 1712 1721
844.080994 1711 1714 1716 1716 1715 1700 1718 1717 1719
844.101013 1717 1738 1720 1720 1728 1708 1708 1736 1727
844.120972 1719 1717 1719 1719 1713 1726 1723 1718 1720
844.140991 1722 1725 1717 1717 1717 1720 1716 1732 1708
844.161011 1717 1723 1716 1716 1722 1717 1715 1715 1721
844.18103 1728 1739 1725 1725 1728 1721 1725 1720 1737
844.200989 1721 1728 1729 1729 1716 1724 1725 1728 1724
844.221008 1723 1714 1730 1730 1705 1714 1716 1723 1723
844.241028 1720 1712 1717 1717 1718 1708 1718 1730 1723
844.260986 1726 1713 1719 1719 1718 1718 1711 1713 1730
844.281006 1727 1728 1722 1722 1726 1726 1727 1724 1720
844.301025 1731 1724 1707 1707 1717 1720 1717 1717 1721
844.320984 1734 1727 1725 1725 1718 1719 1717 1706 1716
844.341003 1720 1733 1715 1715 1725 1709 1715 1720 1728
844.361023 1728 1725 1723 1723 1716 1718 1729 1728 1725
844.380981 1730 1723 1712 1712 1722 1729 1707 1724 1724
844.401001 1720 1709 1718 1718 1703 1713 1703 1738 1724
844.421021 1721 1729 1713 1713 1717 1702 1708 1720 1725
844.440979 1724 1712 1713 1713 1715 1711 1714 1722 1713
844.460999 1719 1728 1720 1720 1716 1713 1705 1722 1711
844.481018 1709 1716 1721 1721 1711 1716 1709 1716 1721
844.500977 1727 1720 1720 1720 1705 1724 1720 1722 1717
844.520996 1712 1727 1699 1699 1715 1705 1705 1708 1718
844.541016 1721 1720 1708 1708 1716 1705 1713 1721 1727
844.559998 1714 1724 1712 1712 1714 1715 1711 1712 1718
844.580017 1718 1716 1710 1710 1711 1710 1710 1710 1721
844.599976 1725 1725 1715 1715 1707 1711 1710 1712 1711
844.619995 1703 1718 1730 1730 1717 1721 1712 1711 1705
844.640015 1709 1719 1720 1720 1702 1710 1709 1709 1722
844.659973 1719 1715 1706 1706 1708 1704 1708 1721 1716
844.679993 1716 1724 1722 1722 1714 1709 1712 1714 1720
844.700012 1714 1717 1716 1716 1690 1706 1708 1702 1710
844.719971 1724 1726 1704 1704 1708 1703 1725 1707 1709
844.73999 1707 1722 1708 1708 1721 1713 1697 1720 1711
844.76001 1722 1716 1710 1710 1713 1711 1701 1708 1702
844.780029 1708 1722 1716 1716 1714 1706 1716 1716 1719
844.799988 1709 1704 1718 1718 1703 1703 1704 1716 1707
844.820007 1716 1725 1723 1723 1716 1722 1712 1703 1702
844.840027 1712 1713 1714 1714 1704 1706 1709 1699 1721
844.859985 1728 1709 1721 1721 1709 1710 1709 1712 1705
844.880005 1718 1709 1726 1726 1717 1700 1716 1710 1716
844.900024 1707 1711 1725 1725 1721 1702 1704 1713 1731
844.919983 1730 1715 1725 1725 1719 1718 1711 1713 1717
844.940002 1715 1709 1714 1714 1706 1716 1716 1709 1714
844.960022 1716 1726 1716 1716 1701 1719 1708 1717 1707
844.97998 1713 1712 1709 1709 1716 1711 1721 1719 1716
845 1721 1716 1703 1703 1713 1710 1715 1716 1704
845.02002 1716 1713 1727 1727 1712 1712 1707 1708 1719
845.039978 1722 1709 1713 1713 1708 1715 1717 1716 1703
845.059998 1705 1713 1724 1724 1708 1722 1702 1719 1722
845.080017 1718 1721 1710 1710 1713 1720 1712 1721 1720
845.099976 1717 1719 1704 1704 1714 1720 1719 1715 1710
845.119995 1713 1717 1722 1722 1715 1715 1711 1714 1712
845.140015 1707 1719 1714 1714 1708 1711 1712 1714 1721
845.159973 1705 1717 1708 1708 1709 1711 1717 1714 1710
845.179993 1708 1727 1718 1718 1711 1712 1710 1715 1714
845.200012 1721 1719 1722 1722 1703 1722 1703 1718 1719
845.219971 1719 1718 1725 1725 1715 1708 1716 1715 1721
845.23999 1713 1714 1711 1711 1707 1714 1711 1723 1720
845.26001 1712 1725 1711 1711 1707 1708 1707 1727 1716
845.280029 1718 1713 1709 1709 1717 1724 1708 1726 1721
845.299011 1729 1716 1717 1717 1719 1705 1712 1714 1717
845.31897 1716 1712 1714 1714 1719 1711 1721 1719 1717
845.338989 1733 1718 1722 1722 1718 1708 1716 1720 1720
845.359009 1725 1719 1719 1719 1716 1709 1723 1719 1720
845.379028 1717 1727 1720 1720 1725 1708 1716 1714 1714
845.398987 1713 1723 1721 1721 1725 1711 1728 1720 1724
845.419006 1710 1721 1721 1721 1714 1716 1721 1724 1739
845.439026 1735 1716 1721 1721 1716 1718 1717 1716 1727
845.458984 1739 1731 1731 1731 1730 1736 1716 1746 1732
845.479004 1733 1727 1725 1725 1732 1722 1719 1730 1737
845.499023 1738 1736 1732 1732 1723 1722 1727 1720 1723
845.518982 1720 1729 1725 1725 1724 1714 1729 1737 1733
845.539001 1726 1730 1733 1733 1723 1727 1722 1733 1736
845.559021 1724 1733 1731 1731 1729 1722 1730 1727 1731
845.578979 1734 1732 1733 1733 1725 1734 1728 1724 1741
845.598999 1720 1732 1738 1738 1720 1721 1738 1730 1739
845.619019 1732 1742 1739 1739 1727 1735 1734 1744 1736
845.638977 1746 1752 1734 1734 1727 1734 1736 1736 1733
845.658997 1731 1725 1735 1735 1731 1725 1728 1744 1748
845.679016 1750 1736 1727 1727 1722 1741 1729 1735 1746
845.698975 1739 1732 1741 1741 1729 1742 1745 1721 1749
845.718994 1744 1746 1736 1736 1726 1736 1738 1737 1746
845.737976 1748 1746 1731 1731 1727 1723 1730 1730 1737
845.757996 1733 1731 1732 1732 1739 1738 1728 1729 1746
845.778015 1742 1750 1726 1726 1731 1724 1721 1734 1753
845.797974 1737 1744 1744 1744 1734 1724 1736 1735 1735
845.817993 1741 1742 1741 1741 1737 1726 1721 1743 1731
845.838013 1747 1746 1745 1745 1735 1720 1737 1739 1745
845.857971 1742 1742 1730 1730 1738 1744 1731 1736 1741
845.877991 1739 1734 1742 1742 1733 1726 1742 1736 1749
845.89801 1735 1742 1738 1738 1745 1732 1746 1722 1733
845.91803 1739 1734 1747 1747 1718 1730 1729 1735 1744
845.937988 1735 1753 1742 1742 1731 1726 1743 1743 1741
845.958008 1742 1743 1745 1745 1732 1727 1740 1730 1736
845.978027 1737 1741 1732 1732 1733 1730 1727 1745 1746
845.997986 1747 1741 1750 1750 1728 1727 1737 1740 1750
846.018005 1735 1741 1745 1745 1732 1742 1729 1738 1752
846.038025 1738 1739 1751 1751 1733 1719 1733 1726 1753
846.057983 1740 1733 1744 1744 1725 1720 1740 1741 1744
846.078003 1742 1744 1732 1732 1731 1730 1740 1745 1742
846.096985 1732 1745 1740 1740 1741 1746 1744 1748 1741
846.117004 1733 1740 1734 1734 1735 1728 1734 1744 1735
846.137024 1748 1745 1744 1744 1728 1732 1736 1738 1741
846.156982 1743 1743 1741 1741 1737 1736 1736 1735 1748
846.177002 1744 1733 1731 1731 1723 1732 1747 1740 1753
846.197021 1740 1745 1737 1737 1739 1733 1729 1740 1739
846.21698 1740 1750 1745 1745 1727 1721 1737 1733 1736
846.237 1731 1746 1741 1741 1729 1735 1738 1737 1746
846.257019 1737 1745 1726 1726 1737 1735 1728 1742 1741
846.276978 1751 1730 1735 1735 1732 1723 1738 1744 1736
846.296997 1742 1741 1753 1753 1738 1738 1747 1742 1733
846.317017 1740 1744 1745 1745 1732 1743 1733 1741 1742
846.336975 1743 1745 1751 1751 1744 1728 1732 1741 1745
846.356995 1743 1747 1742 1742 1724 1735 1748 1744 1746
846.377014 1748 1753 1750 1750 1750 1740 1752 1752 1731
846.395996 1745 1745 1734 1734 1746 1732 1739 1746 1732
846.416016 1756 1737 1731 1731 1742 1737 1739 1736 1752
846.435974 1744 1739 1746 1746 1738 1736 1754 1742 1742
846.455994 1752 1750 1743 1743 1733 1724 1743 1749 1747
846.476013 1749 1743 1739 1739 1735 1736 1747 1751 1753
846.495972 1740 1745 1753 1753 1733 1738 1733 1754 1745
846.515991 1750 1756 1746 1746 1742 1740 1738 1739 1761
846.536011 1747 1759 1736 1736 1750 1744 1737 1747 1751
846.55603 1735 1746 1740 1740 1730 1733 1730 1737 1748
846.575989 1740 1747 1736 1736 1742 1735 1731 1747 1738
846.596008 1742 1742 1733 1733 1731 1740 1740 1743 1738
846.616028 1742 1742 1742 1742 1729 1725 1736 1733 1745
846.63501 1741 1753 1745 1745 1738 1739 1734 1742 1741
846.655029 1751 1738 1732 1732 1734 1735 1728 1742 1729
846.674988 1734 1747 1736 1736 1731 1727 1733 1745 1733
846.695007 1736 1732 1743 1743 1730 1733 1733 1744 1742
846.715027 1718 1744 1735 1735 1718 1736 1725 1738 1731
846.734985 1741 1741 1732 1732 1729 1730 1737 1737 1746
846.755005 1740 1738 1736 1736 1740 1734 1744 1748 1735
846.775024 1742 1740 1753 1753 1727 1724 1730 1745 1749
846.794983 1744 1730 1738 1738 1729 1734 1731 1735 1743
846.815002 1738 1738 1740 1740 1734 1737 1732 1735 1750
846.835022 1741 1730 1743 1743 1728 1738 1732 1735 1744
846.85498 1735 1747 1749 1749 1724 1739 1728 1740 1741
846.875 1745 1740 1743 1743 1725 1728 1748 1738 1738
846.893982 1741 1748 1736 1736 1733 1738 1735 1739 1752
846.914001 1746 1730 1730 1730 1729 1743 1744 1745 1744
846.934021 1741 1740 1749 1749 1741 1737 1734 1749 1746
846.953979 1754 1749 1741 1741 1744 1730 1741 1743 1748
846.973999 1763 1741 1737 1737 1735 1741 1745 1747 1754
846.994019 1740 1747 1751 1751 1735 1738 1745 1738 1740
847.013977 1751 1750 1739 1739 1731 1737 1739 1732 1749
847.033997 1747 1747 1747 1747 1732 1738 1747 1744 1749
847.054016 1750 1749 1751 1751 1737 1752 1741 1748 1751
847.073975 1759 1751 1749 1749 1728 1723 1731 1749 1752
847.093994 1755 1748 1750 1750 1732 1732 1736 1755 1748
847.112976 1748 1756 1752 1752 1745 1734 1740 1749 1757
847.132996 1748 1741 1738 1738 1736 1740 1741 1742 1746
847.153015 1738 1754 1741 1741 1735 1739 1742 1750 1737
847.172974 1748 1756 1747 1747 1733 1737 1751 1746 1749
847.192993 1745 1747 1749 1749 1739 1732 1738 1740 1758
847.213013 1752 1747 1747 1747 1743 1743 1737 1746 1747
847.232971 1746 1754 1745 1745 1735 1745 1741 1740 1750
847.252991 1745 1747 1739 1739 1735 1735 1735 1741 1756
847.27301 1748 1744 1737 1737 1748 1734 1747 1740 1736
847.29303 1748 1760 1739 1739 1729 1744 1736 1741 1747
847.312012 1750 1750 1731 1731 1729 1733 1740 1739 1748
847.33197 1757 1739 1747 1747 1742 1739 1738 1745 1752
847.35199 1750 1750 1743 1743 1717 1741 1742 1743 1750
847.372009 1747 1743 1731 1731 1735 1733 1739 1744 1738
847.392029 1739 1750 1730 1730 1730 1741 1729 1746 1742
847.411987 1735 1741 1737 1737 1727 1731 1739 1732 1751
847.432007 1741 1743 1737 1737 1724 1718 1736 1749 1726
847.452026 1741 1749 1737 1737 1735 1739 1728 1742 1738
847.471985 1741 1727 1739 1739 1718 1739 1732 1747 1734
847.492004 1750 1739 1738 1738 1726 1730 1736 1744 1744
847.510986 1743 1739 1736 1736 1723 1728 1722 1744 1746
847.531006 1745 1739 1732 1732 1721 1727 1724 1733 1755
847.551025 1744 1740 1732 1732 1718 1725 1735 1729 1738
847.570984 1756 1749 1736 1736 1721 1726 1732 1740 1742
847.591003 1738 1733 1731 1731 1722 1730 1748 1730 1746
847.611023 1745 1746 1731 1731 1727 1731 1736 1753 1738
847.630981 1730 1750 1732 1732 1721 1730 1744 1754 1743
847.651001 1741 1747 1741 1741 1735 1722 1731 1745 1738
847.669983 1744 1737 1729 1729 1720 1727 1738 1748 1749
847.690002 1748 1743 1744 1744 1724 1726 1730 1744 1746
847.710022 1761 1758 1736 1736 1729 1733 1720 1739 1725
847.72998 1745 1747 1734 1734 1733 1731 1740 1753 1744
847.75 1752 1736 1737 1737 1729 1738 1743 1743 1751
847.77002 1746 1743 1738 1738 1716 1730 1742 1747 1748
847.789978 1748 1747 1737 1737 1724 1730 1740 1748 1746
847.809998 1749 1751 1739 1739 1730 1720 1731 1752 1766
847.830017 1747 1744 1733 1733 1729 1740 1741 1745 1749
847.848999 1750 1750 1730 1730 1733 1725 1736 1750 1758
847.869019 1758 1754 1750 1750 1735 1730 1732 1764 1757
847.888977 1753 1758 1748 1748 1733 1752 1736 1743 1751
847.908997 1754 1752 1739 1739 1735 1740 1751 1749 1749
847.929016 1748 1755 1746 1746 1724 1733 1747 1739 1759
847.948975 1748 1736 1738 1738 1735 1746 1740 1757 1757
847.968994 1748 1762 1751 1751 1735 1739 1752 1758 1756
847.989014 1753 1754 1743 1743 1738 1737 1753 1761 1754
848.007996 1754 1755 1755 1755 1741 1746 1749 1747 1762
848.028015 1763 1765 1738 1738 1735 1730 1755 1753 1758
848.047974 1754 1765 1743 1743 1735 1745 1743 1760 1755
848.067993 1752 1761 1743 1743 1737 1744 1738 1752 1759
848.088013 1763 1758 1754 1754 1731 1744 1759 1751 1759
848.107971 1766 1757 1749 1749 1743 1742 1744 1765 1769
848.127991 1760 1757 1746 1746 1750 1760 1743 1759 1757
848.14801 1770 1762 1761 1761 1746 1747 1752 1770 1761
848.166992 1767 1763 1755 1755 1742 1751 1744 1766 1764
848.187012 1766 1777 1756 1756 1737 1744 1756 1775 1755
848.20697 1766 1768 1753 1753 1732 1741 1756 1768 1762
848.22699 1760 1764 1759 1759 1742 1747 1759 1761 1767
848.247009 1771 1775 1756 1756 1743 1738 1757 1767 1781
848.267029 1764 1768 1752 1752 1741 1755 1758 1768 1763
848.286987 1772 1768 1763 1763 1752 1758 1759 1787 1782
848.307007 1766 1774 1763 1763 1752 1753 1750 1759 1774
848.325989 1775 1759 1762 1762 1747 1752 1761 1777 1776
848.346008 1769 1770 1761 1761 1763 1762 1766 1779 1773
848.366028 1764 1768 1764 1764 1760 1745 1751 1779 1768
848.385986 1781 1774 1758 1758 1740 1747 1768 1771 1791
848.406006 1770 1772 1773 1773 1749 1768 1747 1764 1772
848.426025 1775 1756 1770 1770 1750 1771 1765 1763 1779
848.445984 1775 1773 1759 1759 1747 1752 1742 1782 1779
848.466003 1766 1782 1758 1758 1745 1754 1757 1778 1778
848.484985 1771 1783 1772 1772 1736 1751 1761 1775 1780
848.505005 1773 1775 1765 1765 1755 1755 1767 1780 1788
848.525024 1788 1780 1768 1768 1745 1760 1764 1777 1782
848.544983 1777 1780 1769 1769 1762 1753 1755 1792 1776
848.565002 1782 1776 1754 1754 1755 1759 1747 1783 1783
848.585022 1777 1779 1757 1757 1745 1761 1750 1769 1777
848.604004 1769 1779 1758 1758 1753 1761 1759 1786 1787
848.624023 1789 1773 1764 1764 1754 1750 1762 1777 1787
848.643982 1775 1775 1765 1765 1748 1736 1756 1766 1785
848.664001 1773 1767 1768 1768 1752 1745 1761 1767 1788
848.684021 1767 1772 1767 1767 1748 1754 1763 1776 1767
848.703979 1782 1766 1757 1757 1743 1752 1759 1767 1770
848.723999 1770 1774 1768 1768 1753 1760 1756 1771 1777
848.742981 1773 1771 1751 1751 1756 1756 1759 1773 1772
848.763 1754 1774 1758 1758 1754 1750 1734 1764 1784
848.78302 1777 1773 1764 1764 1755 1758 1758 1767 1793
848.802979 1784 1778 1751 1751 1735 1753 1765 1772 1780
848.822998 1782 1765 1756 1756 1751 1750 1756 1769 1765
848.843018 1765 1772 1762 1762 1738 1742 1755 1787 1775
848.862976 1777 1776 1754 1754 1731 1759 1766 1777 1776
848.882019 1773 1776 1776 1776 1752 1756 1748 1779 1787
848.901978 1782 1773 1767 1767 1743 1757 1770 1779 1780
848.921997 1784 1771 1766 1766 1750 1745 1763 1774 1772
848.942017 1769 1774 1766 1766 1745 1760 1768 1778 1782
848.961975 1768 1755 1762 1762 1749 1752 1760 1771 1776
848.981995 1781 1771 1753 1753 1755 1764 1758 1770 1760
849.002014 1785 1769 1762 1762 1748 1755 1765 1766 1779
849.020996 1783 1755 1769 1769 1759 1741 1768 1757 1772
849.041016 1780 1773 1756 1756 1755 1752 1767 1773 1769
849.060974 1783 1773 1752 1752 1744 1761 1756 1770 1791
849.080994 1767 1768 1767 1767 1744 1766 1748 1774 1777
849.101013 1763 1777 1750 1750 1750 1746 1765 1772 1781
849.120972 1779 1761 1766 1766 1757 1749 1762 1778 1780
849.140015 1779 1769 1756 1756 1747 1757 1757 1768 1773
849.159973 1770 1768 1761 1761 1752 1742 1759 1763 1777
849.179993 1779 1774 1755 1755 1744 1745 1745 1759 1770
849.200012 1772 1761 1761 1761 1751 1755 1751 1770 1771
849.219971 1768 1763 1755 1755 1749 1737 1749 1770 1772
849.23999 1779 1770 1752 1752 1732 1735 1753 1768 1783
849.258972 1770 1759 1757 1757 1740 1752 1756 1758 1769
849.278992 1762 1755 1755 1755 1736 1744 1761 1764 1761
849.299011 1769 1776 1749 1749 1744 1742 1755 1763 1764
849.31897 1771 1755 1757 1757 1740 1740 1751 1753 1767
849.338989 1780 1763 1763 1763 1728 1745 1752 1760 1760
849.359009 1776 1769 1744 1744 1736 1749 1745 1750 1765
849.377991 1769 1752 1748 1748 1739 1737 1752 1760 1761
849.39801 1766 1767 1750 1750 1737 1739 1751 1768 1766
849.41803 1767 1764 1754 1754 1732 1741 1758 1756 1764
849.437988 1764 1757 1752 1752 1724 1757 1749 1757 1756
849.458008 1758 1772 1754 1754 1734 1746 1747 1745 1756
849.478027 1755 1762 1742 1742 1737 1750 1738 1759 1768
849.497009 1743 1758 1741 1741 1726 1732 1740 1768 1763
849.517029 1753 1764 1745 1745 1734 1738 1736 1758 1764
849.536987 1759 1748 1746 1746 1721 1740 1737 1748 1752
849.557007 1753 1748 1737 1737 1733 1739 1741 1759 1760
849.577026 1769 1744 1755 1755 1736 1726 1737 1772 1768
849.596985 1764 1765 1746 1746 1733 1726 1735 1759 1758
849.616028 1745 1747 1739 1739 1720 1739 1735 1745 1763
849.635986 1758 1756 1741 1741 1732 1741 1734 1750 1758
849.656006 1744 1757 1742 1742 1734 1732 1735 1759 1752
849.676025 1759 1756 1749 1749 1731 1729 1739 1750 1758
849.695984 1751 1751 1738 1738 1729 1739 1731 1753 1752
849.716003 1750 1748 1744 1744 1735 1740 1746 1758 1768
849.734985 1747 1757 1749 1749 1729 1732 1735 1748 1765
849.755005 1742 1747 1747 1747 1734 1730 1741 1756 1758
849.775024 1760 1759 1741 1741 1722 1735 1738 1750 1753
849.794983 1762 1761 1744 1744 1730 1736 1753 1746 1763
849.815002 1753 1750 1733 1733 1729 1738 1733 1758 1761
849.833984 1757 1755 1741 1741 1736 1738 1746 1758 1747
849.854004 1756 1742 1739 1739 1722 1735 1740 1751 1765
849.874023 1758 1754 1748 1748 1735 1737 1746 1739 1757
849.893982 1762 1750 1745 1745 1723 1737 1750 1744 1749
849.914001 1759 1751 1758 1758 1733 1746 1734 1751 1757
849.934021 1769 1749 1738 1738 1733 1736 1744 1764 1754
849.953003 1765 1760 1745 1745 1731 1740 1744 1747 1749
849.973022 1752 1762 1748 1748 1729 1744 1755 1761 1762
849.992981 1753 1774 1743 1743 1744 1744 1749 1753 1774
850.013 1771 1748 1756 1756 1742 1743 1750 1762 1758
850.03302 1752 1771 1755 1755 1742 1735 1752 1764 1765
850.052002 1774 1757 1752 1752 1738 1742 1754 1755 1759
850.072021 1769 1761 1764 1764 1738 1750 1747 1754 1761
850.09198 1743 1758 1754 1754 1743 1752 1753 1765 1769
850.112 1766 1764 1766 1766 1745 1750 1752 1753 1766
850.132019 1760 1763 1749 1749 1743 1735 1745 1769 1775
850.151001 1772 1771 1762 1762 1742 1758 1758 1756 1774
850.171021 1765 1763 1757 1757 1738 1747 1758 1759 1770
850.190979 1755 1760 1767 1767 1739 1745 1757 1753 1779
850.210999 1763 1766 1759 1759 1749 1733 1746 1766 1764
850.231018 1760 1759 1757 1757 1739 1748 1754 1764 1767
850.250977 1769 1767 1746 1746 1743 1747 1760 1762 1765
850.27002 1763 1767 1760 1760 1747 1748 1762 1759 1762
850.289978 1767 1776 1754 1754 1747 1747 1747 1766 1758
850.309998 1770 1763 1753 1753 1739 1749 1756 1773 1766
850.330017 1772 1773 1772 1772 1749 1747 1765 1751 1763
850.349976 1767 1762 1759 1759 1738 1743 1761 1770 1770
850.369019 1765 1762 1757 1757 1745 1735 1755 1767 1761
850.388977 1773 1764 1762 1762 1742 1752 1754 1756 1764
850.408997 1762 1761 1756 1756 1743 1750 1746 1748 1765
850.429016 1754 1751 1758 1758 1742 1744 1752 1759 1767
850.448975 1757 1758 1757 1757 1744 1737 1756 1755 1757
850.468018 1760 1760 1758 1758 1753 1746 1753 1775 1758
850.487976 1765 1764 1747 1747 1743 1745 1747 1756 1768
850.507996 1762 1756 1754 1754 1744 1759 1747 1772 1767
850.528015 1752 1766 1746 1746 1739 1745 1746 1766 1760
850.547974 1765 1756 1752 1752 1742 1743 1764 1751 1774
850.567017 1756 1765 1749 1749 1736 1737 1740 1755 1756
850.586975 1763 1770 1757 1757 1732 1746 1739 1762 1762
850.606995 1763 1761 1743 1743 1740 1747 1743 1752 1752
850.627014 1761 1749 1756 1756 1727 1749 1748 1749 1774
850.645996 1757 1767 1762 1762 1734 1747 1746 1755 1769
850.666016 1755 1761 1750 1750 1734 1748 1747 1747 1758
850.685974 1750 1754 1748 1748 1740 1737 1759 1752 1752
850.705994 1749 1745 1745 1745 1739 1740 1743 1763 1747
850.726013 1744 1748 1739 1739 1733 1742 1741 1757 1759
850.744995 1763 1752 1747 1747 1720 1750 1750 1749 1757
850.765015 1739 1752 1739 1739 1741 1729 1744 1747 1751
850.784973 1757 1748 1747 1747 1730 1734 1739 1755 1755
850.804993 1760 1761 1734 1734 1736 1726 1753 1742 1752
850.825012 1764 1745 1748 1748 1740 1746 1744 1760 1747
850.843994 1759 1743 1735 1735 1741 1752 1744 1743 1751
850.864014 1757 1758 1750 1750 1746 1738 1730 1759 1745
850.883972 1754 1746 1750 1750 1753 1749 1734 1753 1763
850.903992 1766 1767 1754 1754 1744 1736 1739 1761 1755
850.924011 1749 1756 1747 1747 1729 1742 1743 1738 1754
850.942993 1763 1745 1746 1746 1734 1738 1752 1752 1753
850.963013 1756 1756 1754 1754 1747 1751 1750 1754 1759
850.982971 1766 1752 1752 1752 1733 1752 1749 1748 1764
851.002991 1766 1759 1745 1745 1751 1737 1750 1762 1768
851.021973 1758 1763 1756 1756 1741 1741 1755 1759 1764
851.041992 1748 1749 1750 1750 1745 1743 1744 1747 1754
851.062012 1750 1749 1758 1758 1737 1735 1742 1760 1753
851.08197 1747 1747 1746 1746 1743 1741 1748 1750 1748
851.10199 1749 1757 1745 1745 1736 1732 1744 1767 1741
851.120972 1752 1754 1752 1752 1726 1738 1750 1753 1772
851.140991 1771 1757 1748 1748 1750 1733 1746 1747 1759
851.161011 1747 1748 1749 1749 1733 1736 1739 1754 1751
851.18103 1747 1744 1745 1745 1738 1735 1742 1750 1754
851.200012 1748 1757 1739 1739 1745 1736 1751 1750 1759
851.219971 1762 1744 1744 1744 1739 1739 1739 1763 1752
851.23999 1760 1736 1742 1742 1734 1739 1745 1753 1761
851.26001 1764 1752 1748 1748 1736 1744 1737 1749 1738
851.280029 1766 1751 1734 1734 1733 1743 1748 1743 1762
851.299011 1772 1757 1733 1733 1738 1751 1739 1741 1739
851.31897 1751 1741 1741 1741 1735 1735 1735 1750 1743
851.338989 1749 1743 1745 1745 1732 1732 1737 1746 1746
851.359009 1748 1756 1751 1751 1732 1744 1740 1749 1738
851.377991 1758 1746 1750 1750 1749 1739 1739 1753 1760
851.39801 1744 1746 1741 1741 1734 1732 1754 1747 1748
851.41803 1745 1759 1758 1758 1737 1735 1752 1748 1751
851.437988 1740 1750 1745 1745 1736 1726 1741 1745 1748
851.45697 1752 1751 1740 1740 1739 1741 1755 1753 1764
851.47699 1745 1737 1730 1730 1721 1719 1741 1744 1747
851.497009 1751 1740 1742 1742 1719 1723 1735 1735 1751
851.517029 1740 1740 1722 1722 1733 1730 1746 1756 1744
851.536011 1739 1744 1736 1736 1734 1729 1730 1737 1740
851.55603 1745 1748 1733 1733 1722 1735 1733 1735 1742
851.575989 1741 1729 1744 1744 1735 1732 1736 1747 1749
851.596008 1742 1744 1733 1733 1721 1746 1736 1734 1749
851.616028 1739 1737 1738 1738 1714 1730 1741 1739 1741
851.63501 1745 1742 1734 1734 1725 1734 1738 1745 1742
851.655029 1744 1734 1737 1737 1732 1723 1735 1735 1746
851.674988 1750 1732 1723 1723 1725 1731 1720 1732 1750
851.695007 1737 1738 1735 1735 1721 1720 1720 1730 1736
851.713989 1728 1731 1734 1734 1730 1727 1723 1729 1738
851.734009 1743 1732 1733 1733 1724 1723 1722 1739 1731
851.754028 1734 1746 1724 1724 1718 1723 1726 1732 1725
851.773987 1744 1740 1740 1740 1726 1729 1720 1747 1733
851.79303 1739 1727 1728 1728 1722 1713 1726 1745 1742
851.812988 1742 1723 1728 1728 1724 1728 1727 1732 1737
851.833008 1735 1743 1728 1728 1731 1720 1732 1733 1738
851.853027 1744 1743 1728 1728 1725 1718 1709 1721 1740
851.872009 1739 1733 1720 1720 1727 1717 1727 1732 1746
851.892029 1740 1741 1731 1731 1723 1718 1736 1731 1729
851.911987 1740 1736 1722 1722 1728 1721 1725 1732 1741
851.932007 1735 1736 1722 1722 1726 1716 1723 1734 1727
851.950989 1727 1744 1722 1722 1734 1728 1732 1737 1743
851.971008 1729 1728 1723 1723 1721 1717 1722 1723 1739
851.991028 1739 1735 1721 1721 1734 1736 1727 1740 1738
852.010986 1740 1736 1725 1725 1714 1718 1719 1742 1729
852.030029 1743 1736 1732 1732 1726 1732 1732 1727 1739
852.049988 1732 1737 1730 1730 1729 1722 1737 1739 1741
852.070007 1739 1728 1728 1728 1726 1719 1726 1737 1727
852.090027 1731 1737 1729 1729 1720 1720 1723 1734 1738
852.109009 1741 1736 1722 1722 1723 1727 1722 1744 1735
852.129028 1733 1733 1723 1723 1721 1717 1718 1740 1735
852.148987 1740 1734 1722 1722 1719 1723 1725 1738 1742
852.169006 1743 1737 1731 1731 1733 1716 1725 1730 1744
852.187988 1749 1732 1734 1734 1732 1732 1735 1738 1731
852.208008 1739 1737 1732 1732 1724 1738 1725 1738 1744
852.228027 1739 1726 1740 1740 1720 1722 1733 1737 1726
852.247986 1733 1736 1724 1724 1730 1735 1720 1736 1739
852.267029 1736 1740 1734 1734 1725 1732 1721 1735 1737
852.286987 1736 1738 1733 1733 1727 1730 1724 1750 1733
852.307007 1732 1732 1730 1730 1718 1730 1737 1726 1741
852.327026 1733 1732 1732 1732 1732 1737 1728 1732 1731
852.346008 1737 1730 1729 1729 1721 1728 1721 1731 1732
852.366028 1756 1738 1744 1744 1724 1735 1735 1737 1745
852.385986 1747 1731 1750 1750 1730 1732 1726 1728 1745
852.406006 1744 1744 1739 1739 1727 1718 1733 1736 1741
852.424988 1733 1731 1734 1734 1716 1733 1731 1730 1735
852.445007 1740 1751 1727 1727 1725 1730 1729 1740 1745
852.465027 1743 1729 1744 1744 1713 1740 1728 1732 1738
852.484009 1734 1735 1733 1733 1711 1726 1736 1736 1740
852.504028 1735 1743 1721 1721 1720 1731 1724 1737 1742
852.523987 1745 1738 1731 1731 1732 1717 1729 1744 1739
852.544006 1749 1738 1727 1727 1724 1732 1728 1730 1725
852.562988 1728 1737 1738 1738 1723 1728 1724 1735 1746
852.583008 1732 1734 1727 1727 1728 1722 1718 1750 1739
852.603027 1729 1733 1732 1732 1730 1736 1731 1731 1746
852.622986 1748 1747 1731 1731 1727 1732 1727 1742 1736
852.642029 1743 1751 1725 1725 1725 1733 1730 1743 1732
852.661987 1745 1730 1723 1723 1730 1738 1730 1747 1745
852.682007 1745 1734 1736 1736 1722 1736 1724 1734 1734
852.700989 1737 1734 1733 1733 1729 1730 1738 1740 1734
852.721008 1739 1744 1732 1732 1722 1726 1716 1743 1743
852.741028 1735 1730 1729 1729 1726 1727 1727 1724 1732
852.760986 1740 1735 1730 1730 1723 1731 1725 1739 1745
852.780029 1737 1738 1726 1726 1730 1739 1734 1729 1737
852.799988 1738 1734 1722 1722 1719 1737 1731 1730 1741
852.820007 1737 1732 1730 1730 1720 1719 1736 1737 1731
852.840027 1729 1725 1724 1724 1724 1727 1717 1742 1735
852.859009 1739 1733 1731 1731 1737 1731 1727 1735 1727
852.879028 1746 1733 1736 1736 1728 1726 1729 1741 1735
852.898987 1742 1733 1735 1735 1730 1733 1737 1732 1742
852.91803 1742 1733 1756 1756 1724 1726 1731 1732 1731
852.937988 1733 1738 1740 1740 1716 1733 1740 1741 1737
852.958008 1732 1736 1723 1723 1726 1724 1731 1736 1729
852.978027 1725 1728 1732 1732 1725 1740 1725 1718 1739
852.997009 1734 1739 1732 1732 1727 1728 1741 1740 1738
853.017029 1735 1733 1739 1739 1726 1726 1715 1734 1739
853.036987 1746 1731 1731 1731 1726 1723 1719 1730 1747
853.05603 1741 1734 1722 1722 1727 1725 1727 1736 1737
853.075989 1740 1723 1729 1729 1720 1736 1733 1729 1737
853.096008 1746 1736 1718 1718 1713 1726 1716 1725 1729
853.116028 1739 1728 1736 1736 1720 1729 1744 1739 1727
853.13501 1737 1736 1738 1738 1737 1726 1728 1730 1738
853.155029 1750 1736 1729 1729 1724 1740 1732 1732 1745
853.174988 1738 1749 1734 1734 1736 1730 1724 1731 1735
853.19397 1744 1739 1742 1742 1726 1728 1736 1746 1752
853.213989 1738 1731 1722 1722 1728 1721 1718 1726 1741
853.234009 1737 1740 1754 1754 1739 1733 1737 1734 1740
853.254028 1731 1739 1730 1730 1721 1721 1721 1738 1743
853.27301 1744 1745 1735 1735 1722 1721 1737 1733 1742
853.29303 1735 1733 1728 1728 1729 1736 1725 1730 1745
853.312988 1743 1743 1742 1742 1720 1728 1756 1744 1748
853.33197 1741 1746 1730 1730 1727 1732 1728 1736 1744
853.35199 1737 1740 1730 1730 1729 1728 1730 1740 1749
853.372009 1737 1739 1722 1722 1745 1722 1721 1729 1732
853.390991 1738 1740 1723 1723 1714 1722 1728 1751 1741
853.411011 1747 1733 1729 1729 1719 1722 1723 1741 1743
853.43103 1735 1741 1734 1734 1726 1722 1724 1735 1749
853.450989 1742 1748 1734 1734 1720 1724 1737 1749 1745
853.469971 1750 1737 1746 1746 1723 1730 1739 1746 1736
853.48999 1742 1737 1735 1735 1735 1732 1729 1724 1731
853.51001 1739 1732 1741 1741 1727 1730 1730 1741 1753
853.528992 1730 1740 1728 1728 1719 1734 1730 1733 1730
853.549011 1753 1737 1740 1740 1732 1732 1733 1743 1746
853.56897 1751 1734 1731 1731 1727 1729 1738 1734 1749
853.588989 1741 1752 1729 1729 1710 1726 1731 1745 1745
853.607971 1752 1737 1733 1733 1726 1734 1723 1738 1744
853.627991 1748 1745 1742 1742 1730 1718 1726 1733 1747
853.64801 1735 1737 1742 1742 1721 1727 1733 1730 1738
853.666992 1740 1747 1731 1731 1726 1726 1741 1726 1744
853.687012 1743 1734 1732 1732 1720 1717 1718 1730 1742
853.70697 1748 1728 1741 1741 1732 1731 1727 1736 1739
853.726013 1745 1734 1728 1728 1713 1720 1737 1742 1738
853.745972 1736 1742 1727 1727 1728 1725 1735 1748 1743
853.765991 1744 1735 1723 1723 1726 1722 1732 1738 1745
853.784973 1745 1736 1734 1734 1729 1718 1749 1741 1741
853.804993 1740 1730 1739 1739 1722 1718 1722 1746 1726
853.825012 1741 1743 1734 1734 1729 1727 1750 1746 1754
853.844971 1741 1743 1733 1733 1725 1730 1732 1743 1740
853.864014 1749 1744 1734 1734 1741 1735 1733 1746 1740
853.883972 1760 1740 1726 1726 1712 1716 1742 1741 1753
853.903992 1743 1736 1735 1735 1725 1725 1742 1740 1756
853.922974 1742 1734 1750 1750 1719 1735 1732 1738 1759
853.942993 1745 1746 1736 1736 1725 1742 1728 1751 1749
853.963013 1748 1749 1730 1730 1740 1738 1742 1745 1755
853.981995 1746 1753 1738 1738 1735 1734 1747 1743 1734
854.002014 1753 1744 1738 1738 1720 1732 1741 1743 1751
854.021973 1755 1750 1735 1735 1729 1735 1754 1752 1747
854.041016 1762 1751 1740 1740 1741 1737 1742 1753 1759
854.060974 1739 1752 1750 1750 1735 1743 1755 1751 1764
854.080994 1774 1743 1739 1739 1732 1747 1734 1756 1761
854.099976 1761 1751 1754 1754 1742 1747 1746 1755 1759
854.119995 1754 1762 1749 1749 1732 1747 1732 1748 1763
854.140015 1754 1741 1759 1759 1741 1747 1749 1766 1764
854.158997 1756 1754 1748 1748 1730 1741 1760 1763 1764
854.179016 1754 1754 1755 1755 1751 1741 1750 1762 1752
854.198975 1754 1777 1752 1752 1744 1745 1749 1755 1769
854.218994 1753 1743 1751 1751 1738 1740 1737 1755 1754
854.237976 1765 1754 1741 1741 1735 1739 1754 1753 1761
854.257996 1757 1761 1756 1756 1738 1733 1742 1760 1758
854.278015 1762 1757 1750 1750 1735 1739 1735 1748 1766
854.296997 1764 1760 1752 1752 1732 1740 1750 1755 1759
854.317017 1758 1748 1742 1742 1726 1745 1750 1764 1753
854.336975 1762 1751 1748 1748 1739 1743 1761 1751 1761
854.356018 1746 1757 1752 1752 1732 1744 1729 1751 1749
854.375977 1754 1763 1762 1762 1737 1748 1751 1755 1753
854.395996 1753 1748 1742 1742 1743 1743 1737 1746 1751
854.414978 1757 1739 1751 1751 1739 1737 1745 1748 1755
854.434998 1766 1754 1743 1743 1738 1740 1749 1748 1757
854.455017 1760 1761 1748 1748 1731 1741 1749 1751 1749
854.473999 1750 1753 1739 1739 1742 1726 1739 1758 1762
854.494019 1756 1748 1752 1752 1731 1735 1745 1753 1769
854.513977 1760 1761 1725 1725 1722 1734 1760 1750 1748
854.53302 1748 1751 1741 1741 1743 1734 1746 1769 1762
854.552979 1745 1748 1744 1744 1724 1729 1734 1751 1744
854.572998 1759 1746 1733 1733 1727 1745 1748 1744 1747
854.59198 1755 1735 1745 1745 1731 1729 1742 1754 1750
854.612 1748 1735 1745 1745 1735 1733 1743 1753 1754
854.632019 1747 1750 1731 1731 1736 1744 1744 1755 1747
854.651001 1748 1745 1734 1734 1737 1729 1740 1754 1757
854.671021 1743 1745 1744 1744 1720 1737 1741 1737 1744
854.690979 1751 1740 1731 1731 1731 1732 1728 1746 1750
854.710022 1749 1751 1740 1740 1719 1729 1741 1746 1746
854.72998 1747 1747 1739 1739 1732 1736 1727 1752 1751
854.75 1756 1750 1730 1730 1723 1738 1743 1739 1748
854.768982 1752 1740 1734 1734 1734 1735 1735 1752 1747
854.789001 1754 1754 1733 1733 1719 1739 1738 1750 1745
854.807983 1747 1754 1726 1726 1728 1733 1738 1749 1758
854.828003 1765 1754 1727 1727 1716 1730 1735 1747 1745
854.848022 1743 1747 1740 1740 1720 1721 1742 1753 1747
854.867004 1752 1755 1735 1735 1725 1722 1743 1759 1734
854.887024 1748 1729 1739 1739 1727 1731 1735 1752 1751
854.906982 1745 1737 1742 1742 1721 1726 1736 1733 1751
854.926025 1765 1736 1749 1749 1730 1730 1739 1739 1755
854.945984 1742 1742 1733 1733 1737 1724 1742 1753 1749
854.966003 1749 1754 1738 1738 1719 1736 1729 1746 1752
854.984985 1737 1733 1738 1738 1737 1732 1739 1746 1753
855.005005 1753 1746 1729 1729 1732 1737 1737 1749 1755
855.025024 1736 1748 1737 1737 1734 1734 1740 1746 1761
855.044006 1745 1758 1746 1746 1733 1736 1736 1750 1748
855.064026 1756 1737 1750 1750 1721 1735 1730 1742 1755
855.083984 1745 1744 1735 1735 1723 1721 1745 1753 1740
855.103027 1744 1744 1737 1737 1734 1718 1729 1759 1744
855.122986 1743 1753 1732 1732 1729 1722 1739 1744 1738
855.143005 1736 1734 1720 1720 1711 1730 1740 1742 1744
855.161987 1744 1737 1727 1727 1731 1720 1738 1745 1746
855.182007 1744 1740 1746 1746 1714 1729 1739 1738 1742
855.200989 1744 1743 1744 1744 1734 1735 1742 1747 1734
855.221008 1746 1739 1729 1729 1723 1726 1729 1747 1744
855.241028 1743 1749 1729 1729 1727 1733 1732 1743 1748
855.26001 1748 1745 1717 1717 1732 1728 1737 1749 1740
855.280029 1744 1747 1753 1753 1720 1733 1735 1743 1740
855.299988 1742 1743 1728 1728 1709 1727 1724 1747 1732
855.31897 1745 1730 1735 1735 1717 1735 1740 1740 1745
855.338989 1725 1739 1727 1727 1713 1739 1725 1736 1736
855.359009 1740 1742 1743 1743 1723 1733 1730 1738 1750
855.377991 1742 1738 1731 1731 1722 1723 1736 1742 1742
855.39801 1743 1720 1735 1735 1724 1727 1733 1736 1743
855.41803 1748 1742 1728 1728 1728 1724 1737 1737 1748
855.437012 1741 1732 1733 1733 1720 1731 1718 1736 1737
855.45697 1748 1738 1727 1727 1714 1722 1732 1734 1741
855.476013 1738 1732 1734 1734 1716 1720 1722 1749 1730
855.495972 1728 1727 1726 1726 1719 1721 1737 1728 1745
855.515991 1740 1740 1732 1732 1717 1724 1744 1743 1739
855.534973 1734 1732 1737 1737 1717 1717 1737 1738 1740
855.554993 1732 1719 1730 1730 1723 1737 1723 1739 1744
855.575012 1740 1723 1729 1729 1724 1727 1729 1749 1737
855.593994 1736 1734 1727 1727 1715 1718 1720 1736 1737
855.614014 1729 1742 1740 1740 1729 1728 1727 1742 1736
855.633972 1739 1731 1728 1728 1713 1720 1723 1736 1738
855.653015 1729 1739 1724 1724 1724 1733 1722 1737 1743
855.672974 1734 1736 1726 1726 1719 1724 1730 1736 1746
855.692017 1734 1729 1716 1716 1711 1714 1729 1737 1739
855.711975 1746 1744 1728 1728 1731 1718 1723 1752 1736
855.731995 1735 1746 1723 1723 1709 1730 1725 1725 1726
855.750977 1735 1737 1730 1730 1722 1726 1725 1738 1740
855.770996 1731 1725 1729 1729 1712 1723 1724 1736 1734
855.791016 1732 1728 1724 1724 1724 1716 1723 1722 1744
855.809998 1747 1745 1727 1727 1709 1734 1723 1734 1740
855.830017 1729 1722 1735 1735 1723 1717 1716 1736 1733
855.848999 1744 1745 1729 1729 1719 1725 1721 1729 1741
855.869019 1724 1730 1729 1729 1727 1708 1725 1743 1744
855.888977 1738 1735 1730 1730 1722 1722 1730 1735 1736
855.90802 1734 1731 1736 1736 1714 1720 1719 1742 1727
855.927979 1729 1729 1727 1727 1726 1720 1735 1732 1736
855.947998 1743 1729 1732 1732 1724 1733 1724 1743 1739
855.96698 1739 1740 1720 1720 1718 1728 1731 1741 1736
855.987 1730 1747 1732 1732 1724 1716 1727 1726 1733
856.005981 1734 1726 1728 1728 1711 1719 1730 1738 1736
856.026001 1751 1732 1725 1725 1708 1713 1722 1726 1751
856.046021 1739 1743 1734 1734 1726 1723 1730 1747 1735
856.065002 1744 1729 1734 1734 1726 1732 1722 1747 1747
856.085022 1740 1736 1727 1727 1725 1726 1727 1747 1740
856.104004 1744 1741 1737 1737 1729 1716 1741 1735 1747
856.124023 1736 1733 1721 1721 1712 1733 1739 1734 1740
856.143982 1741 1748 1727 1727 1722 1733 1730 1738 1739
856.163025 1740 1732 1728 1728 1716 1721 1736 1734 1746
856.182983 1732 1733 1730 1730 1723 1725 1731 1745 1736
856.203003 1737 1731 1734 1734 1727 1721 1727 1735 1727
856.221985 1737 1741 1734 1734 1719 1732 1726 1737 1740
856.242004 1748 1733 1716 1716 1717 1715 1723 1735 1733
856.260986 1737 1735 1730 1730 1725 1727 1726 1736 1739
856.281006 1747 1729 1727 1727 1719 1722 1732 1738 1738
856.301025 1734 1743 1730 1730 1728 1734 1723 1745 1733
856.320007 1739 1730 1730 1730 1723 1724 1737 1734 1740
856.340027 1738 1741 1726 1726 1710 1725 1726 1732 1734
856.359009 1741 1736 1735 1735 1723 1719 1728 1739 1746
856.379028 1739 1738 1731 1731 1730 1721 1724 1743 1737
856.398987 1737 1733 1729 1729 1728 1727 1724 1727 1739
856.41803 1751 1733 1736 1736 1731 1730 1723 1732 1739
856.437988 1740 1729 1727 1727 1711 1729 1732 1738 1735
856.45697 1738 1720 1729 1729 1721 1727 1724 1731 1736
856.47699 1743 1732 1713 1713 1718 1716 1718 1734 1721
856.497009 1723 1725 1721 1721 1721 1716 1715 1736 1734
856.515991 1739 1717 1725 1725 1715 1725 1714 1733 1744
856.536011 1735 1730 1722 1722 1718 1722 1726 1730 1734
856.554993 1738 1726 1717 1717 1713 1717 1729 1723 1728
856.575012 1729 1732 1709 1709 1718 1712 1724 1741 1750
856.594971 1731 1734 1733 1733 1719 1719 1719 1738 1740
856.614014 1718 1724 1730 1730 1710 1714 1725 1741 1719
856.633972 1732 1718 1713 1713 1707 1721 1722 1716 1733
856.653015 1730 1719 1712 1712 1710 1717 1720 1723 1744
856.672974 1724 1725 1718 1718 1721 1724 1726 1720 1729
856.692993 1726 1731 1719 1719 1718 1719 1714 1726 1729
856.711975 1726 1727 1725 1725 1721 1716 1713 1723 1723
856.731995 1729 1726 1722 1722 1713 1719 1723 1728 1729
856.750977 1729 1718 1730 1730 1719 1709 1717 1742 1729
856.770996 1728 1715 1718 1718 1706 1715 1704 1737 1728
856.791016 1722 1724 1710 1710 1717 1720 1721 1732 1725
856.809998 1729 1727 1719 1719 1719 1711 1722 1731 1727
856.830017 1726 1725 1719 1719 1719 1709 1712 1713 1729
856.848999 1737 1718 1711 1711 1713 1724 1718 1730 1725
856.869019 1718 1717 1717 1717 1717 1724 1715 1715 1727
856.888 1728 1730 1706 1706 1708 1718 1711 1729 1728
856.90802 1728 1722 1724 1724 1716 1721 1723 1720 1718
856.927979 1727 1716 1726 1726 1711 1713 1711 1724 1715
856.947021 1735 1730 1711 1711 1714 1720 1721 1729 1726
856.96698 1728 1727 1734 1734 1722 1722 1721 1724 1729
856.986023 1720 1722 1718 1718 1711 1721 1711 1724 1722
857.005981 1734 1718 1721 1721 1706 1712 1719 1733 1731
857.026001 1720 1728 1714 1714 1704 1724 1704 1714 1727
857.044983 1726 1720 1716 1716 1714 1722 1709 1723 1725
857.065002 1721 1722 1718 1718 1710 1705 1714 1726 1734
857.083984 1729 1728 1723 1723 1712 1711 1719 1724 1722
857.104004 1724 1720 1726 1726 1711 1713 1725 1720 1721
857.122986 1721 1725 1713 1713 1717 1721 1720 1731 1714
857.143005 1719 1723 1713 1713 1717 1714 1712 1718 1730
857.163025 1728 1724 1722 1722 1715 1708 1715 1718 1722
857.182007 1730 1729 1715 1715 1706 1708 1716 1732 1741
857.202026 1717 1730 1717 1717 1711 1714 1718 1727 1722
857.221008 1732 1727 1712 1712 1716 1724 1712 1719 1732
857.241028 1725 1722 1718 1718 1726 1713 1713 1726 1729
857.260986 1728 1728 1723 1723 1719 1723 1722 1727 1721
857.280029 1735 1726 1717 1717 1712 1711 1719 1732 1732
857.299988 1721 1725 1722 1722 1712 1727 1723 1730 1723
857.31897 1726 1725 1724 1724 1718 1717 1727 1723 1718
857.338989 1731 1725 1726 1726 1724 1719 1727 1722 1715
857.357971 1719 1730 1717 1717 1713 1710 1717 1713 1724
857.377991 1716 1735 1724 1724 1712 1721 1707 1724 1734
857.39801 1724 1711 1721 1721 1719 1714 1727 1719 1727
857.416992 1725 1720 1722 1722 1707 1710 1711 1742 1722
857.437012 1739 1719 1718 1718 1709 1711 1718 1722 1709
857.455994 1718 1728 1721 1721 1726 1720 1710 1719 1720
857.476013 1734 1707 1710 1710 1707 1713 1711 1728 1727
857.494995 1733 1722 1721 1721 1718 1720 1717 1722 1726
857.515015 1722 1727 1728 1728 1716 1713 1720 1717 1730
857.534973 1717 1722 1712 1712 1717 1703 1719 1718 1715
857.554016 1724 1723 1713 1713 1713 1714 1719 1725 1723
857.573975 1728 1724 1717 1717 1727 1721 1720 1713 1712
857.593018 1726 1721 1712 1712 1707 1719 1713 1718 1728
857.612976 1726 1725 1723 1723 1714 1718 1712 1727 1703
857.632019 1723 1717 1704 1704 1716 1718 1710 1727 1722
857.651978 1712 1724 1709 1709 1714 1728 1714 1713 1727
857.671997 1727 1730 1723 1723 1717 1721 1719 1737 1731
857.690979 1722 1719 1723 1723 1713 1714 1717 1709 1730
857.710999 1717 1725 1716 1716 1722 1713 1706 1722 1717
857.72998 1720 1726 1716 1716 1711 1720 1716 1727 1729
857.75 1716 1723 1718 1718 1710 1721 1718 1722 1731
857.768982 1723 1721 1711 1711 1710 1708 1723 1721 1722
857.789001 1728 1717 1727 1727 1711 1716 1719 1727 1722
857.807983 1724 1710 1724 1724 1706 1724 1712 1720 1712
857.828003 1714 1715 1710 1710 1719 1722 1713 1718 1727
857.848022 1735 1726 1722 1722 1711 1718 1709 1728 1716
857.867004 1722 1731 1714 1714 1715 1708 1711 1725 1728
857.887024 1720 1722 1717 1717 1717 1714 1719 1727 1719
857.906006 1727 1723 1719 1719 1722 1712 1721 1722 1722
857.926025 1720 1727 1711 1711 1703 1716 1709 1720 1723
857.945007 1723 1719 1720 1720 1710 1717 1713 1718 1723
857.965027 1717 1710 1712 1712 1714 1720 1714 1733 1723
857.984009 1732 1722 1727 1727 1721 1722 1716 1731 1728
858.004028 1728 1715 1715 1715 1719 1714 1722 1722 1720
858.02301 1724 1724 1716 1716 1713 1716 1721 1734 1720
858.04303 1715 1719 1713 1713 1710 1715 1718 1725 1725
858.062988 1722 1730 1725 1725 1705 1720 1711 1719 1726
858.08197 1720 1726 1721 1721 1717 1717 1714 1715 1719
858.10199 1721 1720 1720 1720 1715 1722 1726 1719 1734
858.120972 1736 1721 1710 1710 1705 1712 1712 1715 1733
858.140991 1723 1721 1725 1725 1722 1726 1723 1723 1730
858.159973 1720 1719 1717 1717 1718 1720 1713 1717 1736
858.179993 1716 1723 1711 1711 1717 1719 1723 1715 1720
858.198975 1719 1723 1703 1703 1717 1726 1712 1731 1724
858.218994 1711 1725 1709 1709 1715 1715 1718 1723 1723
858.239014 1731 1718 1707 1707 1713 1720 1709 1722 1727
858.257996 1708 1711 1721 1721 1722 1706 1714 1715 1731
858.278015 1714 1712 1698 1698 1724 1717 1710 1722 1718
858.296997 1712 1717 1721 1721 1716 1720 1714 1714 1716
858.317017 1716 1717 1714 1714 1702 1704 1707 1720 1717
858.335999 1721 1712 1719 1719 1712 1707 1714 1700 1712
858.356018 1722 1723 1716 1716 1696 1701 1706 1716 1729
858.375 1723 1724 1720 1720 1709 1710 1703 1709 1710
858.39502 1709 1708 1712 1712 1701 1723 1705 1714 1712
858.414001 1716 1706 1705 1705 1711 1702 1714 1719 1711
858.434021 1719 1717 1709 1709 1703 1705 1717 1713 1712
858.453003 1710 1707 1699 1699 1712 1713 1705 1710 1723
858.473022 1720 1710 1714 1714 1703 1716 1707 1720 1710
858.492004 1715 1719 1716 1716 1715 1706 1707 1711 1712
858.512024 1716 1715 1708 1708 1706 1704 1701 1714 1718
858.531982 1707 1704 1712 1712 1712 1712 1710 1722 1715
858.551025 1715 1708 1702 1702 1704 1716 1706 1715 1711
858.570984 1721 1709 1709 1709 1724 1712 1712 1715 1722
858.590027 1712 1717 1728 1728 1714 1711 1711 1718 1715
858.609985 1722 1725 1713 1713 1708 1719 1721 1727 1723
858.629028 1723 1718 1715 1715 1722 1720 1717 1717 1723
858.648987 1717 1722 1713 1713 1715 1707 1725 1725 1720
858.66803 1720 1732 1704 1704 1716 1711 1709 1726 1727
858.687988 1715 1722 1724 1724 1705 1706 1704 1732 1720
858.70697 1715 1716 1731 1731 1708 1723 1708 1717 1720
858.72699 1721 1718 1714 1714 1728 1711 1715 1728 1724
858.745972 1716 1724 1712 1712 1726 1724 1718 1728 1724
858.765991 1712 1716 1717 1717 1727 1719 1719 1720 1712
858.784973 1714 1722 1715 1715 1708 1717 1701 1725 1720
858.804993 1722 1709 1718 1718 1716 1728 1713 1721 1717
858.823975 1729 1711 1721 1721 1708 1719 1713 1713 1738
858.843994 1716 1721 1719 1719 1717 1723 1708 1714 1715
858.864014 1717 1724 1710 1710 1720 1713 1711 1718 1729
858.882996 1727 1729 1731 1731 1714 1712 1707 1727 1717
858.903015 1698 1717 1717 1717 1704 1722 1718 1720 1724
858.921997 1727 1721 1720 1720 1713 1712 1711 1723 1719
858.942017 1722 1719 1706 1706 1709 1701 1719 1717 1722
858.960999 1707 1716 1712 1712 1722 1715 1709 1711 1722
858.981018 1709 1714 1698 1698 1707 1713 1707 1713 1714
859 1713 1723 1710 1710 1707 1714 1718 1708 1717
859.02002 1708 1716 1715 1715 1707 1715 1702 1716 1713
859.039001 1720 1720 1716 1716 1713 1716 1716 1715 1708
859.059021 1702 1716 1712 1712 1697 1709 1707 1709 1721
859.078003 1716 1716 1705 1705 1716 1710 1702 1714 1723
859.098022 1712 1717 1700 1700 1717 1702 1711 1706 1709
859.117004 1710 1709 1712 1712 1706 1717 1709 1711 1704
859.137024 1713 1726 1706 1706 1711 1705 1711 1704 1704
859.156006 1707 1718 1712 1712 1714 1701 1714 1714 1707
859.176025 1709 1723 1711 1711 1702 1721 1699 1712 1711
859.195007 1702 1715 1711 1711 1715 1703 1715 1716 1704
859.215027 1709 1710 1696 1696 1719 1705 1712 1709 1715
859.234009 1717 1713 1703 1703 1713 1702 1710 1717 1704
859.254028 1698 1704 1710 1710 1706 1707 1698 1711 1704
859.27301 1718 1719 1702 1702 1700 1714 1708 1709 1724
859.29303 1709 1710 1710 1710 1706 1705 1713 1715 1700
859.312012 1728 1717 1726 1726 1710 1709 1708 1706 1715
859.33197 1721 1709 1719 1719 1709 1703 1712 1711 1719
859.351013 1716 1710 1702 1702 1705 1699 1710 1710 1719
859.370972 1716 1708 1706 1706 1718 1711 1712 1709 1719
859.390015 1696 1701 1721 1721 1722 1708 1707 1718 1714
859.409973 1720 1700 1719 1719 1705 1710 1707 1707 1709
859.429016 1709 1720 1719 1719 1694 1701 1714 1720 1722
859.448975 1720 1723 1707 1707 1705 1710 1718 1710 1714
859.468018 1713 1717 1713 1713 1711 1713 1708 1722 1724
859.487976 1711 1715 1708 1708 1712 1706 1709 1709 1715
859.507019 1707 1709 1726 1726 1713 1713 1705 1710 1716
859.526978 1730 1718 1701 1701 1706 1720 1718 1709 1721
859.546021 1710 1715 1711 1711 1712 1723 1701 1720 1705
859.565979 1715 1722 1705 1705 1718 1724 1711 1712 1712
859.585022 1710 1722 1709 1709 1715 1713 1705 1728 1716
859.60498 1710 1719 1711 1711 1710 1714 1714 1713 1718
859.624023 1719 1710 1716 1716 1725 1718 1717 1722 1718
859.643982 1710 1724 1711 1711 1705 1712 1714 1719 1707
859.663025 1714 1720 1723 1723 1712 1722 1706 1721 1697
859.682983 1724 1709 1717 1717 1706 1708 1716 1703 1726
859.702026 1719 1711 1719 1719 1706 1720 1723 1715 1729
859.721985 1716 1722 1714 1714 1711 1719 1709 1710 1707
859.741028 1715 1715 1719 1719 1706 1723 1707 1719 1712
859.760986 1711 1726 1732 1732 1717 1720 1708 1711 1717
859.780029 1723 1725 1719 1719 1710 1715 1706 1715 1710
859.799988 1705 1719 1712 1712 1712 1718 1715 1705 1711
859.81897 1704 1713 1715 1715 1704 1715 1703 1709 1703
859.838989 1710 1705 1707 1707 1718 1713 1714 1709 1715
859.857971 1709 1705 1713 1713 1711 1719 1723 1726 1717
859.877991 1710 1718 1716 1716 1710 1705 1705 1705 1711
859.896973 1712 1701 1701 1701 1714 1704 1712 1709 1711
859.916992 1711 1711 1707 1707 1708 1702 1720 1719 1693
859.935974 1709 1714 1714 1714 1719 1702 1702 1698 1708
859.955994 1715 1701 1707 1707 1702 1711 1708 1703 1710
859.974976 1702 1706 1720 1720 1702 1707 1711 1713 1702
859.994995 1703 1702 1700 1700 1707 1701 1698 1717 1701
860.013977 1724 1706 1718 1718 1715 1703 1708 1702 1707
860.033997 1700 1712 1705 1705 1703 1702 1697 1700 1708
860.052979 1717 1708 1715 1715 1705 1700 1704 1722 1708
860.072998 1713 1710 1699 1699 1699 1707 1707 1697 1699
860.09198 1710 1708 1717 1717 1698 1713 1704 1707 1716
860.112 1707 1703 1707 1707 1716 1712 1703 1708 1710
860.130981 1719 1713 1710 1710 1700 1709 1709 1717 1705
860.151001 1721 1701 1704 1704 1711 1707 1698 1705 1708
860.169983 1715 1717 1706 1706 1705 1708 1712 1710 1710
860.189026 1699 1723 1702 1702 1709 1696 1712 1706 1703
860.208984 1719 1713 1714 1714 1703 1714 1704 1717 1702
860.228027 1702 1705 1709 1709 1708 1699 1708 1706 1721
860.247986 1713 1706 1707 1707 1702 1707 1712 1707 1715
860.267029 1699 1707 1718 1718 1702 1704 1704 1697 1705
860.286987 1703 1708 1708 1708 1702 1699 1714 1704 1714
860.30603 1698 1706 1709 1709 1717 1713 1708 1706 1710
860.325989 1702 1695 1705 1705 1709 1694 1704 1703 1715
860.344971 1707 1706 1696 1696 1716 1718 1708 1705 1706
860.36499 1702 1711 1708 1708 1698 1707 1717 1708 1714
860.383972 1714 1713 1712 1712 1723 1718 1714 1712 1708
860.403992 1719 1700 1710 1710 1713 1712 1706 1715 1709
860.422974 1716 1706 1695 1695 1714 1712 1720 1716 1715
860.442993 1707 1709 1720 1720 1696 1709 1697 1721 1720
860.461975 1698 1702 1713 1713 1710 1700 1712 1711 1705
860.481995 1701 1709 1709 1709 1714 1713 1711 1719 1708
860.500977 1707 1708 1713 1713 1707 1697 1714 1700 1716
860.520996 1705 1717 1720 1720 1712 1703 1716 1719 1722
860.539978 1705 1725 1710 1710 1709 1712 1713 1714 1718
860.559021 1713 1718 1707 1707 1708 1703 1709 1704 1704
860.578979 1698 1713 1714 1714 1699 1705 1719 1706 1715
860.598022 1720 1721 1715 1715 1711 1712 1709 1722 1716
860.617981 1706 1704 1708 1708 1714 1706 1710 1713 1713
860.637024 1710 1713 1709 1709 1713 1723 1706 1714 1711
860.656982 1706 1715 1709 1709 1709 1708 1716 1709 1704
860.676025 1724 1712 1706 1706 1714 1711 1711 1717 1721
860.695984 1710 1709 1708 1708 1714 1706 1705 1706 1706
860.715027 1708 1718 1707 1707 1714 1715 1695 1702 1708
860.734985 1706 1713 1711 1711 1711 1703 1710 1700 1715
860.754028 1706 1716 1717 1717 1716 1707 1706 1713 1722
860.77301 1702 1712 1702 1702 1717 1715 1721 1710 1711
