0 11.25 22.5 33.75 45 56.25 67.5 78.75 90
828.851013 1669 1672 1676 1688 1676 1679 1685 1678 1674
828.870972 1677 1681 1693 1685 1691 1680 1682 1683 1665
828.890991 1665 1676 1690 1693 1698 1684 1684 1682 1673
828.911987 1664 1677 1680 1695 1694 1678 1683 1683 1668
828.932007 1672 1673 1682 1686 1693 1690 1680 1679 1676
828.953003 1665 1678 1674 1680 1678 1677 1668 1679 1674
828.973022 1673 1669 1687 1682 1683 1685 1682 1684 1667
828.994019 1665 1675 1672 1679 1675 1681 1674 1664 1665
829.013977 1672 1674 1674 1692 1687 1672 1681 1668 1664
829.034973 1670 1674 1678 1681 1677 1677 1681 1663 1660
829.054993 1666 1667 1676 1672 1682 1688 1671 1663 1668
829.075012 1669 1664 1683 1672 1679 1679 1659 1669 1665
829.096008 1656 1675 1664 1675 1679 1667 1677 1675 1672
829.116028 1659 1672 1673 1687 1673 1674 1671 1667 1664
829.137024 1660 1673 1673 1663 1675 1677 1666 1663 1666
829.156982 1656 1679 1682 1682 1678 1668 1672 1667 1666
829.177979 1658 1663 1667 1671 1667 1668 1670 1659 1672
829.197998 1661 1662 1677 1678 1682 1679 1669 1676 1664
829.218994 1663 1668 1671 1679 1665 1669 1676 1657 1670
829.239014 1662 1665 1669 1672 1668 1671 1669 1661 1665
829.258972 1665 1662 1674 1667 1673 1679 1658 1657 1663
829.280029 1662 1670 1667 1666 1672 1674 1671 1668 1677
829.299988 1664 1660 1669 1673 1673 1677 1664 1664 1654
829.320984 1655 1664 1659 1669 1674 1658 1659 1662 1667
829.341003 1651 1664 1675 1668 1675 1672 1656 1654 1657
829.362 1673 1662 1671 1672 1662 1669 1667 1659 1670
829.382019 1657 1665 1666 1668 1670 1660 1668 1668 1655
829.401978 1658 1659 1670 1670 1670 1674 1662 1663 1663
829.422974 1651 1665 1661 1668 1667 1680 1674 1665 1652
829.442993 1665 1660 1667 1678 1671 1667 1654 1659 1657
829.463989 1659 1672 1668 1670 1675 1680 1667 1658 1660
829.484009 1654 1665 1684 1674 1674 1662 1660 1662 1659
829.505005 1666 1663 1673 1665 1669 1675 1669 1656 1656
829.525024 1651 1660 1664 1672 1668 1670 1667 1672 1660
829.544983 1663 1664 1666 1681 1679 1680 1666 1658 1663
829.565979 1661 1663 1673 1676 1670 1667 1675 1663 1657
829.585999 1661 1673 1660 1675 1663 1671 1673 1657 1671
829.606995 1658 1664 1669 1679 1677 1666 1670 1657 1659
829.627014 1661 1672 1659 1679 1681 1669 1668 1662 1659
829.64801 1654 1662 1670 1666 1670 1670 1660 1653 1654
829.66803 1665 1670 1672 1680 1676 1668 1658 1671 1655
829.687988 1662 1666 1666 1681 1680 1669 1664 1669 1656
829.708984 1650 1664 1670 1678 1667 1662 1654 1667 1655
829.729004 1657 1663 1664 1678 1676 1673 1671 1662 1653
829.75 1652 1665 1668 1675 1682 1671 1666 1665 1665
829.77002 1663 1652 1668 1667 1683 1671 1675 1664 1659
829.791016 1652 1669 1673 1669 1679 1675 1669 1650 1668
829.810974 1660 1667 1673 1672 1678 1678 1670 1662 1653
829.830994 1654 1667 1672 1663 1674 1671 1673 1666 1674
829.85199 1658 1665 1664 1671 1671 1674 1664 1664 1655
829.872009 1652 1659 1679 1675 1674 1683 1672 1661 1667
829.893005 1663 1664 1676 1671 1686 1680 1662 1669 1662
829.913025 1659 1677 1674 1679 1674 1669 1663 1665 1666
829.932983 1658 1663 1674 1676 1672 1673 1668 1655 1657
829.953979 1662 1658 1680 1675 1680 1678 1668 1650 1671
829.973999 1662 1661 1668 1674 1672 1675 1670 1668 1673
829.994995 1656 1671 1672 1681 1683 1674 1667 1670 1674
830.015015 1666 1673 1673 1682 1684 1683 1662 1667 1678
830.036011 1661 1658 1669 1676 1675 1679 1682 1664 1674
830.05603 1676 1670 1689 1681 1686 1682 1677 1669 1670
830.075989 1682 1681 1679 1677 1684 1677 1671 1669 1671
830.096985 1660 1682 1675 1685 1676 1684 1672 1668 1672
830.117004 1670 1685 1676 1675 1677 1692 1685 1675 1675
830.138 1668 1681 1679 1684 1685 1691 1668 1667 1671
830.15802 1671 1672 1684 1685 1697 1682 1693 1679 1682
830.177979 1677 1666 1677 1688 1681 1685 1668 1674 1671
830.198975 1678 1680 1697 1698 1694 1674 1682 1685 1690
830.218994 1672 1679 1681 1693 1685 1688 1682 1676 1685
830.23999 1677 1683 1676 1690 1687 1683 1678 1672 1688
830.26001 1664 1682 1689 1696 1689 1696 1674 1672 1680
830.280029 1669 1676 1683 1689 1688 1690 1679 1673 1677
830.301025 1675 1684 1689 1681 1701 1682 1674 1679 1682
830.320984 1668 1669 1687 1690 1697 1700 1689 1689 1674
830.34198 1673 1694 1689 1690 1693 1691 1673 1672 1685
830.362 1681 1671 1691 1682 1698 1679 1689 1684 1678
830.382996 1663 1685 1695 1689 1691 1682 1670 1678 1675
830.403015 1670 1687 1696 1689 1698 1685 1685 1674 1683
830.422974 1671 1680 1688 1686 1694 1690 1680 1678 1667
830.44397 1675 1679 1678 1687 1694 1692 1685 1680 1676
830.463989 1674 1683 1692 1698 1693 1682 1679 1680 1671
830.484009 1687 1678 1683 1701 1698 1700 1690 1668 1678
830.505005 1682 1684 1689 1687 1689 1684 1678 1673 1676
830.525024 1679 1678 1693 1692 1691 1691 1684 1667 1681
830.546021 1667 1667 1670 1686 1695 1689 1689 1680 1682
830.565979 1663 1676 1675 1692 1690 1691 1683 1674 1685
830.585999 1678 1687 1682 1682 1682 1687 1690 1681 1678
830.606995 1675 1678 1675 1683 1688 1676 1676 1668 1667
830.627014 1665 1679 1687 1695 1692 1683 1683 1667 1675
830.64801 1669 1677 1678 1691 1693 1677 1673 1677 1678
830.66803 1670 1687 1674 1681 1678 1689 1688 1667 1671
830.687988 1677 1675 1675 1682 1686 1688 1686 1678 1668
830.708984 1671 1663 1681 1702 1685 1677 1677 1673 1670
830.729004 1684 1683 1673 1696 1690 1687 1669 1681 1672
830.75 1666 1672 1681 1686 1690 1679 1677 1676 1672
830.77002 1671 1675 1681 1681 1681 1682 1666 1664 1674
830.789978 1675 1671 1679 1681 1674 1678 1680 1671 1665
830.810974 1666 1667 1685 1680 1681 1682 1687 1658 1675
830.830994 1668 1671 1682 1680 1682 1677 1673 1673 1661
830.85199 1672 1674 1677 1681 1677 1681 1674 1664 1666
830.872009 1663 1671 1681 1688 1684 1681 1671 1667 1662
830.892029 1677 1671 1666 1681 1682 1675 1679 1678 1668
830.913025 1661 1664 1682 1671 1678 1673 1671 1669 1669
830.932983 1666 1679 1679 1681 1669 1665 1670 1659 1659
830.953979 1663 1669 1674 1682 1671 1672 1678 1666 1662
830.973999 1667 1678 1680 1681 1677 1678 1671 1664 1673
830.994019 1663 1661 1678 1682 1670 1680 1683 1670 1659
831.015015 1672 1673 1671 1677 1671 1682 1670 1657 1670
831.034973 1660 1662 1676 1680 1678 1684 1671 1661 1664
831.054993 1659 1667 1661 1670 1679 1676 1673 1669 1661
831.075989 1663 1662 1678 1682 1669 1679 1667 1665 1658
831.096008 1660 1667 1676 1670 1683 1689 1671 1662 1663
831.117004 1662 1667 1678 1683 1676 1676 1673 1662 1657
831.137024 1654 1660 1673 1676 1674 1672 1665 1664 1665
831.156982 1662 1670 1671 1677 1675 1671 1670 1659 1670
831.177979 1662 1669 1678 1679 1673 1667 1671 1664 1664
831.197998 1658 1669 1669 1690 1665 1671 1664 1673 1659
831.218994 1660 1664 1671 1672 1674 1683 1663 1655 1660
831.239014 1656 1668 1668 1679 1685 1686 1664 1658 1671
831.258972 1655 1654 1672 1668 1669 1673 1662 1662 1659
831.280029 1653 1671 1663 1668 1681 1676 1675 1666 1667
831.299988 1674 1672 1666 1679 1674 1677 1658 1653 1670
831.320007 1661 1665 1672 1668 1674 1682 1662 1667 1659
831.341003 1652 1666 1671 1680 1681 1681 1670 1664 1663
831.361023 1662 1658 1669 1672 1670 1666 1660 1676 1662
831.382019 1657 1663 1671 1666 1663 1671 1678 1664 1666
831.401978 1662 1657 1677 1668 1672 1668 1678 1664 1659
831.421997 1661 1668 1669 1668 1677 1677 1666 1667 1665
831.442993 1656 1672 1669 1670 1670 1674 1655 1659 1662
831.463013 1663 1669 1663 1664 1679 1666 1666 1666 1667
831.482971 1668 1666 1675 1676 1680 1675 1673 1656 1675
831.504028 1661 1663 1677 1679 1673 1675 1684 1674 1669
831.523987 1666 1678 1667 1679 1676 1679 1668 1672 1665
831.544983 1660 1665 1675 1682 1676 1681 1673 1664 1662
831.565002 1674 1673 1672 1685 1685 1680 1674 1670 1660
831.585022 1663 1664 1682 1667 1671 1679 1677 1662 1662
831.606018 1672 1663 1678 1684 1679 1669 1653 1670 1666
831.625977 1658 1671 1669 1676 1676 1678 1680 1665 1667
831.645996 1665 1675 1678 1677 1680 1680 1663 1651 1663
831.666992 1663 1667 1675 1677 1673 1680 1670 1667 1680
831.687012 1670 1667 1671 1673 1677 1679 1669 1680 1658
831.708008 1660 1674 1670 1683 1679 1676 1662 1666 1666
831.728027 1669 1676 1676 1686 1685 1665 1668 1664 1664
831.747986 1665 1672 1668 1680 1687 1666 1672 1670 1670
831.768982 1662 1674 1673 1684 1691 1692 1675 1669 1669
831.789001 1670 1660 1669 1681 1673 1676 1672 1672 1664
831.809021 1665 1669 1681 1670 1678 1692 1678 1671 1658
831.830017 1675 1675 1674 1681 1677 1669 1665 1669 1677
831.849976 1669 1669 1675 1682 1681 1676 1670 1661 1673
831.869995 1669 1676 1677 1681 1687 1673 1676 1671 1673
831.890991 1661 1671 1676 1687 1688 1671 1684 1671 1664
831.911011 1672 1679 1679 1695 1684 1683 1682 1667 1673
831.932007 1672 1682 1682 1691 1688 1681 1668 1664 1676
831.952026 1669 1677 1687 1692 1683 1688 1674 1678 1665
831.971985 1663 1676 1680 1695 1686 1681 1687 1675 1657
831.992981 1667 1676 1688 1683 1686 1679 1677 1675 1679
832.013 1671 1683 1688 1688 1688 1687 1672 1668 1677
832.03302 1671 1671 1691 1686 1697 1681 1681 1675 1673
832.054016 1679 1677 1685 1690 1696 1677 1676 1674 1674
832.073975 1681 1690 1687 1673 1682 1685 1675 1680 1666
832.093994 1676 1680 1689 1686 1689 1690 1689 1675 1676
832.11499 1682 1678 1688 1694 1694 1695 1671 1680 1671
832.13501 1670 1679 1688 1691 1686 1684 1688 1683 1680
832.155029 1671 1675 1685 1689 1678 1684 1682 1676 1680
832.176025 1677 1680 1690 1678 1689 1695 1674 1682 1683
832.195984 1680 1670 1673 1688 1692 1689 1671 1685 1684
832.216003 1666 1687 1672 1693 1687 1689 1682 1675 1672
832.237 1678 1683 1683 1682 1693 1690 1679 1678 1671
832.257019 1674 1679 1682 1682 1693 1686 1686 1671 1674
832.278015 1667 1677 1685 1689 1698 1688 1679 1678 1682
832.297974 1673 1683 1688 1689 1691 1690 1673 1682 1664
832.317993 1671 1680 1691 1692 1691 1699 1694 1673 1670
832.338989 1677 1673 1696 1686 1695 1688 1692 1678 1672
832.359009 1686 1679 1689 1692 1696 1684 1681 1669 1674
832.379028 1676 1695 1693 1694 1687 1696 1673 1681 1681
832.400024 1674 1678 1693 1700 1690 1700 1689 1682 1678
832.419983 1684 1687 1694 1701 1697 1693 1681 1684 1685
832.440002 1682 1683 1698 1694 1701 1685 1687 1688 1681
832.460999 1677 1688 1704 1686 1695 1688 1680 1672 1679
832.481018 1674 1683 1694 1695 1699 1696 1682 1688 1679
832.500977 1685 1686 1690 1683 1694 1687 1685 1682 1681
832.521973 1685 1684 1685 1699 1702 1686 1693 1684 1683
832.541992 1685 1686 1688 1695 1698 1696 1678 1686 1680
832.562012 1679 1673 1682 1686 1693 1690 1688 1682 1679
832.583008 1683 1687 1692 1694 1693 1702 1689 1680 1680
832.603027 1678 1680 1698 1696 1689 1688 1684 1685 1685
832.622986 1674 1685 1697 1695 1694 1687 1679 1681 1688
832.643982 1681 1686 1691 1687 1694 1686 1688 1678 1671
832.664001 1672 1685 1691 1688 1697 1681 1689 1672 1671
832.684021 1673 1687 1694 1702 1691 1695 1686 1680 1688
832.705017 1682 1679 1689 1693 1696 1693 1683 1676 1679
832.724976 1679 1673 1692 1681 1701 1697 1676 1663 1671
832.744995 1663 1680 1683 1687 1691 1684 1684 1680 1674
832.765991 1679 1672 1680 1699 1691 1692 1679 1681 1680
832.786011 1662 1677 1684 1680 1699 1690 1685 1670 1674
832.80603 1676 1674 1684 1692 1689 1679 1682 1671 1667
832.827026 1670 1669 1680 1687 1673 1693 1684 1676 1669
832.846985 1684 1674 1681 1693 1679 1673 1678 1689 1679
832.867004 1675 1684 1689 1689 1694 1691 1679 1671 1680
832.888 1673 1673 1682 1681 1684 1677 1671 1673 1672
832.90802 1668 1673 1686 1686 1685 1680 1682 1670 1676
832.927979 1680 1680 1683 1680 1683 1692 1675 1672 1678
832.948975 1677 1681 1698 1692 1681 1680 1678 1678 1673
832.968994 1678 1673 1692 1689 1686 1683 1669 1667 1676
832.989014 1670 1686 1684 1668 1694 1689 1674 1680 1671
833.01001 1670 1680 1686 1686 1686 1678 1680 1678 1671
833.030029 1666 1675 1689 1697 1689 1680 1674 1665 1671
833.049988 1687 1683 1685 1683 1687 1682 1681 1662 1671
833.070984 1670 1676 1679 1688 1686 1678 1671 1675 1670
833.091003 1676 1667 1684 1692 1685 1691 1680 1667 1671
833.111023 1673 1667 1683 1685 1675 1684 1680 1670 1676
833.132019 1676 1674 1673 1681 1679 1684 1676 1674 1661
833.151978 1667 1670 1676 1683 1677 1684 1682 1666 1663
833.171997 1666 1672 1679 1684 1676 1682 1659 1665 1669
833.192993 1674 1674 1687 1682 1681 1678 1671 1676 1669
833.213013 1665 1663 1683 1678 1681 1678 1662 1664 1676
833.232971 1665 1677 1677 1688 1689 1678 1679 1667 1676
833.254028 1665 1677 1675 1676 1676 1679 1687 1665 1664
833.273987 1665 1668 1680 1681 1686 1689 1676 1664 1665
833.294006 1675 1671 1682 1680 1675 1676 1667 1674 1670
833.315002 1667 1676 1676 1678 1674 1682 1672 1674 1672
833.335022 1667 1668 1676 1676 1678 1672 1674 1663 1666
833.35498 1652 1677 1674 1687 1687 1679 1678 1662 1667
833.375977 1670 1677 1674 1681 1685 1679 1666 1666 1673
833.395996 1674 1673 1668 1675 1678 1672 1671 1674 1661
833.416016 1658 1659 1677 1675 1682 1688 1669 1676 1674
833.437012 1658 1678 1679 1684 1684 1682 1667 1673 1661
833.45697 1666 1674 1678 1673 1681 1667 1668 1659 1669
833.47699 1663 1668 1670 1677 1675 1672 1673 1660 1666
833.497009 1666 1667 1676 1669 1672 1680 1668 1665 1672
833.518005 1665 1660 1682 1670 1677 1678 1662 1670 1666
833.538025 1665 1670 1669 1683 1673 1663 1668 1663 1665
833.557983 1658 1662 1669 1679 1676 1673 1675 1671 1669
833.578979 1674 1662 1680 1676 1688 1679 1673 1666 1662
833.598999 1665 1665 1678 1683 1685 1676 1673 1664 1676
833.619019 1672 1670 1674 1675 1684 1681 1664 1663 1658
833.640015 1662 1669 1682 1677 1671 1678 1680 1677 1665
833.659973 1664 1663 1669 1682 1680 1687 1674 1661 1664
833.679993 1658 1655 1673 1676 1680 1687 1673 1672 1663
833.700989 1665 1669 1667 1678 1681 1684 1664 1672 1660
833.721008 1663 1676 1674 1676 1682 1683 1667 1666 1669
833.741028 1664 1676 1670 1679 1681 1680 1666 1664 1671
833.762024 1671 1663 1677 1683 1677 1662 1664 1664 1667
833.781982 1671 1671 1670 1684 1683 1688 1668 1670 1673
833.802002 1657 1665 1681 1679 1677 1668 1676 1665 1668
833.822021 1669 1672 1668 1685 1681 1668 1671 1669 1669
833.843018 1654 1675 1670 1679 1673 1674 1674 1670 1660
833.862976 1657 1668 1672 1680 1676 1680 1666 1675 1656
833.882996 1654 1667 1666 1684 1680 1676 1665 1666 1660
833.903992 1667 1664 1672 1678 1687 1675 1672 1668 1672
833.924011 1674 1668 1679 1689 1669 1672 1677 1665 1676
833.94397 1651 1667 1680 1684 1673 1681 1675 1672 1661
833.965027 1662 1682 1675 1681 1686 1677 1674 1662 1658
833.984985 1665 1678 1674 1680 1670 1673 1679 1661 1661
834.005005 1673 1673 1670 1674 1684 1671 1666 1664 1680
834.026001 1664 1673 1672 1677 1672 1687 1661 1669 1671
834.046021 1663 1670 1675 1679 1666 1677 1670 1670 1672
834.065979 1669 1669 1672 1675 1675 1678 1670 1664 1666
834.085999 1656 1676 1675 1676 1683 1671 1671 1675 1669
834.106995 1672 1676 1674 1687 1679 1672 1675 1663 1667
834.127014 1671 1678 1677 1686 1675 1686 1669 1665 1660
834.146973 1668 1667 1671 1673 1678 1671 1678 1671 1671
834.16803 1660 1676 1675 1680 1692 1674 1680 1670 1666
834.187988 1662 1678 1668 1679 1687 1673 1671 1682 1672
834.208008 1674 1680 1676 1676 1681 1693 1678 1673 1666
834.228027 1663 1668 1675 1678 1681 1669 1679 1665 1668
834.249023 1665 1674 1677 1682 1684 1669 1670 1666 1669
834.268982 1673 1676 1680 1686 1684 1678 1675 1667 1675
834.289001 1672 1675 1666 1685 1677 1686 1673 1673 1666
834.309998 1665 1658 1687 1669 1687 1679 1674 1666 1670
834.330017 1667 1671 1665 1674 1670 1674 1680 1664 1668
834.349976 1674 1669 1684 1679 1659 1680 1673 1674 1677
834.369995 1665 1668 1674 1673 1685 1681 1672 1668 1662
834.390991 1665 1670 1676 1678 1670 1674 1671 1662 1668
834.411011 1663 1665 1676 1684 1674 1662 1673 1659 1661
834.43103 1670 1678 1676 1673 1670 1677 1665 1667 1669
834.452026 1661 1673 1673 1682 1677 1670 1668 1667 1671
834.471985 1672 1672 1668 1677 1672 1678 1673 1668 1660
834.492004 1665 1673 1681 1685 1684 1681 1661 1665 1673
834.513 1663 1669 1674 1681 1688 1679 1672 1671 1672
834.53302 1660 1658 1675 1684 1678 1678 1672 1666 1664
834.552979 1672 1676 1682 1680 1681 1681 1672 1674 1672
834.572998 1664 1679 1684 1676 1680 1685 1684 1673 1676
834.593994 1675 1678 1673 1677 1686 1678 1674 1670 1668
834.614014 1669 1684 1678 1691 1682 1676 1672 1671 1667
834.633972 1670 1676 1679 1682 1684 1677 1668 1671 1667
834.653992 1677 1667 1681 1681 1690 1690 1677 1676 1678
834.674988 1664 1676 1692 1684 1684 1678 1686 1684 1668
834.695007 1679 1677 1684 1681 1681 1685 1680 1681 1670
834.715027 1671 1679 1679 1681 1684 1691 1673 1680 1681
834.736023 1671 1675 1690 1689 1687 1698 1680 1675 1674
834.755981 1666 1671 1676 1677 1695 1685 1673 1677 1676
834.776001 1677 1672 1678 1679 1687 1678 1678 1673 1674
834.796021 1674 1680 1681 1691 1692 1694 1678 1676 1677
834.817017 1671 1684 1685 1693 1683 1676 1670 1673 1679
834.836975 1672 1676 1683 1687 1683 1673 1680 1680 1681
834.856995 1675 1677 1687 1680 1680 1669 1683 1676 1670
834.877991 1678 1682 1689 1696 1698 1684 1691 1685 1690
834.89801 1669 1674 1687 1691 1692 1694 1686 1676 1673
834.91803 1671 1680 1707 1700 1693 1691 1688 1679 1675
834.937988 1678 1693 1673 1681 1690 1683 1677 1673 1679
834.958984 1683 1689 1684 1696 1698 1679 1680 1684 1675
834.979004 1680 1690 1695 1700 1700 1694 1692 1670 1694
834.999023 1668 1680 1677 1697 1695 1688 1684 1677 1677
835.018982 1682 1682 1682 1689 1688 1687 1679 1668 1675
835.039978 1675 1668 1684 1686 1693 1684 1682 1678 1679
835.059998 1677 1681 1686 1685 1681 1685 1692 1672 1676
835.080017 1671 1690 1687 1693 1687 1686 1680 1684 1683
835.101013 1675 1682 1683 1689 1690 1702 1674 1674 1687
835.120972 1672 1686 1686 1680 1703 1688 1678 1679 1681
835.140991 1675 1679 1695 1694 1686 1689 1676 1674 1673
835.161011 1673 1678 1689 1691 1683 1678 1677 1687 1682
835.182007 1673 1671 1687 1691 1691 1679 1671 1678 1683
835.202026 1677 1679 1676 1694 1698 1688 1684 1670 1676
835.221985 1673 1666 1689 1700 1690 1698 1695 1672 1673
835.242004 1677 1675 1680 1684 1687 1693 1682 1677 1686
835.263 1667 1693 1690 1684 1689 1686 1682 1684 1683
835.28302 1684 1684 1685 1684 1695 1697 1690 1673 1678
835.302979 1669 1685 1682 1681 1697 1685 1686 1681 1680
835.322998 1674 1681 1689 1691 1691 1701 1680 1683 1684
835.343994 1677 1677 1683 1700 1685 1688 1682 1686 1677
835.364014 1666 1678 1672 1693 1679 1685 1675 1677 1667
835.383972 1674 1673 1696 1693 1696 1694 1682 1667 1675
835.403992 1676 1687 1682 1685 1696 1692 1683 1679 1669
835.424988 1661 1677 1681 1689 1702 1694 1683 1686 1681
835.445007 1671 1677 1675 1686 1696 1676 1683 1674 1686
835.465027 1667 1679 1690 1677 1687 1685 1679 1686 1672
835.486023 1666 1679 1678 1697 1686 1682 1680 1669 1677
835.505981 1666 1676 1682 1692 1674 1688 1683 1679 1685
835.526001 1671 1677 1674 1683 1693 1679 1675 1669 1685
835.546021 1668 1682 1685 1673 1691 1687 1674 1687 1675
835.567017 1668 1688 1686 1694 1689 1689 1685 1672 1658
835.586975 1673 1676 1680 1682 1684 1676 1674 1674 1668
835.606995 1677 1689 1687 1686 1678 1685 1677 1668 1672
835.627014 1675 1684 1675 1683 1685 1685 1676 1668 1674
835.64801 1682 1680 1689 1679 1683 1690 1688 1677 1670
835.66803 1680 1673 1694 1684 1674 1681 1681 1675 1675
835.687988 1673 1675 1690 1687 1684 1675 1679 1687 1679
835.708008 1661 1682 1681 1688 1688 1686 1680 1674 1666
835.729004 1674 1671 1677 1676 1686 1683 1672 1668 1671
835.749023 1662 1682 1674 1687 1680 1683 1690 1665 1671
835.768982 1667 1674 1681 1687 1691 1684 1681 1673 1681
835.789001 1676 1673 1684 1685 1695 1681 1673 1677 1673
835.809998 1681 1686 1687 1693 1689 1686 1679 1678 1672
835.830017 1677 1682 1684 1685 1687 1689 1676 1675 1670
835.849976 1674 1680 1691 1682 1689 1673 1686 1677 1663
835.869995 1679 1681 1688 1690 1682 1684 1690 1684 1686
835.890991 1676 1691 1686 1686 1697 1687 1679 1679 1672
835.911011 1677 1679 1699 1689 1688 1689 1683 1680 1675
835.93103 1673 1686 1683 1682 1692 1684 1691 1685 1681
835.950989 1665 1684 1682 1702 1682 1682 1682 1679 1684
835.971985 1672 1674 1678 1700 1691 1688 1686 1679 1670
835.992004 1675 1669 1690 1698 1696 1690 1685 1686 1672
836.012024 1681 1684 1684 1689 1695 1693 1681 1679 1674
836.031982 1674 1690 1691 1699 1698 1672 1675 1686 1673
836.052002 1686 1676 1684 1686 1697 1694 1685 1685 1683
836.072998 1683 1695 1695 1687 1703 1695 1688 1678 1697
836.093018 1683 1677 1688 1692 1690 1685 1693 1684 1684
836.112976 1686 1692 1679 1690 1693 1674 1691 1679 1682
836.132996 1677 1684 1686 1690 1690 1690 1687 1680 1679
836.153992 1675 1684 1683 1682 1691 1703 1687 1681 1678
836.174011 1680 1682 1683 1693 1696 1683 1685 1674 1686
836.19397 1676 1686 1686 1684 1694 1693 1674 1689 1672
836.213989 1673 1679 1683 1672 1691 1693 1672 1679 1686
836.234985 1677 1685 1692 1687 1696 1689 1699 1671 1680
836.255005 1669 1680 1676 1674 1688 1694 1684 1672 1678
836.275024 1664 1680 1680 1686 1694 1688 1675 1672 1676
836.294983 1676 1683 1695 1687 1690 1678 1679 1673 1680
836.315979 1666 1683 1689 1679 1685 1692 1683 1683 1672
836.335999 1666 1683 1691 1687 1692 1694 1682 1689 1664
836.356018 1665 1675 1688 1698 1684 1683 1687 1675 1673
836.375977 1671 1669 1687 1690 1699 1698 1685 1676 1674
836.395996 1666 1678 1679 1684 1698 1689 1685 1679 1666
836.416992 1676 1683 1683 1693 1694 1674 1672 1675 1675
836.437012 1680 1680 1684 1692 1698 1683 1677 1688 1677
836.45697 1668 1674 1687 1687 1702 1678 1689 1683 1676
836.47699 1673 1671 1678 1684 1689 1700 1685 1674 1675
836.497986 1673 1681 1683 1678 1680 1677 1682 1679 1684
836.518005 1676 1682 1695 1696 1691 1690 1677 1683 1679
836.538025 1667 1689 1691 1696 1691 1681 1681 1673 1680
836.557983 1674 1686 1696 1688 1687 1677 1694 1676 1679
836.578979 1682 1688 1682 1694 1681 1691 1681 1679 1685
836.598999 1671 1685 1683 1689 1684 1684 1680 1672 1679
836.619019 1675 1678 1697 1686 1680 1681 1693 1675 1673
836.638977 1670 1686 1687 1686 1684 1691 1690 1682 1682
836.658997 1683 1683 1690 1685 1695 1690 1681 1674 1673
836.679993 1675 1686 1688 1682 1689 1676 1686 1675 1673
836.700012 1672 1676 1686 1685 1692 1682 1679 1674 1687
836.719971 1680 1673 1693 1688 1684 1683 1682 1677 1681
836.73999 1673 1682 1697 1689 1691 1689 1686 1677 1689
836.760986 1676 1680 1683 1698 1693 1685 1678 1674 1684
836.781006 1679 1681 1687 1689 1694 1688 1680 1674 1675
836.801025 1676 1690 1684 1686 1685 1687 1675 1672 1676
836.820984 1683 1686 1680 1698 1702 1689 1679 1682 1667
836.841003 1684 1690 1684 1687 1690 1691 1684 1683 1676
836.862 1689 1673 1679 1688 1680 1692 1683 1686 1683
836.882019 1678 1677 1691 1692 1680 1680 1682 1681 1675
836.901978 1671 1672 1689 1692 1685 1688 1679 1678 1685
836.921997 1675 1689 1697 1701 1694 1691 1687 1688 1673
836.942993 1677 1683 1680 1690 1687 1689 1691 1687 1676
836.963013 1674 1680 1693 1685 1687 1701 1681 1679 1684
836.982971 1679 1691 1691 1684 1694 1687 1674 1687 1680
837.002991 1689 1696 1695 1687 1695 1693 1685 1680 1685
837.02301 1682 1689 1691 1693 1698 1691 1682 1688 1684
837.044006 1690 1688 1688 1693 1697 1700 1682 1686 1686
837.064026 1676 1694 1691 1699 1694 1691 1686 1684 1693
837.083984 1688 1692 1689 1697 1686 1699 1689 1693 1681
837.104004 1677 1685 1690 1701 1696 1700 1693 1687 1687
837.124023 1684 1688 1699 1702 1693 1707 1689 1688 1691
837.14502 1685 1694 1698 1710 1696 1690 1683 1678 1700
837.164978 1679 1686 1686 1694 1706 1706 1684 1689 1697
837.184998 1676 1690 1695 1707 1698 1693 1697 1683 1689
837.205017 1693 1698 1703 1701 1696 1694 1709 1690 1694
837.224976 1685 1685 1694 1698 1699 1692 1690 1691 1696
837.245972 1678 1694 1695 1697 1687 1702 1694 1690 1693
837.265991 1690 1692 1699 1693 1712 1695 1690 1707 1686
837.286011 1700 1694 1700 1697 1686 1703 1696 1684 1683
837.30603 1684 1698 1697 1700 1702 1703 1688 1681 1684
837.325989 1688 1698 1693 1695 1697 1702 1693 1706 1691
837.346985 1688 1695 1696 1701 1706 1697 1695 1689 1689
837.367004 1683 1697 1686 1694 1688 1696 1685 1687 1679
837.387024 1690 1701 1707 1703 1696 1702 1687 1686 1687
837.406982 1671 1689 1703 1693 1701 1687 1687 1687 1692
837.427002 1680 1693 1688 1698 1697 1691 1686 1700 1692
837.447998 1681 1689 1686 1697 1697 1699 1692 1682 1687
837.468018 1691 1685 1687 1708 1698 1693 1694 1692 1681
837.487976 1694 1692 1698 1700 1698 1698 1697 1691 1685
837.507996 1696 1691 1689 1708 1700 1691 1693 1698 1686
837.528992 1689 1695 1698 1698 1699 1692 1691 1689 1683
837.549011 1695 1701 1700 1696 1700 1695 1695 1689 1695
837.56897 1685 1697 1709 1697 1709 1691 1693 1684 1694
837.588989 1699 1708 1707 1695 1699 1704 1689 1693 1688
837.609009 1694 1693 1689 1700 1701 1693 1699 1693 1685
837.629028 1695 1691 1697 1701 1702 1700 1695 1689 1683
837.650024 1696 1699 1694 1708 1698 1694 1687 1686 1699
837.669983 1699 1706 1699 1698 1694 1698 1691 1704 1693
837.690002 1698 1691 1703 1699 1692 1706 1688 1691 1687
837.710022 1696 1702 1708 1698 1711 1702 1700 1683 1698
837.72998 1695 1705 1698 1704 1705 1704 1693 1706 1701
837.750977 1696 1706 1703 1706 1701 1703 1693 1700 1700
837.770996 1692 1693 1720 1710 1710 1702 1705 1697 1689
837.791016 1699 1696 1703 1700 1709 1714 1695 1704 1699
837.810974 1694 1711 1706 1701 1713 1710 1700 1706 1695
837.830994 1710 1697 1703 1705 1702 1713 1695 1701 1707
837.85199 1697 1716 1700 1711 1705 1714 1708 1710 1697
837.872009 1706 1703 1703 1702 1714 1705 1702 1713 1699
837.892029 1699 1710 1705 1707 1705 1710 1706 1708 1697
837.911987 1712 1695 1709 1711 1717 1703 1706 1714 1702
837.932007 1698 1702 1699 1710 1707 1706 1710 1697 1700
837.953003 1719 1698 1703 1716 1712 1704 1715 1716 1713
837.973022 1703 1715 1715 1708 1709 1717 1714 1711 1710
837.992981 1707 1702 1706 1712 1720 1705 1703 1708 1713
838.013 1703 1716 1717 1704 1699 1708 1708 1707 1716
838.03302 1712 1716 1709 1713 1713 1701 1710 1714 1718
838.052979 1708 1715 1707 1707 1719 1722 1708 1707 1706
838.073975 1707 1720 1720 1715 1705 1708 1717 1712 1726
838.093994 1718 1715 1709 1713 1711 1724 1714 1720 1718
838.114014 1721 1721 1706 1710 1710 1712 1710 1720 1722
838.133972 1729 1719 1718 1717 1720 1707 1719 1713 1705
838.153992 1718 1714 1719 1715 1715 1719 1730 1720 1725
838.174011 1717 1713 1716 1704 1721 1728 1726 1725 1714
838.195007 1712 1717 1724 1727 1723 1721 1715 1720 1720
838.215027 1722 1710 1729 1719 1718 1719 1719 1722 1720
838.234985 1725 1720 1725 1720 1728 1720 1727 1713 1713
838.255005 1729 1724 1721 1730 1716 1720 1721 1712 1729
838.275024 1720 1721 1729 1719 1731 1719 1728 1734 1726
838.296021 1723 1716 1723 1733 1722 1725 1736 1724 1733
838.315979 1746 1734 1723 1727 1721 1724 1724 1727 1729
838.335999 1726 1727 1722 1715 1728 1710 1722 1733 1728
838.356018 1739 1721 1726 1732 1725 1715 1734 1726 1726
838.375977 1738 1739 1727 1723 1727 1728 1723 1728 1726
838.395996 1739 1728 1743 1731 1717 1717 1731 1728 1735
838.416992 1748 1719 1736 1733 1730 1723 1736 1734 1720
838.437012 1729 1738 1732 1730 1725 1725 1732 1737 1725
838.45697 1732 1739 1733 1735 1728 1730 1736 1746 1730
838.47699 1742 1734 1732 1725 1729 1732 1731 1735 1741
838.497009 1738 1739 1736 1722 1726 1725 1737 1736 1742
838.517029 1744 1741 1730 1735 1724 1744 1735 1753 1733
838.538025 1744 1745 1737 1724 1737 1735 1738 1746 1750
838.557983 1745 1744 1730 1729 1729 1735 1744 1754 1749
838.578003 1741 1744 1748 1737 1729 1733 1735 1745 1734
838.598022 1764 1747 1733 1732 1739 1726 1733 1745 1740
838.617981 1744 1755 1741 1745 1723 1734 1737 1747 1746
838.638 1754 1747 1745 1729 1746 1735 1743 1745 1747
838.658997 1754 1762 1728 1736 1735 1738 1740 1740 1748
838.679016 1747 1752 1735 1726 1730 1725 1752 1752 1748
838.698975 1757 1749 1747 1733 1720 1735 1743 1754 1744
838.718994 1751 1751 1745 1723 1732 1742 1743 1753 1756
838.739014 1762 1757 1738 1734 1727 1748 1755 1771 1754
838.758972 1768 1760 1747 1744 1723 1747 1763 1765 1757
838.780029 1777 1750 1751 1733 1738 1750 1747 1762 1754
838.799988 1763 1774 1732 1751 1736 1731 1753 1753 1760
838.820007 1773 1769 1753 1745 1746 1743 1747 1764 1753
838.840027 1770 1761 1750 1745 1730 1747 1752 1758 1774
838.859985 1777 1763 1760 1749 1742 1739 1751 1764 1767
838.880005 1795 1773 1760 1744 1747 1754 1750 1773 1760
838.901001 1782 1763 1746 1750 1744 1749 1764 1763 1776
838.921021 1785 1778 1770 1755 1749 1751 1758 1774 1780
838.940979 1786 1778 1771 1751 1738 1748 1749 1777 1779
838.960999 1783 1782 1771 1750 1755 1759 1775 1778 1768
838.981018 1789 1779 1769 1748 1753 1763 1766 1774 1787
839.000977 1792 1780 1757 1768 1746 1766 1770 1798 1781
839.020996 1792 1787 1776 1750 1762 1760 1767 1791 1776
839.041992 1797 1779 1773 1759 1757 1765 1776 1791 1795
839.062012 1790 1791 1780 1767 1749 1760 1770 1778 1787
839.08197 1808 1792 1771 1766 1770 1769 1784 1792 1794
839.10199 1798 1809 1772 1757 1764 1769 1781 1789 1791
839.122009 1813 1795 1789 1758 1752 1776 1778 1798 1788
839.142029 1811 1804 1785 1756 1770 1773 1782 1797 1798
839.161987 1808 1811 1788 1770 1771 1780 1785 1791 1803
839.182983 1813 1800 1769 1759 1772 1773 1781 1799 1801
839.203003 1815 1799 1791 1765 1775 1770 1786 1813 1794
839.223022 1814 1818 1798 1771 1765 1768 1805 1812 1813
839.242981 1799 1808 1803 1769 1764 1781 1780 1800 1810
839.263 1808 1799 1794 1778 1779 1781 1794 1811 1812
839.28302 1810 1810 1798 1779 1782 1779 1795 1815 1818
839.304016 1839 1815 1811 1788 1789 1787 1801 1825 1814
839.323975 1824 1817 1795 1781 1781 1776 1809 1816 1828
839.343994 1834 1828 1810 1799 1783 1790 1800 1816 1818
839.364014 1836 1829 1793 1782 1774 1786 1802 1830 1826
839.383972 1825 1823 1811 1778 1783 1788 1793 1822 1841
839.403992 1849 1849 1806 1793 1790 1798 1807 1812 1827
839.424011 1831 1839 1798 1789 1769 1794 1807 1812 1835
839.445007 1832 1835 1816 1789 1787 1795 1812 1828 1827
839.465027 1842 1830 1806 1796 1791 1795 1813 1834 1837
839.484985 1848 1836 1808 1796 1791 1789 1823 1831 1824
839.505005 1848 1848 1815 1798 1794 1797 1816 1833 1837
839.525024 1848 1845 1813 1783 1806 1804 1826 1833 1836
839.544983 1858 1837 1822 1804 1802 1815 1821 1853 1847
839.565002 1860 1833 1824 1793 1796 1809 1831 1845 1869
839.585999 1871 1854 1840 1788 1813 1806 1833 1868 1859
839.606018 1876 1840 1835 1801 1803 1811 1835 1850 1866
839.625977 1868 1859 1838 1810 1794 1801 1846 1856 1861
839.645996 1880 1877 1833 1813 1808 1814 1843 1861 1863
839.666016 1876 1863 1823 1828 1810 1825 1833 1871 1871
839.685974 1884 1870 1846 1836 1821 1820 1841 1864 1873
839.705994 1881 1876 1855 1820 1817 1835 1850 1875 1875
839.726013 1882 1872 1845 1820 1808 1829 1843 1869 1883
839.747009 1895 1875 1839 1836 1826 1819 1853 1861 1880
839.767029 1875 1879 1842 1818 1806 1841 1864 1877 1884
839.786987 1891 1859 1860 1817 1822 1841 1866 1892 1879
839.807007 1891 1878 1850 1815 1818 1837 1852 1876 1880
839.827026 1900 1880 1854 1826 1831 1834 1849 1887 1899
839.846985 1914 1881 1858 1829 1832 1852 1872 1897 1887
839.867004 1906 1885 1857 1843 1828 1834 1866 1899 1888
839.887024 1917 1903 1856 1847 1831 1858 1888 1895 1886
839.90802 1924 1899 1874 1832 1821 1850 1867 1906 1898
839.927979 1932 1903 1874 1840 1835 1855 1883 1908 1909
839.947998 1932 1907 1881 1844 1839 1867 1890 1901 1907
839.968018 1930 1921 1875 1863 1847 1858 1877 1918 1913
839.987976 1933 1926 1874 1855 1854 1874 1898 1929 1928
840.007996 1943 1916 1891 1851 1853 1862 1904 1927 1929
840.028015 1955 1938 1894 1868 1869 1872 1909 1928 1944
840.047974 1969 1928 1907 1855 1857 1861 1906 1934 1946
840.06897 1960 1924 1897 1872 1855 1878 1911 1943 1960
840.088989 1969 1948 1920 1875 1857 1868 1920 1950 1958
840.109009 1976 1959 1910 1869 1865 1891 1927 1965 1960
840.129028 1991 1942 1905 1888 1864 1893 1940 1949 1959
840.148987 1984 1947 1896 1870 1878 1894 1935 1953 1966
840.169006 2009 1961 1918 1877 1868 1885 1921 1967 1971
840.189026 1996 1965 1929 1888 1873 1892 1940 1975 1984
840.208984 2006 1963 1928 1885 1881 1894 1933 1957 1981
840.22998 1998 1972 1916 1879 1890 1888 1952 1983 1969
840.25 2019 1983 1921 1892 1878 1914 1963 1968 1988
840.27002 2016 1977 1942 1888 1878 1892 1930 1993 1989
840.289978 2013 1980 1947 1882 1877 1909 1937 1990 1980
840.309998 2025 1998 1935 1900 1878 1906 1959 1995 1988
840.330017 2022 1991 1936 1894 1871 1905 1957 1992 1996
840.349976 2029 1985 1932 1901 1878 1916 1956 1991 1989
840.369995 2025 1994 1938 1895 1879 1919 1965 2007 2008
840.390015 2038 1993 1945 1890 1881 1914 1968 2004 2002
840.411011 2037 2006 1950 1905 1895 1921 1964 1998 2018
840.43103 2034 2016 1942 1880 1889 1927 1966 2012 2016
840.450989 2040 2002 1940 1918 1897 1918 1964 2007 2017
840.471008 2036 2009 1938 1905 1901 1920 1971 2026 2025
840.491028 2045 2008 1950 1895 1900 1927 1977 2008 2026
840.510986 2034 2014 1948 1885 1887 1915 1971 2020 2017
840.531006 2052 2011 1959 1901 1885 1910 1962 2030 2030
840.551025 2037 2016 1939 1906 1894 1922 1988 2024 2011
840.570984 2054 2015 1961 1888 1885 1932 1967 2008 2031
840.59198 2045 2026 1966 1905 1886 1910 1973 2028 2029
840.612 2053 2037 1954 1892 1879 1926 1965 2024 2031
840.632019 2031 2006 1948 1900 1891 1915 1985 2018 2028
840.651978 2052 1991 1941 1908 1888 1927 1987 2038 2012
840.671997 2040 2002 1947 1893 1882 1915 1973 2021 2020
840.692017 2029 1997 1946 1884 1875 1906 1959 2010 2018
840.711975 2043 2004 1945 1885 1876 1917 1975 1998 2022
840.731995 2043 2008 1943 1869 1867 1909 1965 2011 2001
840.752014 2034 1983 1936 1872 1877 1890 1968 2000 1992
840.771973 2017 1988 1908 1873 1883 1892 1947 1985 2002
840.79303 2019 1972 1919 1873 1859 1900 1953 1990 2002
840.812988 2035 1967 1916 1855 1856 1889 1945 2002 2000
840.833008 1997 1973 1924 1862 1851 1887 1931 1977 1980
840.853027 2012 1961 1913 1851 1845 1890 1952 1977 1981
840.872986 2011 1958 1911 1856 1858 1895 1948 1978 1976
840.893005 1994 1952 1910 1861 1848 1876 1930 1961 1985
840.913025 1991 1953 1897 1856 1847 1883 1927 1978 1965
840.932983 1989 1948 1897 1846 1833 1870 1917 1974 1963
840.953003 1984 1947 1896 1843 1837 1878 1926 1951 1960
840.973022 1965 1931 1895 1838 1820 1854 1911 1961 1970
840.994019 1966 1929 1892 1842 1819 1858 1909 1946 1950
841.013977 1971 1929 1869 1851 1824 1851 1911 1951 1956
841.033997 1948 1933 1858 1831 1811 1849 1903 1937 1925
841.054016 1937 1906 1853 1822 1810 1835 1886 1921 1926
841.073975 1931 1887 1845 1818 1812 1848 1873 1917 1901
841.093994 1919 1891 1849 1812 1806 1839 1862 1927 1910
841.114014 1902 1901 1830 1806 1791 1840 1869 1901 1914
841.133972 1901 1875 1835 1796 1783 1827 1870 1877 1890
841.153992 1896 1867 1830 1805 1781 1828 1858 1904 1881
841.174011 1887 1870 1808 1792 1795 1811 1849 1879 1887
841.19397 1883 1861 1814 1799 1779 1814 1840 1895 1875
841.215027 1882 1845 1823 1790 1784 1817 1834 1865 1877
841.234985 1859 1847 1812 1792 1794 1814 1843 1875 1858
841.255005 1860 1839 1803 1771 1777 1800 1839 1866 1878
841.275024 1848 1844 1799 1785 1780 1792 1828 1857 1865
841.294983 1848 1840 1802 1781 1792 1792 1825 1853 1862
841.315002 1833 1829 1787 1775 1783 1788 1834 1858 1858
841.335022 1860 1828 1812 1766 1786 1796 1821 1827 1849
841.35498 1846 1820 1793 1774 1758 1798 1815 1820 1848
841.375 1822 1807 1793 1771 1764 1781 1803 1831 1836
841.39502 1815 1822 1786 1760 1754 1788 1811 1819 1824
841.414978 1819 1812 1779 1772 1758 1782 1805 1828 1840
841.434998 1819 1817 1797 1763 1750 1777 1791 1820 1824
841.455994 1808 1806 1790 1760 1759 1780 1788 1809 1826
841.476013 1814 1808 1773 1749 1753 1765 1788 1812 1818
841.495972 1810 1795 1767 1758 1743 1772 1803 1796 1810
841.515991 1814 1802 1776 1751 1749 1771 1791 1810 1820
841.536011 1800 1793 1776 1746 1742 1784 1789 1802 1794
841.55603 1801 1782 1766 1759 1745 1764 1783 1796 1821
841.575989 1813 1791 1764 1751 1752 1755 1777 1794 1797
841.596008 1793 1788 1767 1752 1749 1753 1771 1805 1804
841.616028 1787 1785 1772 1746 1753 1754 1795 1795 1801
841.635986 1781 1772 1767 1762 1743 1759 1786 1791 1793
841.656006 1791 1787 1762 1754 1749 1750 1764 1801 1796
841.676025 1786 1775 1761 1735 1735 1764 1785 1783 1792
841.695984 1765 1771 1774 1745 1742 1760 1777 1788 1786
841.716003 1797 1776 1766 1747 1740 1751 1774 1790 1783
841.737 1777 1768 1757 1744 1752 1754 1785 1779 1785
841.757019 1779 1785 1754 1745 1743 1746 1771 1782 1784
841.776978 1769 1770 1756 1739 1737 1754 1772 1773 1777
841.796997 1762 1764 1754 1740 1752 1734 1766 1771 1781
841.817017 1773 1755 1738 1741 1744 1747 1762 1775 1781
841.836975 1770 1750 1748 1734 1724 1739 1750 1767 1773
841.856995 1759 1755 1758 1728 1745 1742 1747 1776 1761
841.877014 1758 1750 1746 1737 1733 1741 1753 1762 1767
841.896973 1741 1752 1746 1730 1736 1738 1764 1765 1761
841.916992 1754 1752 1744 1731 1736 1739 1749 1775 1752
841.937012 1772 1768 1728 1727 1733 1745 1754 1766 1768
841.95697 1756 1743 1732 1741 1735 1734 1757 1756 1772
841.97699 1760 1752 1739 1729 1719 1737 1747 1761 1766
841.997009 1755 1748 1738 1732 1722 1733 1757 1776 1762
842.018005 1752 1753 1734 1713 1731 1736 1741 1758 1764
842.038025 1744 1744 1733 1724 1727 1736 1754 1752 1765
842.057983 1746 1745 1739 1727 1728 1733 1742 1752 1747
842.078003 1745 1737 1739 1733 1720 1737 1749 1754 1743
842.098022 1745 1744 1728 1730 1722 1728 1734 1737 1741
842.117981 1726 1746 1738 1729 1720 1725 1730 1742 1744
842.138 1749 1730 1729 1714 1729 1721 1741 1744 1748
842.15802 1745 1728 1725 1710 1726 1722 1735 1751 1746
842.177979 1730 1744 1714 1724 1716 1712 1729 1752 1745
842.197998 1738 1725 1717 1707 1710 1719 1721 1736 1740
842.218018 1722 1734 1729 1718 1712 1711 1731 1726 1739
842.237976 1726 1733 1715 1715 1711 1712 1720 1732 1739
842.257996 1739 1715 1725 1707 1726 1724 1730 1727 1741
842.278015 1731 1731 1724 1716 1725 1719 1723 1734 1742
842.297974 1726 1722 1718 1707 1707 1712 1727 1725 1724
842.317993 1732 1730 1732 1726 1716 1713 1734 1715 1734
842.338013 1735 1735 1718 1713 1721 1723 1719 1727 1732
842.357971 1737 1730 1731 1717 1723 1722 1732 1732 1735
842.379028 1728 1721 1722 1714 1708 1717 1719 1729 1734
842.398987 1734 1728 1705 1720 1714 1714 1717 1729 1734
842.419006 1722 1717 1725 1728 1704 1721 1728 1724 1722
842.439026 1723 1737 1724 1717 1708 1716 1730 1730 1730
842.458984 1720 1731 1718 1715 1706 1711 1714 1724 1735
842.479004 1737 1721 1737 1716 1715 1724 1728 1743 1722
842.499023 1727 1735 1725 1715 1711 1715 1719 1709 1734
842.518982 1722 1732 1720 1727 1721 1716 1724 1727 1750
842.539001 1725 1717 1724 1722 1706 1716 1725 1716 1724
842.559021 1726 1721 1717 1719 1725 1711 1719 1716 1730
842.578979 1728 1730 1725 1714 1711 1714 1715 1719 1729
842.598999 1730 1729 1716 1706 1712 1722 1713 1744 1739
842.619019 1727 1720 1721 1715 1711 1733 1715 1729 1734
842.638977 1727 1734 1717 1723 1725 1715 1723 1732 1733
842.658997 1737 1733 1711 1710 1718 1710 1724 1724 1725
842.679016 1732 1718 1723 1718 1717 1710 1716 1732 1731
842.698975 1720 1731 1724 1724 1715 1726 1723 1733 1733
842.718994 1726 1721 1732 1713 1720 1730 1723 1729 1735
842.739014 1728 1728 1723 1726 1721 1710 1723 1712 1726
842.758972 1721 1731 1729 1733 1722 1729 1732 1741 1730
842.778992 1731 1727 1718 1726 1708 1721 1710 1729 1724
842.799011 1727 1740 1739 1717 1725 1728 1730 1724 1734
842.820007 1728 1720 1720 1721 1721 1730 1717 1733 1723
842.840027 1724 1730 1736 1715 1708 1732 1722 1723 1733
842.859985 1720 1724 1729 1714 1723 1717 1726 1736 1722
842.880005 1724 1727 1722 1718 1720 1731 1733 1736 1737
842.900024 1731 1739 1735 1726 1716 1715 1733 1735 1734
842.919983 1726 1729 1729 1722 1726 1719 1726 1722 1736
842.940002 1737 1723 1741 1719 1715 1731 1719 1726 1726
842.960022 1733 1741 1724 1723 1720 1713 1726 1725 1738
842.97998 1726 1720 1726 1717 1753 1723 1719 1721 1725
843 1714 1713 1729 1719 1721 1718 1725 1724 1719
843.02002 1725 1732 1728 1718 1724 1722 1719 1719 1735
843.039978 1714 1715 1720 1718 1714 1719 1733 1734 1727
843.059998 1731 1730 1730 1722 1720 1713 1723 1731 1719
843.080017 1722 1736 1734 1720 1733 1727 1732 1741 1729
843.099976 1719 1717 1724 1720 1713 1732 1711 1714 1723
843.119995 1705 1722 1726 1713 1713 1708 1708 1711 1727
843.140015 1724 1723 1716 1712 1724 1714 1727 1728 1715
843.159973 1725 1718 1731 1714 1709 1716 1721 1717 1718
843.179993 1725 1725 1714 1713 1717 1728 1719 1724 1710
843.200012 1726 1723 1731 1727 1711 1721 1720 1734 1727
843.219971 1712 1720 1717 1710 1720 1713 1727 1720 1729
843.23999 1729 1716 1727 1714 1720 1715 1733 1721 1713
843.26001 1728 1718 1712 1724 1711 1728 1716 1720 1731
843.280029 1723 1722 1711 1717 1721 1716 1716 1714 1726
843.299988 1729 1723 1724 1721 1712 1723 1720 1727 1733
843.320007 1729 1733 1714 1716 1709 1721 1722 1719 1724
843.340027 1709 1716 1716 1721 1707 1722 1724 1707 1727
843.359985 1723 1723 1724 1713 1718 1716 1723 1735 1726
843.380005 1717 1722 1720 1717 1711 1706 1717 1724 1720
843.400024 1720 1712 1705 1710 1711 1715 1718 1715 1723
843.419983 1726 1724 1711 1714 1714 1715 1707 1718 1719
843.440002 1721 1718 1718 1715 1717 1720 1721 1719 1718
843.460022 1713 1720 1717 1712 1714 1699 1711 1716 1722
843.47998 1716 1721 1725 1709 1714 1710 1708 1723 1722
843.5 1719 1720 1717 1720 1711 1715 1719 1712 1706
843.52002 1713 1722 1710 1719 1724 1729 1718 1722 1720
843.539978 1727 1723 1719 1708 1713 1721 1720 1708 1718
843.559998 1707 1722 1720 1709 1721 1722 1705 1720 1719
843.580994 1710 1718 1714 1700 1712 1707 1717 1720 1732
843.601013 1714 1720 1720 1714 1717 1702 1710 1717 1718
843.620972 1718 1716 1720 1715 1718 1716 1717 1725 1720
843.640991 1719 1730 1716 1713 1721 1706 1728 1714 1732
843.661011 1715 1716 1726 1704 1707 1719 1718 1716 1721
843.68103 1723 1708 1715 1713 1717 1716 1721 1727 1713
843.700989 1713 1717 1727 1714 1729 1709 1721 1718 1722
843.721008 1710 1712 1722 1716 1705 1714 1727 1715 1710
843.741028 1717 1713 1724 1734 1716 1716 1732 1714 1713
843.760986 1720 1727 1715 1713 1710 1716 1713 1715 1721
843.781006 1718 1716 1725 1717 1714 1723 1715 1716 1720
843.801025 1718 1721 1712 1712 1708 1716 1702 1717 1710
843.820984 1717 1711 1717 1711 1707 1712 1730 1729 1727
843.841003 1716 1699 1707 1721 1719 1720 1718 1724 1712
843.861023 1722 1717 1712 1705 1711 1716 1722 1716 1720
843.880981 1719 1703 1713 1721 1709 1709 1710 1706 1721
843.901001 1710 1715 1716 1718 1717 1712 1714 1712 1714
843.921021 1713 1722 1710 1714 1724 1713 1717 1722 1714
843.940979 1703 1717 1715 1706 1703 1717 1715 1708 1719
843.960999 1717 1718 1721 1709 1719 1712 1712 1721 1715
843.981018 1713 1712 1709 1708 1712 1717 1714 1716 1715
844.000977 1717 1707 1716 1708 1704 1721 1718 1712 1715
844.020996 1718 1711 1715 1711 1707 1724 1709 1710 1721
844.041016 1713 1716 1703 1709 1714 1711 1709 1699 1703
844.060974 1717 1712 1716 1710 1711 1721 1712 1720 1710
844.080994 1724 1732 1707 1708 1702 1703 1717 1725 1707
844.101013 1716 1708 1717 1715 1723 1711 1714 1718 1713
844.120972 1704 1722 1720 1716 1707 1706 1724 1713 1723
844.140991 1708 1703 1718 1715 1710 1721 1719 1720 1720
844.161011 1713 1719 1711 1714 1702 1708 1704 1716 1712
844.18103 1717 1705 1720 1721 1703 1719 1721 1716 1720
844.200989 1703 1710 1708 1715 1714 1716 1727 1710 1728
844.221008 1710 1719 1718 1717 1706 1714 1719 1721 1725
844.241028 1715 1714 1715 1710 1712 1724 1710 1728 1716
844.260986 1714 1721 1705 1713 1711 1728 1724 1716 1720
844.281006 1729 1709 1707 1707 1707 1707 1718 1718 1708
844.301025 1712 1715 1726 1720 1741 1710 1714 1719 1715
844.320984 1715 1712 1710 1715 1719 1719 1718 1712 1711
844.341003 1714 1723 1708 1723 1708 1712 1707 1706 1716
844.361023 1715 1717 1711 1716 1714 1708 1714 1720 1720
844.380981 1715 1719 1712 1710 1711 1699 1714 1705 1711
844.401001 1707 1715 1702 1713 1715 1708 1713 1716 1711
844.421021 1713 1719 1708 1700 1715 1706 1712 1707 1714
844.440979 1719 1703 1722 1712 1712 1703 1706 1704 1713
844.460999 1706 1713 1707 1700 1712 1698 1722 1719 1715
844.481018 1708 1720 1709 1705 1704 1709 1706 1710 1711
844.500977 1699 1700 1712 1704 1705 1712 1705 1718 1703
844.520996 1712 1712 1708 1698 1702 1705 1713 1714 1713
844.541016 1701 1714 1709 1705 1706 1714 1703 1702 1707
844.559998 1708 1704 1703 1708 1710 1714 1708 1708 1712
844.580017 1712 1711 1714 1705 1711 1703 1706 1697 1717
844.599976 1710 1712 1715 1710 1710 1708 1721 1703 1698
844.619995 1706 1721 1704 1708 1708 1703 1699 1707 1702
844.640015 1703 1709 1709 1701 1707 1706 1714 1702 1718
844.659973 1700 1710 1712 1716 1703 1701 1704 1699 1710
844.679993 1701 1709 1709 1702 1699 1709 1698 1708 1694
844.700012 1712 1711 1711 1709 1717 1698 1699 1699 1706
844.719971 1707 1707 1715 1704 1696 1707 1705 1705 1719
844.73999 1697 1705 1707 1704 1697 1694 1707 1712 1706
844.76001 1694 1709 1713 1700 1692 1716 1709 1711 1706
844.780029 1700 1707 1707 1701 1709 1700 1697 1699 1706
844.799988 1709 1701 1708 1684 1699 1697 1709 1705 1705
844.820007 1704 1708 1712 1702 1718 1706 1703 1707 1720
844.840027 1701 1701 1703 1710 1694 1708 1702 1722 1705
844.859985 1712 1714 1710 1701 1707 1704 1707 1706 1718
844.880005 1706 1701 1708 1697 1705 1708 1702 1702 1705
844.900024 1706 1709 1710 1701 1717 1691 1707 1698 1706
844.919983 1704 1715 1710 1702 1722 1700 1701 1704 1706
844.940002 1699 1710 1706 1695 1703 1704 1697 1704 1708
844.960022 1705 1705 1707 1691 1700 1706 1702 1704 1703
844.97998 1696 1718 1719 1702 1702 1702 1700 1710 1703
845 1703 1704 1704 1702 1701 1706 1704 1712 1703
845.02002 1704 1708 1707 1708 1700 1706 1694 1715 1694
845.039978 1712 1719 1723 1701 1699 1712 1707 1711 1704
845.059998 1693 1702 1708 1699 1711 1702 1708 1711 1712
845.080017 1709 1702 1701 1707 1714 1710 1703 1704 1712
845.099976 1705 1706 1709 1703 1709 1708 1694 1713 1708
845.119995 1701 1711 1722 1723 1707 1700 1702 1720 1701
845.140015 1709 1701 1713 1688 1707 1718 1704 1714 1704
845.159973 1719 1717 1704 1709 1715 1698 1712 1702 1718
845.179993 1707 1710 1708 1706 1710 1710 1708 1710 1711
845.200012 1710 1708 1694 1711 1707 1713 1699 1708 1716
845.219971 1705 1709 1710 1707 1703 1703 1703 1705 1711
845.23999 1704 1701 1702 1705 1698 1707 1706 1709 1710
845.26001 1706 1704 1702 1724 1705 1704 1711 1704 1704
845.280029 1707 1706 1706 1706 1711 1708 1706 1712 1714
845.299011 1712 1706 1714 1713 1713 1711 1705 1702 1712
845.31897 1711 1723 1703 1700 1704 1706 1714 1708 1703
845.338989 1709 1712 1722 1699 1713 1722 1716 1709 1712
845.359009 1712 1712 1715 1714 1707 1708 1705 1716 1713
845.379028 1709 1717 1713 1709 1721 1698 1714 1712 1699
845.398987 1711 1714 1717 1714 1707 1710 1708 1722 1709
845.419006 1716 1715 1709 1725 1713 1708 1708 1719 1722
845.439026 1720 1705 1705 1718 1712 1705 1714 1720 1716
845.458984 1716 1728 1715 1720 1713 1717 1705 1722 1724
845.479004 1708 1722 1712 1706 1726 1713 1718 1725 1717
845.499023 1707 1721 1718 1730 1720 1717 1710 1719 1727
845.518982 1720 1724 1710 1709 1721 1716 1714 1720 1719
845.539001 1709 1711 1729 1723 1723 1714 1721 1730 1720
845.559021 1725 1709 1723 1715 1730 1717 1723 1733 1729
845.578979 1717 1731 1728 1730 1733 1726 1724 1723 1719
845.598999 1721 1724 1719 1744 1721 1715 1718 1719 1716
845.619019 1722 1722 1724 1726 1721 1715 1717 1728 1723
845.638977 1725 1737 1726 1713 1725 1711 1718 1729 1726
845.658997 1729 1717 1721 1736 1716 1715 1719 1719 1727
845.679016 1733 1741 1721 1732 1716 1729 1714 1726 1734
845.698975 1730 1720 1733 1718 1723 1716 1730 1720 1734
845.718994 1720 1725 1716 1726 1712 1722 1727 1727 1726
845.737976 1736 1730 1728 1727 1734 1727 1732 1725 1726
845.757996 1715 1730 1724 1723 1731 1724 1720 1739 1734
845.778015 1740 1732 1724 1725 1736 1725 1733 1740 1735
845.797974 1731 1723 1731 1729 1731 1737 1730 1731 1737
845.817993 1737 1732 1728 1729 1719 1733 1723 1730 1725
845.838013 1720 1730 1731 1720 1725 1718 1729 1723 1726
845.857971 1725 1710 1728 1723 1718 1714 1726 1724 1738
845.877991 1733 1722 1733 1724 1727 1735 1730 1727 1723
845.89801 1733 1733 1727 1728 1729 1731 1725 1719 1722
845.91803 1730 1729 1720 1723 1725 1734 1727 1739 1735
845.937988 1722 1725 1731 1721 1728 1719 1720 1723 1727
845.958008 1716 1723 1725 1726 1729 1723 1735 1723 1725
845.978027 1724 1724 1719 1724 1745 1722 1722 1735 1737
845.997986 1732 1736 1728 1730 1722 1722 1729 1732 1740
846.018005 1726 1729 1728 1727 1730 1736 1713 1733 1730
846.038025 1737 1736 1727 1732 1727 1723 1724 1741 1740
846.057983 1723 1723 1725 1726 1733 1719 1725 1723 1733
846.078003 1745 1726 1739 1725 1726 1730 1735 1727 1738
846.096985 1730 1741 1725 1726 1728 1734 1742 1726 1727
846.117004 1733 1730 1739 1728 1719 1726 1737 1735 1731
846.137024 1729 1719 1727 1719 1729 1719 1727 1729 1729
846.156982 1722 1723 1737 1720 1715 1724 1734 1727 1732
846.177002 1742 1731 1728 1734 1728 1724 1720 1722 1732
846.197021 1733 1737 1737 1724 1734 1728 1727 1737 1733
846.21698 1734 1725 1724 1718 1719 1723 1732 1731 1737
846.237 1728 1731 1722 1737 1724 1732 1716 1736 1724
846.257019 1718 1738 1736 1731 1715 1735 1725 1732 1736
846.276978 1722 1727 1733 1725 1721 1725 1727 1733 1735
846.296997 1738 1731 1729 1730 1736 1726 1730 1731 1737
846.317017 1725 1731 1727 1726 1732 1719 1727 1746 1727
846.336975 1737 1726 1730 1739 1726 1721 1732 1743 1723
846.356995 1731 1734 1743 1735 1730 1732 1733 1737 1731
846.377014 1726 1735 1722 1737 1728 1726 1738 1730 1716
846.395996 1730 1742 1726 1721 1725 1722 1733 1736 1735
846.416016 1727 1737 1725 1733 1726 1714 1747 1722 1723
846.435974 1733 1742 1737 1731 1724 1724 1738 1739 1735
846.455994 1733 1731 1734 1740 1730 1723 1741 1744 1736
846.476013 1720 1735 1745 1739 1726 1728 1729 1739 1731
846.495972 1744 1739 1724 1720 1728 1738 1730 1734 1737
846.515991 1728 1744 1727 1733 1738 1724 1745 1731 1738
846.536011 1729 1723 1735 1719 1729 1729 1731 1735 1732
846.55603 1735 1730 1738 1724 1725 1740 1723 1737 1738
846.575989 1719 1720 1726 1731 1724 1730 1720 1737 1731
846.596008 1723 1724 1718 1719 1729 1725 1731 1738 1728
846.616028 1733 1731 1727 1716 1728 1722 1726 1732 1744
846.63501 1723 1722 1729 1732 1718 1722 1725 1726 1733
846.655029 1729 1718 1725 1720 1717 1722 1715 1729 1730
846.674988 1744 1723 1724 1741 1716 1734 1727 1729 1725
846.695007 1735 1732 1725 1720 1727 1729 1718 1736 1728
846.715027 1720 1734 1730 1722 1722 1717 1726 1722 1725
846.734985 1727 1721 1725 1733 1726 1730 1721 1731 1726
846.755005 1709 1727 1731 1726 1722 1717 1726 1725 1736
846.775024 1744 1722 1724 1713 1727 1716 1730 1727 1728
846.794983 1735 1735 1717 1729 1723 1716 1738 1726 1713
846.815002 1734 1728 1729 1714 1720 1728 1732 1722 1739
846.835022 1729 1728 1724 1730 1724 1727 1730 1734 1733
846.85498 1723 1735 1725 1715 1715 1718 1729 1727 1725
846.875 1724 1742 1717 1737 1727 1733 1728 1722 1742
846.893982 1723 1740 1734 1742 1718 1723 1727 1735 1746
846.914001 1731 1734 1736 1728 1734 1724 1733 1738 1742
846.934021 1724 1728 1739 1721 1729 1726 1718 1730 1728
846.953979 1725 1733 1732 1724 1727 1721 1726 1730 1734
846.973999 1724 1731 1725 1730 1730 1725 1731 1737 1725
846.994019 1729 1737 1726 1730 1731 1737 1723 1733 1730
847.013977 1738 1742 1734 1726 1733 1731 1732 1737 1731
847.033997 1729 1723 1736 1735 1739 1732 1731 1733 1721
847.054016 1732 1731 1728 1721 1737 1735 1734 1724 1731
847.073975 1739 1732 1722 1740 1737 1732 1742 1732 1753
847.093994 1750 1745 1733 1711 1725 1731 1730 1739 1739
847.112976 1740 1736 1735 1740 1731 1735 1740 1745 1737
847.132996 1730 1734 1732 1743 1730 1734 1729 1733 1728
847.153015 1731 1722 1733 1725 1733 1738 1744 1742 1733
847.172974 1734 1735 1736 1738 1722 1739 1739 1733 1734
847.192993 1745 1751 1733 1724 1725 1726 1733 1742 1732
847.213013 1739 1741 1729 1736 1738 1733 1741 1744 1737
847.232971 1734 1726 1735 1742 1727 1733 1732 1740 1724
847.252991 1736 1730 1743 1722 1721 1732 1719 1738 1738
847.27301 1739 1736 1727 1723 1731 1730 1739 1741 1737
847.29303 1725 1735 1733 1723 1719 1721 1727 1737 1740
847.312012 1742 1735 1739 1730 1726 1732 1738 1728 1742
847.33197 1737 1728 1735 1733 1732 1725 1727 1737 1733
847.35199 1738 1726 1735 1728 1729 1732 1731 1728 1730
847.372009 1738 1733 1718 1731 1724 1724 1729 1734 1734
847.392029 1734 1738 1729 1724 1737 1720 1722 1732 1747
847.411987 1734 1728 1724 1718 1718 1723 1731 1725 1734
847.432007 1741 1723 1726 1725 1723 1735 1721 1728 1727
847.452026 1743 1730 1725 1709 1710 1716 1728 1725 1734
847.471985 1719 1725 1731 1724 1716 1728 1733 1737 1732
847.492004 1724 1720 1719 1720 1712 1732 1723 1734 1730
847.510986 1729 1724 1725 1721 1725 1719 1727 1723 1727
847.531006 1735 1725 1723 1718 1718 1717 1713 1733 1720
847.551025 1728 1723 1719 1721 1718 1715 1721 1735 1724
847.570984 1728 1722 1732 1726 1719 1716 1720 1721 1730
847.591003 1725 1727 1720 1717 1718 1719 1719 1720 1731
847.611023 1729 1732 1717 1715 1722 1726 1716 1729 1736
847.630981 1732 1727 1734 1721 1721 1724 1726 1728 1733
847.651001 1725 1731 1723 1717 1717 1714 1722 1724 1721
847.669983 1731 1738 1730 1720 1716 1726 1723 1721 1732
847.690002 1717 1733 1733 1730 1721 1720 1725 1721 1728
847.710022 1732 1727 1732 1717 1713 1724 1732 1733 1714
847.72998 1735 1720 1723 1724 1722 1727 1739 1739 1740
847.75 1729 1740 1732 1724 1722 1720 1732 1735 1727
847.77002 1738 1740 1726 1732 1721 1727 1714 1738 1727
847.789978 1741 1739 1740 1726 1718 1720 1721 1739 1738
847.809998 1740 1735 1732 1737 1727 1732 1726 1732 1738
847.830017 1734 1741 1722 1727 1719 1725 1738 1734 1742
847.848999 1736 1741 1738 1719 1724 1717 1721 1731 1735
847.869019 1734 1736 1738 1732 1731 1725 1743 1740 1744
847.888977 1741 1735 1736 1717 1727 1732 1744 1740 1745
847.908997 1736 1735 1732 1733 1735 1730 1725 1728 1744
847.929016 1725 1728 1731 1729 1716 1723 1737 1724 1741
847.948975 1732 1737 1735 1715 1718 1720 1737 1740 1735
847.968994 1730 1743 1732 1730 1728 1725 1730 1743 1748
847.989014 1738 1740 1728 1726 1721 1732 1741 1728 1737
848.007996 1733 1746 1726 1742 1725 1725 1727 1740 1753
848.028015 1724 1739 1733 1734 1731 1726 1744 1733 1738
848.047974 1749 1740 1734 1737 1725 1739 1739 1752 1739
848.067993 1750 1750 1738 1734 1726 1732 1751 1748 1754
848.088013 1747 1754 1746 1728 1727 1736 1740 1740 1741
848.107971 1742 1731 1744 1732 1738 1739 1744 1748 1747
848.127991 1747 1740 1739 1732 1732 1733 1742 1751 1735
848.14801 1742 1746 1738 1735 1738 1735 1738 1733 1751
848.166992 1754 1743 1732 1728 1734 1742 1747 1745 1746
848.187012 1753 1736 1743 1739 1723 1744 1747 1751 1741
848.20697 1748 1743 1733 1740 1721 1732 1742 1743 1756
848.22699 1748 1750 1750 1735 1733 1731 1748 1749 1744
848.247009 1749 1751 1737 1739 1728 1730 1739 1753 1754
848.267029 1761 1736 1753 1741 1739 1748 1742 1760 1744
848.286987 1747 1753 1735 1724 1734 1750 1742 1760 1752
848.307007 1754 1752 1741 1741 1731 1733 1747 1744 1759
848.325989 1752 1755 1734 1747 1729 1748 1743 1749 1748
848.346008 1755 1753 1735 1745 1741 1735 1751 1764 1756
848.366028 1762 1752 1740 1734 1733 1737 1752 1756 1755
848.385986 1755 1752 1748 1747 1729 1737 1742 1755 1767
848.406006 1747 1760 1752 1734 1730 1739 1751 1748 1756
848.426025 1754 1761 1751 1746 1744 1750 1738 1757 1756
848.445984 1757 1765 1753 1745 1747 1743 1755 1764 1752
848.466003 1758 1752 1749 1741 1726 1736 1759 1755 1757
848.484985 1768 1751 1747 1732 1738 1737 1764 1760 1763
848.505005 1747 1759 1751 1749 1738 1752 1758 1754 1755
848.525024 1754 1758 1757 1742 1753 1747 1757 1764 1754
848.544983 1750 1753 1751 1736 1743 1738 1752 1761 1748
848.565002 1754 1763 1762 1746 1751 1749 1755 1763 1755
848.585022 1762 1758 1752 1755 1737 1747 1742 1758 1754
848.604004 1754 1759 1750 1740 1728 1744 1755 1748 1773
848.624023 1765 1750 1746 1735 1735 1754 1740 1758 1752
848.643982 1760 1746 1743 1734 1734 1739 1747 1766 1760
848.664001 1750 1752 1741 1742 1731 1743 1744 1757 1761
848.684021 1745 1758 1747 1740 1736 1742 1737 1749 1768
848.703979 1769 1762 1750 1746 1747 1739 1738 1749 1748
848.723999 1764 1749 1749 1730 1732 1737 1746 1745 1765
848.742981 1757 1754 1744 1749 1747 1740 1764 1755 1766
848.763 1766 1750 1738 1729 1732 1735 1739 1747 1748
848.78302 1749 1747 1734 1744 1737 1743 1740 1763 1755
848.802979 1758 1748 1745 1737 1742 1737 1745 1757 1757
848.822998 1761 1746 1735 1738 1733 1748 1754 1752 1753
848.843018 1760 1763 1744 1731 1741 1735 1757 1748 1754
848.862976 1756 1755 1753 1745 1745 1742 1756 1750 1768
848.882019 1752 1764 1744 1740 1742 1745 1747 1759 1765
848.901978 1749 1759 1750 1753 1741 1748 1760 1756 1745
848.921997 1761 1751 1750 1746 1757 1739 1739 1760 1760
848.942017 1755 1754 1755 1741 1744 1741 1752 1767 1751
848.961975 1755 1756 1761 1742 1750 1744 1747 1753 1760
848.981995 1768 1740 1757 1742 1735 1742 1754 1747 1758
849.002014 1753 1747 1752 1742 1744 1751 1755 1760 1757
849.020996 1742 1763 1751 1731 1736 1747 1753 1758 1756
849.041016 1755 1755 1745 1754 1740 1742 1761 1740 1751
849.060974 1759 1768 1740 1753 1742 1727 1754 1760 1767
849.080994 1768 1747 1752 1743 1743 1742 1764 1752 1758
849.101013 1760 1760 1753 1743 1742 1746 1758 1755 1754
849.120972 1754 1749 1752 1735 1733 1738 1745 1761 1763
849.140015 1763 1750 1754 1743 1739 1747 1745 1753 1766
849.159973 1753 1749 1737 1732 1724 1740 1744 1752 1761
849.179993 1760 1768 1751 1741 1732 1743 1745 1766 1757
849.200012 1754 1757 1736 1744 1730 1744 1735 1746 1753
849.219971 1754 1751 1761 1744 1743 1741 1752 1743 1763
849.23999 1753 1747 1750 1732 1733 1732 1743 1752 1745
849.258972 1745 1742 1752 1723 1729 1727 1743 1754 1755
849.278992 1751 1746 1748 1734 1732 1746 1738 1742 1746
849.299011 1759 1748 1746 1740 1731 1741 1742 1755 1747
849.31897 1751 1758 1740 1729 1737 1725 1732 1758 1754
849.338989 1752 1747 1727 1732 1723 1736 1742 1740 1747
849.359009 1753 1739 1747 1735 1735 1735 1742 1738 1756
849.377991 1738 1746 1735 1737 1730 1744 1747 1750 1758
849.39801 1757 1746 1733 1727 1727 1737 1738 1741 1750
849.41803 1749 1748 1737 1737 1743 1733 1733 1753 1756
849.437988 1742 1743 1739 1734 1734 1735 1738 1737 1751
849.458008 1745 1738 1738 1737 1725 1725 1739 1747 1737
849.478027 1741 1741 1733 1732 1728 1741 1741 1739 1747
849.497009 1737 1734 1726 1729 1731 1721 1739 1740 1733
849.517029 1746 1745 1733 1722 1739 1728 1736 1749 1739
849.536987 1748 1745 1731 1725 1735 1723 1730 1738 1746
849.557007 1735 1741 1745 1739 1729 1731 1737 1749 1733
849.577026 1738 1732 1735 1730 1727 1724 1729 1738 1743
849.596985 1737 1732 1726 1721 1727 1718 1729 1734 1751
849.616028 1748 1735 1732 1721 1720 1725 1728 1743 1744
849.635986 1744 1744 1736 1731 1729 1712 1734 1738 1740
849.656006 1753 1735 1738 1729 1720 1727 1728 1731 1748
849.676025 1742 1743 1742 1726 1724 1718 1734 1739 1729
849.695984 1745 1744 1746 1730 1724 1733 1727 1742 1743
849.716003 1757 1738 1736 1726 1725 1726 1741 1740 1734
849.734985 1739 1740 1733 1714 1726 1735 1735 1741 1748
849.755005 1737 1732 1729 1725 1725 1720 1734 1737 1746
849.775024 1748 1743 1727 1726 1726 1720 1727 1745 1745
849.794983 1733 1741 1729 1727 1720 1731 1728 1735 1735
849.815002 1742 1737 1728 1728 1729 1720 1728 1742 1743
849.833984 1748 1733 1729 1732 1731 1731 1727 1749 1738
849.854004 1748 1740 1737 1737 1718 1723 1724 1728 1746
849.874023 1735 1726 1729 1720 1722 1729 1723 1736 1742
849.893982 1738 1736 1731 1729 1712 1733 1735 1739 1745
849.914001 1743 1732 1734 1726 1724 1725 1734 1735 1743
849.934021 1746 1751 1732 1735 1723 1737 1732 1731 1743
849.953003 1741 1746 1730 1728 1731 1731 1748 1736 1761
849.973022 1744 1736 1737 1733 1735 1748 1740 1737 1747
849.992981 1752 1749 1740 1716 1738 1733 1744 1745 1731
850.013 1748 1757 1731 1730 1726 1729 1743 1739 1749
850.03302 1735 1747 1738 1735 1734 1738 1732 1738 1758
850.052002 1750 1749 1743 1729 1754 1727 1735 1756 1754
850.072021 1749 1740 1748 1729 1740 1729 1743 1756 1739
850.09198 1736 1749 1750 1739 1734 1737 1752 1749 1732
850.112 1757 1736 1735 1726 1741 1742 1743 1746 1750
850.132019 1757 1751 1755 1744 1742 1738 1741 1745 1756
850.151001 1751 1761 1745 1730 1734 1741 1746 1732 1750
850.171021 1759 1752 1746 1729 1739 1733 1737 1739 1760
850.190979 1746 1737 1743 1729 1729 1736 1750 1748 1756
850.210999 1751 1750 1748 1740 1725 1735 1750 1753 1748
850.231018 1746 1757 1748 1743 1735 1741 1753 1751 1758
850.250977 1757 1753 1753 1744 1743 1741 1751 1740 1762
850.27002 1748 1745 1739 1729 1745 1734 1736 1744 1750
850.289978 1737 1754 1756 1733 1728 1734 1743 1752 1749
850.309998 1750 1755 1739 1740 1734 1739 1732 1745 1744
850.330017 1747 1737 1747 1738 1742 1735 1741 1752 1744
850.349976 1744 1743 1728 1734 1740 1741 1753 1743 1751
850.369019 1747 1747 1740 1735 1719 1739 1746 1753 1741
850.388977 1739 1753 1737 1741 1736 1740 1740 1744 1755
850.408997 1746 1753 1753 1741 1724 1739 1743 1746 1758
850.429016 1746 1737 1734 1736 1736 1729 1746 1742 1748
850.448975 1759 1738 1746 1734 1727 1731 1739 1751 1746
850.468018 1746 1738 1735 1730 1734 1729 1743 1755 1741
850.487976 1734 1751 1745 1725 1736 1736 1746 1749 1749
850.507996 1753 1751 1746 1746 1721 1736 1748 1754 1747
850.528015 1746 1745 1739 1741 1732 1733 1740 1747 1761
850.547974 1739 1752 1737 1734 1730 1726 1745 1751 1755
850.567017 1750 1747 1745 1735 1733 1713 1732 1741 1750
850.586975 1752 1748 1736 1730 1747 1721 1755 1746 1745
850.606995 1744 1746 1731 1739 1728 1739 1749 1754 1743
850.627014 1743 1734 1731 1730 1735 1728 1736 1749 1744
850.645996 1754 1750 1743 1724 1721 1730 1737 1742 1744
850.666016 1746 1724 1750 1726 1735 1730 1737 1736 1738
850.685974 1729 1733 1735 1730 1722 1733 1738 1744 1739
850.705994 1760 1731 1730 1730 1729 1722 1744 1746 1739
850.726013 1747 1733 1740 1727 1735 1738 1735 1735 1741
850.744995 1745 1732 1732 1724 1728 1739 1731 1743 1753
850.765015 1754 1742 1733 1721 1729 1740 1727 1741 1738
850.784973 1737 1746 1724 1730 1731 1727 1737 1740 1733
850.804993 1743 1745 1732 1731 1736 1718 1731 1741 1733
850.825012 1741 1748 1737 1737 1727 1727 1724 1738 1747
850.843994 1743 1739 1735 1725 1728 1732 1736 1731 1741
850.864014 1741 1742 1747 1724 1719 1725 1735 1746 1736
850.883972 1735 1746 1734 1735 1733 1741 1738 1738 1745
850.903992 1749 1750 1732 1738 1739 1731 1733 1744 1740
850.924011 1733 1732 1740 1721 1741 1722 1741 1738 1740
850.942993 1738 1741 1753 1737 1726 1731 1745 1740 1750
850.963013 1744 1749 1733 1736 1733 1732 1740 1751 1749
850.982971 1742 1741 1741 1729 1722 1739 1738 1745 1743
851.002991 1734 1746 1736 1718 1731 1737 1733 1739 1746
851.021973 1743 1746 1747 1737 1720 1731 1734 1731 1749
851.041992 1732 1742 1737 1729 1731 1735 1743 1740 1743
851.062012 1747 1735 1724 1731 1733 1735 1733 1736 1741
851.08197 1740 1739 1738 1724 1746 1729 1740 1747 1746
851.10199 1746 1738 1735 1718 1730 1737 1733 1730 1745
851.120972 1744 1741 1724 1742 1737 1719 1732 1737 1738
851.140991 1747 1745 1747 1727 1720 1735 1738 1734 1749
851.161011 1733 1743 1732 1741 1731 1722 1745 1740 1746
851.18103 1734 1740 1736 1719 1736 1732 1738 1741 1747
851.200012 1750 1759 1732 1731 1727 1731 1721 1749 1743
851.219971 1734 1743 1745 1722 1738 1734 1735 1745 1742
851.23999 1740 1744 1740 1727 1728 1733 1727 1739 1739
851.26001 1742 1733 1744 1740 1726 1732 1725 1739 1735
851.280029 1737 1754 1734 1736 1725 1724 1739 1731 1733
851.299011 1733 1735 1723 1732 1731 1727 1734 1730 1738
851.31897 1741 1744 1727 1735 1731 1722 1744 1755 1748
851.338989 1733 1734 1740 1735 1725 1729 1732 1735 1735
851.359009 1737 1737 1722 1736 1726 1739 1731 1741 1737
851.377991 1751 1729 1733 1733 1729 1732 1738 1746 1738
851.39801 1739 1730 1735 1721 1732 1720 1734 1742 1729
851.41803 1737 1736 1731 1732 1738 1719 1733 1744 1738
851.437988 1735 1730 1720 1724 1712 1717 1738 1727 1730
851.45697 1736 1740 1735 1720 1725 1728 1730 1739 1742
851.47699 1723 1729 1733 1722 1720 1719 1733 1716 1724
851.497009 1738 1732 1731 1715 1726 1725 1731 1734 1734
851.517029 1737 1736 1729 1730 1726 1732 1726 1712 1733
851.536011 1724 1715 1730 1716 1730 1716 1723 1722 1729
851.55603 1722 1737 1719 1716 1712 1726 1725 1739 1731
851.575989 1735 1722 1717 1724 1721 1708 1725 1723 1733
851.596008 1729 1735 1724 1726 1723 1723 1725 1729 1725
851.616028 1730 1723 1717 1707 1717 1717 1727 1725 1728
851.63501 1744 1728 1720 1726 1712 1714 1718 1735 1723
851.655029 1723 1735 1709 1727 1720 1719 1726 1721 1731
851.674988 1722 1725 1715 1718 1721 1722 1721 1727 1718
851.695007 1714 1718 1722 1729 1708 1721 1722 1716 1716
851.713989 1725 1725 1717 1720 1716 1720 1723 1733 1734
851.734009 1726 1713 1716 1724 1705 1716 1716 1726 1726
851.754028 1726 1732 1717 1706 1706 1713 1718 1717 1725
851.773987 1721 1722 1724 1714 1717 1707 1720 1719 1721
851.79303 1726 1721 1718 1713 1712 1711 1725 1728 1729
851.812988 1721 1716 1703 1703 1715 1709 1719 1728 1729
851.833008 1715 1713 1721 1706 1713 1714 1718 1728 1727
851.853027 1731 1722 1723 1712 1722 1718 1720 1725 1727
851.872009 1719 1726 1720 1710 1717 1709 1718 1718 1729
851.892029 1710 1721 1725 1715 1717 1719 1719 1724 1721
851.911987 1733 1725 1717 1705 1711 1715 1715 1725 1729
851.932007 1730 1719 1721 1710 1714 1724 1714 1727 1728
851.950989 1711 1723 1709 1716 1700 1715 1725 1738 1727
851.971008 1726 1723 1715 1715 1712 1710 1716 1723 1718
851.991028 1719 1713 1720 1720 1716 1712 1717 1726 1726
852.010986 1736 1719 1708 1723 1714 1724 1725 1733 1722
852.030029 1720 1712 1717 1718 1718 1716 1720 1717 1736
852.049988 1720 1709 1729 1707 1703 1717 1706 1719 1728
852.070007 1709 1722 1719 1707 1720 1719 1714 1723 1726
852.090027 1721 1722 1721 1710 1702 1715 1719 1733 1720
852.109009 1722 1729 1719 1717 1718 1720 1723 1721 1718
852.129028 1723 1718 1721 1709 1717 1718 1727 1728 1722
852.148987 1730 1733 1719 1718 1720 1716 1721 1734 1734
852.169006 1729 1740 1721 1717 1717 1707 1708 1728 1728
852.187988 1718 1721 1723 1718 1720 1721 1726 1721 1722
852.208008 1725 1722 1729 1719 1717 1716 1726 1733 1722
852.228027 1735 1716 1719 1720 1714 1709 1717 1728 1717
852.247986 1736 1714 1720 1712 1723 1718 1717 1735 1723
852.267029 1722 1713 1722 1717 1710 1716 1730 1726 1724
852.286987 1732 1717 1722 1719 1712 1729 1724 1731 1735
852.307007 1719 1727 1719 1720 1719 1709 1727 1727 1735
852.327026 1729 1731 1712 1720 1715 1721 1727 1729 1736
852.346008 1725 1713 1719 1714 1713 1713 1720 1720 1721
852.366028 1724 1737 1726 1721 1722 1713 1721 1738 1731
852.385986 1733 1741 1724 1714 1731 1717 1732 1728 1727
852.406006 1724 1714 1722 1719 1710 1716 1738 1729 1718
852.424988 1718 1720 1716 1721 1715 1712 1715 1735 1724
852.445007 1715 1729 1727 1716 1712 1720 1718 1734 1727
852.465027 1719 1729 1727 1708 1707 1718 1714 1724 1728
852.484009 1721 1718 1715 1718 1721 1722 1734 1725 1720
852.504028 1724 1722 1720 1717 1722 1718 1727 1727 1719
852.523987 1726 1713 1717 1723 1714 1720 1715 1726 1722
852.544006 1721 1719 1725 1708 1709 1721 1720 1721 1715
852.562988 1723 1722 1727 1722 1729 1716 1715 1725 1718
852.583008 1738 1722 1721 1721 1726 1713 1719 1733 1728
852.603027 1724 1719 1715 1715 1730 1721 1726 1739 1736
852.622986 1724 1720 1722 1717 1719 1706 1723 1724 1737
852.642029 1720 1727 1724 1706 1718 1732 1730 1728 1734
852.661987 1720 1722 1726 1726 1725 1715 1734 1729 1723
852.682007 1727 1719 1711 1711 1724 1702 1730 1720 1715
852.700989 1736 1730 1728 1721 1718 1717 1718 1719 1729
852.721008 1712 1728 1728 1718 1725 1716 1719 1728 1727
852.741028 1723 1712 1711 1718 1720 1712 1728 1734 1721
852.760986 1719 1724 1723 1713 1700 1714 1732 1730 1726
852.780029 1723 1723 1724 1717 1730 1711 1723 1730 1720
852.799988 1721 1731 1712 1719 1714 1722 1718 1719 1719
852.820007 1721 1708 1719 1701 1718 1713 1718 1724 1723
852.840027 1710 1737 1727 1719 1719 1720 1717 1708 1721
852.859009 1719 1727 1728 1713 1710 1724 1715 1731 1722
852.879028 1724 1727 1705 1708 1709 1716 1721 1730 1731
852.898987 1716 1728 1714 1718 1714 1715 1716 1731 1724
852.91803 1738 1727 1719 1715 1718 1720 1718 1728 1736
852.937988 1730 1724 1714 1719 1698 1717 1719 1731 1736
852.958008 1713 1719 1723 1719 1713 1720 1726 1726 1728
852.978027 1727 1726 1728 1701 1711 1724 1726 1721 1718
852.997009 1733 1734 1716 1711 1712 1716 1713 1724 1724
853.017029 1722 1721 1715 1713 1707 1716 1697 1724 1731
853.036987 1722 1727 1726 1729 1713 1717 1722 1715 1721
853.05603 1724 1735 1726 1702 1717 1720 1716 1728 1724
853.075989 1724 1722 1731 1723 1724 1707 1705 1730 1729
853.096008 1714 1724 1722 1713 1723 1720 1721 1736 1717
853.116028 1722 1726 1718 1711 1713 1718 1731 1725 1721
853.13501 1718 1729 1719 1719 1713 1711 1721 1720 1716
853.155029 1721 1725 1738 1718 1734 1723 1725 1723 1713
853.174988 1717 1734 1724 1714 1723 1713 1724 1729 1722
853.19397 1725 1724 1729 1725 1716 1729 1728 1725 1729
853.213989 1734 1731 1716 1716 1718 1699 1718 1729 1731
853.234009 1720 1719 1709 1725 1714 1725 1715 1720 1729
853.254028 1726 1727 1734 1710 1717 1731 1731 1718 1719
853.27301 1731 1720 1720 1717 1715 1722 1705 1720 1725
853.29303 1725 1719 1720 1715 1713 1712 1714 1733 1731
853.312988 1730 1722 1730 1720 1726 1717 1722 1729 1719
853.33197 1736 1720 1720 1723 1711 1715 1718 1723 1721
853.35199 1727 1713 1721 1707 1713 1715 1709 1722 1731
853.372009 1724 1718 1721 1710 1723 1718 1715 1724 1726
853.390991 1712 1727 1720 1722 1715 1715 1726 1730 1723
853.411011 1732 1737 1710 1714 1718 1710 1716 1726 1731
853.43103 1728 1722 1721 1719 1710 1717 1721 1729 1728
853.450989 1719 1721 1724 1722 1710 1729 1715 1723 1727
853.469971 1728 1732 1715 1718 1721 1718 1720 1724 1727
853.48999 1731 1729 1725 1723 1725 1718 1723 1737 1739
853.51001 1730 1735 1731 1718 1724 1717 1720 1735 1731
853.528992 1720 1727 1717 1713 1717 1714 1727 1721 1719
853.549011 1737 1724 1716 1717 1723 1718 1728 1731 1727
853.56897 1728 1725 1729 1722 1713 1723 1723 1726 1725
853.588989 1725 1728 1717 1717 1709 1718 1723 1733 1716
853.607971 1725 1727 1721 1713 1725 1725 1724 1722 1735
853.627991 1718 1722 1710 1718 1709 1714 1726 1721 1726
853.64801 1722 1734 1722 1714 1723 1712 1722 1717 1732
853.666992 1729 1724 1723 1715 1703 1730 1721 1722 1738
853.687012 1732 1731 1719 1712 1715 1719 1721 1731 1726
853.70697 1724 1716 1721 1705 1710 1725 1716 1734 1732
853.726013 1722 1730 1723 1722 1721 1720 1735 1742 1734
853.745972 1727 1731 1723 1720 1719 1713 1716 1723 1719
853.765991 1731 1725 1726 1709 1721 1720 1722 1724 1726
853.784973 1724 1731 1719 1714 1724 1719 1718 1729 1733
853.804993 1727 1721 1719 1700 1717 1728 1728 1738 1724
853.825012 1727 1729 1722 1722 1706 1728 1725 1718 1734
853.844971 1728 1725 1727 1720 1737 1722 1733 1719 1734
853.864014 1732 1740 1722 1718 1712 1717 1727 1723 1716
853.883972 1730 1726 1725 1719 1718 1730 1720 1726 1723
853.903992 1725 1734 1727 1723 1725 1719 1730 1730 1733
853.922974 1728 1737 1720 1733 1720 1723 1718 1733 1730
853.942993 1733 1729 1721 1723 1717 1729 1729 1724 1736
853.963013 1734 1735 1725 1724 1717 1728 1724 1734 1738
853.981995 1732 1735 1733 1734 1723 1726 1725 1730 1736
854.002014 1736 1730 1721 1722 1728 1717 1732 1724 1735
854.021973 1736 1734 1730 1734 1717 1730 1729 1739 1741
854.041016 1732 1737 1732 1722 1725 1729 1721 1738 1735
854.060974 1744 1750 1728 1736 1721 1735 1742 1737 1737
854.080994 1747 1742 1735 1731 1732 1732 1721 1736 1735
854.099976 1737 1741 1740 1734 1727 1722 1739 1725 1739
854.119995 1745 1741 1731 1730 1724 1752 1744 1744 1754
854.140015 1755 1742 1720 1733 1738 1735 1742 1746 1753
854.158997 1742 1734 1730 1721 1721 1743 1739 1747 1726
854.179016 1732 1745 1741 1724 1742 1732 1736 1738 1749
854.198975 1747 1750 1726 1739 1732 1734 1746 1742 1743
854.218994 1747 1741 1733 1722 1726 1728 1744 1749 1751
854.237976 1735 1758 1736 1725 1731 1738 1725 1741 1740
854.257996 1736 1747 1731 1725 1727 1735 1740 1747 1752
854.278015 1741 1741 1738 1729 1723 1738 1740 1744 1752
854.296997 1736 1742 1736 1730 1720 1734 1733 1749 1744
854.317017 1745 1737 1735 1719 1738 1726 1735 1734 1746
854.336975 1744 1742 1730 1738 1730 1725 1731 1754 1749
854.356018 1743 1741 1717 1728 1731 1734 1737 1743 1756
854.375977 1752 1747 1732 1720 1723 1734 1730 1743 1744
854.395996 1732 1743 1741 1720 1726 1737 1741 1731 1740
854.414978 1746 1732 1732 1710 1727 1727 1726 1736 1742
854.434998 1742 1740 1721 1728 1727 1723 1731 1736 1732
854.455017 1739 1736 1729 1725 1719 1727 1740 1744 1731
854.473999 1735 1734 1717 1735 1736 1721 1732 1742 1737
854.494019 1744 1733 1719 1716 1724 1731 1732 1732 1742
854.513977 1731 1726 1725 1726 1729 1725 1730 1736 1738
854.53302 1738 1722 1730 1714 1736 1730 1739 1734 1739
854.552979 1732 1744 1733 1735 1722 1727 1724 1733 1736
854.572998 1737 1737 1725 1720 1724 1736 1726 1731 1746
854.59198 1735 1741 1728 1733 1725 1728 1730 1735 1748
854.612 1738 1731 1724 1724 1726 1726 1740 1734 1739
854.632019 1742 1739 1718 1719 1723 1728 1729 1729 1741
854.651001 1737 1720 1723 1712 1713 1717 1733 1737 1731
854.671021 1726 1733 1735 1727 1723 1715 1732 1747 1731
854.690979 1736 1748 1723 1714 1721 1725 1736 1732 1729
854.710022 1729 1725 1719 1718 1723 1723 1727 1739 1739
854.72998 1736 1715 1705 1707 1726 1718 1727 1730 1740
854.75 1734 1735 1735 1715 1711 1723 1718 1725 1727
854.768982 1726 1726 1729 1717 1722 1734 1731 1742 1733
854.789001 1731 1731 1743 1719 1734 1714 1723 1735 1741
854.807983 1731 1713 1724 1720 1720 1725 1727 1733 1739
854.828003 1725 1727 1727 1732 1717 1714 1728 1728 1735
854.848022 1730 1732 1722 1717 1711 1723 1729 1731 1744
854.867004 1737 1732 1722 1713 1724 1730 1737 1735 1725
854.887024 1740 1735 1724 1717 1718 1712 1728 1737 1743
854.906982 1737 1721 1718 1715 1718 1716 1720 1748 1731
854.926025 1739 1745 1728 1718 1723 1723 1728 1735 1730
854.945984 1744 1732 1732 1726 1721 1723 1722 1744 1733
854.966003 1731 1733 1721 1719 1711 1719 1736 1743 1736
854.984985 1728 1731 1732 1724 1713 1734 1719 1743 1734
855.005005 1742 1729 1734 1709 1730 1710 1731 1735 1736
855.025024 1738 1727 1718 1722 1722 1724 1728 1728 1729
855.044006 1741 1726 1722 1723 1715 1720 1723 1732 1729
855.064026 1721 1735 1724 1708 1722 1726 1724 1719 1728
855.083984 1739 1731 1722 1736 1720 1719 1722 1734 1739
855.103027 1724 1728 1721 1713 1718 1731 1722 1724 1732
855.122986 1739 1729 1721 1723 1721 1717 1713 1736 1722
855.143005 1728 1727 1724 1712 1718 1732 1733 1732 1733
855.161987 1722 1732 1731 1716 1715 1713 1730 1713 1734
855.182007 1721 1723 1720 1723 1713 1723 1727 1727 1723
855.200989 1729 1726 1722 1711 1706 1713 1732 1730 1730
855.221008 1721 1729 1723 1714 1723 1704 1715 1734 1725
855.241028 1730 1729 1725 1713 1716 1723 1732 1732 1733
855.26001 1724 1736 1732 1709 1712 1714 1735 1727 1726
855.280029 1727 1726 1724 1704 1708 1716 1721 1736 1732
855.299988 1717 1725 1725 1718 1704 1722 1715 1731 1724
855.31897 1728 1730 1720 1708 1709 1707 1713 1735 1722
855.338989 1718 1728 1724 1717 1706 1722 1731 1731 1728
855.359009 1729 1720 1722 1735 1711 1721 1717 1730 1734
855.377991 1740 1739 1732 1721 1714 1723 1740 1732 1725
855.39801 1721 1732 1717 1714 1712 1725 1716 1726 1732
855.41803 1724 1716 1728 1722 1715 1724 1724 1726 1739
855.437012 1723 1725 1723 1714 1719 1717 1718 1734 1731
855.45697 1726 1737 1722 1721 1708 1719 1724 1724 1722
855.476013 1714 1732 1732 1715 1720 1710 1720 1729 1742
855.495972 1722 1717 1723 1720 1713 1713 1722 1723 1718
855.515991 1731 1722 1731 1712 1717 1709 1722 1730 1726
855.534973 1724 1719 1726 1719 1714 1705 1725 1732 1725
855.554993 1710 1725 1716 1709 1715 1709 1712 1731 1727
855.575012 1727 1710 1720 1713 1713 1712 1723 1731 1730
855.593994 1718 1726 1710 1708 1707 1717 1706 1733 1721
855.614014 1725 1718 1721 1715 1707 1718 1716 1727 1725
855.633972 1731 1718 1717 1711 1716 1713 1712 1724 1733
855.653015 1718 1715 1705 1709 1703 1707 1721 1729 1720
855.672974 1718 1725 1724 1712 1709 1706 1721 1733 1730
855.692017 1721 1720 1714 1710 1702 1715 1720 1716 1720
855.711975 1705 1722 1720 1718 1717 1714 1725 1737 1729
855.731995 1722 1722 1713 1713 1717 1717 1720 1724 1728
855.750977 1722 1721 1716 1721 1711 1715 1731 1721 1735
855.770996 1719 1728 1715 1713 1712 1712 1722 1725 1729
855.791016 1725 1716 1722 1724 1722 1716 1716 1714 1718
855.809998 1730 1717 1714 1700 1709 1704 1720 1715 1727
855.830017 1713 1711 1720 1704 1707 1719 1714 1727 1719
855.848999 1729 1718 1719 1718 1709 1715 1726 1723 1724
855.869019 1727 1722 1720 1714 1702 1711 1718 1728 1728
855.888977 1714 1720 1720 1711 1717 1717 1725 1725 1730
855.90802 1716 1723 1704 1706 1717 1722 1724 1727 1733
855.927979 1720 1719 1723 1715 1715 1705 1728 1730 1730
855.947998 1722 1731 1717 1712 1708 1710 1715 1727 1731
855.96698 1709 1727 1716 1702 1718 1719 1722 1731 1734
855.987 1730 1722 1717 1716 1717 1711 1716 1738 1733
856.005981 1728 1721 1710 1702 1710 1717 1723 1727 1732
856.026001 1727 1718 1730 1717 1712 1708 1728 1726 1728
856.046021 1727 1728 1714 1712 1719 1726 1715 1728 1734
856.065002 1726 1725 1723 1712 1711 1717 1726 1726 1730
856.085022 1719 1723 1713 1723 1717 1719 1726 1731 1723
856.104004 1721 1731 1726 1716 1715 1726 1709 1724 1718
856.124023 1715 1725 1724 1720 1712 1711 1725 1731 1718
856.143982 1714 1722 1713 1707 1709 1725 1719 1734 1721
856.163025 1726 1731 1721 1711 1716 1729 1715 1725 1727
856.182983 1733 1730 1717 1715 1713 1720 1721 1723 1736
856.203003 1712 1720 1734 1713 1715 1717 1728 1735 1728
856.221985 1718 1705 1721 1718 1713 1718 1720 1720 1723
856.242004 1715 1711 1710 1695 1715 1717 1713 1711 1722
856.260986 1722 1731 1719 1721 1713 1719 1724 1732 1720
856.281006 1731 1716 1717 1710 1711 1710 1718 1721 1731
856.301025 1718 1723 1713 1719 1722 1711 1739 1722 1724
856.320007 1712 1723 1717 1713 1705 1716 1724 1718 1713
856.340027 1732 1718 1711 1720 1705 1717 1725 1726 1732
856.359009 1736 1732 1721 1716 1720 1720 1734 1736 1724
856.379028 1736 1727 1724 1715 1719 1708 1734 1738 1724
856.398987 1733 1739 1720 1718 1713 1710 1709 1721 1726
856.41803 1714 1718 1713 1715 1713 1713 1714 1720 1723
856.437988 1705 1719 1718 1709 1708 1722 1714 1719 1725
856.45697 1717 1725 1712 1701 1708 1710 1711 1728 1726
856.47699 1720 1715 1703 1713 1718 1703 1725 1722 1716
856.497009 1722 1717 1713 1706 1710 1721 1718 1724 1733
856.515991 1720 1717 1721 1714 1698 1720 1710 1723 1718
856.536011 1731 1713 1704 1715 1713 1720 1720 1725 1719
856.554993 1720 1721 1721 1716 1719 1714 1708 1712 1717
856.575012 1731 1728 1706 1714 1716 1719 1721 1718 1719
856.594971 1720 1717 1716 1712 1708 1715 1715 1714 1717
856.614014 1722 1705 1713 1695 1715 1715 1715 1724 1722
856.633972 1721 1712 1714 1709 1710 1715 1715 1731 1714
856.653015 1722 1718 1710 1699 1708 1700 1716 1723 1714
856.672974 1718 1723 1705 1713 1709 1707 1704 1714 1709
856.692993 1712 1709 1712 1706 1711 1700 1714 1715 1717
856.711975 1714 1712 1714 1713 1713 1716 1712 1722 1711
856.731995 1712 1717 1711 1701 1701 1693 1707 1727 1713
856.750977 1713 1719 1705 1720 1718 1713 1709 1715 1724
856.770996 1721 1717 1708 1705 1713 1719 1716 1726 1722
856.791016 1714 1721 1709 1699 1702 1711 1718 1721 1708
856.809998 1714 1706 1700 1704 1713 1704 1715 1719 1716
856.830017 1705 1716 1711 1701 1720 1693 1708 1715 1709
856.848999 1703 1717 1714 1703 1714 1697 1707 1713 1724
856.869019 1723 1709 1714 1710 1698 1701 1720 1710 1717
856.888 1715 1702 1706 1702 1721 1713 1718 1712 1712
856.90802 1715 1707 1705 1707 1701 1718 1703 1709 1722
856.927979 1712 1707 1703 1694 1709 1706 1713 1720 1712
856.947021 1716 1717 1711 1710 1709 1712 1716 1715 1716
856.96698 1712 1713 1707 1701 1715 1710 1705 1715 1731
856.986023 1708 1708 1710 1712 1713 1717 1725 1715 1712
857.005981 1715 1719 1703 1716 1711 1712 1715 1714 1714
857.026001 1709 1712 1719 1702 1708 1717 1715 1705 1715
857.044983 1728 1716 1721 1715 1700 1699 1713 1704 1705
857.065002 1704 1704 1706 1712 1714 1713 1715 1721 1719
857.083984 1706 1717 1710 1708 1709 1703 1712 1724 1713
857.104004 1713 1721 1713 1711 1704 1703 1715 1719 1716
857.122986 1702 1717 1714 1700 1698 1709 1719 1722 1721
857.143005 1701 1707 1712 1699 1711 1717 1710 1718 1714
857.163025 1720 1720 1706 1708 1708 1709 1709 1716 1723
857.182007 1712 1708 1705 1710 1707 1715 1709 1719 1716
857.202026 1710 1713 1717 1707 1704 1707 1714 1714 1718
857.221008 1716 1715 1708 1701 1708 1717 1727 1707 1717
857.241028 1708 1710 1703 1709 1706 1710 1704 1707 1724
857.260986 1715 1713 1719 1705 1706 1717 1721 1726 1699
857.280029 1717 1714 1703 1708 1725 1710 1710 1709 1727
857.299988 1707 1717 1725 1707 1708 1703 1707 1720 1713
857.31897 1720 1707 1711 1705 1715 1707 1709 1716 1720
857.338989 1716 1716 1715 1714 1703 1708 1708 1714 1715
857.357971 1709 1718 1709 1708 1709 1698 1702 1713 1716
857.377991 1712 1721 1721 1702 1700 1710 1721 1710 1718
857.39801 1716 1715 1700 1697 1699 1706 1707 1710 1718
857.416992 1704 1725 1709 1703 1712 1714 1713 1704 1716
857.437012 1717 1710 1716 1713 1699 1705 1708 1725 1713
857.455994 1714 1696 1705 1699 1694 1700 1712 1713 1718
857.476013 1718 1707 1710 1717 1707 1705 1718 1713 1719
857.494995 1714 1705 1709 1717 1713 1712 1715 1717 1719
857.515015 1706 1703 1704 1695 1697 1697 1714 1715 1709
857.534973 1704 1705 1709 1711 1702 1706 1706 1703 1711
857.554016 1707 1708 1711 1706 1709 1709 1710 1713 1708
857.573975 1713 1710 1707 1705 1706 1705 1702 1717 1711
857.593018 1720 1713 1704 1708 1701 1706 1720 1723 1722
857.612976 1706 1716 1709 1713 1700 1703 1704 1715 1711
857.632019 1703 1708 1717 1703 1699 1693 1704 1708 1715
857.651978 1706 1706 1702 1705 1701 1710 1703 1710 1719
857.671997 1710 1712 1712 1710 1698 1706 1712 1712 1722
857.690979 1713 1709 1707 1701 1700 1712 1712 1715 1718
857.710999 1723 1704 1709 1707 1709 1715 1712 1710 1715
857.72998 1711 1711 1716 1714 1697 1700 1708 1724 1706
857.75 1698 1710 1694 1708 1701 1719 1713 1706 1720
857.768982 1702 1700 1712 1702 1704 1706 1706 1724 1711
857.789001 1708 1709 1701 1703 1705 1716 1709 1714 1716
857.807983 1705 1712 1707 1698 1710 1706 1709 1715 1711
857.828003 1712 1700 1704 1706 1702 1702 1714 1716 1711
857.848022 1704 1711 1708 1709 1707 1709 1699 1716 1705
857.867004 1708 1707 1712 1707 1706 1708 1708 1711 1714
857.887024 1703 1705 1713 1714 1707 1697 1709 1707 1710
857.906006 1709 1714 1703 1701 1699 1704 1705 1711 1711
857.926025 1714 1709 1710 1712 1711 1705 1720 1701 1705
857.945007 1714 1709 1703 1707 1726 1712 1712 1718 1713
857.965027 1715 1706 1707 1704 1698 1702 1705 1709 1712
857.984009 1711 1708 1712 1717 1703 1694 1716 1724 1719
858.004028 1716 1711 1715 1704 1716 1705 1705 1721 1712
858.02301 1713 1706 1710 1700 1704 1716 1704 1723 1718
858.04303 1700 1706 1722 1704 1693 1712 1703 1707 1711
858.062988 1711 1716 1704 1714 1714 1703 1706 1716 1715
858.08197 1716 1711 1710 1704 1716 1711 1711 1720 1711
858.10199 1714 1704 1705 1702 1712 1704 1719 1714 1716
858.120972 1707 1714 1701 1695 1704 1701 1706 1713 1721
858.140991 1712 1711 1708 1709 1711 1697 1712 1702 1713
858.159973 1712 1701 1703 1716 1696 1709 1703 1708 1697
858.179993 1709 1703 1706 1709 1705 1702 1707 1717 1701
858.198975 1714 1718 1701 1707 1700 1705 1716 1712 1710
858.218994 1705 1714 1703 1708 1702 1712 1717 1716 1725
858.239014 1712 1706 1703 1701 1701 1714 1701 1713 1710
858.257996 1703 1714 1709 1696 1691 1707 1707 1716 1708
858.278015 1709 1725 1707 1706 1699 1701 1696 1715 1710
858.296997 1708 1709 1703 1693 1701 1697 1709 1695 1709
858.317017 1711 1710 1706 1705 1698 1706 1707 1707 1693
858.335999 1705 1704 1705 1697 1711 1703 1709 1702 1712
858.356018 1702 1693 1706 1705 1702 1705 1714 1714 1699
858.375 1702 1703 1698 1703 1704 1694 1709 1707 1704
858.39502 1704 1715 1709 1701 1705 1695 1700 1706 1712
858.414001 1703 1699 1700 1692 1697 1702 1702 1708 1710
858.434021 1706 1707 1712 1711 1695 1702 1710 1705 1716
858.453003 1701 1710 1709 1702 1701 1702 1696 1713 1702
858.473022 1706 1700 1703 1708 1706 1702 1697 1699 1699
858.492004 1712 1710 1714 1704 1703 1697 1696 1705 1713
858.512024 1702 1702 1707 1712 1686 1692 1704 1705 1709
858.531982 1706 1717 1714 1695 1714 1710 1708 1708 1712
858.551025 1714 1704 1690 1702 1708 1697 1714 1709 1703
858.570984 1705 1699 1704 1702 1709 1710 1701 1698 1708
858.590027 1705 1714 1707 1694 1712 1704 1702 1703 1709
858.609985 1702 1722 1706 1698 1703 1708 1715 1703 1700
858.629028 1702 1711 1701 1702 1701 1714 1708 1710 1711
858.648987 1708 1700 1714 1699 1709 1704 1707 1713 1703
858.66803 1710 1712 1712 1701 1701 1708 1708 1708 1699
858.687988 1711 1700 1700 1709 1699 1703 1717 1707 1708
858.70697 1720 1708 1708 1705 1700 1709 1721 1713 1701
858.72699 1714 1712 1710 1711 1706 1707 1710 1704 1711
858.745972 1715 1708 1714 1695 1703 1704 1703 1708 1717
858.765991 1724 1720 1711 1710 1712 1699 1705 1714 1712
858.784973 1718 1718 1714 1709 1712 1710 1717 1716 1707
858.804993 1711 1707 1712 1712 1705 1715 1707 1709 1719
858.823975 1703 1713 1706 1703 1705 1708 1712 1713 1705
858.843994 1707 1713 1711 1698 1700 1710 1701 1715 1710
858.864014 1708 1724 1713 1705 1715 1704 1718 1704 1714
858.882996 1708 1711 1708 1715 1703 1701 1707 1709 1709
858.903015 1719 1716 1715 1704 1714 1707 1701 1712 1721
858.921997 1704 1704 1713 1702 1708 1712 1711 1709 1715
858.942017 1710 1697 1711 1706 1704 1701 1704 1704 1717
858.960999 1705 1706 1712 1704 1697 1710 1700 1712 1711
858.981018 1703 1702 1705 1694 1692 1709 1704 1700 1713
859 1704 1699 1706 1699 1703 1708 1698 1711 1711
859.02002 1706 1708 1710 1705 1705 1695 1707 1708 1704
859.039001 1707 1697 1705 1702 1703 1710 1702 1712 1707
859.059021 1701 1708 1695 1701 1694 1708 1699 1717 1708
859.078003 1705 1701 1704 1718 1703 1704 1709 1702 1715
859.098022 1706 1706 1706 1702 1699 1713 1704 1704 1703
859.117004 1704 1706 1702 1703 1700 1697 1704 1696 1705
859.137024 1701 1705 1703 1695 1706 1709 1706 1712 1702
859.156006 1699 1689 1702 1694 1701 1696 1699 1701 1697
859.176025 1705 1702 1706 1696 1696 1704 1702 1707 1699
859.195007 1701 1703 1713 1691 1698 1700 1706 1705 1705
859.215027 1696 1700 1711 1713 1709 1698 1705 1697 1705
859.234009 1695 1703 1694 1703 1697 1698 1690 1705 1698
859.254028 1701 1707 1695 1699 1697 1702 1696 1706 1704
859.27301 1708 1696 1708 1705 1703 1701 1700 1708 1693
859.29303 1699 1699 1696 1693 1696 1695 1701 1687 1707
859.312012 1704 1702 1708 1700 1702 1709 1704 1702 1695
859.33197 1701 1689 1717 1701 1698 1698 1698 1708 1700
859.351013 1702 1709 1705 1702 1703 1702 1697 1709 1695
859.370972 1702 1696 1695 1700 1691 1695 1703 1696 1694
859.390015 1699 1700 1701 1715 1702 1709 1705 1701 1710
859.409973 1707 1705 1703 1692 1701 1705 1706 1703 1702
859.429016 1711 1695 1708 1693 1708 1697 1705 1713 1707
859.448975 1693 1699 1705 1697 1700 1706 1709 1712 1704
859.468018 1710 1707 1696 1712 1705 1702 1711 1699 1707
859.487976 1704 1699 1715 1711 1708 1706 1705 1710 1701
859.507019 1693 1714 1703 1713 1698 1698 1707 1709 1719
859.526978 1706 1707 1712 1707 1706 1703 1707 1704 1697
859.546021 1707 1709 1699 1702 1706 1708 1697 1700 1711
859.565979 1706 1708 1707 1694 1713 1701 1706 1698 1704
859.585022 1712 1713 1707 1702 1714 1700 1708 1714 1709
859.60498 1700 1705 1699 1704 1696 1705 1713 1707 1715
859.624023 1695 1711 1712 1705 1704 1697 1708 1706 1710
859.643982 1699 1714 1699 1707 1700 1714 1715 1706 1715
859.663025 1711 1701 1704 1717 1700 1701 1698 1706 1715
859.682983 1699 1705 1701 1703 1705 1707 1706 1713 1708
859.702026 1706 1710 1707 1709 1707 1704 1697 1710 1700
859.721985 1699 1701 1703 1707 1705 1701 1712 1711 1712
859.741028 1709 1703 1703 1702 1706 1707 1718 1714 1708
859.760986 1709 1712 1713 1708 1697 1699 1707 1699 1700
859.780029 1706 1696 1705 1705 1704 1702 1699 1711 1708
859.799988 1708 1708 1707 1695 1702 1706 1704 1699 1707
859.81897 1699 1704 1706 1706 1701 1706 1697 1698 1713
859.838989 1701 1709 1709 1697 1695 1690 1713 1699 1709
859.857971 1702 1709 1702 1703 1709 1697 1702 1708 1705
859.877991 1696 1709 1704 1709 1701 1699 1709 1706 1706
859.896973 1700 1703 1711 1693 1701 1699 1707 1711 1703
859.916992 1708 1705 1711 1705 1708 1701 1699 1703 1709
859.935974 1695 1711 1693 1698 1704 1704 1695 1692 1699
859.955994 1704 1695 1716 1702 1708 1694 1704 1700 1709
859.974976 1700 1707 1707 1693 1692 1705 1706 1701 1704
859.994995 1708 1696 1698 1687 1685 1691 1699 1710 1689
860.013977 1709 1701 1703 1705 1695 1692 1703 1693 1707
860.033997 1701 1696 1699 1691 1690 1704 1702 1699 1711
860.052979 1701 1702 1706 1695 1694 1703 1700 1709 1697
860.072998 1701 1700 1694 1701 1707 1705 1700 1694 1707
860.09198 1704 1713 1693 1695 1692 1693 1709 1707 1701
860.112 1701 1706 1690 1711 1700 1709 1696 1699 1697
860.130981 1709 1694 1697 1700 1697 1702 1696 1700 1701
860.151001 1703 1707 1700 1695 1705 1698 1690 1694 1702
860.169983 1699 1693 1696 1703 1697 1697 1701 1711 1704
860.189026 1707 1694 1699 1696 1702 1703 1699 1705 1701
860.208984 1694 1689 1695 1699 1698 1694 1701 1713 1704
860.228027 1698 1696 1696 1696 1706 1699 1704 1701 1703
860.247986 1687 1700 1696 1698 1709 1696 1698 1703 1697
860.267029 1705 1701 1707 1701 1706 1708 1701 1702 1696
860.286987 1693 1691 1709 1700 1698 1706 1700 1700 1699
860.30603 1704 1690 1691 1695 1705 1701 1721 1704 1700
860.325989 1703 1695 1701 1700 1695 1703 1695 1696 1702
860.344971 1694 1704 1702 1691 1709 1705 1703 1709 1713
860.36499 1702 1682 1697 1697 1698 1697 1699 1696 1701
860.383972 1715 1709 1689 1692 1712 1696 1715 1701 1702
860.403992 1686 1692 1699 1708 1697 1712 1723 1699 1690
860.422974 1701 1707 1704 1705 1701 1715 1705 1691 1701
860.442993 1706 1703 1700 1703 1698 1691 1702 1703 1705
860.461975 1694 1699 1696 1702 1696 1698 1703 1692 1702
860.481995 1698 1693 1686 1698 1703 1702 1696 1704 1709
860.500977 1695 1715 1699 1700 1708 1701 1697 1703 1704
860.520996 1697 1702 1705 1708 1706 1708 1709 1706 1703
860.539978 1699 1710 1696 1712 1700 1701 1708 1686 1706
860.559021 1701 1696 1709 1698 1705 1696 1707 1720 1706
860.578979 1706 1715 1703 1712 1697 1701 1707 1689 1706
860.598022 1697 1703 1710 1713 1704 1710 1713 1710 1704
860.617981 1702 1707 1697 1710 1711 1696 1705 1713 1696
860.637024 1706 1709 1702 1704 1706 1703 1703 1710 1704
860.656982 1713 1709 1703 1704 1707 1704 1707 1702 1700
860.676025 1694 1709 1705 1703 1714 1700 1702 1704 1701
860.695984 1707 1703 1706 1704 1707 1701 1704 1707 1693
860.715027 1709 1708 1711 1708 1699 1701 1705 1702 1707
860.734985 1700 1701 1704 1705 1704 1701 1695 1697 1707
860.754028 1687 1700 1710 1700 1720 1697 1706 1695 1695
860.77301 1694 1698 1707 1701 1702 1704 1695 1704 1694
