0 11.25 22.5 33.75 45 56.25 67.5 78.75 90
828.851013 1678 1691 1683 1699 1692 1681 1671 1690 1682
828.870972 1673 1675 1687 1697 1693 1692 1679 1685 1677
828.890991 1670 1675 1682 1692 1697 1680 1683 1678 1672
828.911987 1674 1672 1681 1694 1687 1689 1677 1666 1680
828.932007 1675 1687 1680 1685 1690 1686 1678 1670 1673
828.953003 1678 1683 1683 1691 1683 1676 1680 1668 1672
828.973022 1671 1664 1680 1694 1687 1685 1683 1680 1668
828.994019 1669 1678 1667 1683 1673 1677 1674 1666 1677
829.013977 1665 1676 1674 1689 1691 1677 1676 1674 1665
829.034973 1660 1680 1669 1685 1678 1681 1665 1663 1662
829.054993 1656 1667 1674 1683 1676 1683 1674 1665 1670
829.075012 1672 1669 1678 1680 1678 1669 1666 1668 1666
829.096008 1670 1669 1678 1682 1686 1671 1680 1665 1667
829.116028 1667 1666 1680 1686 1676 1672 1666 1670 1670
829.137024 1660 1676 1673 1673 1672 1674 1675 1662 1657
829.156982 1658 1673 1669 1682 1682 1664 1664 1663 1665
829.177979 1659 1675 1666 1668 1674 1674 1670 1655 1674
829.197998 1668 1671 1668 1676 1680 1668 1669 1666 1664
829.218994 1658 1665 1676 1669 1679 1672 1658 1667 1658
829.239014 1665 1652 1667 1672 1674 1667 1670 1662 1665
829.258972 1663 1659 1677 1680 1671 1668 1661 1658 1664
829.280029 1659 1659 1669 1673 1683 1676 1667 1663 1669
829.299988 1664 1659 1671 1667 1672 1680 1663 1659 1662
829.320984 1652 1661 1669 1672 1684 1679 1671 1653 1654
829.341003 1661 1668 1671 1675 1672 1672 1663 1652 1661
829.362 1653 1670 1668 1674 1675 1684 1658 1667 1670
829.382019 1653 1666 1672 1660 1665 1668 1663 1660 1660
829.401978 1647 1673 1664 1675 1677 1667 1657 1666 1661
829.422974 1662 1655 1667 1668 1677 1671 1662 1665 1671
829.442993 1661 1662 1667 1676 1671 1664 1657 1650 1666
829.463989 1660 1665 1670 1670 1675 1665 1662 1655 1662
829.484009 1659 1675 1668 1673 1672 1663 1666 1661 1659
829.505005 1656 1662 1671 1668 1669 1673 1648 1664 1653
829.525024 1656 1656 1672 1670 1670 1666 1658 1667 1658
829.544983 1665 1662 1677 1675 1682 1677 1655 1666 1650
829.565979 1659 1664 1667 1664 1667 1666 1663 1655 1661
829.585999 1666 1670 1665 1669 1687 1671 1665 1664 1665
829.606995 1662 1665 1668 1671 1672 1668 1660 1652 1660
829.627014 1660 1662 1667 1682 1672 1673 1661 1657 1660
829.64801 1661 1663 1673 1671 1670 1682 1661 1662 1656
829.66803 1662 1666 1672 1675 1672 1672 1666 1662 1661
829.687988 1670 1661 1668 1675 1669 1677 1669 1658 1664
829.708984 1657 1669 1672 1677 1681 1672 1670 1657 1669
829.729004 1656 1664 1668 1671 1678 1671 1661 1660 1669
829.75 1662 1664 1681 1675 1683 1674 1674 1661 1658
829.77002 1667 1668 1664 1678 1677 1662 1673 1661 1649
829.791016 1653 1681 1675 1676 1678 1668 1672 1655 1665
829.810974 1664 1663 1672 1686 1674 1667 1658 1668 1668
829.830994 1664 1662 1660 1677 1674 1664 1656 1669 1660
829.85199 1663 1667 1674 1679 1681 1666 1671 1661 1655
829.872009 1659 1659 1673 1692 1678 1665 1676 1664 1666
829.893005 1663 1658 1675 1676 1672 1673 1666 1665 1670
829.913025 1662 1667 1670 1668 1676 1670 1676 1664 1665
829.932983 1664 1660 1674 1674 1679 1682 1670 1663 1669
829.953979 1671 1679 1674 1689 1674 1670 1667 1675 1665
829.973999 1663 1669 1666 1677 1674 1676 1680 1668 1676
829.994995 1674 1668 1681 1689 1680 1685 1674 1678 1671
830.015015 1671 1675 1684 1681 1677 1680 1674 1666 1667
830.036011 1664 1675 1690 1685 1680 1676 1675 1672 1667
830.05603 1676 1662 1673 1668 1685 1688 1683 1683 1664
830.075989 1677 1667 1685 1679 1681 1684 1675 1671 1670
830.096985 1688 1677 1676 1683 1690 1687 1678 1671 1677
830.117004 1677 1662 1681 1690 1685 1689 1669 1677 1667
830.138 1672 1675 1682 1685 1680 1692 1676 1675 1672
830.15802 1673 1674 1680 1682 1686 1685 1678 1682 1668
830.177979 1682 1683 1681 1693 1687 1678 1679 1688 1679
830.198975 1684 1668 1685 1700 1692 1689 1673 1683 1673
830.218994 1683 1685 1692 1692 1692 1675 1685 1668 1677
830.23999 1672 1680 1681 1693 1681 1680 1672 1668 1675
830.26001 1674 1672 1689 1693 1686 1692 1694 1671 1673
830.280029 1676 1680 1687 1691 1704 1691 1671 1675 1682
830.301025 1679 1684 1690 1696 1704 1688 1682 1679 1682
830.320984 1673 1682 1693 1681 1692 1698 1687 1672 1677
830.34198 1677 1678 1694 1689 1695 1678 1682 1681 1680
830.362 1680 1689 1685 1685 1697 1691 1685 1675 1668
830.382996 1670 1679 1689 1689 1698 1688 1679 1678 1675
830.403015 1683 1696 1693 1682 1687 1692 1679 1677 1682
830.422974 1677 1677 1686 1691 1695 1688 1681 1677 1670
830.44397 1674 1677 1692 1691 1690 1683 1684 1670 1679
830.463989 1674 1677 1687 1689 1702 1687 1679 1688 1675
830.484009 1679 1683 1693 1701 1685 1687 1675 1685 1676
830.505005 1672 1683 1680 1683 1704 1691 1682 1681 1666
830.525024 1681 1685 1687 1694 1694 1687 1684 1667 1683
830.546021 1677 1689 1690 1685 1693 1697 1684 1670 1678
830.565979 1677 1680 1686 1679 1691 1681 1680 1677 1689
830.585999 1670 1683 1687 1700 1676 1684 1680 1679 1663
830.606995 1678 1685 1678 1694 1697 1684 1683 1670 1680
830.627014 1676 1678 1686 1684 1695 1686 1680 1675 1683
830.64801 1668 1673 1680 1691 1699 1688 1676 1675 1679
830.66803 1679 1682 1688 1688 1696 1678 1667 1665 1668
830.687988 1678 1683 1675 1681 1685 1679 1686 1677 1680
830.708984 1666 1665 1686 1677 1685 1689 1676 1674 1671
830.729004 1675 1674 1685 1680 1674 1687 1680 1674 1676
830.75 1672 1674 1680 1685 1693 1682 1683 1679 1669
830.77002 1668 1672 1680 1692 1681 1682 1674 1676 1682
830.789978 1664 1677 1682 1693 1690 1681 1682 1660 1671
830.810974 1666 1676 1674 1682 1687 1682 1671 1653 1680
830.830994 1664 1677 1681 1677 1685 1680 1674 1677 1664
830.85199 1669 1662 1683 1688 1685 1674 1672 1666 1670
830.872009 1663 1673 1673 1678 1676 1677 1675 1672 1663
830.892029 1676 1680 1687 1682 1676 1685 1672 1669 1672
830.913025 1670 1667 1692 1676 1677 1681 1680 1672 1669
830.932983 1668 1679 1680 1684 1682 1682 1676 1665 1664
830.953979 1676 1667 1676 1686 1680 1674 1665 1666 1658
830.973999 1660 1669 1670 1681 1679 1674 1676 1671 1670
830.994019 1661 1670 1666 1672 1683 1681 1670 1669 1666
831.015015 1662 1675 1670 1672 1675 1665 1666 1670 1668
831.034973 1671 1665 1681 1673 1680 1671 1663 1669 1669
831.054993 1679 1671 1670 1684 1678 1679 1671 1663 1675
831.075989 1660 1666 1678 1687 1671 1683 1671 1664 1664
831.096008 1662 1661 1672 1676 1669 1680 1675 1655 1674
831.117004 1664 1671 1676 1680 1674 1682 1680 1668 1666
831.137024 1670 1677 1675 1682 1678 1659 1666 1663 1661
831.156982 1679 1668 1676 1670 1668 1680 1673 1669 1666
831.177979 1666 1659 1672 1682 1672 1673 1668 1674 1668
831.197998 1664 1672 1677 1676 1677 1672 1668 1661 1655
831.218994 1664 1652 1676 1675 1677 1670 1670 1665 1667
831.239014 1664 1664 1675 1677 1677 1662 1680 1666 1666
831.258972 1659 1665 1673 1665 1674 1663 1670 1668 1651
831.280029 1666 1670 1678 1683 1675 1668 1664 1660 1663
831.299988 1662 1669 1670 1674 1677 1672 1674 1667 1669
831.320007 1658 1675 1666 1687 1677 1672 1668 1669 1669
831.341003 1668 1670 1674 1670 1685 1683 1664 1666 1658
831.361023 1659 1671 1671 1672 1670 1678 1662 1660 1660
831.382019 1663 1671 1674 1674 1685 1674 1666 1658 1665
831.401978 1664 1664 1677 1676 1675 1674 1664 1656 1656
831.421997 1659 1660 1667 1677 1679 1674 1674 1663 1672
831.442993 1662 1679 1673 1685 1674 1684 1674 1665 1665
831.463013 1667 1670 1657 1682 1682 1674 1667 1662 1658
831.482971 1651 1669 1679 1684 1676 1669 1666 1664 1662
831.504028 1664 1676 1667 1678 1682 1681 1661 1677 1674
831.523987 1671 1678 1674 1681 1685 1676 1672 1664 1667
831.544983 1664 1663 1677 1674 1674 1679 1679 1669 1674
831.565002 1671 1667 1679 1670 1679 1678 1667 1658 1671
831.585022 1663 1660 1674 1674 1677 1678 1669 1668 1668
831.606018 1666 1671 1676 1689 1683 1683 1672 1671 1660
831.625977 1663 1670 1674 1679 1675 1668 1668 1664 1667
831.645996 1663 1665 1673 1685 1675 1674 1672 1665 1665
831.666992 1655 1675 1686 1686 1672 1690 1665 1666 1668
831.687012 1666 1675 1682 1688 1684 1671 1675 1674 1657
831.708008 1672 1666 1677 1685 1682 1683 1662 1665 1661
831.728027 1664 1666 1676 1683 1684 1690 1677 1662 1666
831.747986 1672 1679 1677 1685 1689 1678 1666 1667 1665
831.768982 1672 1666 1678 1684 1674 1681 1677 1673 1660
831.789001 1664 1667 1669 1680 1680 1679 1679 1671 1671
831.809021 1670 1663 1686 1686 1673 1684 1666 1658 1656
831.830017 1676 1666 1680 1685 1677 1683 1680 1674 1674
831.849976 1668 1676 1669 1682 1688 1672 1670 1665 1670
831.869995 1667 1670 1685 1686 1684 1689 1668 1666 1666
831.890991 1668 1668 1676 1685 1681 1681 1680 1668 1676
831.911011 1672 1685 1677 1679 1693 1681 1677 1676 1673
831.932007 1672 1685 1693 1685 1688 1668 1679 1669 1673
831.952026 1671 1677 1672 1697 1686 1693 1681 1672 1673
831.971985 1668 1669 1677 1688 1684 1695 1672 1680 1681
831.992981 1667 1679 1682 1685 1688 1688 1681 1665 1680
832.013 1672 1671 1687 1689 1692 1691 1684 1677 1667
832.03302 1679 1672 1682 1690 1686 1690 1689 1677 1678
832.054016 1679 1678 1681 1677 1688 1678 1677 1665 1674
832.073975 1670 1673 1687 1693 1694 1684 1680 1679 1678
832.093994 1672 1680 1684 1694 1693 1688 1674 1674 1677
832.11499 1682 1672 1693 1687 1687 1691 1674 1686 1674
832.13501 1679 1685 1679 1685 1689 1693 1681 1682 1674
832.155029 1666 1678 1688 1689 1701 1682 1675 1678 1687
832.176025 1670 1681 1683 1694 1691 1683 1677 1665 1672
832.195984 1682 1679 1682 1700 1683 1688 1678 1676 1675
832.216003 1673 1682 1686 1690 1691 1699 1679 1675 1682
832.237 1676 1682 1687 1685 1691 1704 1683 1685 1678
832.257019 1678 1683 1682 1687 1697 1677 1681 1681 1684
832.278015 1681 1674 1691 1691 1698 1687 1691 1679 1676
832.297974 1677 1679 1692 1688 1703 1684 1691 1689 1673
832.317993 1670 1677 1698 1684 1700 1692 1691 1678 1681
832.338989 1675 1679 1698 1685 1704 1691 1686 1685 1683
832.359009 1671 1675 1694 1697 1691 1679 1685 1685 1684
832.379028 1679 1680 1687 1698 1690 1695 1694 1682 1678
832.400024 1674 1693 1692 1687 1689 1683 1690 1680 1678
832.419983 1686 1689 1690 1702 1704 1690 1685 1686 1677
832.440002 1684 1675 1681 1701 1697 1690 1684 1686 1671
832.460999 1680 1685 1698 1701 1711 1686 1682 1687 1686
832.481018 1671 1687 1691 1698 1695 1697 1684 1687 1688
832.500977 1675 1692 1694 1709 1698 1687 1689 1675 1682
832.521973 1672 1685 1687 1705 1703 1705 1684 1686 1686
832.541992 1684 1692 1698 1699 1710 1678 1686 1682 1678
832.562012 1690 1689 1694 1695 1690 1699 1686 1670 1680
832.583008 1676 1679 1682 1707 1692 1683 1682 1687 1684
832.603027 1680 1688 1694 1694 1704 1692 1691 1684 1681
832.622986 1678 1680 1686 1701 1694 1691 1692 1686 1679
832.643982 1690 1693 1689 1695 1709 1691 1682 1671 1687
832.664001 1678 1686 1677 1701 1696 1701 1681 1677 1687
832.684021 1681 1687 1695 1693 1700 1689 1674 1685 1685
832.705017 1686 1684 1694 1695 1689 1682 1683 1678 1686
832.724976 1674 1689 1686 1687 1690 1700 1677 1686 1694
832.744995 1676 1676 1692 1685 1684 1689 1690 1681 1685
832.765991 1674 1679 1693 1698 1689 1683 1672 1671 1672
832.786011 1676 1677 1681 1693 1689 1691 1676 1680 1680
832.80603 1666 1676 1684 1686 1687 1692 1683 1686 1674
832.827026 1678 1679 1689 1690 1689 1695 1679 1677 1675
832.846985 1679 1682 1686 1691 1684 1692 1673 1669 1672
832.867004 1685 1682 1687 1686 1686 1693 1685 1677 1679
832.888 1673 1687 1689 1692 1689 1687 1675 1683 1677
832.90802 1675 1673 1696 1680 1692 1685 1675 1682 1673
832.927979 1670 1669 1690 1692 1682 1687 1678 1676 1677
832.948975 1671 1676 1687 1690 1693 1689 1690 1677 1669
832.968994 1668 1665 1694 1686 1683 1688 1681 1670 1678
832.989014 1671 1679 1686 1695 1685 1683 1685 1665 1672
833.01001 1674 1681 1681 1687 1686 1687 1687 1677 1663
833.030029 1673 1673 1682 1692 1681 1691 1671 1672 1674
833.049988 1681 1681 1678 1680 1689 1685 1680 1672 1676
833.070984 1675 1672 1675 1685 1676 1690 1677 1679 1672
833.091003 1666 1680 1682 1688 1693 1684 1681 1666 1681
833.111023 1668 1671 1681 1675 1685 1676 1681 1678 1673
833.132019 1671 1676 1688 1680 1685 1674 1674 1680 1664
833.151978 1663 1666 1680 1688 1684 1676 1671 1663 1674
833.171997 1680 1683 1674 1690 1689 1681 1680 1672 1668
833.192993 1671 1679 1670 1673 1684 1680 1673 1664 1674
833.213013 1664 1661 1682 1667 1678 1681 1665 1672 1678
833.232971 1667 1666 1684 1684 1681 1675 1681 1678 1669
833.254028 1666 1683 1683 1672 1684 1681 1672 1673 1665
833.273987 1668 1659 1683 1687 1688 1682 1674 1671 1682
833.294006 1667 1669 1679 1678 1683 1678 1674 1672 1665
833.315002 1665 1670 1679 1674 1689 1678 1670 1669 1669
833.335022 1655 1671 1682 1686 1686 1684 1677 1669 1666
833.35498 1664 1670 1679 1678 1682 1674 1683 1673 1658
833.375977 1659 1678 1677 1681 1676 1668 1674 1669 1669
833.395996 1663 1676 1688 1685 1682 1683 1668 1673 1671
833.416016 1661 1671 1676 1674 1681 1671 1668 1656 1661
833.437012 1660 1669 1674 1685 1683 1682 1673 1663 1671
833.45697 1669 1666 1675 1678 1672 1675 1671 1663 1672
833.47699 1667 1666 1678 1680 1681 1685 1671 1663 1664
833.497009 1657 1672 1669 1678 1680 1684 1675 1663 1670
833.518005 1675 1674 1674 1685 1680 1690 1674 1665 1665
833.538025 1662 1685 1670 1678 1676 1676 1679 1674 1666
833.557983 1653 1668 1675 1671 1681 1675 1675 1669 1662
833.578979 1665 1670 1676 1686 1681 1682 1676 1661 1669
833.598999 1666 1677 1678 1675 1672 1673 1673 1670 1673
833.619019 1667 1670 1675 1672 1674 1680 1679 1671 1660
833.640015 1668 1676 1670 1671 1677 1680 1668 1670 1667
833.659973 1674 1666 1683 1679 1686 1677 1676 1670 1668
833.679993 1665 1670 1675 1679 1678 1672 1670 1670 1667
833.700989 1679 1670 1669 1673 1677 1689 1677 1677 1672
833.721008 1666 1666 1672 1677 1683 1677 1669 1666 1666
833.741028 1666 1668 1680 1688 1680 1681 1668 1655 1661
833.762024 1669 1669 1670 1695 1675 1673 1663 1675 1666
833.781982 1662 1677 1677 1677 1689 1684 1677 1667 1681
833.802002 1668 1680 1682 1669 1689 1676 1673 1667 1662
833.822021 1666 1673 1671 1672 1689 1673 1667 1666 1671
833.843018 1666 1684 1688 1675 1687 1684 1679 1662 1673
833.862976 1661 1674 1666 1676 1679 1688 1671 1670 1663
833.882996 1665 1668 1681 1684 1687 1674 1674 1678 1671
833.903992 1664 1677 1665 1676 1679 1673 1672 1668 1672
833.924011 1671 1672 1675 1671 1683 1674 1671 1668 1659
833.94397 1660 1681 1676 1683 1681 1677 1675 1668 1667
833.965027 1673 1676 1684 1690 1681 1683 1669 1677 1661
833.984985 1667 1682 1672 1680 1676 1680 1672 1675 1671
834.005005 1670 1666 1672 1683 1681 1685 1673 1665 1669
834.026001 1669 1669 1674 1679 1682 1674 1679 1668 1682
834.046021 1661 1667 1670 1678 1681 1667 1664 1667 1665
834.065979 1666 1677 1679 1671 1684 1684 1673 1669 1672
834.085999 1664 1668 1670 1671 1678 1678 1674 1660 1662
834.106995 1665 1666 1680 1686 1680 1677 1679 1669 1673
834.127014 1662 1671 1667 1679 1677 1682 1675 1663 1668
834.146973 1654 1665 1663 1683 1681 1678 1680 1671 1675
834.16803 1671 1668 1682 1686 1681 1676 1671 1666 1681
834.187988 1661 1679 1671 1682 1686 1670 1675 1671 1674
834.208008 1670 1675 1674 1683 1678 1679 1671 1665 1666
834.228027 1659 1681 1674 1688 1675 1677 1670 1662 1665
834.249023 1668 1670 1674 1678 1683 1681 1673 1663 1667
834.268982 1659 1674 1677 1686 1692 1671 1683 1670 1680
834.289001 1666 1668 1667 1678 1679 1669 1670 1660 1673
834.309998 1675 1674 1684 1674 1679 1685 1674 1659 1673
834.330017 1663 1674 1679 1689 1685 1676 1674 1661 1667
834.349976 1669 1675 1683 1692 1685 1680 1666 1668 1671
834.369995 1667 1671 1676 1687 1686 1677 1679 1662 1665
834.390991 1664 1672 1670 1679 1677 1676 1669 1674 1663
834.411011 1668 1675 1683 1682 1683 1682 1672 1654 1669
834.43103 1673 1669 1678 1671 1678 1681 1668 1668 1669
834.452026 1677 1673 1674 1673 1684 1692 1674 1669 1673
834.471985 1662 1676 1672 1679 1681 1682 1668 1675 1671
834.492004 1665 1669 1687 1696 1692 1676 1680 1668 1664
834.513 1664 1672 1668 1679 1693 1675 1670 1668 1666
834.53302 1670 1682 1667 1690 1682 1682 1670 1663 1670
834.552979 1669 1672 1684 1687 1680 1685 1674 1665 1675
834.572998 1675 1679 1675 1680 1670 1684 1680 1666 1666
834.593994 1667 1684 1685 1682 1686 1676 1680 1677 1677
834.614014 1672 1675 1687 1688 1691 1687 1686 1681 1676
834.633972 1680 1670 1681 1679 1695 1687 1681 1658 1678
834.653992 1669 1674 1677 1687 1684 1671 1681 1670 1676
834.674988 1665 1681 1685 1685 1687 1680 1669 1666 1663
834.695007 1676 1676 1678 1686 1676 1683 1677 1677 1665
834.715027 1668 1675 1677 1703 1686 1688 1668 1678 1667
834.736023 1668 1680 1682 1679 1690 1695 1678 1673 1671
834.755981 1670 1673 1686 1692 1690 1681 1668 1666 1691
834.776001 1676 1683 1676 1689 1680 1689 1687 1679 1672
834.796021 1681 1683 1681 1691 1678 1688 1682 1674 1675
834.817017 1675 1683 1683 1684 1680 1686 1671 1681 1673
834.836975 1673 1679 1694 1689 1685 1676 1675 1660 1676
834.856995 1677 1680 1683 1690 1688 1679 1672 1672 1678
834.877991 1671 1678 1695 1687 1698 1689 1689 1680 1675
834.89801 1671 1681 1690 1691 1693 1685 1682 1678 1675
834.91803 1677 1679 1685 1694 1688 1699 1682 1671 1681
834.937988 1672 1679 1684 1694 1686 1683 1679 1688 1670
834.958984 1676 1692 1688 1694 1693 1699 1679 1671 1679
834.979004 1676 1672 1690 1683 1685 1681 1681 1679 1685
834.999023 1677 1690 1680 1695 1697 1693 1684 1672 1678
835.018982 1671 1681 1686 1683 1695 1679 1679 1681 1685
835.039978 1686 1692 1684 1689 1684 1689 1675 1683 1671
835.059998 1675 1678 1685 1682 1695 1686 1690 1676 1689
835.080017 1668 1671 1687 1689 1693 1691 1682 1682 1676
835.101013 1685 1672 1683 1685 1691 1690 1683 1685 1671
835.120972 1673 1676 1689 1695 1688 1690 1686 1688 1670
835.140991 1679 1682 1678 1690 1688 1685 1679 1672 1684
835.161011 1676 1689 1691 1689 1689 1684 1691 1671 1676
835.182007 1677 1675 1688 1690 1692 1682 1689 1679 1668
835.202026 1673 1682 1688 1691 1682 1685 1678 1681 1686
835.221985 1676 1672 1684 1684 1694 1700 1683 1669 1683
835.242004 1685 1684 1697 1683 1700 1687 1688 1668 1678
835.263 1677 1681 1682 1684 1697 1683 1680 1685 1687
835.28302 1691 1675 1686 1685 1688 1698 1689 1682 1676
835.302979 1677 1676 1697 1696 1693 1680 1688 1688 1677
835.322998 1665 1682 1689 1697 1685 1682 1678 1685 1680
835.343994 1676 1683 1682 1689 1693 1690 1680 1674 1669
835.364014 1678 1676 1695 1682 1688 1693 1677 1678 1692
835.383972 1668 1689 1680 1690 1682 1677 1679 1671 1678
835.403992 1678 1688 1689 1688 1691 1696 1683 1672 1684
835.424988 1685 1684 1678 1695 1682 1687 1686 1674 1676
835.445007 1689 1675 1699 1680 1706 1691 1674 1672 1684
835.465027 1673 1685 1695 1687 1686 1681 1681 1687 1681
835.486023 1675 1681 1673 1681 1680 1683 1678 1679 1677
835.505981 1686 1688 1681 1696 1690 1680 1676 1677 1677
835.526001 1674 1678 1683 1692 1705 1668 1680 1668 1676
835.546021 1684 1669 1685 1687 1681 1683 1677 1684 1678
835.567017 1682 1672 1677 1678 1691 1684 1682 1681 1670
835.586975 1686 1671 1685 1680 1699 1691 1672 1675 1678
835.606995 1674 1677 1690 1687 1684 1683 1680 1668 1671
835.627014 1669 1676 1681 1686 1688 1680 1678 1681 1675
835.64801 1668 1682 1696 1686 1690 1688 1691 1684 1673
835.66803 1681 1679 1689 1690 1677 1683 1676 1668 1675
835.687988 1668 1679 1684 1686 1690 1686 1686 1680 1674
835.708008 1664 1681 1689 1685 1690 1682 1675 1674 1673
835.729004 1671 1684 1681 1681 1684 1679 1684 1686 1690
835.749023 1677 1673 1680 1689 1689 1679 1672 1675 1682
835.768982 1669 1672 1689 1700 1684 1700 1683 1675 1674
835.789001 1674 1674 1685 1703 1691 1690 1678 1676 1689
835.809998 1675 1687 1687 1685 1697 1687 1688 1676 1677
835.830017 1677 1678 1692 1694 1702 1681 1675 1683 1672
835.849976 1678 1689 1692 1687 1690 1691 1680 1669 1686
835.869995 1680 1685 1694 1694 1693 1681 1676 1671 1673
835.890991 1688 1682 1681 1687 1696 1680 1680 1671 1683
835.911011 1694 1678 1693 1690 1696 1699 1679 1678 1684
835.93103 1672 1682 1687 1699 1684 1681 1690 1671 1667
835.950989 1678 1681 1687 1694 1692 1696 1691 1685 1682
835.971985 1682 1679 1690 1702 1694 1682 1691 1671 1678
835.992004 1675 1683 1690 1689 1696 1694 1683 1681 1688
836.012024 1691 1693 1697 1698 1700 1699 1687 1676 1686
836.031982 1676 1683 1693 1687 1691 1688 1680 1679 1675
836.052002 1680 1682 1691 1698 1699 1693 1686 1682 1692
836.072998 1693 1702 1696 1697 1692 1691 1683 1684 1687
836.093018 1672 1685 1687 1698 1689 1695 1685 1680 1672
836.112976 1683 1681 1686 1691 1692 1691 1677 1681 1682
836.132996 1685 1685 1683 1688 1698 1701 1683 1688 1684
836.153992 1681 1682 1688 1688 1686 1681 1686 1686 1685
836.174011 1678 1683 1686 1699 1692 1692 1689 1686 1675
836.19397 1691 1682 1691 1686 1687 1688 1687 1681 1683
836.213989 1681 1683 1697 1695 1697 1688 1689 1682 1688
836.234985 1683 1677 1697 1697 1691 1686 1681 1675 1679
836.255005 1665 1684 1688 1694 1685 1689 1686 1666 1680
836.275024 1670 1679 1693 1687 1697 1679 1686 1684 1688
836.294983 1668 1666 1688 1695 1682 1679 1682 1677 1678
836.315979 1678 1680 1682 1696 1695 1691 1675 1683 1683
836.335999 1682 1679 1705 1690 1680 1676 1692 1676 1677
836.356018 1679 1671 1693 1693 1699 1688 1687 1675 1676
836.375977 1679 1687 1697 1688 1693 1681 1675 1684 1678
836.395996 1675 1679 1687 1694 1688 1686 1686 1685 1680
836.416992 1664 1680 1686 1693 1696 1686 1690 1671 1694
836.437012 1680 1684 1676 1693 1688 1689 1682 1681 1680
836.45697 1679 1683 1683 1691 1685 1683 1679 1681 1669
836.47699 1671 1679 1681 1686 1683 1688 1679 1684 1674
836.497986 1688 1684 1676 1688 1690 1689 1680 1672 1679
836.518005 1676 1684 1686 1690 1697 1677 1685 1686 1679
836.538025 1677 1687 1690 1697 1687 1670 1688 1691 1676
836.557983 1673 1678 1696 1700 1694 1682 1693 1674 1687
836.578979 1678 1687 1697 1693 1688 1693 1681 1680 1685
836.598999 1677 1685 1690 1687 1691 1684 1678 1680 1689
836.619019 1676 1682 1684 1696 1694 1689 1675 1675 1676
836.638977 1675 1682 1690 1684 1699 1701 1683 1680 1688
836.658997 1678 1686 1683 1684 1689 1679 1687 1678 1683
836.679993 1673 1679 1690 1683 1686 1696 1678 1679 1682
836.700012 1676 1679 1687 1698 1698 1693 1686 1675 1673
836.719971 1673 1691 1685 1683 1700 1692 1681 1675 1673
836.73999 1667 1686 1682 1687 1697 1696 1681 1675 1681
836.760986 1685 1683 1699 1687 1693 1681 1676 1674 1678
836.781006 1671 1673 1696 1687 1683 1682 1687 1690 1681
836.801025 1680 1674 1690 1684 1679 1689 1686 1668 1685
836.820984 1686 1680 1689 1695 1695 1690 1686 1685 1679
836.841003 1676 1685 1692 1697 1677 1681 1676 1679 1683
836.862 1689 1685 1690 1685 1685 1693 1683 1677 1679
836.882019 1679 1694 1697 1694 1693 1686 1685 1685 1688
836.901978 1687 1682 1689 1694 1695 1687 1686 1682 1679
836.921997 1676 1689 1690 1683 1694 1689 1683 1686 1674
836.942993 1676 1681 1697 1700 1687 1692 1687 1679 1682
836.963013 1696 1681 1690 1692 1697 1695 1685 1695 1683
836.982971 1687 1687 1682 1698 1694 1697 1684 1687 1686
837.002991 1683 1689 1693 1695 1695 1687 1698 1679 1684
837.02301 1680 1691 1689 1692 1699 1696 1685 1687 1695
837.044006 1692 1682 1700 1700 1695 1700 1695 1689 1682
837.064026 1678 1689 1694 1699 1693 1695 1695 1700 1695
837.083984 1690 1699 1696 1698 1692 1703 1688 1693 1689
837.104004 1688 1689 1700 1701 1702 1705 1687 1681 1688
837.124023 1699 1686 1691 1705 1690 1689 1686 1694 1687
837.14502 1681 1702 1698 1705 1715 1694 1698 1690 1682
837.164978 1688 1693 1694 1704 1699 1699 1691 1681 1693
837.184998 1686 1693 1700 1705 1690 1701 1698 1693 1688
837.205017 1701 1687 1694 1697 1692 1701 1691 1684 1695
837.224976 1682 1688 1697 1695 1702 1706 1690 1678 1690
837.245972 1690 1692 1705 1694 1698 1701 1683 1697 1686
837.265991 1691 1691 1692 1701 1695 1703 1685 1690 1695
837.286011 1692 1691 1697 1701 1689 1700 1694 1694 1689
837.30603 1693 1689 1692 1698 1705 1706 1700 1698 1692
837.325989 1688 1697 1693 1695 1700 1687 1688 1692 1692
837.346985 1689 1698 1697 1695 1698 1692 1689 1692 1695
837.367004 1688 1689 1707 1695 1704 1695 1687 1691 1701
837.387024 1695 1694 1689 1697 1703 1693 1695 1688 1686
837.406982 1689 1697 1701 1698 1698 1691 1690 1701 1691
837.427002 1694 1693 1698 1700 1690 1686 1698 1683 1694
837.447998 1685 1701 1700 1697 1692 1694 1683 1690 1703
837.468018 1692 1694 1690 1705 1703 1701 1697 1691 1683
837.487976 1688 1698 1700 1697 1698 1695 1689 1697 1690
837.507996 1695 1688 1686 1699 1709 1692 1697 1687 1695
837.528992 1698 1692 1699 1711 1702 1696 1697 1693 1694
837.549011 1693 1699 1710 1701 1709 1697 1707 1694 1704
837.56897 1678 1694 1684 1703 1705 1697 1687 1690 1694
837.588989 1688 1692 1693 1700 1694 1701 1699 1688 1689
837.609009 1683 1693 1701 1701 1699 1705 1692 1703 1694
837.629028 1687 1707 1705 1703 1704 1707 1687 1689 1689
837.650024 1699 1689 1705 1699 1694 1690 1696 1687 1688
837.669983 1706 1695 1707 1701 1705 1706 1691 1704 1683
837.690002 1707 1700 1698 1695 1701 1692 1689 1694 1697
837.710022 1697 1705 1707 1698 1692 1706 1694 1702 1698
837.72998 1698 1696 1698 1699 1699 1698 1685 1706 1699
837.750977 1705 1705 1693 1708 1710 1708 1695 1707 1705
837.770996 1704 1703 1713 1712 1713 1707 1704 1707 1708
837.791016 1707 1716 1714 1706 1706 1705 1701 1703 1702
837.810974 1700 1701 1714 1709 1719 1716 1712 1707 1701
837.830994 1698 1710 1708 1704 1706 1710 1698 1698 1698
837.85199 1721 1705 1711 1711 1709 1712 1711 1719 1713
837.872009 1704 1716 1716 1713 1719 1716 1707 1701 1704
837.892029 1704 1709 1712 1717 1714 1718 1705 1709 1707
837.911987 1704 1711 1709 1714 1709 1701 1715 1703 1714
837.932007 1699 1715 1707 1713 1707 1702 1712 1700 1712
837.953003 1716 1721 1715 1716 1706 1705 1712 1708 1711
837.973022 1700 1707 1718 1714 1711 1713 1717 1712 1717
837.992981 1699 1710 1718 1713 1707 1715 1716 1709 1711
838.013 1714 1708 1714 1711 1719 1703 1717 1705 1721
838.03302 1700 1713 1709 1704 1713 1711 1711 1710 1721
838.052979 1708 1716 1721 1726 1716 1711 1709 1705 1718
838.073975 1720 1712 1710 1725 1718 1723 1713 1719 1711
838.093994 1725 1713 1711 1720 1730 1714 1713 1715 1716
838.114014 1712 1726 1717 1715 1712 1712 1717 1713 1721
838.133972 1718 1714 1724 1715 1720 1711 1718 1722 1721
838.153992 1724 1733 1718 1726 1715 1721 1714 1722 1713
838.174011 1720 1726 1717 1735 1716 1717 1710 1709 1734
838.195007 1723 1717 1723 1712 1725 1714 1717 1725 1713
838.215027 1729 1712 1718 1728 1714 1740 1733 1730 1720
838.234985 1716 1729 1726 1730 1715 1732 1719 1729 1728
838.255005 1722 1720 1734 1726 1725 1725 1730 1739 1726
838.275024 1723 1724 1725 1737 1727 1733 1722 1726 1725
838.296021 1735 1733 1731 1731 1729 1736 1726 1726 1731
838.315979 1728 1738 1732 1741 1725 1729 1723 1727 1725
838.335999 1721 1736 1732 1732 1727 1719 1729 1724 1740
838.356018 1723 1722 1733 1722 1727 1723 1741 1745 1727
838.375977 1722 1725 1740 1726 1726 1727 1743 1728 1739
838.395996 1731 1736 1728 1729 1714 1741 1725 1731 1739
838.416992 1736 1742 1731 1724 1724 1727 1725 1723 1737
838.437012 1739 1735 1734 1729 1722 1732 1730 1737 1734
838.45697 1742 1741 1748 1738 1729 1734 1740 1738 1737
838.47699 1744 1745 1729 1742 1736 1730 1741 1739 1743
838.497009 1732 1751 1742 1729 1744 1732 1739 1750 1736
838.517029 1751 1753 1744 1730 1724 1742 1742 1741 1756
838.538025 1736 1756 1733 1721 1725 1731 1737 1738 1752
838.557983 1749 1746 1749 1746 1726 1728 1750 1740 1748
838.578003 1759 1751 1740 1747 1732 1736 1748 1749 1771
838.598022 1762 1749 1747 1742 1735 1744 1755 1745 1756
838.617981 1746 1753 1751 1729 1730 1749 1747 1751 1750
838.638 1778 1765 1741 1742 1733 1731 1758 1755 1762
838.658997 1768 1764 1755 1740 1720 1736 1755 1755 1766
838.679016 1764 1763 1744 1748 1732 1750 1761 1758 1761
838.698975 1772 1767 1751 1731 1743 1741 1754 1764 1780
838.718994 1770 1765 1754 1738 1736 1745 1766 1764 1773
838.739014 1780 1763 1757 1742 1731 1732 1774 1774 1775
838.758972 1772 1757 1748 1748 1752 1747 1759 1773 1782
838.780029 1780 1771 1751 1727 1733 1744 1762 1769 1781
838.799988 1782 1778 1761 1749 1746 1752 1763 1767 1791
838.820007 1786 1772 1746 1745 1742 1751 1768 1787 1770
838.840027 1795 1786 1760 1757 1744 1752 1762 1789 1786
838.859985 1791 1781 1770 1762 1751 1763 1765 1790 1793
838.880005 1815 1801 1766 1751 1755 1756 1779 1789 1796
838.901001 1793 1790 1772 1750 1753 1758 1774 1803 1795
838.921021 1805 1799 1790 1766 1751 1767 1785 1790 1797
838.940979 1817 1803 1777 1767 1770 1752 1778 1814 1805
838.960999 1814 1793 1794 1760 1759 1765 1778 1804 1801
838.981018 1817 1812 1770 1765 1750 1769 1791 1809 1815
839.000977 1817 1809 1791 1767 1749 1779 1791 1814 1819
839.020996 1819 1812 1787 1761 1757 1777 1786 1797 1819
839.041992 1825 1814 1783 1755 1761 1778 1796 1821 1830
839.062012 1825 1808 1795 1777 1761 1780 1800 1821 1830
839.08197 1827 1825 1801 1770 1770 1777 1786 1822 1831
839.10199 1846 1838 1800 1778 1776 1786 1795 1831 1832
839.122009 1831 1829 1802 1779 1779 1788 1801 1827 1837
839.142029 1837 1821 1799 1787 1770 1791 1800 1832 1829
839.161987 1841 1826 1810 1772 1779 1781 1807 1841 1828
839.182983 1840 1822 1800 1784 1773 1789 1816 1831 1832
839.203003 1844 1833 1817 1793 1778 1781 1809 1831 1864
839.223022 1854 1827 1802 1799 1772 1778 1820 1842 1857
839.242981 1845 1815 1803 1792 1775 1790 1822 1827 1850
839.263 1848 1845 1821 1795 1783 1794 1818 1848 1848
839.28302 1855 1843 1815 1784 1785 1792 1830 1861 1859
839.304016 1857 1853 1812 1796 1787 1801 1826 1849 1876
839.323975 1860 1829 1826 1791 1786 1809 1817 1843 1861
839.343994 1861 1863 1823 1792 1785 1798 1829 1850 1864
839.364014 1873 1839 1825 1808 1794 1798 1830 1849 1860
839.383972 1850 1849 1840 1803 1785 1810 1822 1848 1849
839.403992 1858 1862 1813 1792 1784 1814 1838 1860 1870
839.424011 1869 1860 1839 1813 1792 1806 1831 1857 1876
839.445007 1867 1866 1831 1814 1784 1798 1837 1856 1870
839.465027 1867 1867 1833 1812 1796 1805 1828 1855 1878
839.484985 1864 1869 1829 1801 1791 1816 1846 1876 1868
839.505005 1875 1850 1846 1806 1813 1816 1842 1875 1885
839.525024 1875 1867 1844 1820 1806 1812 1838 1874 1883
839.544983 1863 1858 1827 1819 1795 1817 1838 1874 1882
839.565002 1876 1878 1839 1819 1811 1810 1851 1889 1895
839.585999 1881 1883 1853 1813 1813 1815 1842 1876 1880
839.606018 1903 1882 1855 1823 1817 1838 1849 1882 1892
839.625977 1906 1875 1865 1831 1807 1837 1858 1896 1899
839.645996 1904 1881 1848 1816 1825 1831 1860 1895 1892
839.666016 1912 1896 1847 1823 1820 1851 1864 1891 1902
839.685974 1915 1893 1850 1844 1813 1844 1851 1908 1909
839.705994 1908 1897 1867 1840 1840 1839 1875 1897 1896
839.726013 1915 1881 1863 1832 1812 1847 1879 1925 1900
839.747009 1890 1898 1868 1835 1817 1844 1871 1891 1909
839.767029 1916 1894 1863 1838 1832 1848 1867 1907 1918
839.786987 1914 1888 1852 1841 1834 1856 1868 1904 1920
839.807007 1919 1897 1872 1842 1825 1849 1884 1922 1900
839.827026 1920 1908 1872 1843 1824 1836 1879 1927 1932
839.846985 1923 1898 1884 1840 1839 1850 1885 1921 1940
839.867004 1930 1903 1873 1843 1828 1844 1888 1944 1946
839.887024 1940 1912 1890 1856 1852 1867 1883 1926 1928
839.90802 1943 1929 1878 1843 1842 1863 1913 1941 1952
839.927979 1933 1926 1884 1863 1845 1853 1913 1937 1951
839.947998 1965 1940 1901 1861 1859 1868 1906 1943 1957
839.968018 1976 1935 1904 1867 1844 1881 1932 1953 1963
839.987976 1968 1957 1923 1867 1870 1879 1915 1955 1969
840.007996 2007 1965 1901 1876 1856 1889 1949 1985 1967
840.028015 1992 1966 1916 1862 1859 1893 1936 1965 1986
840.047974 1989 1954 1924 1871 1863 1893 1934 1980 1997
840.06897 2007 1964 1914 1868 1873 1903 1950 1971 2011
840.088989 1995 1968 1938 1893 1853 1894 1953 2010 2020
840.109009 2014 1990 1923 1884 1884 1917 1965 2003 2019
840.129028 2012 1981 1930 1888 1878 1910 1963 2018 2022
840.148987 2013 2001 1937 1893 1881 1908 1972 2015 2026
840.169006 2022 1997 1938 1885 1880 1898 1963 2008 2035
840.189026 2027 2013 1948 1897 1894 1931 1985 1998 2040
840.208984 2033 2005 1949 1897 1890 1921 1986 2035 2042
840.22998 2037 2007 1943 1908 1900 1926 1987 2038 2035
840.25 2053 2014 1956 1905 1900 1935 1984 2042 2053
840.27002 2056 2011 1955 1897 1881 1931 1975 2047 2052
840.289978 2059 2024 1966 1912 1896 1935 1991 2052 2055
840.309998 2077 2043 1971 1912 1907 1932 2005 2056 2063
840.330017 2083 2049 1975 1922 1899 1940 1984 2058 2066
840.349976 2079 2034 1966 1914 1897 1935 2016 2074 2087
840.369995 2081 2047 1966 1925 1887 1956 2019 2082 2119
840.390015 2096 2052 1992 1918 1905 1943 2019 2074 2104
840.411011 2100 2059 1988 1944 1916 1945 2027 2093 2101
840.43103 2102 2070 1980 1925 1914 1946 2035 2090 2127
840.450989 2106 2070 1991 1924 1905 1950 2032 2107 2108
840.471008 2130 2102 2008 1913 1895 1962 2057 2110 2130
840.491028 2124 2071 2008 1923 1893 1967 2046 2106 2121
840.510986 2124 2075 1993 1922 1911 1946 2046 2119 2121
840.531006 2127 2085 2004 1943 1906 1985 2067 2108 2130
840.551025 2135 2093 1999 1936 1902 1956 2033 2128 2144
840.570984 2146 2081 2007 1933 1911 1956 2045 2110 2134
840.59198 2131 2094 2007 1914 1900 1973 2051 2107 2133
840.612 2150 2095 1996 1927 1925 1979 2059 2119 2144
840.632019 2145 2075 1990 1916 1906 1959 2034 2116 2131
840.651978 2131 2089 1989 1930 1906 1959 2046 2134 2146
840.671997 2118 2053 2000 1907 1910 1941 2036 2106 2129
840.692017 2101 2066 1987 1913 1907 1952 2027 2106 2122
840.711975 2125 2043 1957 1915 1899 1938 2034 2098 2127
840.731995 2096 2062 1983 1898 1899 1930 2032 2101 2089
840.752014 2102 2044 1970 1889 1879 1923 2004 2073 2105
840.771973 2089 2035 1949 1899 1884 1929 2004 2094 2073
840.79303 2077 2042 1962 1884 1879 1921 2025 2077 2080
840.812988 2077 2032 1949 1870 1876 1914 1981 2041 2082
840.833008 2071 2022 1935 1882 1865 1917 1982 2062 2063
840.853027 2053 2011 1934 1858 1859 1906 1982 2045 2045
840.872986 2047 1978 1929 1894 1873 1909 1963 2039 2049
840.893005 2036 2008 1932 1856 1857 1900 1977 2023 2037
840.913025 2032 1971 1923 1859 1865 1892 1965 2007 2030
840.932983 2019 1985 1924 1846 1852 1877 1951 2010 2009
840.953003 2014 1976 1904 1857 1842 1876 1955 2006 2027
840.973022 2003 1949 1908 1848 1832 1875 1934 1962 2000
840.994019 1975 1944 1887 1842 1831 1859 1915 1974 1982
841.013977 1953 1932 1869 1846 1828 1868 1909 1963 1980
841.033997 1946 1931 1881 1815 1819 1859 1916 1949 1955
841.054016 1933 1908 1868 1813 1805 1840 1888 1940 1943
841.073975 1927 1909 1835 1813 1808 1832 1879 1933 1917
841.093994 1919 1875 1840 1797 1809 1836 1863 1898 1929
841.114014 1901 1870 1829 1782 1782 1817 1868 1892 1899
841.133972 1902 1886 1818 1805 1787 1813 1853 1884 1906
841.153992 1883 1885 1813 1787 1785 1812 1841 1893 1894
841.174011 1887 1858 1816 1799 1781 1813 1829 1872 1883
841.19397 1866 1864 1813 1792 1780 1797 1823 1856 1871
841.215027 1866 1855 1812 1780 1771 1802 1830 1870 1861
841.234985 1848 1829 1804 1782 1770 1790 1807 1859 1862
841.255005 1860 1841 1812 1774 1776 1791 1824 1851 1852
841.275024 1835 1839 1795 1768 1768 1787 1807 1849 1833
841.294983 1838 1821 1805 1765 1769 1793 1807 1845 1848
841.315002 1842 1814 1800 1772 1752 1772 1816 1848 1840
841.335022 1835 1818 1800 1757 1771 1780 1808 1832 1843
841.35498 1824 1817 1773 1764 1759 1761 1784 1827 1838
841.375 1824 1822 1781 1761 1753 1768 1800 1814 1822
841.39502 1821 1809 1776 1747 1762 1771 1798 1805 1822
841.414978 1814 1790 1769 1755 1749 1768 1801 1809 1803
841.434998 1807 1800 1777 1764 1756 1761 1788 1809 1821
841.455994 1803 1794 1781 1765 1749 1763 1784 1813 1814
841.476013 1813 1801 1774 1750 1754 1756 1776 1795 1818
841.495972 1816 1782 1772 1755 1749 1759 1778 1796 1809
841.515991 1790 1811 1765 1757 1748 1756 1782 1794 1796
841.536011 1805 1792 1775 1750 1731 1755 1760 1800 1792
841.55603 1796 1784 1775 1757 1751 1748 1766 1788 1795
841.575989 1782 1790 1757 1750 1743 1746 1780 1777 1788
841.596008 1799 1783 1760 1756 1742 1754 1773 1794 1782
841.616028 1792 1787 1769 1749 1737 1757 1760 1782 1800
841.635986 1797 1791 1761 1757 1748 1747 1768 1781 1799
841.656006 1778 1772 1770 1748 1735 1754 1774 1781 1783
841.676025 1787 1772 1762 1742 1736 1742 1757 1790 1779
841.695984 1786 1775 1760 1748 1739 1759 1767 1771 1779
841.716003 1780 1774 1765 1737 1737 1750 1746 1780 1782
841.737 1772 1774 1757 1750 1731 1754 1761 1781 1792
841.757019 1782 1762 1756 1734 1734 1741 1756 1787 1782
841.776978 1778 1780 1750 1749 1735 1747 1765 1776 1776
841.796997 1795 1770 1754 1728 1730 1747 1760 1768 1772
841.817017 1767 1764 1748 1742 1722 1744 1770 1767 1776
841.836975 1772 1762 1743 1743 1744 1734 1756 1763 1758
841.856995 1765 1750 1748 1747 1734 1742 1758 1758 1764
841.877014 1762 1764 1751 1731 1732 1738 1745 1757 1767
841.896973 1766 1760 1742 1735 1721 1729 1748 1756 1771
841.916992 1771 1757 1744 1733 1731 1741 1752 1766 1765
841.937012 1764 1762 1742 1729 1736 1732 1759 1756 1754
841.95697 1777 1752 1740 1738 1737 1734 1742 1762 1757
841.97699 1760 1764 1737 1736 1737 1731 1742 1758 1753
841.997009 1757 1756 1753 1727 1721 1738 1744 1757 1767
842.018005 1751 1752 1747 1729 1718 1733 1754 1767 1758
842.038025 1743 1761 1734 1723 1731 1731 1738 1752 1755
842.057983 1744 1751 1744 1719 1723 1734 1729 1746 1754
842.078003 1743 1740 1735 1727 1718 1722 1743 1746 1745
842.098022 1743 1748 1736 1713 1726 1714 1731 1746 1739
842.117981 1747 1729 1733 1733 1721 1734 1737 1742 1748
842.138 1751 1738 1735 1719 1725 1724 1722 1753 1743
842.15802 1751 1737 1730 1725 1715 1733 1736 1744 1750
842.177979 1731 1741 1725 1708 1720 1727 1738 1728 1730
842.197998 1740 1742 1724 1711 1718 1715 1726 1743 1740
842.218018 1733 1737 1719 1716 1710 1716 1715 1731 1734
842.237976 1742 1727 1727 1717 1717 1714 1730 1731 1739
842.257996 1732 1743 1721 1713 1704 1712 1725 1737 1745
842.278015 1730 1733 1720 1722 1714 1715 1718 1738 1737
842.297974 1722 1717 1721 1719 1713 1728 1719 1727 1729
842.317993 1736 1733 1717 1723 1713 1713 1725 1727 1733
842.338013 1729 1716 1725 1721 1715 1715 1731 1736 1740
842.357971 1727 1731 1723 1708 1708 1710 1714 1728 1740
842.379028 1724 1724 1723 1711 1712 1731 1712 1738 1732
842.398987 1736 1722 1723 1716 1707 1719 1720 1732 1734
842.419006 1721 1729 1731 1720 1708 1727 1723 1734 1740
842.439026 1732 1725 1726 1715 1710 1709 1711 1727 1730
842.458984 1737 1724 1721 1712 1712 1710 1719 1719 1728
842.479004 1734 1729 1717 1721 1711 1726 1732 1722 1728
842.499023 1729 1727 1721 1716 1712 1714 1726 1738 1736
842.518982 1734 1718 1705 1718 1722 1714 1723 1725 1723
842.539001 1727 1731 1721 1716 1700 1715 1733 1720 1739
842.559021 1732 1728 1713 1705 1702 1714 1737 1730 1721
842.578979 1727 1721 1722 1714 1725 1702 1718 1728 1730
842.598999 1726 1733 1720 1709 1718 1719 1714 1725 1726
842.619019 1733 1737 1714 1709 1713 1716 1720 1717 1729
842.638977 1732 1727 1732 1714 1714 1729 1709 1727 1723
842.658997 1717 1733 1721 1714 1720 1718 1724 1724 1722
842.679016 1738 1728 1717 1720 1716 1724 1727 1733 1725
842.698975 1722 1736 1733 1716 1714 1726 1733 1727 1731
842.718994 1731 1732 1732 1712 1717 1718 1725 1733 1730
842.739014 1737 1727 1723 1721 1717 1718 1731 1731 1735
842.758972 1735 1729 1710 1724 1713 1716 1723 1740 1738
842.778992 1725 1728 1723 1720 1719 1732 1735 1735 1737
842.799011 1722 1733 1714 1726 1713 1716 1730 1734 1730
842.820007 1733 1739 1731 1722 1725 1726 1717 1725 1730
842.840027 1737 1729 1723 1723 1717 1731 1732 1723 1727
842.859985 1728 1735 1733 1720 1722 1718 1716 1738 1740
842.880005 1732 1737 1738 1716 1713 1721 1726 1743 1733
842.900024 1725 1733 1731 1730 1724 1724 1730 1730 1725
842.919983 1740 1726 1727 1722 1710 1730 1728 1728 1729
842.940002 1723 1724 1727 1731 1718 1727 1720 1729 1735
842.960022 1742 1729 1724 1711 1716 1729 1718 1722 1721
842.97998 1732 1737 1733 1712 1724 1719 1736 1741 1737
843 1723 1727 1730 1733 1721 1728 1731 1735 1729
843.02002 1726 1731 1720 1718 1716 1720 1725 1733 1736
843.039978 1738 1725 1730 1728 1722 1713 1713 1732 1727
843.059998 1719 1725 1721 1724 1715 1713 1728 1724 1727
843.080017 1737 1727 1724 1726 1733 1721 1714 1735 1727
843.099976 1723 1727 1721 1713 1716 1716 1723 1719 1718
843.119995 1722 1727 1728 1701 1720 1717 1721 1725 1725
843.140015 1732 1723 1724 1710 1712 1715 1714 1730 1728
843.159973 1731 1736 1722 1718 1722 1723 1715 1727 1722
843.179993 1730 1735 1711 1714 1716 1707 1719 1719 1734
843.200012 1721 1730 1726 1718 1720 1706 1719 1717 1716
843.219971 1724 1723 1726 1732 1715 1716 1721 1724 1720
843.23999 1721 1727 1716 1722 1714 1717 1722 1727 1717
843.26001 1719 1716 1716 1731 1711 1714 1717 1723 1729
843.280029 1719 1729 1721 1712 1714 1714 1705 1721 1719
843.299988 1729 1716 1726 1723 1717 1725 1729 1732 1729
843.320007 1732 1727 1723 1704 1709 1728 1725 1718 1736
843.340027 1716 1713 1731 1711 1714 1711 1714 1719 1727
843.359985 1726 1714 1722 1718 1704 1712 1718 1726 1723
843.380005 1720 1730 1723 1715 1714 1720 1723 1725 1716
843.400024 1717 1716 1721 1718 1724 1721 1711 1720 1726
843.419983 1716 1705 1720 1708 1716 1718 1724 1729 1718
843.440002 1729 1725 1726 1710 1722 1716 1714 1732 1718
843.460022 1720 1724 1724 1716 1722 1717 1719 1727 1717
843.47998 1725 1721 1724 1720 1721 1718 1719 1720 1718
843.5 1715 1717 1716 1721 1710 1711 1712 1717 1724
843.52002 1723 1741 1719 1714 1713 1710 1717 1725 1724
843.539978 1720 1717 1726 1718 1722 1709 1717 1720 1726
843.559998 1723 1722 1710 1722 1721 1720 1724 1715 1726
843.580994 1717 1722 1716 1717 1716 1711 1713 1719 1719
843.601013 1715 1727 1728 1716 1709 1715 1724 1722 1729
843.620972 1717 1722 1722 1709 1706 1714 1728 1728 1726
843.640991 1725 1726 1717 1709 1725 1721 1714 1724 1718
843.661011 1717 1717 1725 1725 1710 1723 1716 1724 1721
843.68103 1718 1731 1720 1720 1713 1713 1714 1727 1725
843.700989 1710 1717 1727 1709 1714 1704 1715 1729 1729
843.721008 1722 1723 1717 1718 1717 1710 1706 1719 1718
843.741028 1723 1719 1715 1728 1721 1710 1723 1713 1718
843.760986 1710 1722 1715 1714 1711 1712 1719 1713 1726
843.781006 1723 1726 1722 1717 1715 1709 1728 1718 1715
843.801025 1721 1719 1717 1714 1706 1715 1708 1722 1724
843.820984 1727 1718 1731 1719 1709 1719 1716 1731 1740
843.841003 1718 1720 1722 1719 1715 1703 1725 1718 1723
843.861023 1723 1717 1717 1712 1713 1715 1720 1718 1732
843.880981 1716 1718 1719 1712 1715 1715 1723 1724 1717
843.901001 1720 1718 1718 1710 1723 1718 1717 1711 1732
843.921021 1727 1728 1717 1716 1706 1711 1716 1725 1722
843.940979 1714 1723 1721 1712 1717 1718 1712 1722 1727
843.960999 1717 1726 1721 1711 1725 1707 1709 1716 1720
843.981018 1716 1716 1719 1703 1710 1707 1704 1719 1710
844.000977 1714 1720 1705 1717 1722 1706 1704 1725 1715
844.020996 1731 1719 1707 1715 1717 1701 1720 1717 1724
844.041016 1721 1722 1712 1706 1711 1713 1721 1715 1708
844.060974 1725 1717 1720 1709 1704 1709 1713 1710 1719
844.080994 1721 1707 1726 1714 1709 1713 1718 1711 1726
844.101013 1721 1728 1714 1719 1716 1712 1725 1710 1728
844.120972 1716 1718 1719 1723 1714 1722 1713 1721 1728
844.140991 1729 1717 1720 1709 1713 1710 1702 1722 1724
844.161011 1725 1707 1709 1711 1717 1718 1718 1704 1720
844.18103 1728 1724 1725 1711 1726 1721 1726 1721 1730
844.200989 1712 1723 1731 1710 1715 1724 1711 1717 1722
844.221008 1718 1722 1713 1717 1713 1720 1711 1723 1719
844.241028 1708 1718 1709 1712 1708 1716 1707 1721 1739
844.260986 1724 1716 1725 1714 1726 1711 1728 1708 1725
844.281006 1730 1729 1710 1718 1709 1722 1715 1713 1728
844.301025 1715 1713 1726 1718 1718 1720 1723 1721 1728
844.320984 1711 1708 1710 1713 1717 1697 1711 1718 1719
844.341003 1722 1715 1729 1716 1719 1711 1726 1709 1718
844.361023 1719 1719 1713 1715 1712 1710 1711 1725 1731
844.380981 1726 1718 1733 1713 1707 1727 1705 1720 1723
844.401001 1709 1702 1714 1707 1706 1715 1716 1724 1711
844.421021 1710 1714 1716 1714 1713 1714 1717 1715 1708
844.440979 1708 1712 1706 1708 1698 1707 1704 1714 1723
844.460999 1711 1711 1716 1713 1713 1711 1707 1711 1712
844.481018 1698 1717 1717 1699 1709 1714 1710 1722 1718
844.500977 1711 1719 1711 1707 1707 1707 1719 1715 1706
844.520996 1704 1713 1710 1706 1713 1710 1703 1714 1709
844.541016 1706 1719 1708 1693 1718 1710 1705 1710 1704
844.559998 1708 1715 1710 1707 1707 1700 1711 1717 1718
844.580017 1709 1724 1719 1703 1709 1705 1701 1707 1702
844.599976 1701 1700 1715 1713 1709 1707 1698 1716 1708
844.619995 1714 1706 1707 1709 1702 1708 1713 1712 1715
844.640015 1714 1700 1719 1712 1712 1701 1711 1716 1720
844.659973 1712 1712 1703 1703 1707 1709 1707 1715 1716
844.679993 1702 1713 1708 1710 1708 1715 1702 1715 1725
844.700012 1711 1706 1703 1703 1708 1711 1702 1694 1712
844.719971 1716 1710 1705 1716 1700 1698 1713 1714 1710
844.73999 1702 1704 1707 1705 1710 1708 1703 1708 1726
844.76001 1711 1696 1715 1708 1705 1715 1698 1709 1701
844.780029 1708 1709 1706 1707 1704 1704 1707 1697 1710
844.799988 1707 1709 1703 1708 1705 1708 1705 1705 1706
844.820007 1706 1719 1707 1705 1711 1708 1712 1713 1705
844.840027 1715 1708 1712 1701 1706 1701 1710 1711 1715
844.859985 1708 1709 1701 1702 1703 1714 1705 1708 1698
844.880005 1715 1703 1710 1707 1707 1708 1712 1704 1703
844.900024 1690 1710 1716 1705 1709 1703 1705 1705 1720
844.919983 1696 1708 1707 1702 1700 1708 1705 1710 1707
844.940002 1706 1719 1719 1698 1711 1704 1706 1710 1702
844.960022 1701 1711 1707 1713 1700 1700 1708 1707 1704
844.97998 1711 1714 1708 1705 1708 1689 1709 1697 1712
845 1709 1722 1709 1703 1695 1699 1714 1712 1716
845.02002 1709 1718 1713 1707 1706 1699 1705 1715 1721
845.039978 1714 1710 1715 1704 1705 1714 1700 1713 1709
845.059998 1712 1708 1707 1721 1705 1709 1705 1716 1717
845.080017 1724 1716 1709 1713 1706 1706 1713 1712 1711
845.099976 1722 1709 1710 1715 1707 1699 1708 1710 1719
845.119995 1714 1715 1707 1710 1720 1705 1707 1705 1714
845.140015 1713 1705 1705 1717 1693 1717 1713 1714 1703
845.159973 1707 1711 1710 1715 1704 1706 1708 1719 1709
845.179993 1698 1701 1706 1716 1710 1701 1707 1716 1708
845.200012 1716 1725 1708 1698 1707 1709 1706 1709 1713
845.219971 1716 1716 1715 1704 1715 1704 1706 1707 1719
845.23999 1706 1710 1700 1711 1701 1707 1715 1709 1727
845.26001 1703 1727 1711 1709 1699 1704 1720 1710 1725
845.280029 1715 1710 1704 1718 1703 1710 1703 1704 1703
845.299011 1722 1717 1717 1714 1702 1707 1708 1716 1708
845.31897 1723 1708 1712 1719 1710 1716 1720 1721 1711
845.338989 1716 1711 1728 1723 1715 1708 1712 1718 1723
845.359009 1721 1714 1712 1712 1706 1712 1710 1702 1716
845.379028 1711 1720 1724 1709 1726 1714 1710 1712 1718
845.398987 1720 1705 1721 1715 1720 1711 1714 1717 1721
845.419006 1711 1722 1725 1715 1724 1712 1711 1720 1728
845.439026 1726 1718 1726 1719 1708 1725 1716 1723 1725
845.458984 1724 1723 1718 1718 1717 1711 1717 1726 1732
845.479004 1730 1719 1719 1716 1724 1723 1725 1723 1728
845.499023 1721 1719 1713 1719 1718 1722 1733 1722 1724
845.518982 1729 1726 1734 1717 1721 1725 1730 1723 1736
845.539001 1725 1729 1731 1739 1721 1725 1725 1726 1719
845.559021 1718 1739 1718 1730 1720 1733 1722 1725 1720
845.578979 1722 1732 1721 1722 1717 1721 1731 1725 1729
845.598999 1733 1726 1724 1737 1729 1723 1732 1724 1732
845.619019 1727 1726 1732 1723 1716 1726 1737 1729 1735
845.638977 1720 1717 1723 1729 1729 1726 1728 1734 1732
845.658997 1732 1732 1733 1733 1730 1726 1727 1738 1735
845.679016 1731 1732 1731 1728 1718 1727 1715 1733 1731
845.698975 1724 1727 1725 1738 1734 1735 1718 1729 1739
845.718994 1746 1722 1735 1734 1732 1727 1729 1732 1737
845.737976 1736 1735 1723 1729 1733 1734 1720 1727 1733
845.757996 1736 1735 1726 1730 1730 1726 1735 1742 1738
845.778015 1739 1729 1739 1730 1726 1724 1736 1738 1745
845.797974 1728 1728 1738 1713 1730 1729 1731 1723 1741
845.817993 1738 1728 1741 1733 1728 1733 1719 1732 1725
845.838013 1718 1745 1731 1733 1731 1733 1723 1724 1730
845.857971 1730 1735 1739 1729 1723 1734 1726 1743 1741
845.877991 1721 1723 1725 1729 1724 1722 1727 1731 1737
845.89801 1738 1731 1737 1728 1714 1719 1734 1743 1741
845.91803 1740 1727 1740 1725 1737 1738 1730 1724 1741
845.937988 1736 1732 1737 1725 1724 1715 1721 1733 1735
845.958008 1731 1740 1736 1739 1724 1734 1727 1723 1727
845.978027 1725 1731 1724 1739 1734 1719 1731 1746 1746
845.997986 1738 1729 1727 1721 1716 1732 1723 1735 1733
846.018005 1734 1744 1727 1725 1726 1727 1727 1740 1746
846.038025 1730 1733 1735 1729 1738 1721 1748 1729 1738
846.057983 1751 1733 1736 1734 1724 1723 1736 1730 1736
846.078003 1741 1723 1734 1730 1724 1727 1725 1736 1739
846.096985 1725 1740 1731 1740 1726 1732 1735 1734 1738
846.117004 1744 1728 1731 1734 1736 1725 1728 1745 1736
846.137024 1729 1739 1738 1730 1729 1742 1734 1719 1735
846.156982 1728 1736 1742 1730 1729 1731 1733 1735 1731
846.177002 1736 1736 1728 1734 1730 1727 1734 1725 1736
846.197021 1727 1740 1726 1729 1733 1733 1735 1734 1737
846.21698 1735 1743 1723 1735 1738 1732 1731 1723 1743
846.237 1733 1730 1730 1728 1727 1738 1734 1739 1739
846.257019 1748 1740 1731 1738 1725 1727 1738 1735 1740
846.276978 1736 1728 1731 1732 1721 1730 1731 1731 1737
846.296997 1742 1729 1737 1730 1725 1729 1731 1731 1749
846.317017 1737 1744 1748 1731 1732 1732 1736 1746 1741
846.336975 1735 1733 1740 1734 1729 1730 1729 1721 1741
846.356995 1743 1737 1735 1737 1741 1730 1729 1743 1743
846.377014 1739 1749 1744 1726 1724 1729 1735 1730 1741
846.395996 1732 1746 1726 1743 1717 1719 1741 1741 1732
846.416016 1742 1738 1732 1724 1740 1746 1729 1739 1740
846.435974 1737 1741 1752 1742 1753 1733 1736 1728 1731
846.455994 1743 1738 1747 1735 1733 1729 1731 1748 1734
846.476013 1760 1737 1738 1730 1728 1735 1729 1745 1743
846.495972 1744 1735 1727 1731 1723 1735 1736 1734 1747
846.515991 1747 1741 1739 1730 1737 1738 1732 1744 1750
846.536011 1744 1737 1724 1742 1742 1730 1739 1736 1746
846.55603 1741 1739 1749 1734 1735 1729 1730 1732 1741
846.575989 1741 1734 1728 1732 1734 1727 1748 1743 1734
846.596008 1729 1727 1716 1734 1731 1732 1732 1732 1739
846.616028 1731 1737 1736 1727 1728 1726 1738 1728 1734
846.63501 1730 1727 1729 1729 1728 1722 1738 1732 1742
846.655029 1727 1738 1732 1723 1729 1731 1734 1734 1727
846.674988 1741 1731 1730 1723 1728 1724 1729 1738 1749
846.695007 1732 1719 1737 1726 1733 1728 1724 1743 1734
846.715027 1742 1745 1717 1730 1722 1724 1727 1739 1724
846.734985 1736 1732 1733 1729 1730 1732 1717 1730 1730
846.755005 1742 1733 1736 1739 1724 1730 1733 1739 1733
846.775024 1741 1737 1734 1730 1725 1730 1742 1745 1736
846.794983 1736 1736 1737 1719 1724 1733 1728 1738 1741
846.815002 1733 1739 1726 1731 1743 1740 1720 1738 1731
846.835022 1722 1731 1732 1726 1743 1724 1731 1740 1723
846.85498 1731 1741 1731 1736 1734 1731 1726 1734 1734
846.875 1749 1732 1738 1747 1728 1731 1735 1738 1734
846.893982 1727 1735 1738 1736 1716 1730 1735 1731 1752
846.914001 1752 1736 1737 1734 1728 1733 1719 1735 1738
846.934021 1743 1746 1736 1734 1724 1737 1732 1736 1747
846.953979 1733 1736 1728 1736 1738 1724 1731 1732 1749
846.973999 1732 1745 1743 1730 1721 1731 1734 1747 1750
846.994019 1746 1748 1745 1723 1744 1733 1734 1742 1743
847.013977 1729 1754 1731 1728 1739 1732 1744 1740 1743
847.033997 1734 1739 1734 1734 1730 1735 1724 1733 1747
847.054016 1727 1743 1744 1720 1739 1734 1749 1743 1743
847.073975 1743 1736 1742 1737 1727 1730 1747 1739 1733
847.093994 1732 1740 1731 1732 1731 1730 1733 1752 1733
847.112976 1740 1733 1733 1731 1734 1734 1730 1740 1740
847.132996 1744 1741 1741 1731 1734 1721 1741 1742 1737
847.153015 1739 1750 1734 1725 1731 1742 1738 1761 1758
847.172974 1748 1749 1746 1732 1737 1726 1738 1750 1742
847.192993 1749 1752 1744 1728 1733 1731 1736 1739 1742
847.213013 1748 1739 1739 1736 1731 1729 1737 1742 1753
847.232971 1742 1756 1743 1727 1729 1734 1745 1753 1739
847.252991 1749 1748 1735 1747 1734 1740 1739 1750 1736
847.27301 1756 1734 1733 1742 1724 1732 1735 1739 1754
847.29303 1741 1752 1741 1739 1737 1735 1742 1742 1755
847.312012 1740 1744 1756 1732 1730 1746 1752 1743 1740
847.33197 1734 1749 1730 1740 1733 1719 1739 1745 1747
847.35199 1749 1739 1745 1735 1726 1726 1732 1741 1739
847.372009 1741 1731 1732 1735 1735 1726 1740 1732 1744
847.392029 1740 1738 1733 1721 1727 1731 1731 1733 1731
847.411987 1743 1725 1728 1732 1727 1724 1738 1741 1746
847.432007 1733 1733 1744 1733 1727 1735 1733 1738 1743
847.452026 1733 1732 1723 1729 1729 1712 1732 1735 1751
847.471985 1733 1739 1729 1725 1724 1728 1718 1724 1747
847.492004 1744 1727 1723 1729 1730 1726 1727 1737 1739
847.510986 1738 1733 1735 1717 1720 1716 1733 1731 1739
847.531006 1727 1739 1729 1737 1727 1727 1728 1731 1745
847.551025 1733 1744 1727 1717 1719 1716 1726 1723 1737
847.570984 1737 1739 1731 1731 1727 1718 1721 1738 1743
847.591003 1737 1733 1725 1730 1729 1711 1726 1744 1736
847.611023 1729 1727 1738 1717 1719 1724 1734 1741 1742
847.630981 1735 1737 1723 1729 1723 1732 1729 1736 1746
847.651001 1738 1734 1735 1732 1718 1739 1725 1734 1737
847.669983 1733 1733 1727 1722 1721 1721 1723 1734 1737
847.690002 1740 1734 1726 1731 1729 1724 1735 1718 1727
847.710022 1747 1736 1735 1717 1718 1725 1738 1747 1751
847.72998 1737 1739 1737 1728 1721 1721 1733 1733 1746
847.75 1733 1738 1733 1725 1725 1739 1736 1738 1751
847.77002 1737 1735 1730 1732 1728 1736 1730 1737 1753
847.789978 1737 1753 1732 1734 1718 1732 1742 1730 1736
847.809998 1743 1734 1732 1729 1723 1722 1730 1747 1748
847.830017 1747 1747 1747 1722 1726 1728 1742 1744 1744
847.848999 1747 1746 1733 1731 1724 1731 1735 1740 1743
847.869019 1730 1732 1741 1730 1733 1734 1737 1741 1744
847.888977 1746 1743 1747 1733 1723 1724 1730 1753 1761
847.908997 1745 1743 1736 1732 1734 1724 1733 1739 1752
847.929016 1744 1743 1735 1727 1741 1736 1730 1747 1739
847.948975 1753 1748 1741 1738 1728 1724 1743 1747 1747
847.968994 1737 1726 1735 1733 1731 1720 1744 1733 1758
847.989014 1739 1752 1736 1727 1738 1744 1744 1753 1746
848.007996 1747 1747 1734 1735 1734 1730 1747 1745 1746
848.028015 1753 1742 1740 1735 1730 1735 1737 1747 1756
848.047974 1760 1748 1747 1736 1743 1731 1735 1748 1760
848.067993 1757 1747 1742 1734 1742 1740 1750 1754 1760
848.088013 1758 1748 1747 1739 1744 1735 1739 1748 1749
848.107971 1757 1758 1748 1730 1731 1736 1738 1765 1754
848.127991 1757 1744 1756 1749 1734 1747 1752 1753 1761
848.14801 1748 1754 1743 1735 1730 1730 1749 1754 1766
848.166992 1758 1751 1751 1747 1737 1746 1755 1755 1765
848.187012 1757 1746 1738 1749 1729 1751 1745 1774 1765
848.20697 1760 1755 1734 1740 1733 1741 1759 1752 1766
848.22699 1768 1746 1753 1742 1752 1738 1749 1754 1775
848.247009 1763 1752 1754 1736 1747 1747 1747 1754 1766
848.267029 1769 1769 1762 1757 1742 1733 1751 1753 1762
848.286987 1759 1760 1756 1738 1740 1746 1758 1760 1767
848.307007 1764 1760 1754 1742 1743 1731 1763 1761 1763
848.325989 1762 1753 1751 1745 1741 1757 1756 1758 1772
848.346008 1772 1764 1758 1753 1747 1734 1751 1760 1764
848.366028 1774 1767 1750 1755 1746 1744 1750 1769 1774
848.385986 1770 1772 1749 1742 1751 1752 1765 1770 1769
848.406006 1765 1761 1751 1743 1746 1740 1758 1764 1782
848.426025 1757 1773 1756 1764 1752 1754 1761 1778 1770
848.445984 1775 1766 1768 1753 1746 1756 1759 1776 1779
848.466003 1768 1766 1770 1748 1750 1748 1757 1765 1778
848.484985 1765 1759 1755 1753 1752 1762 1772 1780 1775
848.505005 1761 1762 1764 1752 1752 1744 1766 1766 1769
848.525024 1765 1764 1754 1747 1750 1754 1774 1769 1773
848.544983 1782 1762 1742 1754 1752 1747 1761 1763 1778
848.565002 1773 1771 1754 1757 1737 1748 1770 1758 1769
848.585022 1778 1770 1752 1760 1760 1758 1759 1764 1778
848.604004 1768 1773 1751 1759 1744 1760 1752 1775 1787
848.624023 1775 1764 1768 1749 1746 1751 1771 1743 1782
848.643982 1768 1780 1754 1755 1745 1740 1755 1767 1775
848.664001 1761 1773 1758 1747 1754 1753 1757 1759 1782
848.684021 1761 1770 1752 1750 1738 1729 1759 1769 1775
848.703979 1774 1752 1753 1744 1748 1749 1750 1766 1768
848.723999 1766 1762 1749 1745 1745 1745 1755 1756 1774
848.742981 1764 1761 1751 1746 1742 1745 1751 1761 1767
848.763 1767 1767 1749 1752 1746 1754 1771 1766 1775
848.78302 1764 1772 1744 1747 1746 1748 1750 1765 1783
848.802979 1762 1755 1752 1747 1741 1763 1747 1766 1768
848.822998 1778 1763 1749 1740 1740 1751 1753 1759 1770
848.843018 1766 1763 1770 1744 1743 1758 1774 1768 1783
848.862976 1762 1755 1742 1756 1760 1756 1753 1774 1773
848.882019 1775 1776 1753 1750 1747 1738 1767 1761 1769
848.901978 1768 1770 1758 1741 1742 1741 1765 1770 1785
848.921997 1773 1771 1768 1754 1740 1749 1760 1768 1774
848.942017 1768 1771 1751 1755 1741 1733 1766 1756 1773
848.961975 1769 1759 1756 1750 1758 1744 1766 1767 1766
848.981995 1771 1755 1760 1745 1744 1747 1761 1769 1773
849.002014 1762 1769 1770 1754 1737 1749 1745 1759 1764
849.020996 1767 1759 1756 1747 1744 1743 1758 1760 1767
849.041016 1768 1758 1755 1747 1738 1760 1752 1767 1777
849.060974 1766 1763 1755 1754 1731 1760 1758 1767 1779
849.080994 1769 1760 1749 1744 1745 1752 1763 1773 1771
849.101013 1771 1762 1756 1733 1749 1742 1757 1766 1770
849.120972 1761 1756 1769 1754 1736 1754 1752 1752 1773
849.140015 1766 1762 1765 1751 1743 1751 1758 1761 1775
849.159973 1763 1757 1750 1741 1743 1753 1762 1761 1772
849.179993 1762 1759 1761 1744 1737 1734 1753 1763 1764
849.200012 1755 1760 1744 1745 1747 1749 1747 1757 1769
849.219971 1757 1756 1763 1739 1731 1745 1752 1763 1765
849.23999 1748 1757 1755 1754 1737 1739 1753 1761 1769
849.258972 1762 1762 1737 1735 1740 1753 1763 1756 1760
849.278992 1762 1747 1743 1737 1722 1741 1744 1752 1752
849.299011 1747 1745 1750 1737 1732 1733 1757 1748 1765
849.31897 1755 1754 1730 1751 1742 1735 1741 1747 1760
849.338989 1764 1746 1743 1735 1728 1741 1747 1752 1757
849.359009 1757 1749 1749 1731 1730 1738 1751 1750 1771
849.377991 1758 1749 1749 1736 1728 1740 1752 1752 1747
849.39801 1752 1762 1747 1742 1729 1741 1742 1757 1767
849.41803 1760 1752 1730 1738 1733 1738 1758 1754 1756
849.437988 1758 1755 1738 1737 1726 1739 1746 1747 1750
849.458008 1749 1752 1739 1741 1730 1739 1751 1745 1754
849.478027 1760 1760 1747 1723 1733 1733 1738 1753 1757
849.497009 1755 1740 1740 1733 1728 1738 1739 1750 1739
849.517029 1741 1736 1744 1728 1737 1739 1740 1744 1745
849.536987 1759 1755 1738 1739 1728 1718 1744 1752 1752
849.557007 1747 1739 1741 1737 1731 1738 1752 1744 1753
849.577026 1759 1751 1743 1722 1725 1727 1735 1751 1756
849.596985 1739 1741 1736 1722 1737 1721 1740 1742 1751
849.616028 1753 1740 1728 1719 1733 1734 1732 1754 1751
849.635986 1750 1747 1734 1734 1725 1725 1741 1749 1747
849.656006 1757 1744 1745 1720 1719 1746 1729 1741 1759
849.676025 1750 1748 1744 1721 1719 1732 1740 1749 1741
849.695984 1742 1757 1732 1730 1716 1734 1731 1748 1749
849.716003 1738 1749 1749 1725 1726 1734 1731 1750 1748
849.734985 1757 1752 1740 1729 1730 1730 1734 1750 1746
849.755005 1752 1745 1751 1734 1730 1739 1730 1747 1758
849.775024 1739 1748 1741 1735 1726 1718 1742 1746 1750
849.794983 1747 1757 1741 1734 1732 1723 1743 1743 1747
849.815002 1736 1742 1738 1733 1734 1733 1745 1743 1739
849.833984 1744 1745 1742 1728 1731 1733 1728 1751 1747
849.854004 1744 1747 1729 1741 1740 1727 1742 1756 1758
849.874023 1749 1746 1739 1745 1717 1725 1749 1745 1756
849.893982 1747 1739 1738 1734 1723 1733 1755 1749 1752
849.914001 1752 1748 1748 1724 1738 1742 1740 1745 1751
849.934021 1749 1748 1748 1736 1736 1736 1751 1754 1755
849.953003 1744 1747 1726 1732 1731 1744 1744 1743 1763
849.973022 1754 1751 1750 1733 1741 1748 1741 1748 1752
849.992981 1749 1743 1741 1740 1739 1745 1749 1757 1756
850.013 1744 1746 1740 1730 1730 1751 1751 1762 1760
850.03302 1754 1756 1743 1737 1736 1736 1748 1762 1766
850.052002 1753 1749 1752 1735 1716 1728 1740 1767 1758
850.072021 1758 1756 1735 1736 1735 1730 1744 1750 1753
850.09198 1751 1753 1754 1751 1741 1740 1736 1755 1760
850.112 1751 1749 1761 1730 1731 1737 1752 1763 1760
850.132019 1760 1746 1753 1732 1735 1746 1738 1761 1761
850.151001 1762 1741 1751 1744 1744 1745 1757 1748 1768
850.171021 1761 1749 1746 1753 1736 1748 1748 1753 1765
850.190979 1763 1761 1751 1742 1737 1731 1769 1762 1759
850.210999 1768 1765 1742 1735 1732 1760 1746 1760 1759
850.231018 1755 1752 1744 1748 1749 1745 1736 1755 1759
850.250977 1754 1767 1753 1749 1739 1746 1751 1758 1754
850.27002 1764 1750 1745 1738 1743 1726 1749 1753 1759
850.289978 1761 1757 1745 1740 1741 1725 1747 1763 1755
850.309998 1760 1766 1747 1733 1743 1742 1757 1760 1774
850.330017 1749 1743 1751 1730 1733 1730 1746 1759 1753
850.349976 1756 1753 1747 1739 1741 1742 1757 1769 1757
850.369019 1755 1750 1759 1745 1734 1746 1748 1752 1753
850.388977 1765 1760 1744 1741 1744 1747 1743 1760 1774
850.408997 1743 1752 1746 1739 1739 1736 1746 1758 1759
850.429016 1756 1753 1758 1737 1745 1739 1745 1751 1755
850.448975 1774 1758 1734 1734 1738 1749 1743 1744 1760
850.468018 1749 1758 1739 1750 1741 1740 1745 1736 1760
850.487976 1758 1747 1736 1743 1743 1739 1758 1750 1751
850.507996 1756 1751 1741 1728 1741 1745 1747 1755 1767
850.528015 1765 1764 1748 1745 1728 1737 1755 1756 1772
850.547974 1744 1758 1743 1744 1733 1737 1739 1753 1743
850.567017 1749 1732 1741 1732 1732 1732 1743 1748 1749
850.586975 1754 1755 1747 1746 1742 1733 1746 1752 1756
850.606995 1735 1757 1745 1735 1728 1737 1743 1751 1764
850.627014 1753 1753 1737 1741 1729 1736 1744 1749 1758
850.645996 1747 1754 1740 1747 1741 1738 1737 1751 1750
850.666016 1740 1750 1744 1732 1727 1734 1751 1738 1750
850.685974 1754 1740 1737 1740 1746 1734 1742 1753 1750
850.705994 1742 1743 1747 1730 1732 1734 1742 1736 1750
850.726013 1750 1750 1738 1749 1738 1747 1745 1744 1752
850.744995 1743 1749 1742 1732 1724 1738 1739 1741 1747
850.765015 1749 1738 1740 1737 1723 1724 1735 1745 1748
850.784973 1746 1748 1735 1731 1729 1733 1744 1752 1741
850.804993 1759 1749 1743 1726 1721 1735 1729 1744 1748
850.825012 1745 1729 1743 1737 1718 1743 1739 1748 1755
850.843994 1751 1741 1728 1723 1729 1737 1743 1756 1751
850.864014 1753 1742 1750 1741 1743 1727 1748 1747 1754
850.883972 1750 1746 1734 1732 1739 1730 1741 1748 1751
850.903992 1749 1745 1741 1731 1732 1739 1740 1746 1763
850.924011 1750 1757 1747 1740 1734 1745 1742 1754 1744
850.942993 1758 1749 1740 1730 1736 1741 1732 1757 1760
850.963013 1753 1748 1734 1732 1727 1748 1739 1749 1750
850.982971 1755 1756 1754 1742 1739 1733 1739 1736 1758
851.002991 1747 1752 1750 1733 1748 1751 1739 1753 1750
851.021973 1750 1737 1736 1732 1735 1739 1741 1758 1751
851.041992 1753 1748 1742 1725 1738 1742 1750 1752 1756
851.062012 1750 1740 1743 1732 1745 1740 1747 1746 1754
851.08197 1737 1745 1744 1724 1728 1738 1730 1744 1743
851.10199 1747 1749 1739 1734 1744 1748 1749 1748 1754
851.120972 1741 1744 1738 1735 1729 1740 1742 1750 1749
851.140991 1745 1742 1741 1725 1724 1734 1751 1737 1740
851.161011 1748 1745 1737 1733 1734 1745 1742 1744 1740
851.18103 1750 1748 1734 1737 1732 1732 1740 1755 1746
851.200012 1747 1755 1743 1738 1731 1738 1739 1749 1754
851.219971 1738 1747 1744 1741 1732 1742 1754 1751 1746
851.23999 1742 1747 1742 1734 1728 1742 1727 1751 1748
851.26001 1744 1743 1744 1726 1736 1741 1732 1749 1753
851.280029 1743 1742 1745 1741 1738 1736 1729 1755 1731
851.299011 1748 1745 1746 1724 1727 1733 1738 1740 1744
851.31897 1753 1741 1734 1739 1733 1743 1748 1743 1759
851.338989 1743 1737 1731 1729 1733 1728 1730 1744 1751
851.359009 1751 1746 1742 1733 1740 1734 1732 1739 1749
851.377991 1735 1750 1737 1737 1726 1732 1741 1745 1750
851.39801 1747 1743 1738 1743 1721 1739 1732 1743 1737
851.41803 1729 1738 1736 1741 1734 1728 1744 1739 1756
851.437988 1753 1736 1733 1735 1727 1720 1733 1749 1742
851.45697 1740 1729 1743 1724 1729 1738 1723 1739 1749
851.47699 1742 1731 1730 1719 1726 1725 1721 1737 1731
851.497009 1737 1736 1735 1731 1730 1731 1731 1731 1748
851.517029 1731 1721 1735 1731 1733 1732 1731 1733 1750
851.536011 1740 1738 1724 1727 1719 1724 1740 1738 1738
851.55603 1747 1732 1738 1737 1719 1715 1732 1737 1731
851.575989 1734 1737 1725 1720 1714 1730 1720 1733 1743
851.596008 1737 1726 1742 1718 1733 1729 1726 1727 1730
851.616028 1724 1731 1726 1735 1718 1730 1726 1728 1740
851.63501 1745 1726 1724 1729 1719 1723 1732 1731 1733
851.655029 1723 1731 1726 1725 1722 1714 1725 1734 1745
851.674988 1731 1732 1732 1725 1721 1718 1726 1728 1744
851.695007 1737 1726 1723 1724 1722 1724 1735 1736 1738
851.713989 1734 1746 1737 1726 1721 1726 1722 1726 1735
851.734009 1719 1727 1721 1719 1723 1718 1721 1730 1727
851.754028 1736 1732 1724 1720 1719 1724 1726 1738 1745
851.773987 1738 1721 1727 1730 1713 1721 1729 1719 1720
851.79303 1731 1727 1724 1701 1718 1718 1726 1724 1740
851.812988 1720 1723 1732 1719 1716 1709 1727 1735 1733
851.833008 1721 1716 1725 1711 1719 1727 1723 1723 1713
851.853027 1725 1728 1722 1724 1714 1721 1723 1726 1753
851.872009 1728 1725 1732 1719 1734 1727 1730 1742 1738
851.892029 1721 1729 1731 1711 1715 1716 1728 1733 1728
851.911987 1724 1736 1728 1718 1716 1726 1711 1733 1726
851.932007 1739 1727 1729 1731 1727 1713 1721 1710 1735
851.950989 1730 1742 1722 1713 1715 1722 1735 1719 1730
851.971008 1719 1727 1730 1716 1714 1716 1726 1734 1731
851.991028 1728 1730 1727 1729 1715 1725 1730 1727 1738
852.010986 1727 1720 1729 1714 1719 1725 1722 1726 1727
852.030029 1722 1731 1726 1718 1716 1713 1725 1723 1729
852.049988 1738 1728 1721 1720 1719 1724 1723 1738 1733
852.070007 1730 1729 1715 1722 1726 1719 1715 1726 1721
852.090027 1723 1728 1723 1712 1714 1713 1721 1734 1727
852.109009 1706 1730 1727 1721 1724 1723 1714 1725 1731
852.129028 1728 1718 1729 1724 1725 1730 1738 1729 1731
852.148987 1733 1733 1722 1717 1731 1712 1731 1739 1742
852.169006 1732 1730 1721 1719 1718 1714 1727 1734 1720
852.187988 1727 1733 1727 1719 1728 1723 1720 1731 1739
852.208008 1736 1721 1730 1734 1715 1716 1730 1732 1742
852.228027 1736 1709 1722 1718 1714 1724 1737 1718 1730
852.247986 1730 1717 1720 1720 1732 1714 1731 1736 1739
852.267029 1725 1734 1726 1724 1717 1720 1727 1720 1735
852.286987 1732 1728 1725 1725 1727 1721 1715 1726 1721
852.307007 1738 1733 1728 1730 1721 1717 1725 1726 1732
852.327026 1730 1726 1732 1731 1725 1720 1726 1736 1736
852.346008 1723 1721 1735 1719 1711 1727 1723 1720 1732
852.366028 1727 1738 1723 1719 1731 1729 1714 1731 1736
852.385986 1721 1723 1732 1724 1715 1718 1729 1728 1736
852.406006 1726 1730 1733 1728 1728 1711 1727 1729 1739
852.424988 1732 1728 1739 1726 1729 1722 1735 1729 1733
852.445007 1723 1733 1730 1728 1718 1733 1731 1729 1736
852.465027 1740 1727 1735 1718 1723 1735 1722 1736 1726
852.484009 1728 1722 1731 1724 1718 1717 1723 1737 1727
852.504028 1724 1748 1721 1726 1718 1717 1729 1724 1730
852.523987 1717 1728 1731 1720 1726 1721 1730 1729 1732
852.544006 1739 1735 1725 1720 1714 1722 1733 1722 1731
852.562988 1723 1730 1720 1705 1710 1731 1721 1730 1732
852.583008 1734 1723 1724 1725 1722 1721 1725 1736 1734
852.603027 1748 1742 1726 1720 1724 1723 1730 1736 1733
852.622986 1726 1717 1730 1728 1717 1720 1723 1728 1738
852.642029 1735 1728 1721 1731 1716 1719 1731 1736 1736
852.661987 1732 1731 1720 1719 1716 1720 1723 1726 1736
852.682007 1734 1719 1733 1712 1725 1722 1723 1727 1735
852.700989 1733 1731 1733 1728 1716 1719 1720 1722 1725
852.721008 1737 1726 1733 1736 1727 1729 1726 1734 1724
852.741028 1738 1726 1725 1722 1715 1723 1722 1734 1738
852.760986 1725 1736 1725 1731 1721 1719 1724 1729 1731
852.780029 1726 1730 1736 1734 1722 1719 1714 1727 1720
852.799988 1722 1736 1733 1718 1712 1714 1727 1718 1730
852.820007 1730 1725 1732 1716 1713 1718 1723 1720 1723
852.840027 1719 1729 1727 1716 1706 1719 1738 1734 1735
852.859009 1720 1733 1716 1718 1716 1723 1725 1727 1726
852.879028 1719 1721 1733 1729 1727 1719 1728 1725 1722
852.898987 1733 1729 1730 1732 1720 1726 1719 1734 1727
852.91803 1730 1727 1732 1708 1719 1725 1728 1730 1733
852.937988 1739 1722 1729 1731 1706 1719 1730 1743 1745
852.958008 1722 1730 1719 1715 1721 1719 1730 1741 1723
852.978027 1722 1735 1711 1717 1714 1721 1725 1728 1725
852.997009 1729 1722 1726 1713 1730 1717 1722 1727 1733
853.017029 1729 1724 1718 1714 1715 1716 1723 1728 1727
853.036987 1734 1730 1733 1728 1724 1710 1742 1725 1724
853.05603 1730 1731 1729 1727 1715 1715 1720 1739 1736
853.075989 1728 1728 1724 1722 1716 1711 1726 1726 1717
853.096008 1721 1726 1725 1722 1718 1728 1726 1731 1738
853.116028 1732 1732 1732 1717 1709 1727 1729 1740 1740
853.13501 1735 1737 1720 1721 1729 1718 1721 1725 1737
853.155029 1730 1730 1734 1724 1719 1726 1729 1732 1729
853.174988 1742 1731 1741 1725 1723 1728 1724 1732 1727
853.19397 1730 1729 1727 1731 1711 1732 1721 1735 1728
853.213989 1735 1717 1730 1723 1727 1727 1726 1728 1739
853.234009 1733 1716 1713 1711 1722 1723 1724 1731 1738
853.254028 1736 1732 1720 1724 1727 1727 1722 1722 1736
853.27301 1728 1732 1720 1724 1709 1729 1725 1725 1722
853.29303 1721 1722 1714 1725 1719 1721 1722 1724 1725
853.312988 1733 1733 1715 1729 1716 1734 1723 1722 1727
853.33197 1731 1723 1721 1728 1724 1730 1721 1733 1747
853.35199 1728 1729 1732 1719 1713 1719 1718 1721 1741
853.372009 1722 1732 1730 1726 1725 1721 1735 1737 1730
853.390991 1727 1735 1724 1726 1714 1717 1716 1722 1721
853.411011 1725 1729 1735 1720 1717 1718 1717 1726 1738
853.43103 1729 1728 1727 1723 1726 1725 1720 1717 1725
853.450989 1745 1724 1729 1728 1717 1727 1730 1716 1747
853.469971 1716 1729 1720 1723 1726 1719 1724 1734 1740
853.48999 1735 1734 1715 1723 1724 1716 1735 1748 1737
853.51001 1731 1729 1724 1729 1725 1718 1732 1738 1753
853.528992 1730 1733 1724 1704 1717 1729 1740 1742 1744
853.549011 1727 1731 1726 1726 1720 1720 1729 1730 1738
853.56897 1722 1737 1724 1717 1712 1736 1724 1736 1738
853.588989 1732 1723 1712 1721 1717 1731 1725 1736 1740
853.607971 1727 1731 1720 1721 1722 1718 1733 1746 1732
853.627991 1726 1731 1717 1711 1711 1726 1732 1726 1725
853.64801 1736 1737 1725 1706 1721 1722 1735 1725 1727
853.666992 1738 1730 1724 1723 1732 1727 1738 1727 1733
853.687012 1734 1738 1722 1727 1702 1711 1722 1738 1737
853.70697 1729 1736 1717 1731 1707 1716 1726 1743 1744
853.726013 1735 1739 1730 1723 1710 1723 1727 1737 1738
853.745972 1728 1733 1724 1718 1716 1717 1736 1730 1733
853.765991 1734 1728 1719 1723 1719 1724 1727 1730 1737
853.784973 1735 1718 1734 1723 1726 1730 1728 1738 1746
853.804993 1733 1740 1732 1712 1711 1734 1719 1731 1737
853.825012 1727 1742 1733 1718 1714 1725 1724 1734 1727
853.844971 1736 1737 1727 1722 1729 1722 1726 1741 1744
853.864014 1732 1736 1727 1722 1722 1720 1739 1743 1735
853.883972 1742 1741 1742 1725 1724 1726 1731 1743 1741
853.903992 1738 1755 1735 1735 1724 1733 1738 1735 1740
853.922974 1739 1741 1731 1727 1730 1726 1736 1734 1751
853.942993 1742 1738 1742 1719 1728 1730 1719 1740 1743
853.963013 1737 1744 1736 1728 1728 1730 1728 1734 1745
853.981995 1748 1737 1730 1735 1723 1724 1742 1742 1732
854.002014 1748 1751 1731 1729 1729 1721 1729 1747 1746
854.021973 1748 1753 1725 1737 1732 1733 1742 1743 1755
854.041016 1761 1746 1734 1738 1731 1729 1743 1746 1744
854.060974 1749 1735 1736 1732 1727 1725 1740 1754 1746
854.080994 1744 1730 1733 1737 1736 1722 1748 1751 1743
854.099976 1747 1744 1738 1732 1730 1750 1738 1742 1753
854.119995 1740 1750 1749 1735 1729 1740 1750 1740 1748
854.140015 1760 1749 1724 1740 1732 1735 1752 1749 1754
854.158997 1763 1758 1740 1734 1730 1733 1758 1756 1754
854.179016 1770 1747 1737 1743 1738 1722 1738 1750 1762
854.198975 1761 1753 1746 1745 1732 1747 1741 1762 1752
854.218994 1753 1748 1738 1752 1734 1743 1736 1749 1762
854.237976 1756 1746 1739 1739 1728 1736 1753 1760 1750
854.257996 1763 1760 1743 1741 1737 1741 1740 1747 1774
854.278015 1756 1760 1748 1728 1732 1746 1729 1763 1752
854.296997 1753 1748 1733 1733 1721 1743 1748 1754 1751
854.317017 1749 1754 1730 1730 1736 1743 1750 1745 1752
854.336975 1753 1748 1748 1742 1738 1731 1736 1757 1776
854.356018 1746 1750 1746 1732 1736 1742 1754 1740 1750
854.375977 1751 1754 1729 1725 1728 1742 1745 1751 1759
854.395996 1751 1738 1727 1725 1727 1733 1734 1751 1749
854.414978 1739 1745 1742 1730 1725 1733 1732 1746 1754
854.434998 1742 1738 1735 1725 1720 1745 1744 1749 1757
854.455017 1755 1735 1741 1722 1724 1738 1737 1750 1752
854.473999 1739 1750 1736 1732 1726 1733 1737 1753 1750
854.494019 1747 1735 1727 1735 1721 1729 1748 1738 1743
854.513977 1754 1744 1743 1732 1729 1737 1736 1757 1758
854.53302 1749 1738 1731 1738 1729 1722 1744 1739 1750
854.552979 1746 1744 1741 1732 1716 1726 1738 1746 1745
854.572998 1740 1737 1741 1722 1734 1735 1736 1741 1750
854.59198 1741 1739 1732 1724 1724 1729 1732 1742 1747
854.612 1744 1745 1734 1722 1728 1731 1731 1742 1749
854.632019 1754 1741 1739 1727 1729 1726 1726 1747 1743
854.651001 1749 1738 1729 1721 1734 1726 1742 1740 1741
854.671021 1744 1738 1731 1729 1726 1719 1724 1738 1749
854.690979 1756 1732 1727 1717 1714 1724 1724 1730 1734
854.710022 1735 1746 1731 1713 1724 1712 1733 1758 1744
854.72998 1736 1738 1738 1722 1717 1730 1731 1737 1741
854.75 1733 1729 1723 1712 1733 1719 1731 1751 1732
854.768982 1741 1724 1733 1722 1710 1708 1725 1733 1735
854.789001 1733 1730 1747 1725 1722 1727 1735 1739 1745
854.807983 1733 1735 1732 1725 1725 1737 1736 1741 1726
854.828003 1743 1735 1727 1716 1730 1731 1734 1741 1743
854.848022 1739 1735 1724 1720 1724 1720 1717 1732 1734
854.867004 1737 1745 1729 1725 1722 1726 1746 1739 1747
854.887024 1735 1736 1728 1728 1721 1732 1736 1747 1739
854.906982 1738 1735 1734 1734 1714 1727 1729 1750 1748
854.926025 1748 1742 1725 1720 1713 1727 1729 1733 1744
854.945984 1735 1732 1741 1726 1726 1727 1733 1749 1749
854.966003 1742 1751 1737 1736 1725 1728 1729 1749 1749
854.984985 1749 1730 1733 1722 1713 1732 1738 1738 1748
855.005005 1737 1733 1736 1725 1729 1717 1725 1743 1748
855.025024 1744 1728 1728 1724 1724 1723 1725 1747 1741
855.044006 1745 1730 1732 1714 1724 1722 1722 1743 1741
855.064026 1737 1737 1727 1728 1722 1733 1731 1743 1742
855.083984 1739 1734 1730 1715 1723 1725 1722 1742 1736
855.103027 1739 1745 1727 1719 1716 1725 1737 1742 1742
855.122986 1747 1734 1728 1729 1729 1730 1740 1735 1730
855.143005 1737 1739 1731 1711 1718 1722 1733 1732 1744
855.161987 1740 1724 1726 1725 1711 1725 1721 1742 1735
855.182007 1730 1742 1731 1729 1719 1724 1723 1739 1739
855.200989 1742 1736 1744 1721 1725 1711 1722 1733 1737
855.221008 1734 1731 1726 1730 1724 1715 1718 1739 1732
855.241028 1727 1733 1730 1724 1720 1713 1718 1734 1739
855.26001 1733 1729 1733 1724 1717 1722 1722 1740 1739
855.280029 1737 1725 1728 1723 1726 1719 1731 1731 1729
855.299988 1738 1720 1726 1718 1713 1720 1725 1727 1730
855.31897 1735 1727 1723 1722 1710 1709 1731 1726 1731
855.338989 1739 1740 1722 1723 1716 1712 1714 1735 1741
855.359009 1727 1732 1716 1718 1722 1719 1720 1736 1737
855.377991 1738 1727 1717 1721 1731 1724 1737 1733 1741
855.39801 1732 1734 1731 1719 1713 1714 1732 1730 1741
855.41803 1734 1732 1729 1721 1717 1722 1724 1734 1725
855.437012 1733 1731 1727 1721 1715 1734 1726 1733 1731
855.45697 1725 1729 1726 1725 1714 1716 1726 1725 1730
855.476013 1730 1724 1728 1731 1713 1726 1728 1732 1728
855.495972 1727 1727 1711 1714 1708 1722 1730 1726 1741
855.515991 1736 1716 1723 1724 1729 1720 1729 1726 1729
855.534973 1720 1734 1723 1730 1708 1728 1741 1734 1726
855.554993 1725 1737 1717 1725 1718 1722 1724 1731 1737
855.575012 1741 1731 1716 1712 1714 1716 1723 1727 1736
855.593994 1722 1731 1718 1724 1711 1714 1719 1724 1732
855.614014 1732 1736 1725 1714 1707 1716 1725 1730 1739
855.633972 1729 1724 1727 1713 1710 1720 1724 1732 1722
855.653015 1733 1729 1719 1708 1708 1710 1710 1730 1731
855.672974 1734 1731 1711 1717 1714 1713 1734 1732 1728
855.692017 1725 1729 1717 1712 1724 1713 1720 1724 1728
855.711975 1731 1736 1721 1720 1708 1711 1723 1731 1724
855.731995 1733 1726 1724 1722 1708 1720 1726 1727 1725
855.750977 1724 1723 1729 1720 1725 1712 1718 1724 1730
855.770996 1718 1722 1725 1720 1716 1714 1736 1720 1734
855.791016 1733 1724 1726 1716 1715 1711 1721 1731 1722
855.809998 1727 1732 1730 1707 1722 1721 1713 1737 1734
855.830017 1732 1719 1722 1713 1709 1719 1718 1727 1724
855.848999 1731 1725 1722 1712 1713 1719 1729 1724 1728
855.869019 1723 1722 1714 1721 1723 1704 1718 1727 1735
855.888977 1737 1732 1721 1727 1711 1732 1731 1735 1740
855.90802 1734 1733 1718 1721 1721 1725 1723 1714 1729
855.927979 1732 1718 1730 1713 1712 1725 1729 1738 1724
855.947998 1729 1724 1723 1721 1708 1726 1724 1722 1726
855.96698 1715 1736 1720 1723 1714 1715 1725 1731 1742
855.987 1736 1722 1721 1718 1708 1726 1720 1739 1733
856.005981 1724 1735 1723 1721 1720 1717 1726 1729 1726
856.026001 1733 1727 1727 1725 1723 1726 1723 1737 1737
856.046021 1739 1731 1719 1713 1716 1705 1733 1723 1738
856.065002 1725 1729 1727 1718 1717 1711 1733 1727 1720
856.085022 1730 1734 1721 1725 1722 1723 1720 1726 1733
856.104004 1725 1727 1726 1736 1713 1724 1734 1722 1719
856.124023 1737 1742 1718 1722 1720 1734 1721 1726 1732
856.143982 1731 1728 1741 1718 1722 1723 1731 1722 1732
856.163025 1727 1719 1731 1728 1721 1711 1718 1729 1728
856.182983 1731 1724 1722 1719 1722 1712 1720 1730 1734
856.203003 1731 1733 1730 1717 1716 1715 1728 1741 1722
856.221985 1725 1722 1710 1719 1731 1727 1729 1728 1725
856.242004 1725 1734 1718 1707 1717 1717 1722 1729 1733
856.260986 1733 1734 1724 1706 1718 1722 1724 1734 1724
856.281006 1729 1733 1723 1722 1716 1704 1730 1726 1739
856.301025 1727 1725 1717 1715 1714 1726 1731 1733 1729
856.320007 1717 1733 1724 1711 1707 1717 1734 1734 1725
856.340027 1728 1744 1727 1721 1720 1733 1730 1743 1730
856.359009 1730 1726 1729 1727 1716 1724 1731 1731 1742
856.379028 1730 1725 1711 1724 1718 1711 1728 1732 1720
856.398987 1722 1730 1726 1721 1712 1705 1725 1724 1734
856.41803 1730 1729 1727 1722 1716 1709 1724 1730 1737
856.437988 1726 1732 1724 1715 1716 1715 1717 1735 1731
856.45697 1722 1731 1735 1714 1715 1720 1731 1743 1729
856.47699 1729 1725 1713 1710 1710 1725 1724 1728 1730
856.497009 1722 1720 1725 1716 1710 1717 1716 1729 1734
856.515991 1729 1725 1728 1710 1708 1717 1729 1728 1733
856.536011 1715 1729 1716 1720 1719 1717 1720 1728 1726
856.554993 1729 1725 1717 1711 1711 1719 1716 1722 1721
856.575012 1716 1726 1722 1715 1718 1722 1723 1720 1737
856.594971 1717 1720 1712 1720 1719 1722 1715 1718 1733
856.614014 1722 1725 1720 1710 1713 1712 1719 1726 1733
856.633972 1723 1727 1723 1713 1714 1721 1715 1725 1733
856.653015 1721 1714 1711 1707 1720 1716 1713 1732 1726
856.672974 1720 1730 1722 1721 1710 1717 1720 1718 1734
856.692993 1722 1714 1725 1708 1710 1720 1712 1726 1731
856.711975 1733 1723 1720 1714 1708 1714 1731 1730 1724
856.731995 1726 1719 1712 1700 1709 1720 1712 1722 1735
856.750977 1718 1727 1714 1719 1698 1715 1716 1712 1727
856.770996 1730 1709 1714 1714 1704 1720 1703 1732 1722
856.791016 1724 1723 1707 1696 1710 1713 1715 1725 1718
856.809998 1719 1714 1704 1711 1711 1707 1717 1728 1719
856.830017 1722 1719 1716 1711 1699 1714 1707 1725 1722
856.848999 1720 1715 1712 1712 1711 1726 1726 1717 1730
856.869019 1716 1714 1706 1715 1710 1717 1720 1726 1724
856.888 1718 1717 1713 1702 1704 1715 1715 1714 1727
856.90802 1706 1713 1724 1700 1706 1705 1710 1715 1711
856.927979 1721 1716 1717 1705 1715 1723 1716 1714 1714
856.947021 1711 1720 1709 1707 1696 1710 1717 1722 1717
856.96698 1718 1710 1712 1708 1713 1709 1702 1726 1718
856.986023 1717 1714 1709 1713 1707 1707 1717 1719 1721
857.005981 1719 1723 1711 1724 1714 1705 1717 1710 1722
857.026001 1723 1715 1715 1713 1709 1706 1712 1725 1728
857.044983 1728 1719 1711 1708 1719 1710 1711 1720 1718
857.065002 1716 1706 1719 1715 1703 1720 1706 1715 1724
857.083984 1725 1706 1709 1711 1717 1715 1715 1720 1718
857.104004 1725 1716 1709 1719 1723 1706 1715 1720 1721
857.122986 1719 1710 1711 1709 1707 1714 1716 1719 1711
857.143005 1736 1713 1717 1714 1710 1715 1716 1728 1715
857.163025 1711 1712 1717 1711 1710 1706 1720 1707 1710
857.182007 1720 1718 1718 1708 1708 1700 1717 1719 1734
857.202026 1717 1722 1705 1715 1717 1700 1715 1715 1722
857.221008 1715 1719 1712 1716 1706 1709 1724 1716 1720
857.241028 1723 1712 1709 1714 1716 1719 1712 1729 1738
857.260986 1722 1719 1720 1712 1707 1718 1722 1718 1730
857.280029 1716 1715 1710 1704 1702 1705 1722 1730 1721
857.299988 1723 1726 1714 1716 1714 1718 1721 1724 1715
857.31897 1720 1715 1715 1701 1707 1716 1718 1720 1716
857.338989 1721 1720 1710 1730 1712 1714 1710 1713 1719
857.357971 1721 1704 1718 1719 1711 1710 1716 1716 1724
857.377991 1718 1710 1711 1704 1702 1708 1720 1722 1719
857.39801 1725 1707 1710 1709 1705 1722 1712 1718 1723
857.416992 1708 1719 1719 1701 1703 1706 1716 1720 1718
857.437012 1719 1708 1720 1707 1705 1706 1708 1715 1714
857.455994 1717 1719 1705 1713 1713 1703 1709 1728 1721
857.476013 1722 1717 1724 1708 1700 1718 1716 1718 1730
857.494995 1718 1724 1708 1705 1713 1698 1710 1713 1724
857.515015 1717 1728 1713 1705 1715 1718 1709 1721 1726
857.534973 1726 1724 1712 1704 1718 1706 1724 1724 1721
857.554016 1712 1720 1713 1715 1721 1707 1722 1712 1726
857.573975 1708 1729 1709 1705 1713 1709 1710 1722 1708
857.593018 1715 1720 1703 1721 1721 1711 1714 1726 1712
857.612976 1714 1718 1712 1707 1709 1708 1716 1718 1714
857.632019 1712 1708 1712 1705 1708 1706 1721 1711 1719
857.651978 1709 1719 1713 1699 1699 1703 1707 1723 1720
857.671997 1712 1721 1712 1708 1705 1706 1719 1708 1714
857.690979 1712 1714 1709 1724 1716 1709 1710 1711 1708
857.710999 1717 1723 1707 1701 1722 1704 1720 1721 1714
857.72998 1724 1718 1706 1701 1712 1702 1708 1712 1709
857.75 1709 1721 1715 1720 1706 1717 1708 1720 1726
857.768982 1721 1715 1707 1697 1700 1712 1704 1715 1702
857.789001 1715 1699 1713 1715 1699 1707 1707 1718 1712
857.807983 1724 1708 1709 1709 1710 1723 1721 1720 1710
857.828003 1721 1703 1697 1696 1696 1723 1711 1710 1707
857.848022 1717 1709 1707 1690 1703 1724 1709 1716 1728
857.867004 1719 1713 1717 1707 1707 1705 1701 1717 1713
857.887024 1718 1704 1713 1712 1714 1709 1705 1713 1709
857.906006 1709 1722 1716 1706 1702 1705 1714 1715 1714
857.926025 1722 1708 1711 1705 1706 1697 1707 1713 1709
857.945007 1707 1714 1719 1711 1708 1713 1711 1713 1719
857.965027 1719 1711 1714 1702 1702 1722 1703 1712 1715
857.984009 1717 1714 1714 1714 1711 1712 1717 1711 1711
858.004028 1715 1718 1717 1713 1704 1707 1725 1718 1719
858.02301 1718 1709 1723 1721 1700 1715 1708 1720 1710
858.04303 1717 1724 1713 1717 1701 1707 1715 1712 1716
858.062988 1714 1727 1707 1709 1715 1713 1715 1732 1715
858.08197 1719 1726 1714 1709 1703 1719 1719 1713 1722
858.10199 1711 1711 1716 1709 1702 1705 1710 1712 1719
858.120972 1707 1728 1718 1718 1709 1701 1711 1721 1718
858.140991 1713 1716 1714 1705 1696 1716 1712 1720 1723
858.159973 1719 1711 1713 1713 1713 1706 1706 1714 1704
858.179993 1718 1717 1703 1708 1721 1708 1716 1708 1713
858.198975 1711 1708 1707 1709 1701 1718 1712 1713 1711
858.218994 1701 1714 1708 1711 1720 1709 1717 1717 1721
858.239014 1708 1706 1717 1714 1707 1706 1719 1722 1712
858.257996 1714 1718 1705 1705 1711 1709 1707 1712 1709
858.278015 1702 1706 1709 1703 1709 1701 1706 1706 1711
858.296997 1713 1710 1710 1701 1702 1704 1693 1712 1711
858.317017 1713 1706 1711 1697 1701 1710 1710 1714 1713
858.335999 1710 1712 1708 1706 1714 1715 1702 1710 1707
858.356018 1714 1718 1704 1710 1714 1701 1705 1704 1714
858.375 1708 1701 1698 1709 1710 1704 1715 1710 1706
858.39502 1716 1706 1713 1702 1699 1706 1702 1702 1710
858.414001 1721 1702 1712 1708 1709 1704 1702 1712 1710
858.434021 1711 1719 1708 1698 1704 1705 1706 1706 1705
858.453003 1706 1713 1714 1703 1709 1697 1711 1712 1711
858.473022 1705 1697 1705 1699 1706 1703 1707 1716 1701
858.492004 1704 1708 1703 1710 1714 1698 1711 1709 1701
858.512024 1700 1702 1701 1693 1698 1701 1712 1702 1717
858.531982 1708 1696 1703 1716 1698 1716 1708 1700 1708
858.551025 1708 1710 1711 1703 1704 1710 1713 1701 1716
858.570984 1701 1712 1707 1704 1702 1697 1711 1711 1712
858.590027 1716 1704 1705 1704 1695 1709 1709 1712 1707
858.609985 1710 1707 1710 1711 1701 1713 1710 1709 1706
858.629028 1710 1718 1714 1718 1717 1712 1708 1707 1712
858.648987 1726 1708 1702 1717 1702 1706 1716 1704 1709
858.66803 1719 1708 1715 1710 1710 1707 1711 1716 1714
858.687988 1718 1711 1712 1715 1707 1717 1713 1712 1710
858.70697 1709 1715 1710 1713 1714 1712 1706 1706 1720
858.72699 1709 1718 1714 1716 1714 1714 1708 1721 1714
858.745972 1715 1716 1712 1713 1717 1707 1717 1710 1717
858.765991 1718 1718 1703 1706 1713 1714 1716 1712 1714
858.784973 1709 1713 1708 1714 1705 1712 1716 1710 1710
858.804993 1723 1722 1710 1724 1701 1713 1718 1712 1724
858.823975 1707 1714 1717 1713 1706 1712 1724 1719 1713
858.843994 1719 1720 1716 1709 1715 1715 1711 1718 1713
858.864014 1719 1711 1712 1704 1711 1709 1714 1710 1718
858.882996 1710 1707 1706 1712 1710 1713 1714 1698 1715
858.903015 1707 1704 1708 1714 1706 1725 1708 1712 1707
858.921997 1713 1705 1712 1712 1713 1714 1713 1707 1713
858.942017 1709 1704 1703 1700 1699 1701 1710 1712 1709
858.960999 1707 1712 1706 1722 1717 1705 1724 1698 1709
858.981018 1712 1711 1720 1707 1715 1699 1711 1710 1713
859 1708 1702 1713 1704 1700 1698 1706 1711 1712
859.02002 1706 1711 1701 1710 1702 1706 1718 1715 1711
859.039001 1716 1705 1716 1706 1705 1708 1706 1711 1712
859.059021 1703 1720 1700 1706 1698 1700 1705 1713 1707
859.078003 1714 1708 1708 1714 1697 1706 1703 1700 1710
859.098022 1703 1707 1707 1713 1701 1700 1706 1701 1718
859.117004 1697 1720 1713 1712 1708 1704 1713 1700 1713
859.137024 1703 1714 1696 1707 1697 1707 1706 1719 1710
859.156006 1697 1705 1703 1701 1716 1708 1697 1705 1710
859.176025 1699 1704 1708 1708 1712 1703 1705 1692 1700
859.195007 1718 1701 1704 1701 1697 1705 1710 1706 1710
859.215027 1719 1706 1707 1705 1707 1703 1699 1714 1704
859.234009 1704 1699 1695 1698 1706 1706 1706 1712 1703
859.254028 1701 1710 1716 1704 1709 1692 1709 1706 1700
859.27301 1706 1705 1689 1716 1700 1711 1707 1707 1708
859.29303 1711 1709 1701 1699 1705 1706 1700 1706 1711
859.312012 1694 1700 1696 1706 1705 1701 1705 1705 1710
859.33197 1709 1706 1708 1708 1716 1697 1699 1714 1716
859.351013 1702 1700 1711 1696 1710 1701 1703 1716 1717
859.370972 1715 1709 1702 1702 1701 1699 1708 1700 1711
859.390015 1702 1713 1693 1713 1706 1703 1709 1712 1700
859.409973 1698 1717 1716 1709 1705 1704 1694 1700 1702
859.429016 1703 1706 1704 1706 1704 1705 1701 1712 1710
859.448975 1709 1702 1714 1705 1703 1700 1713 1711 1696
859.468018 1714 1711 1708 1720 1705 1707 1714 1710 1716
859.487976 1700 1711 1718 1709 1709 1697 1699 1709 1701
859.507019 1720 1722 1708 1716 1693 1711 1710 1703 1726
859.526978 1703 1707 1714 1716 1704 1713 1716 1712 1710
859.546021 1698 1716 1702 1696 1700 1711 1713 1711 1715
859.565979 1703 1704 1703 1706 1705 1712 1704 1717 1714
859.585022 1710 1705 1716 1716 1716 1706 1709 1715 1713
859.60498 1709 1700 1714 1703 1715 1704 1711 1706 1707
859.624023 1719 1713 1720 1702 1706 1701 1708 1707 1716
859.643982 1704 1706 1706 1714 1705 1711 1723 1711 1709
859.663025 1709 1719 1720 1710 1710 1711 1709 1713 1709
859.682983 1695 1717 1699 1712 1705 1696 1717 1709 1708
859.702026 1697 1710 1713 1712 1705 1706 1697 1706 1716
859.721985 1712 1705 1710 1707 1708 1701 1701 1703 1709
859.741028 1704 1725 1703 1700 1709 1714 1710 1711 1711
859.760986 1717 1696 1704 1705 1709 1708 1707 1712 1702
859.780029 1701 1709 1704 1712 1708 1710 1697 1719 1715
859.799988 1709 1706 1709 1702 1708 1697 1704 1702 1709
859.81897 1707 1714 1707 1705 1706 1700 1704 1713 1708
859.838989 1701 1705 1710 1694 1695 1707 1702 1707 1706
859.857971 1709 1704 1705 1698 1707 1694 1714 1709 1708
859.877991 1704 1712 1716 1702 1699 1704 1709 1712 1714
859.896973 1712 1703 1706 1701 1702 1708 1709 1713 1713
859.916992 1705 1693 1692 1701 1705 1701 1704 1699 1710
859.935974 1699 1693 1710 1701 1690 1703 1695 1706 1711
859.955994 1704 1708 1711 1704 1695 1698 1706 1706 1712
859.974976 1703 1703 1712 1706 1696 1702 1703 1709 1713
859.994995 1713 1700 1700 1695 1697 1698 1707 1695 1697
860.013977 1699 1696 1702 1697 1699 1697 1702 1699 1702
860.033997 1700 1708 1718 1702 1702 1710 1701 1704 1712
860.052979 1708 1711 1705 1697 1703 1705 1706 1703 1702
860.072998 1694 1704 1708 1705 1702 1692 1704 1698 1699
860.09198 1705 1710 1705 1695 1698 1702 1692 1702 1702
860.112 1698 1703 1691 1703 1698 1701 1699 1704 1707
860.130981 1706 1705 1704 1713 1696 1701 1718 1710 1707
860.151001 1704 1704 1692 1700 1715 1695 1702 1708 1703
860.169983 1704 1694 1709 1703 1713 1692 1705 1705 1714
860.189026 1709 1704 1707 1709 1696 1705 1695 1691 1699
860.208984 1700 1695 1700 1711 1702 1705 1710 1712 1696
860.228027 1705 1705 1700 1707 1708 1708 1710 1703 1701
860.247986 1697 1700 1710 1696 1694 1699 1701 1703 1704
860.267029 1706 1699 1708 1701 1708 1704 1706 1700 1699
860.286987 1704 1707 1713 1707 1708 1700 1710 1701 1707
860.30603 1696 1699 1720 1702 1704 1702 1693 1703 1692
860.325989 1708 1706 1709 1700 1703 1700 1708 1705 1699
860.344971 1689 1701 1714 1693 1702 1702 1701 1705 1706
860.36499 1706 1703 1704 1696 1710 1716 1697 1705 1716
860.383972 1706 1709 1699 1704 1714 1696 1705 1703 1705
860.403992 1708 1699 1708 1707 1704 1714 1706 1710 1715
860.422974 1702 1710 1707 1710 1713 1710 1713 1714 1706
860.442993 1701 1708 1704 1710 1706 1699 1706 1700 1702
860.461975 1706 1701 1707 1708 1706 1703 1694 1709 1701
860.481995 1706 1700 1712 1699 1713 1702 1696 1699 1696
860.500977 1702 1705 1699 1714 1701 1712 1702 1698 1703
860.520996 1704 1709 1706 1706 1710 1706 1713 1694 1704
860.539978 1700 1716 1712 1710 1712 1706 1714 1708 1706
860.559021 1708 1707 1699 1704 1711 1696 1700 1706 1716
860.578979 1696 1711 1700 1703 1700 1711 1709 1709 1711
860.598022 1712 1706 1705 1705 1706 1704 1705 1709 1714
860.617981 1705 1709 1697 1703 1703 1711 1699 1705 1707
860.637024 1699 1707 1714 1710 1708 1719 1710 1718 1718
860.656982 1706 1706 1707 1721 1710 1700 1706 1707 1720
860.676025 1709 1702 1707 1697 1706 1719 1704 1710 1702
860.695984 1710 1718 1707 1711 1701 1707 1702 1703 1708
860.715027 1700 1709 1722 1711 1704 1701 1713 1707 1710
860.734985 1703 1704 1708 1703 1713 1698 1712 1702 1700
860.754028 1706 1709 1710 1704 1695 1699 1697 1706 1705
860.77301 1710 1713 1713 1710 1707 1709 1718 1708 1704
