0 11.25 22.5 33.75 45 56.25 67.5 78.75 90
530.992004 1267 1267 1266 1264 1269 1268 1268 1270 1267
531.030029 1268 1268 1269 1268 1272 1268 1270 1264 1265
531.067993 1269 1269 1266 1264 1266 1270 1269 1265 1265
531.10498 1267 1267 1267 1267 1266 1265 1266 1263 1267
531.143005 1266 1266 1268 1269 1268 1264 1264 1268 1267
531.18103 1265 1265 1265 1263 1271 1265 1265 1272 1270
531.218994 1266 1266 1263 1268 1270 1266 1266 1268 1265
531.257019 1266 1266 1264 1262 1267 1265 1265 1262 1266
531.294006 1267 1267 1264 1266 1272 1266 1264 1268 1267
531.33197 1267 1267 1267 1264 1265 1265 1262 1262 1265
531.369995 1267 1267 1265 1269 1265 1270 1265 1268 1267
531.40802 1271 1271 1266 1265 1268 1266 1267 1268 1269
531.445007 1270 1270 1271 1273 1264 1269 1270 1270 1268
531.482971 1271 1271 1271 1275 1271 1270 1275 1273 1273
531.520996 1272 1272 1269 1269 1273 1271 1277 1274 1269
531.559021 1277 1277 1267 1279 1269 1275 1272 1275 1272
531.596008 1271 1271 1271 1274 1275 1275 1271 1274 1270
531.633972 1272 1272 1277 1273 1272 1274 1273 1275 1272
531.671997 1271 1271 1272 1275 1268 1272 1275 1276 1272
531.710022 1277 1277 1277 1266 1278 1274 1270 1271 1274
531.747009 1277 1277 1274 1274 1273 1276 1276 1275 1273
531.784973 1276 1276 1270 1280 1274 1271 1276 1279 1277
531.822998 1280 1280 1284 1283 1280 1283 1282 1279 1274
531.861023 1311 1311 1303 1302 1300 1305 1305 1308 1299
531.898987 1373 1373 1381 1377 1370 1376 1367 1371 1379
531.935974 1838 1838 1814 1773 1768 1768 1767 1751 1771
531.973999 1861 1861 1880 1912 1922 1902 1907 1871 1905
532.012024 1826 1826 1846 1841 1839 1829 1838 1849 1842
532.049988 1854 1854 1835 1846 1861 1854 1850 1831 1841
532.086975 1858 1858 1846 1865 1880 1854 1852 1839 1836
532.125 1838 1838 1827 1849 1837 1827 1824 1799 1795
532.163025 1861 1861 1856 1867 1844 1837 1843 1823 1832
532.200989 1850 1850 1842 1846 1889 1878 1863 1825 1830
532.237976 1854 1854 1837 1865 1880 1857 1838 1855 1842
532.276001 1832 1832 1808 1793 1814 1806 1794 1830 1797
532.314026 1781 1781 1793 1822 1783 1779 1773 1795 1803
532.35199 1809 1809 1865 1843 1858 1826 1854 1837 1844
532.388977 1845 1845 1813 1851 1896 1842 1882 1836 1828
532.427002 1758 1758 1790 1815 1853 1794 1806 1806 1808
532.465027 1773 1773 1764 1789 1784 1790 1785 1771 1781
532.502991 1758 1758 1744 1753 1765 1762 1753 1762 1749
532.539978 1681 1681 1698 1700 1704 1676 1661 1688 1686
532.578003 1408 1408 1409 1418 1400 1411 1408 1414 1403
532.616028 1284 1284 1287 1288 1279 1282 1278 1281 1287
532.653992 1268 1268 1266 1271 1265 1267 1271 1267 1270
532.690979 1272 1272 1265 1272 1267 1269 1265 1270 1265
532.729004 1267 1267 1267 1266 1264 1265 1268 1269 1264
532.767029 1267 1267 1267 1266 1267 1267 1266 1263 1266
532.804993 1265 1265 1267 1264 1267 1268 1267 1263 1266
532.84198 1262 1262 1266 1268 1265 1263 1268 1268 1268
532.880005 1264 1264 1265 1266 1267 1263 1266 1264 1265
532.91803 1263 1263 1262 1264 1266 1261 1261 1263 1268
532.955994 1261 1261 1269 1267 1265 1261 1267 1263 1265
532.992981 1267 1267 1265 1266 1262 1263 1265 1263 1264
533.031006 1265 1265 1265 1266 1263 1262 1264 1266 1263
533.06897 1261 1261 1261 1266 1268 1264 1264 1263 1265
533.106995 1264 1264 1265 1266 1263 1268 1263 1266 1266
533.143982 1266 1266 1264 1266 1264 1262 1267 1265 1266
533.182007 1263 1263 1264 1265 1262 1263 1264 1261 1264
533.219971 1260 1260 1267 1264 1261 1260 1260 1264 1265
533.257996 1263 1263 1266 1260 1265 1265 1262 1263 1265
533.294983 1265 1265 1266 1264 1263 1266 1264 1264 1262
533.333008 1262 1262 1261 1262 1264 1262 1263 1262 1262
533.370972 1263 1263 1260 1262 1263 1262 1265 1263 1265
533.40802 1264 1264 1265 1263 1261 1260 1260 1263 1263
533.445984 1263 1263 1261 1263 1260 1260 1267 1264 1265
533.484009 1263 1263 1262 1263 1262 1264 1263 1263 1264
533.521973 1262 1262 1261 1262 1262 1264 1262 1263 1264
533.559021 1262 1262 1259 1260 1261 1265 1259 1264 1259
533.596985 1264 1264 1257 1263 1265 1265 1265 1261 1264
533.63501 1262 1262 1258 1262 1264 1263 1263 1262 1262
533.672974 1261 1261 1265 1261 1262 1266 1263 1259 1266
533.710022 1264 1264 1264 1263 1261 1261 1264 1259 1262
533.747986 1259 1259 1264 1264 1259 1263 1262 1263 1263
533.786011 1262 1262 1264 1261 1261 1262 1265 1263 1260
533.823975 1257 1257 1262 1264 1264 1268 1259 1261 1258
533.861023 1258 1258 1263 1261 1263 1264 1261 1261 1261
533.898987 1265 1265 1260 1264 1263 1263 1261 1262 1261
533.937012 1264 1264 1263 1262 1261 1263 1264 1263 1264
533.973999 1262 1262 1262 1261 1263 1265 1261 1260 1261
534.012024 1260 1260 1266 1265 1261 1260 1261 1260 1260
534.049988 1262 1262 1266 1259 1261 1260 1260 1262 1261
534.088013 1260 1260 1262 1260 1262 1261 1260 1263 1259
534.125 1261 1261 1260 1262 1262 1263 1261 1263 1262
534.163025 1258 1258 1257 1266 1259 1264 1261 1259 1260
534.200989 1259 1259 1261 1263 1261 1260 1263 1260 1260
534.239014 1263 1263 1263 1261 1264 1262 1261 1265 1260
534.276001 1262 1262 1265 1263 1264 1260 1258 1261 1263
534.314026 1263 1263 1264 1265 1263 1261 1264 1263 1270
534.35199 1262 1262 1261 1260 1263 1262 1267 1262 1263
534.388977 1262 1262 1263 1265 1262 1261 1263 1262 1262
534.427002 1264 1264 1260 1261 1262 1264 1259 1260 1261
534.465027 1263 1263 1261 1263 1261 1263 1262 1261 1263
534.502991 1259 1259 1265 1263 1263 1262 1260 1263 1261
534.539978 1261 1261 1267 1265 1264 1262 1261 1263 1260
534.578003 1261 1261 1262 1262 1262 1264 1262 1261 1260
534.616028 1262 1262 1263 1260 1261 1262 1262 1262 1260
534.653015 1262 1262 1259 1264 1263 1262 1264 1262 1261
534.690979 1262 1262 1256 1260 1262 1264 1261 1259 1262
534.729004 1261 1261 1263 1265 1259 1267 1263 1260 1260
534.767029 1260 1260 1261 1263 1262 1265 1259 1262 1262
534.804016 1261 1261 1263 1260 1265 1263 1261 1262 1260
534.84198 1264 1264 1263 1263 1262 1267 1261 1264 1265
534.880005 1259 1259 1261 1258 1262 1261 1258 1262 1264
534.916992 1262 1262 1258 1259 1266 1264 1261 1262 1266
534.955017 1262 1262 1261 1263 1260 1266 1262 1262 1262
534.992981 1261 1261 1260 1261 1263 1261 1262 1259 1265
535.031006 1263 1263 1265 1263 1265 1260 1260 1263 1262
535.067993 1266 1266 1264 1260 1263 1264 1261 1262 1259
535.106018 1262 1262 1263 1263 1260 1262 1261 1265 1260
535.143982 1261 1261 1259 1261 1258 1261 1260 1263 1263
535.18103 1262 1262 1261 1261 1260 1262 1267 1260 1261
535.218994 1258 1258 1261 1263 1261 1264 1265 1260 1264
535.257019 1261 1261 1264 1265 1262 1259 1265 1261 1261
535.294983 1265 1265 1265 1260 1265 1263 1262 1264 1264
535.33197 1266 1266 1270 1265 1264 1270 1263 1270 1268
535.369995 1268 1268 1273 1272 1269 1269 1266 1268 1267
535.40802 1264 1264 1269 1270 1268 1265 1269 1265 1272
535.445007 1272 1272 1269 1267 1269 1267 1268 1267 1269
535.482971 1266 1266 1265 1266 1265 1266 1263 1270 1270
535.520996 1265 1265 1267 1264 1269 1266 1264 1270 1272
535.557983 1269 1269 1270 1267 1269 1265 1266 1263 1266
535.596008 1269 1269 1270 1264 1268 1269 1265 1265 1265
535.633972 1268 1268 1263 1265 1266 1265 1267 1262 1265
535.671997 1266 1266 1265 1269 1271 1268 1265 1265 1263
535.708984 1262 1262 1259 1264 1265 1266 1267 1266 1262
535.747009 1267 1267 1264 1263 1269 1265 1264 1261 1267
535.784973 1268 1268 1264 1265 1263 1268 1264 1262 1261
535.822021 1268 1268 1266 1265 1267 1269 1266 1267 1267
535.859985 1263 1263 1266 1265 1263 1265 1265 1264 1265
535.89801 1270 1270 1269 1267 1267 1267 1272 1267 1265
535.934998 1267 1267 1268 1268 1269 1266 1265 1267 1266
535.973022 1269 1269 1264 1271 1273 1271 1269 1265 1270
536.010986 1270 1270 1272 1268 1270 1272 1268 1269 1271
536.049011 1270 1270 1267 1262 1274 1267 1269 1267 1267
536.085999 1271 1271 1270 1266 1269 1267 1267 1270 1266
536.124023 1264 1264 1264 1263 1268 1263 1265 1268 1265
536.161987 1263 1263 1260 1264 1264 1260 1264 1260 1262
536.198975 1261 1261 1260 1262 1260 1264 1263 1260 1260
536.237 1264 1264 1260 1262 1263 1266 1262 1260 1263
536.275024 1263 1263 1261 1260 1262 1265 1264 1261 1262
536.312012 1264 1264 1262 1265 1261 1263 1262 1262 1260
536.349976 1262 1262 1264 1263 1261 1260 1260 1262 1262
536.388 1263 1263 1262 1262 1260 1258 1263 1260 1261
536.424988 1258 1258 1260 1261 1261 1258 1266 1263 1262
536.463013 1263 1263 1258 1262 1261 1265 1261 1262 1264
536.500977 1261 1261 1261 1261 1263 1262 1263 1261 1265
536.539001 1260 1260 1259 1262 1259 1263 1259 1260 1262
536.575989 1261 1261 1260 1266 1262 1264 1261 1262 1263
536.614014 1261 1261 1264 1262 1264 1262 1263 1263 1260
536.651978 1263 1263 1267 1263 1262 1258 1264 1259 1262
536.689026 1263 1263 1263 1261 1265 1264 1264 1260 1262
536.72699 1264 1264 1264 1262 1263 1261 1261 1260 1261
536.765015 1266 1266 1262 1262 1261 1264 1265 1263 1260
536.802002 1260 1260 1261 1264 1262 1264 1262 1265 1261
536.840027 1262 1262 1263 1263 1261 1262 1260 1262 1263
536.877991 1262 1262 1264 1266 1261 1266 1261 1262 1261
536.914978 1260 1260 1261 1262 1261 1260 1261 1262 1262
536.953003 1261 1261 1261 1263 1265 1262 1263 1262 1261
536.991028 1263 1263 1261 1263 1260 1263 1263 1261 1262
537.028015 1263 1263 1259 1260 1264 1263 1263 1259 1262
537.065979 1261 1261 1263 1263 1259 1264 1263 1258 1259
537.104004 1265 1265 1262 1262 1260 1263 1263 1262 1262
537.140991 1262 1262 1263 1262 1262 1262 1262 1264 1259
537.179016 1263 1263 1263 1261 1264 1261 1262 1261 1263
537.21698 1262 1262 1261 1263 1264 1264 1261 1261 1261
537.254028 1262 1262 1262 1260 1262 1261 1262 1264 1262
537.291992 1263 1263 1261 1265 1262 1261 1260 1261 1264
537.330017 1260 1260 1261 1263 1262 1264 1262 1263 1261
537.367004 1261 1261 1263 1263 1264 1265 1258 1260 1260
537.405029 1262 1262 1261 1260 1263 1262 1262 1261 1261
537.442993 1260 1260 1265 1260 1261 1263 1259 1263 1259
537.481018 1264 1264 1261 1264 1267 1261 1259 1260 1263
537.518005 1262 1262 1260 1263 1261 1261 1261 1262 1263
537.55603 1264 1264 1261 1263 1259 1267 1260 1264 1262
537.593994 1261 1261 1263 1262 1264 1261 1262 1264 1266
537.630981 1261 1261 1262 1262 1265 1261 1264 1260 1262
537.669006 1262 1262 1263 1264 1262 1261 1266 1261 1260
537.70697 1258 1258 1263 1264 1258 1261 1262 1262 1264
537.744019 1260 1260 1262 1261 1263 1262 1267 1259 1261
537.781982 1262 1262 1261 1261 1265 1262 1261 1263 1263
537.820007 1263 1263 1258 1261 1262 1263 1261 1260 1264
537.856995 1263 1263 1264 1262 1264 1261 1260 1264 1259
537.89502 1262 1262 1261 1263 1263 1265 1262 1260 1264
537.932007 1264 1264 1264 1264 1261 1260 1264 1260 1266
537.969971 1262 1262 1261 1264 1261 1263 1262 1264 1264
538.007996 1263 1263 1266 1268 1263 1265 1263 1260 1263
538.046021 1261 1261 1260 1261 1263 1267 1265 1261 1262
538.083008 1260 1260 1263 1264 1266 1266 1261 1266 1261
538.120972 1264 1264 1260 1264 1260 1262 1262 1263 1262
538.158997 1263 1263 1266 1265 1264 1262 1259 1266 1261
538.195984 1263 1263 1262 1263 1264 1261 1264 1266 1261
538.234009 1265 1265 1265 1264 1264 1264 1263 1260 1262
538.270996 1263 1263 1262 1265 1264 1266 1262 1263 1263
538.309021 1263 1263 1263 1264 1266 1263 1268 1264 1265
538.346985 1262 1262 1265 1265 1266 1265 1264 1263 1263
538.383972 1264 1264 1262 1266 1264 1266 1263 1265 1266
538.421997 1262 1262 1265 1265 1262 1264 1262 1264 1264
538.460022 1269 1269 1267 1263 1265 1264 1264 1264 1265
538.497009 1267 1267 1264 1267 1266 1263 1263 1265 1265
538.534973 1267 1267 1265 1264 1266 1265 1263 1262 1268
538.572998 1266 1266 1265 1266 1264 1268 1267 1265 1267
538.609985 1263 1263 1269 1267 1266 1267 1260 1265 1266
538.64801 1263 1263 1268 1263 1263 1265 1265 1267 1267
538.685974 1267 1267 1271 1270 1265 1266 1269 1269 1268
538.723022 1269 1269 1267 1269 1270 1268 1271 1267 1267
538.760986 1272 1272 1273 1269 1270 1270 1270 1269 1267
538.799011 1273 1273 1268 1273 1268 1267 1269 1271 1270
538.835999 1273 1273 1274 1267 1272 1273 1266 1266 1273
538.874023 1272 1272 1266 1274 1273 1270 1276 1271 1273
538.911987 1272 1272 1275 1272 1273 1274 1271 1272 1270
538.948975 1275 1275 1274 1274 1275 1270 1278 1267 1276
538.987 1278 1278 1279 1279 1274 1270 1279 1268 1277
539.023987 1271 1271 1278 1279 1280 1274 1273 1282 1277
539.062012 1280 1280 1275 1284 1279 1278 1283 1278 1276
539.099976 1280 1280 1279 1286 1278 1281 1283 1283 1282
539.137024 1281 1281 1280 1284 1283 1286 1281 1276 1282
539.174988 1283 1283 1290 1291 1291 1283 1283 1289 1283
539.213013 1287 1287 1287 1296 1288 1282 1287 1289 1289
539.25 1299 1299 1289 1289 1291 1293 1295 1289 1292
539.288025 1299 1299 1302 1298 1297 1296 1291 1294 1304
539.325989 1308 1308 1300 1308 1299 1304 1304 1312 1315
539.362976 1316 1316 1307 1309 1318 1319 1308 1304 1308
539.401001 1317 1317 1320 1317 1321 1324 1324 1324 1325
539.439026 1332 1332 1336 1327 1329 1320 1332 1328 1319
539.476013 1320 1320 1336 1342 1327 1323 1319 1325 1328
539.513977 1335 1335 1333 1333 1327 1328 1333 1326 1332
539.551025 1327 1327 1340 1345 1324 1337 1336 1331 1323
539.588989 1329 1329 1344 1342 1341 1334 1331 1343 1341
539.627014 1338 1338 1337 1347 1345 1336 1340 1340 1337
539.664001 1339 1339 1341 1361 1352 1349 1349 1339 1347
539.702026 1342 1342 1358 1370 1357 1362 1349 1347 1342
539.73999 1359 1359 1356 1365 1365 1364 1363 1362 1352
539.776978 1361 1361 1367 1376 1358 1362 1356 1361 1351
539.815002 1376 1376 1375 1398 1377 1378 1372 1370 1364
539.853027 1384 1384 1369 1386 1375 1377 1365 1385 1377
539.890015 1372 1372 1388 1389 1390 1375 1386 1380 1391
539.927979 1387 1387 1390 1415 1384 1381 1377 1390 1386
539.965027 1390 1390 1399 1411 1400 1384 1392 1397 1402
540.002991 1394 1394 1399 1427 1397 1407 1400 1400 1398
540.041016 1420 1420 1425 1433 1407 1423 1409 1398 1423
540.078003 1413 1413 1420 1433 1408 1424 1419 1411 1401
540.116028 1437 1437 1437 1446 1430 1428 1440 1429 1422
540.153992 1445 1445 1453 1453 1440 1428 1430 1432 1440
540.190979 1447 1447 1441 1459 1452 1447 1450 1433 1433
540.229004 1451 1451 1452 1484 1440 1442 1438 1440 1437
540.265991 1453 1453 1452 1473 1451 1444 1451 1456 1441
540.304016 1453 1453 1475 1479 1463 1442 1464 1438 1451
540.34198 1452 1452 1454 1468 1473 1457 1441 1453 1465
540.379028 1456 1456 1474 1474 1467 1456 1452 1444 1460
540.416992 1459 1459 1460 1482 1457 1458 1458 1451 1444
540.455017 1444 1444 1469 1496 1450 1463 1466 1446 1455
540.492004 1443 1443 1453 1487 1453 1461 1448 1449 1466
540.530029 1458 1458 1475 1483 1465 1460 1445 1459 1457
540.567017 1469 1469 1471 1485 1461 1470 1461 1448 1464
540.60498 1458 1458 1471 1484 1466 1466 1456 1458 1468
540.643005 1458 1458 1471 1483 1470 1471 1460 1447 1455
540.679993 1462 1462 1470 1486 1475 1470 1473 1462 1465
540.718018 1458 1458 1468 1514 1464 1461 1464 1458 1473
540.755005 1466 1466 1467 1509 1466 1464 1464 1467 1481
540.79303 1474 1474 1469 1504 1468 1464 1448 1462 1467
540.830994 1463 1463 1475 1498 1473 1474 1460 1463 1469
540.867981 1486 1486 1474 1497 1468 1455 1453 1456 1466
540.906006 1469 1469 1463 1489 1469 1469 1472 1473 1461
540.94397 1459 1459 1466 1487 1470 1457 1455 1465 1466
540.981018 1461 1461 1477 1509 1476 1480 1478 1477 1465
541.018982 1455 1455 1473 1511 1492 1468 1459 1466 1463
541.05603 1449 1449 1476 1500 1468 1462 1475 1438 1455
541.093994 1469 1469 1474 1496 1480 1474 1475 1451 1469
541.132019 1458 1458 1475 1492 1466 1463 1463 1477 1477
541.169006 1461 1461 1470 1494 1476 1467 1446 1460 1477
541.20697 1451 1451 1462 1498 1464 1462 1462 1461 1460
541.244019 1464 1464 1462 1508 1476 1469 1465 1457 1462
541.281982 1454 1454 1446 1498 1469 1452 1467 1458 1459
541.320007 1461 1461 1481 1481 1466 1453 1465 1457 1459
541.356995 1461 1461 1455 1495 1458 1458 1457 1437 1451
541.39502 1459 1459 1464 1487 1465 1456 1457 1453 1467
541.432007 1454 1454 1472 1504 1457 1454 1458 1457 1455
541.469971 1463 1463 1461 1490 1462 1465 1459 1436 1462
541.507996 1446 1446 1487 1483 1455 1457 1442 1453 1456
541.544983 1469 1469 1461 1498 1455 1469 1455 1439 1451
541.583008 1450 1450 1456 1489 1447 1461 1455 1452 1462
541.620972 1478 1478 1457 1497 1458 1468 1434 1453 1448
541.65802 1450 1450 1454 1488 1453 1452 1456 1447 1461
541.695984 1452 1452 1463 1487 1468 1469 1448 1448 1441
541.732971 1457 1457 1470 1485 1469 1460 1449 1449 1467
541.770996 1457 1457 1454 1471 1475 1452 1452 1444 1474
541.809021 1449 1449 1475 1479 1468 1448 1462 1439 1448
541.846008 1453 1453 1460 1482 1476 1459 1461 1445 1463
541.883972 1468 1468 1466 1490 1460 1452 1455 1448 1455
541.921021 1448 1448 1473 1495 1473 1458 1463 1443 1449
541.958984 1448 1448 1448 1489 1479 1465 1447 1463 1452
541.997009 1452 1452 1448 1496 1461 1449 1458 1451 1447
542.033997 1453 1453 1445 1499 1464 1461 1461 1453 1448
542.072021 1458 1458 1467 1475 1450 1453 1445 1446 1455
542.109009 1469 1469 1480 1487 1472 1444 1450 1447 1466
542.146973 1458 1458 1457 1477 1455 1459 1444 1463 1460
542.184021 1471 1471 1482 1492 1464 1465 1456 1448 1475
542.221985 1462 1462 1460 1488 1465 1455 1459 1459 1444
542.26001 1439 1439 1466 1488 1459 1463 1465 1467 1463
542.296997 1464 1464 1464 1497 1470 1463 1462 1445 1451
542.335022 1456 1456 1469 1483 1452 1458 1454 1453 1457
542.372009 1463 1463 1477 1486 1449 1454 1467 1459 1456
542.409973 1469 1469 1462 1488 1463 1481 1441 1460 1465
542.447998 1459 1459 1466 1492 1465 1447 1458 1471 1464
542.484985 1460 1460 1465 1475 1463 1447 1455 1452 1440
542.52301 1456 1456 1464 1480 1475 1455 1463 1468 1463
542.559998 1458 1458 1459 1490 1458 1463 1442 1472 1446
542.598022 1452 1452 1460 1500 1471 1461 1445 1449 1450
542.63501 1449 1449 1459 1487 1467 1469 1461 1456 1462
542.672974 1462 1462 1461 1488 1460 1461 1456 1455 1470
542.710999 1465 1465 1474 1494 1474 1470 1462 1477 1458
542.747986 1471 1471 1482 1506 1486 1488 1460 1466 1456
542.786011 1477 1477 1489 1496 1483 1491 1472 1460 1476
542.822998 1479 1479 1469 1496 1497 1476 1471 1479 1488
542.861023 1476 1476 1481 1527 1479 1498 1493 1479 1492
542.898987 1494 1494 1508 1521 1498 1515 1500 1490 1505
542.935974 1513 1513 1516 1531 1516 1501 1512 1490 1495
542.973999 1502 1502 1500 1532 1524 1507 1505 1498 1502
543.010986 1502 1502 1503 1529 1506 1506 1500 1498 1499
543.049011 1514 1514 1536 1544 1535 1523 1507 1510 1512
543.085999 1542 1542 1532 1560 1543 1520 1526 1519 1539
543.124023 1551 1551 1550 1575 1556 1558 1553 1535 1554
543.161987 1572 1572 1582 1598 1600 1591 1555 1544 1566
543.198975 1575 1575 1611 1600 1582 1581 1606 1596 1583
543.237 1580 1580 1585 1610 1607 1588 1596 1589 1596
543.273987 1547 1547 1573 1587 1591 1567 1580 1557 1564
543.312012 1556 1556 1564 1594 1591 1549 1567 1555 1548
543.348999 1521 1521 1526 1568 1539 1537 1515 1540 1535
543.387024 1500 1500 1518 1558 1527 1501 1532 1512 1516
543.424988 1497 1497 1507 1524 1513 1504 1494 1500 1490
543.461975 1474 1474 1502 1519 1478 1481 1480 1478 1489
543.5 1479 1479 1477 1497 1467 1476 1476 1473 1481
543.536987 1468 1468 1482 1487 1474 1467 1461 1455 1472
543.575012 1462 1462 1469 1494 1463 1450 1474 1470 1453
543.612 1473 1473 1463 1504 1453 1450 1467 1457 1465
543.650024 1437 1437 1465 1500 1451 1457 1451 1470 1466
543.687988 1464 1464 1462 1483 1446 1447 1451 1456 1473
543.724976 1458 1458 1451 1480 1457 1445 1450 1453 1451
543.763 1475 1475 1455 1496 1472 1462 1450 1442 1466
543.799988 1449 1449 1462 1479 1459 1464 1444 1446 1467
543.838013 1455 1455 1457 1471 1457 1463 1450 1463 1459
543.875 1452 1452 1455 1483 1455 1458 1460 1465 1455
543.913025 1446 1446 1467 1489 1446 1457 1444 1455 1461
543.950989 1457 1457 1442 1469 1457 1440 1470 1434 1453
543.987976 1454 1454 1453 1488 1466 1449 1453 1442 1456
544.026001 1441 1441 1458 1486 1461 1446 1469 1447 1451
544.062988 1450 1450 1452 1471 1462 1458 1458 1436 1454
544.101013 1441 1441 1471 1489 1464 1458 1447 1462 1450
544.138 1450 1450 1456 1484 1473 1455 1448 1456 1463
544.176025 1453 1453 1459 1488 1455 1461 1458 1435 1440
544.213013 1457 1457 1476 1488 1466 1452 1465 1438 1446
544.250977 1452 1452 1452 1477 1461 1441 1455 1451 1430
544.289001 1433 1433 1463 1479 1444 1449 1442 1446 1452
544.325989 1444 1444 1456 1479 1454 1438 1450 1456 1467
544.364014 1455 1455 1455 1471 1452 1449 1474 1444 1459
544.401001 1452 1452 1449 1491 1478 1452 1463 1441 1464
544.439026 1448 1448 1464 1464 1464 1440 1456 1441 1436
544.476013 1447 1447 1477 1480 1450 1454 1447 1449 1444
544.513977 1448 1448 1465 1482 1453 1452 1455 1448 1449
544.551025 1445 1445 1472 1482 1464 1453 1462 1460 1466
544.588989 1450 1450 1451 1490 1467 1453 1443 1447 1459
544.625977 1451 1451 1477 1490 1457 1452 1445 1454 1446
544.664001 1447 1447 1463 1480 1463 1474 1456 1451 1457
544.702026 1439 1439 1464 1487 1468 1482 1461 1445 1457
544.739014 1477 1477 1456 1497 1471 1461 1454 1463 1453
544.776978 1462 1462 1478 1491 1474 1451 1476 1470 1478
544.814026 1464 1464 1469 1489 1483 1468 1453 1456 1453
544.85199 1465 1465 1465 1483 1458 1463 1444 1457 1470
544.888977 1468 1468 1474 1488 1469 1468 1454 1444 1458
544.927002 1462 1462 1466 1487 1474 1463 1449 1461 1465
544.963989 1457 1457 1449 1498 1450 1457 1456 1444 1453
545.002014 1450 1450 1454 1479 1462 1458 1463 1446 1448
545.039001 1443 1443 1445 1477 1443 1455 1454 1457 1444
545.077026 1460 1460 1453 1457 1473 1458 1439 1445 1445
545.11499 1463 1463 1438 1469 1436 1445 1451 1443 1441
545.151978 1444 1444 1461 1473 1451 1455 1416 1439 1444
545.190002 1439 1439 1444 1473 1443 1432 1437 1428 1435
545.22699 1430 1430 1436 1454 1443 1429 1429 1432 1450
545.265015 1430 1430 1443 1460 1432 1437 1411 1426 1427
545.302002 1444 1444 1436 1455 1442 1439 1421 1431 1432
545.340027 1429 1429 1439 1459 1435 1448 1426 1419 1446
545.377014 1435 1435 1433 1462 1432 1424 1445 1435 1431
545.414978 1437 1437 1448 1456 1454 1418 1442 1421 1434
545.452026 1437 1437 1451 1461 1439 1425 1449 1426 1438
545.48999 1446 1446 1447 1448 1414 1440 1444 1432 1427
545.526978 1439 1439 1438 1466 1458 1434 1423 1427 1424
545.565002 1432 1432 1437 1475 1436 1433 1433 1430 1431
545.60199 1419 1419 1445 1447 1444 1440 1414 1432 1427
545.640015 1430 1430 1443 1452 1449 1420 1441 1425 1424
545.677979 1426 1426 1433 1447 1438 1438 1434 1428 1429
545.715027 1425 1425 1431 1456 1446 1429 1440 1422 1437
545.752991 1437 1437 1440 1465 1431 1424 1417 1416 1430
545.789978 1433 1433 1443 1454 1438 1437 1416 1408 1424
545.828003 1432 1432 1429 1456 1428 1431 1426 1415 1421
545.86499 1431 1431 1436 1458 1436 1428 1412 1427 1430
545.903015 1423 1423 1431 1434 1420 1428 1423 1418 1430
545.940002 1424 1424 1436 1465 1422 1439 1426 1427 1417
545.978027 1430 1430 1421 1447 1433 1435 1419 1417 1424
546.015015 1426 1426 1438 1446 1431 1426 1419 1420 1422
546.052979 1434 1434 1437 1449 1431 1420 1415 1412 1422
546.090027 1413 1413 1428 1437 1424 1412 1425 1421 1432
546.127991 1424 1424 1422 1446 1427 1419 1412 1424 1423
546.164978 1415 1415 1411 1444 1418 1414 1411 1410 1421
546.203003 1417 1417 1415 1438 1421 1409 1410 1409 1409
546.23999 1416 1416 1410 1450 1433 1416 1421 1416 1418
546.278015 1399 1399 1418 1448 1429 1406 1398 1406 1412
546.315002 1428 1428 1423 1437 1419 1415 1392 1404 1392
546.353027 1406 1406 1407 1422 1412 1418 1404 1405 1409
546.390015 1422 1422 1412 1429 1418 1406 1408 1400 1402
546.427979 1405 1405 1416 1438 1412 1402 1406 1402 1404
546.465027 1403 1403 1426 1428 1411 1404 1410 1406 1403
546.502991 1403 1403 1419 1433 1426 1405 1412 1407 1407
546.539978 1408 1408 1430 1443 1413 1414 1412 1395 1410
546.578003 1407 1407 1408 1452 1411 1408 1399 1393 1401
546.61499 1421 1421 1416 1432 1412 1413 1393 1411 1405
546.653015 1413 1413 1433 1440 1419 1417 1405 1399 1424
546.690979 1414 1414 1423 1429 1420 1415 1405 1403 1412
546.728027 1408 1408 1412 1432 1420 1403 1402 1403 1402
546.765991 1421 1421 1416 1438 1430 1411 1401 1405 1423
546.802979 1412 1412 1422 1428 1429 1420 1400 1389 1420
546.841003 1432 1432 1419 1439 1443 1409 1396 1402 1423
546.877991 1424 1424 1414 1444 1438 1434 1395 1390 1420
546.916016 1432 1432 1427 1433 1439 1421 1398 1399 1424
546.953003 1451 1451 1417 1439 1448 1414 1392 1412 1425
546.991028 1456 1456 1436 1448 1451 1449 1397 1398 1444
547.028015 1472 1472 1434 1437 1453 1448 1396 1403 1468
547.065979 1472 1472 1452 1447 1472 1452 1392 1411 1463
547.103027 1497 1497 1486 1468 1518 1481 1403 1437 1489
547.140991 1579 1579 1504 1503 1566 1525 1402 1447 1554
547.177979 1680 1680 1564 1535 1688 1578 1417 1467 1664
547.216003 1761 1761 1594 1553 1768 1636 1437 1518 1775
547.252991 1842 1842 1664 1607 1842 1709 1443 1534 1859
547.291016 1939 1939 1722 1621 1922 1771 1432 1540 1911
547.328003 2021 2021 1774 1650 2018 1830 1429 1581 1974
547.366028 2150 2150 1831 1693 2115 1889 1451 1596 2118
547.403015 2248 2248 1873 1746 2197 1973 1455 1638 2191
547.440979 2282 2282 1905 1749 2276 2017 1452 1656 2232
547.478027 2251 2251 1927 1753 2271 2015 1474 1665 2216
547.515991 2272 2272 1893 1744 2302 2011 1462 1620 2213
547.552979 2150 2150 1853 1700 2178 1962 1450 1624 2090
547.591003 2046 2046 1773 1664 2064 1858 1447 1576 1993
547.627991 1909 1909 1695 1638 1943 1775 1417 1559 1899
547.666016 1813 1813 1615 1580 1814 1708 1424 1502 1793
547.703003 1711 1711 1582 1551 1726 1649 1413 1479 1700
547.741028 1614 1614 1539 1513 1673 1583 1407 1470 1631
547.778015 1546 1546 1483 1478 1559 1520 1412 1425 1556
547.815002 1518 1518 1452 1441 1497 1479 1388 1428 1520
547.853027 1479 1479 1453 1437 1480 1454 1395 1408 1465
547.890015 1474 1474 1417 1435 1473 1441 1394 1396 1438
547.927979 1436 1436 1427 1441 1447 1415 1378 1381 1448
547.965027 1434 1434 1433 1418 1436 1431 1402 1398 1428
548.002991 1414 1414 1443 1436 1430 1411 1393 1398 1417
548.039978 1414 1414 1414 1423 1429 1417 1382 1388 1406
548.078003 1407 1407 1400 1428 1426 1402 1378 1375 1413
548.11499 1411 1411 1408 1420 1411 1403 1368 1394 1405
548.153015 1395 1395 1396 1414 1411 1399 1385 1388 1402
548.190002 1407 1407 1401 1419 1419 1395 1388 1390 1413
548.228027 1396 1396 1409 1432 1401 1389 1396 1385 1393
548.265015 1389 1389 1392 1416 1414 1400 1385 1378 1406
548.302979 1414 1414 1401 1416 1398 1393 1387 1374 1391
548.340027 1413 1413 1395 1432 1414 1398 1387 1378 1398
548.377991 1404 1404 1409 1423 1396 1388 1381 1394 1415
548.414978 1412 1412 1406 1416 1413 1401 1389 1396 1400
548.453003 1411 1411 1413 1430 1420 1414 1406 1384 1396
548.48999 1404 1404 1404 1436 1414 1398 1393 1400 1413
548.528015 1419 1419 1410 1414 1411 1411 1396 1387 1404
548.565002 1400 1400 1399 1418 1407 1404 1401 1401 1397
548.603027 1385 1385 1395 1413 1399 1394 1393 1382 1403
548.640015 1387 1387 1393 1406 1394 1390 1386 1380 1391
548.677979 1390 1390 1387 1407 1392 1387 1380 1388 1377
548.715027 1403 1403 1392 1415 1379 1391 1374 1385 1377
548.752014 1374 1374 1390 1404 1385 1389 1368 1380 1379
548.789978 1381 1381 1382 1401 1396 1391 1372 1381 1380
548.827026 1379 1379 1374 1413 1394 1393 1366 1371 1368
548.86499 1385 1385 1378 1415 1386 1375 1370 1357 1385
548.901978 1387 1387 1400 1401 1374 1378 1364 1372 1384
548.940002 1389 1389 1386 1401 1379 1382 1370 1365 1378
548.97699 1378 1378 1389 1407 1395 1371 1379 1365 1384
549.015015 1369 1369 1381 1412 1379 1385 1373 1374 1377
549.052002 1367 1367 1388 1397 1385 1379 1376 1372 1372
549.090027 1370 1370 1378 1394 1386 1379 1375 1377 1390
549.127014 1377 1377 1375 1407 1373 1380 1376 1384 1383
549.164978 1388 1388 1390 1404 1386 1361 1376 1373 1377
549.202026 1384 1384 1398 1413 1385 1391 1387 1372 1383
549.23999 1397 1397 1411 1422 1415 1391 1403 1399 1391
549.276978 1424 1424 1414 1443 1416 1408 1418 1412 1408
549.314026 1430 1430 1438 1455 1430 1425 1416 1412 1414
549.35199 1442 1442 1435 1444 1422 1414 1426 1424 1430
549.388977 1429 1429 1443 1451 1445 1427 1424 1442 1420
549.427002 1407 1407 1431 1442 1419 1422 1419 1412 1420
549.463989 1409 1409 1421 1443 1416 1402 1390 1404 1408
549.502014 1395 1395 1403 1417 1408 1393 1400 1377 1397
549.539001 1384 1384 1389 1400 1384 1386 1384 1387 1387
549.577026 1384 1384 1377 1405 1393 1386 1369 1378 1389
549.614014 1386 1386 1395 1402 1391 1377 1372 1367 1372
549.651978 1380 1380 1393 1392 1370 1375 1374 1381 1372
549.689026 1376 1376 1381 1406 1382 1383 1367 1372 1365
549.726013 1364 1364 1379 1395 1381 1367 1366 1372 1374
549.763977 1368 1368 1384 1397 1381 1360 1365 1373 1375
549.801025 1372 1372 1374 1387 1385 1365 1362 1373 1370
549.838989 1375 1375 1382 1408 1384 1365 1375 1370 1365
549.875977 1365 1365 1379 1392 1382 1372 1371 1380 1361
549.914001 1384 1384 1369 1399 1381 1370 1368 1356 1375
549.950989 1367 1367 1378 1388 1364 1363 1367 1370 1365
549.989014 1375 1375 1378 1399 1364 1360 1369 1366 1369
550.026001 1357 1357 1369 1392 1365 1365 1367 1360 1367
550.062988 1377 1377 1371 1396 1374 1373 1369 1361 1376
550.101013 1366 1366 1370 1397 1373 1371 1363 1370 1369
550.138 1361 1361 1374 1390 1372 1370 1364 1359 1370
550.176025 1364 1364 1381 1390 1379 1370 1370 1362 1360
550.213013 1365 1365 1377 1389 1376 1367 1360 1358 1372
550.250977 1368 1368 1369 1396 1358 1371 1355 1362 1375
550.288025 1369 1369 1384 1398 1375 1356 1360 1362 1374
550.325989 1366 1366 1378 1397 1372 1368 1365 1367 1358
550.362976 1364 1364 1368 1387 1379 1366 1354 1360 1364
550.400024 1370 1370 1369 1388 1373 1367 1371 1355 1375
550.437988 1375 1375 1379 1402 1373 1357 1365 1366 1367
550.474976 1366 1366 1386 1394 1378 1373 1372 1363 1377
550.513 1365 1365 1360 1402 1374 1364 1368 1357 1358
550.549988 1373 1373 1366 1392 1373 1369 1365 1371 1364
550.588013 1365 1365 1377 1388 1372 1359 1369 1361 1370
550.625 1363 1363 1364 1386 1382 1373 1368 1363 1359
550.661987 1360 1360 1374 1399 1361 1361 1355 1359 1365
550.700012 1364 1364 1372 1396 1373 1361 1362 1355 1367
550.737 1370 1370 1359 1401 1374 1362 1375 1361 1361
550.775024 1365 1365 1367 1385 1370 1363 1363 1360 1364
550.812012 1371 1371 1378 1377 1360 1367 1364 1362 1364
550.849976 1373 1373 1367 1393 1374 1364 1356 1358 1363
550.887024 1360 1360 1366 1397 1364 1357 1363 1364 1364
550.924011 1368 1368 1366 1404 1383 1366 1359 1373 1356
550.961975 1368 1368 1374 1383 1382 1358 1357 1359 1366
550.999023 1360 1360 1384 1390 1373 1359 1358 1357 1352
551.036987 1367 1367 1366 1391 1365 1360 1361 1360 1357
551.073975 1364 1364 1366 1390 1371 1370 1350 1364 1363
551.112 1352 1352 1364 1380 1365 1359 1365 1369 1363
551.148987 1366 1366 1368 1384 1363 1366 1361 1369 1374
551.187012 1369 1369 1365 1381 1365 1369 1356 1367 1354
551.223999 1370 1370 1368 1390 1364 1369 1355 1365 1369
551.260986 1357 1357 1371 1388 1372 1373 1350 1354 1359
551.299011 1362 1362 1365 1399 1370 1354 1352 1368 1365
551.335999 1369 1369 1364 1392 1363 1372 1354 1370 1353
551.374023 1366 1366 1362 1388 1376 1372 1361 1362 1365
551.411011 1355 1355 1367 1392 1374 1348 1355 1352 1361
551.447998 1367 1367 1369 1393 1371 1365 1350 1365 1361
551.486023 1351 1351 1367 1403 1368 1376 1362 1361 1372
551.52301 1363 1363 1366 1396 1367 1353 1363 1363 1368
551.560974 1361 1361 1373 1380 1363 1367 1358 1357 1361
551.598022 1369 1369 1374 1381 1355 1368 1363 1357 1371
551.63501 1359 1359 1374 1395 1366 1362 1363 1354 1371
551.672974 1364 1364 1363 1389 1368 1363 1360 1359 1357
551.710022 1361 1361 1371 1386 1369 1354 1354 1361 1362
551.747986 1371 1371 1367 1391 1361 1368 1355 1360 1379
551.784973 1361 1361 1364 1380 1370 1347 1361 1354 1353
551.822998 1360 1360 1363 1392 1357 1357 1361 1344 1367
551.859985 1372 1372 1364 1384 1359 1370 1351 1354 1355
551.896973 1363 1363 1377 1386 1373 1366 1368 1358 1365
551.934998 1364 1364 1370 1383 1369 1355 1358 1361 1369
551.971985 1364 1364 1368 1394 1379 1352 1355 1360 1359
552.01001 1369 1369 1367 1398 1362 1364 1353 1350 1356
552.046997 1364 1364 1367 1385 1362 1361 1361 1356 1358
552.083984 1364 1364 1372 1385 1363 1362 1361 1353 1356
552.122009 1350 1350 1366 1381 1366 1359 1350 1356 1364
552.158997 1370 1370 1369 1389 1369 1363 1357 1358 1362
552.197021 1367 1367 1367 1395 1358 1363 1363 1352 1365
552.234009 1357 1357 1367 1387 1360 1359 1367 1355 1358
552.270996 1360 1360 1370 1386 1370 1359 1354 1355 1356
552.309021 1362 1362 1367 1386 1352 1359 1359 1354 1358
552.346008 1360 1360 1376 1385 1362 1349 1347 1355 1365
552.383972 1373 1373 1373 1385 1364 1361 1354 1358 1371
552.421021 1364 1364 1367 1381 1359 1345 1354 1363 1367
552.458008 1363 1363 1363 1378 1363 1357 1346 1356 1359
552.495972 1362 1362 1355 1393 1354 1358 1359 1346 1358
552.53302 1362 1362 1370 1391 1367 1367 1357 1353 1347
552.570984 1360 1360 1367 1382 1368 1360 1342 1360 1356
552.607971 1360 1360 1372 1378 1372 1366 1371 1355 1359
552.64502 1363 1363 1362 1380 1358 1361 1352 1359 1359
552.682983 1361 1361 1375 1381 1361 1353 1354 1358 1365
552.719971 1366 1366 1366 1380 1364 1361 1353 1355 1372
552.757996 1355 1355 1377 1382 1355 1345 1355 1357 1356
552.794983 1366 1366 1380 1391 1360 1347 1357 1359 1359
552.83197 1365 1365 1368 1380 1360 1363 1361 1360 1365
552.869995 1363 1363 1366 1384 1367 1351 1345 1355 1370
552.906982 1356 1356 1362 1385 1374 1355 1363 1361 1352
552.945007 1365 1365 1369 1395 1359 1365 1364 1360 1366
552.981995 1351 1351 1369 1381 1352 1361 1360 1350 1368
553.018982 1368 1368 1364 1382 1356 1354 1361 1361 1362
553.057007 1364 1364 1372 1387 1363 1367 1364 1363 1364
553.093994 1350 1350 1381 1385 1363 1360 1351 1355 1361
553.130981 1350 1350 1368 1382 1367 1360 1347 1344 1355
553.169006 1364 1364 1367 1398 1364 1362 1348 1349 1361
553.205994 1363 1363 1370 1390 1370 1364 1363 1349 1358
553.244019 1373 1373 1379 1392 1359 1369 1354 1366 1359
553.281006 1360 1360 1369 1390 1364 1361 1350 1353 1366
553.317993 1364 1364 1383 1391 1366 1355 1369 1358 1365
553.356018 1362 1362 1368 1385 1363 1368 1357 1364 1357
553.393005 1360 1360 1373 1395 1368 1353 1359 1361 1369
553.43103 1355 1355 1368 1398 1354 1357 1358 1357 1371
553.468018 1368 1368 1360 1380 1363 1355 1365 1360 1370
553.505005 1366 1366 1370 1389 1371 1369 1363 1358 1368
553.54303 1361 1361 1371 1383 1361 1361 1363 1359 1356
553.580017 1369 1369 1372 1389 1366 1360 1360 1360 1362
553.617004 1358 1358 1374 1379 1364 1367 1359 1374 1358
553.655029 1362 1362 1367 1392 1368 1369 1367 1367 1363
553.692017 1361 1361 1375 1390 1357 1372 1363 1359 1361
553.729004 1366 1366 1368 1388 1371 1356 1370 1359 1360
553.767029 1365 1365 1367 1385 1362 1362 1357 1363 1361
553.804016 1363 1363 1358 1381 1365 1361 1359 1353 1362
553.84198 1357 1357 1359 1375 1362 1360 1356 1350 1352
553.879028 1366 1366 1352 1385 1372 1352 1353 1346 1350
553.916016 1359 1359 1362 1384 1349 1356 1356 1352 1350
553.953979 1355 1355 1372 1385 1359 1348 1359 1356 1356
553.991028 1358 1358 1366 1397 1351 1350 1359 1362 1358
554.028015 1368 1368 1369 1387 1358 1350 1356 1348 1360
554.065979 1356 1356 1370 1386 1357 1356 1366 1354 1354
554.103027 1365 1365 1375 1381 1364 1363 1363 1358 1353
554.140991 1357 1357 1365 1378 1360 1349 1357 1354 1353
554.177979 1364 1364 1369 1387 1362 1378 1365 1356 1360
554.215027 1362 1362 1378 1390 1362 1366 1366 1363 1360
554.252991 1358 1358 1373 1403 1371 1362 1359 1359 1371
554.289978 1365 1365 1373 1392 1361 1362 1355 1360 1368
554.327026 1356 1356 1379 1375 1367 1364 1369 1368 1358
554.36499 1365 1365 1374 1386 1376 1374 1355 1365 1361
554.401978 1361 1361 1366 1394 1389 1355 1359 1362 1359
554.439026 1370 1370 1366 1387 1370 1369 1358 1365 1376
554.47699 1360 1360 1367 1376 1368 1363 1368 1358 1364
554.513977 1363 1363 1372 1379 1364 1362 1373 1360 1359
554.552002 1359 1359 1365 1397 1368 1370 1355 1366 1375
554.588989 1361 1361 1366 1387 1371 1359 1359 1359 1359
554.625977 1362 1362 1364 1397 1366 1366 1359 1358 1356
554.664001 1362 1362 1369 1389 1369 1355 1359 1347 1357
554.700989 1364 1364 1367 1395 1366 1371 1370 1360 1359
554.737976 1346 1346 1362 1383 1374 1363 1360 1361 1361
554.776001 1362 1362 1373 1383 1360 1363 1365 1374 1366
554.812988 1357 1357 1370 1383 1374 1360 1359 1367 1366
554.849976 1368 1368 1368 1390 1368 1368 1367 1367 1360
554.888 1364 1364 1382 1379 1362 1363 1369 1358 1367
554.924988 1368 1368 1364 1381 1360 1360 1358 1369 1366
554.961975 1363 1363 1368 1387 1380 1374 1368 1357 1368
555 1372 1372 1376 1385 1374 1349 1360 1362 1360
555.036987 1373 1373 1381 1391 1376 1365 1370 1345 1368
555.073975 1371 1371 1366 1391 1373 1365 1359 1364 1364
555.112 1374 1374 1375 1390 1376 1360 1375 1361 1362
555.148987 1364 1364 1362 1383 1373 1362 1363 1367 1378
555.185974 1368 1368 1381 1389 1372 1370 1365 1368 1370
555.223999 1368 1368 1374 1384 1372 1371 1369 1360 1374
555.260986 1361 1361 1375 1389 1375 1372 1372 1371 1366
555.297974 1354 1354 1372 1402 1376 1365 1358 1365 1371
555.335999 1375 1375 1372 1394 1367 1374 1374 1374 1382
555.372986 1365 1365 1373 1392 1384 1370 1371 1353 1363
555.409973 1367 1367 1369 1392 1375 1357 1367 1367 1365
555.447998 1363 1363 1382 1392 1386 1374 1366 1363 1373
555.484985 1369 1369 1378 1385 1373 1369 1361 1376 1375
555.521973 1371 1371 1368 1400 1381 1371 1376 1369 1381
555.559998 1376 1376 1375 1401 1373 1370 1369 1363 1385
555.596985 1373 1373 1382 1404 1378 1374 1371 1370 1372
555.633972 1376 1376 1392 1400 1381 1382 1375 1373 1370
555.671997 1376 1376 1379 1409 1374 1376 1375 1377 1390
555.708984 1384 1384 1388 1416 1382 1383 1386 1383 1379
555.745972 1383 1383 1396 1414 1391 1383 1379 1388 1379
555.783997 1374 1374 1401 1403 1397 1383 1381 1381 1378
555.820984 1397 1397 1392 1414 1406 1397 1393 1389 1385
555.857971 1393 1393 1403 1419 1409 1382 1397 1390 1389
555.895996 1390 1390 1411 1424 1396 1391 1396 1394 1394
555.932983 1393 1393 1402 1422 1389 1411 1395 1392 1382
555.969971 1393 1393 1408 1434 1409 1389 1401 1401 1392
556.007996 1408 1408 1411 1417 1412 1398 1402 1407 1411
556.044983 1397 1397 1408 1432 1413 1407 1399 1412 1396
556.08197 1409 1409 1405 1432 1417 1411 1408 1414 1403
556.119995 1411 1411 1403 1436 1403 1403 1409 1402 1399
556.156982 1415 1415 1421 1438 1407 1418 1417 1417 1419
556.19397 1408 1408 1423 1427 1424 1399 1404 1406 1418
556.231995 1416 1416 1420 1440 1427 1416 1421 1414 1419
556.268982 1424 1424 1417 1440 1423 1424 1419 1405 1418
556.30603 1428 1428 1406 1443 1409 1412 1408 1410 1397
556.343994 1402 1402 1401 1437 1416 1399 1400 1422 1398
556.380981 1403 1403 1421 1416 1411 1409 1390 1397 1426
556.41803 1395 1395 1420 1407 1410 1392 1411 1394 1397
556.455994 1397 1397 1399 1409 1411 1393 1388 1386 1386
556.492981 1380 1380 1398 1407 1400 1388 1384 1388 1377
556.530029 1380 1380 1381 1401 1382 1384 1377 1384 1381
556.567993 1379 1379 1382 1397 1381 1371 1374 1365 1368
556.60498 1363 1363 1378 1393 1375 1363 1372 1357 1367
556.642029 1375 1375 1373 1394 1379 1358 1371 1362 1365
556.679016 1362 1362 1361 1387 1364 1367 1359 1362 1356
556.71698 1358 1358 1373 1387 1372 1371 1359 1364 1353
556.754028 1370 1370 1356 1394 1356 1363 1370 1362 1361
556.791016 1362 1362 1374 1378 1359 1358 1359 1353 1362
556.828979 1358 1358 1362 1379 1361 1366 1361 1353 1357
556.866028 1364 1364 1360 1379 1371 1367 1348 1361 1363
556.903015 1359 1359 1372 1378 1371 1354 1363 1338 1352
556.940979 1366 1366 1373 1375 1352 1352 1355 1355 1360
556.978027 1365 1365 1362 1381 1351 1356 1363 1362 1358
557.015015 1360 1360 1360 1381 1350 1366 1359 1352 1357
557.052002 1355 1355 1365 1376 1357 1350 1353 1352 1362
557.090027 1351 1351 1370 1367 1358 1349 1349 1362 1353
557.127014 1361 1361 1353 1378 1357 1355 1361 1347 1344
557.164001 1356 1356 1358 1377 1369 1351 1351 1354 1349
557.202026 1346 1346 1362 1374 1369 1355 1354 1352 1361
557.239014 1356 1356 1366 1377 1362 1357 1343 1355 1350
557.276001 1353 1353 1354 1370 1357 1340 1351 1343 1357
557.314026 1354 1354 1356 1372 1351 1347 1338 1351 1347
557.351013 1348 1348 1357 1375 1349 1354 1359 1347 1348
557.388 1353 1353 1359 1367 1363 1350 1344 1347 1346
557.424988 1350 1350 1359 1373 1353 1353 1346 1337 1358
557.463013 1353 1353 1357 1374 1355 1344 1342 1345 1353
557.5 1346 1346 1364 1373 1350 1355 1350 1348 1338
557.536987 1348 1348 1357 1370 1350 1350 1350 1353 1343
557.575012 1353 1353 1353 1365 1352 1341 1347 1349 1348
557.612 1353 1353 1357 1374 1355 1361 1355 1342 1352
557.648987 1355 1355 1366 1382 1345 1351 1348 1346 1343
557.687012 1355 1355 1350 1372 1343 1341 1348 1342 1347
557.723999 1347 1347 1352 1367 1355 1352 1352 1348 1346
557.760986 1361 1361 1348 1372 1351 1348 1342 1344 1341
557.797974 1349 1349 1354 1370 1354 1352 1344 1339 1350
557.835999 1349 1349 1354 1373 1340 1351 1340 1346 1349
557.872986 1350 1350 1360 1373 1357 1341 1345 1330 1340
557.909973 1348 1348 1347 1375 1348 1345 1339 1345 1346
557.947998 1346 1346 1357 1371 1341 1340 1344 1344 1355
557.984985 1349 1349 1339 1370 1358 1341 1339 1344 1341
558.021973 1349 1349 1347 1379 1347 1349 1340 1341 1344
558.059021 1345 1345 1360 1368 1345 1351 1349 1348 1353
558.096985 1353 1353 1347 1376 1347 1342 1343 1339 1337
558.133972 1352 1352 1332 1367 1350 1347 1337 1337 1345
558.171021 1346 1346 1348 1380 1357 1355 1343 1338 1348
558.208008 1341 1341 1350 1376 1338 1356 1340 1351 1333
558.245972 1344 1344 1350 1368 1358 1340 1348 1343 1336
558.28302 1338 1338 1358 1365 1342 1335 1347 1337 1338
558.320007 1340 1340 1355 1369 1348 1344 1350 1339 1350
558.357971 1348 1348 1344 1358 1343 1324 1343 1341 1343
558.39502 1343 1343 1345 1366 1339 1344 1343 1340 1338
558.432007 1342 1342 1356 1363 1344 1348 1335 1333 1334
558.468994 1338 1338 1352 1362 1351 1337 1345 1336 1333
558.507019 1342 1342 1342 1371 1353 1337 1327 1330 1337
558.544006 1345 1345 1356 1370 1346 1339 1332 1338 1334
558.580994 1333 1333 1354 1369 1346 1345 1339 1336 1343
558.619019 1342 1342 1352 1372 1347 1338 1347 1339 1342
558.656006 1344 1344 1340 1369 1352 1348 1342 1331 1335
558.692993 1348 1348 1339 1365 1348 1334 1347 1339 1340
558.72998 1335 1335 1346 1357 1341 1336 1331 1343 1338
558.768005 1330 1330 1342 1371 1341 1337 1336 1331 1327
558.804993 1344 1344 1339 1369 1344 1331 1338 1334 1340
558.84198 1341 1341 1347 1372 1345 1342 1340 1331 1336
558.879028 1340 1340 1348 1368 1348 1336 1344 1328 1336
558.916992 1344 1344 1347 1360 1351 1332 1335 1333 1333
558.953979 1343 1343 1338 1351 1348 1344 1328 1336 1343
558.991028 1338 1338 1351 1357 1345 1340 1331 1339 1340
559.028015 1341 1341 1349 1362 1338 1339 1327 1327 1331
559.065979 1342 1342 1348 1365 1344 1335 1332 1333 1339
559.103027 1332 1332 1346 1378 1343 1337 1338 1332 1333
559.140015 1331 1331 1353 1359 1347 1330 1339 1333 1334
559.177002 1329 1329 1337 1364 1342 1332 1331 1325 1337
559.215027 1337 1337 1339 1354 1328 1335 1332 1330 1323
559.252014 1334 1334 1341 1353 1336 1343 1329 1329 1339
559.289001 1337 1337 1338 1353 1339 1342 1331 1330 1330
559.325989 1340 1340 1352 1358 1334 1339 1330 1330 1330
559.364014 1336 1336 1345 1348 1325 1333 1323 1324 1340
559.401001 1330 1330 1345 1353 1331 1334 1331 1329 1336
559.437988 1330 1330 1341 1357 1337 1346 1325 1329 1336
559.474976 1343 1343 1341 1360 1340 1332 1329 1340 1334
559.513 1336 1336 1337 1347 1334 1339 1326 1323 1328
559.549988 1334 1334 1335 1351 1330 1338 1336 1331 1337
559.586975 1336 1336 1342 1351 1340 1327 1324 1321 1330
559.624023 1330 1330 1334 1364 1339 1329 1333 1334 1334
559.661987 1335 1335 1342 1354 1332 1323 1322 1320 1334
559.698975 1334 1334 1335 1359 1328 1332 1335 1328 1327
559.736023 1333 1333 1335 1362 1345 1325 1328 1334 1334
559.77301 1334 1334 1332 1349 1337 1326 1327 1322 1331
559.810974 1335 1335 1335 1362 1337 1334 1325 1337 1329
559.848022 1329 1329 1343 1357 1345 1336 1330 1326 1334
559.88501 1334 1334 1328 1370 1341 1335 1326 1322 1338
559.921997 1326 1326 1349 1354 1339 1324 1330 1331 1337
559.960022 1332 1332 1345 1365 1335 1328 1331 1325 1333
559.997009 1339 1339 1338 1361 1337 1329 1324 1329 1340
560.033997 1334 1334 1336 1373 1331 1333 1333 1337 1341
560.070984 1341 1341 1347 1363 1345 1345 1340 1334 1331
560.109009 1342 1342 1353 1357 1334 1340 1339 1325 1348
560.145996 1334 1334 1357 1358 1347 1338 1329 1329 1347
560.182983 1335 1335 1353 1360 1344 1327 1337 1341 1339
560.219971 1343 1343 1346 1369 1341 1347 1350 1340 1340
560.257996 1351 1351 1349 1367 1347 1343 1335 1338 1343
560.294983 1354 1354 1341 1368 1352 1342 1343 1338 1346
560.33197 1342 1342 1348 1381 1352 1353 1342 1348 1351
560.369019 1347 1347 1353 1365 1337 1345 1346 1346 1341
560.406006 1344 1344 1369 1362 1341 1353 1348 1345 1345
560.44397 1341 1341 1355 1364 1361 1349 1342 1347 1346
560.481018 1349 1349 1363 1377 1352 1342 1343 1338 1349
560.518005 1353 1353 1359 1371 1355 1360 1341 1354 1343
560.554993 1350 1350 1349 1381 1357 1345 1345 1344 1351
560.593018 1352 1352 1350 1372 1342 1348 1344 1343 1351
560.630005 1344 1344 1358 1365 1353 1345 1347 1345 1355
560.666992 1353 1353 1349 1369 1357 1342 1336 1349 1341
560.703979 1346 1346 1366 1372 1362 1361 1357 1347 1353
560.742004 1356 1356 1349 1368 1353 1358 1348 1340 1346
560.778992 1359 1359 1348 1369 1366 1346 1354 1341 1352
560.815979 1355 1355 1350 1367 1351 1354 1339 1349 1342
560.853027 1343 1343 1355 1372 1356 1342 1345 1347 1346
560.890015 1345 1345 1354 1361 1355 1341 1348 1342 1350
560.927979 1347 1347 1355 1390 1347 1342 1341 1339 1347
560.965027 1348 1348 1336 1378 1345 1345 1339 1336 1345
561.002014 1357 1357 1357 1364 1354 1343 1347 1341 1351
561.039001 1348 1348 1359 1377 1354 1352 1337 1344 1351
561.075989 1344 1344 1366 1376 1364 1333 1336 1340 1349
561.114014 1351 1351 1351 1382 1360 1353 1344 1340 1348
561.151001 1352 1352 1366 1372 1353 1356 1349 1342 1351
561.187988 1353 1353 1354 1369 1342 1352 1343 1361 1340
561.224976 1361 1361 1356 1366 1355 1357 1348 1340 1355
561.263 1356 1356 1351 1375 1350 1346 1351 1338 1345
561.299988 1354 1354 1360 1366 1351 1351 1358 1346 1350
561.336975 1359 1359 1351 1378 1345 1350 1346 1343 1356
561.374023 1349 1349 1352 1377 1349 1346 1341 1348 1346
561.411011 1355 1355 1348 1366 1349 1347 1342 1340 1354
561.448975 1351 1351 1356 1362 1352 1339 1347 1333 1352
561.486023 1361 1361 1342 1367 1350 1340 1340 1348 1344
561.52301 1360 1360 1360 1372 1361 1354 1345 1336 1344
561.559998 1349 1349 1358 1374 1353 1335 1346 1341 1340
561.596985 1349 1349 1343 1371 1350 1341 1347 1351 1347
561.63501 1352 1352 1354 1393 1349 1351 1339 1345 1349
561.671997 1349 1349 1341 1364 1355 1351 1338 1339 1339
561.708984 1356 1356 1351 1368 1351 1334 1349 1339 1344
561.745972 1354 1354 1363 1368 1357 1341 1348 1346 1359
561.78302 1343 1343 1356 1365 1347 1347 1336 1347 1348
561.820984 1343 1343 1349 1364 1359 1339 1339 1340 1355
561.857971 1346 1346 1342 1369 1340 1341 1343 1328 1336
561.89502 1344 1344 1349 1357 1343 1334 1338 1340 1342
561.932007 1351 1351 1350 1368 1344 1352 1339 1344 1346
561.968994 1344 1344 1353 1364 1344 1340 1334 1340 1339
562.007019 1348 1348 1340 1362 1344 1333 1325 1335 1344
562.044006 1332 1332 1338 1360 1342 1337 1336 1345 1336
562.080994 1326 1326 1344 1359 1341 1334 1345 1329 1335
562.117981 1342 1342 1343 1352 1339 1335 1333 1325 1338
562.155029 1328 1328 1334 1360 1330 1339 1333 1325 1331
562.192993 1337 1337 1345 1353 1334 1329 1336 1331 1330
562.22998 1330 1330 1340 1352 1338 1333 1324 1333 1328
562.267029 1337 1337 1331 1367 1343 1335 1333 1323 1325
562.304016 1328 1328 1342 1356 1339 1323 1318 1326 1328
562.341003 1330 1330 1340 1340 1344 1330 1326 1325 1327
562.377991 1334 1334 1333 1349 1325 1331 1325 1332 1322
562.416016 1336 1336 1332 1361 1334 1331 1327 1313 1319
562.453003 1326 1326 1333 1359 1330 1328 1333 1332 1324
562.48999 1326 1326 1337 1353 1333 1323 1330 1322 1322
562.526978 1319 1319 1337 1340 1317 1333 1325 1332 1327
562.564026 1328 1328 1334 1354 1331 1325 1320 1325 1319
562.60199 1324 1324 1333 1355 1334 1326 1324 1320 1327
562.638977 1327 1327 1334 1346 1332 1337 1336 1321 1326
562.676025 1335 1335 1325 1351 1329 1321 1317 1324 1335
562.713013 1326 1326 1340 1348 1320 1337 1334 1333 1320
562.75 1325 1325 1339 1337 1334 1325 1320 1329 1316
562.786987 1318 1318 1339 1355 1329 1316 1323 1326 1322
562.825012 1325 1325 1330 1345 1334 1328 1324 1323 1323
562.862 1317 1317 1326 1353 1331 1331 1321 1323 1322
562.898987 1314 1314 1325 1343 1333 1325 1319 1314 1326
562.935974 1326 1326 1335 1347 1326 1325 1323 1325 1320
562.973022 1334 1334 1331 1347 1323 1326 1316 1308 1318
563.01001 1329 1329 1332 1344 1328 1331 1333 1321 1328
563.047974 1329 1329 1327 1341 1329 1320 1322 1318 1324
563.085022 1318 1318 1333 1345 1329 1323 1324 1328 1320
563.122009 1315 1315 1330 1348 1334 1320 1319 1319 1319
563.158997 1325 1325 1337 1337 1327 1325 1319 1320 1318
563.195984 1328 1328 1331 1348 1332 1324 1323 1314 1320
563.234009 1323 1323 1332 1346 1331 1320 1326 1315 1320
563.270996 1321 1321 1323 1352 1319 1324 1324 1313 1330
563.307983 1325 1325 1334 1340 1323 1316 1327 1320 1325
563.344971 1320 1320 1336 1338 1323 1322 1310 1316 1316
563.382019 1326 1326 1321 1354 1331 1325 1326 1317 1326
563.419006 1316 1316 1331 1341 1326 1321 1315 1313 1316
563.455994 1322 1322 1333 1339 1320 1316 1321 1315 1318
563.494019 1326 1326 1320 1338 1327 1313 1315 1319 1310
563.531006 1320 1320 1320 1344 1319 1321 1320 1320 1317
563.567993 1321 1321 1333 1350 1327 1324 1328 1316 1315
563.60498 1326 1326 1314 1343 1320 1319 1321 1318 1309
563.642029 1319 1319 1334 1335 1321 1322 1314 1318 1315
563.679016 1318 1318 1317 1332 1317 1321 1323 1327 1312
563.71698 1322 1322 1326 1336 1325 1319 1324 1303 1315
563.754028 1328 1328 1325 1338 1325 1322 1316 1320 1320
563.791016 1321 1321 1321 1341 1323 1320 1323 1314 1324
563.828003 1317 1317 1324 1338 1326 1328 1325 1315 1319
563.86499 1316 1316 1321 1342 1334 1323 1321 1314 1323
563.901978 1310 1310 1325 1342 1321 1321 1312 1315 1327
563.940002 1315 1315 1325 1345 1327 1329 1323 1318 1314
563.97699 1318 1318 1329 1342 1323 1325 1318 1319 1318
564.013977 1316 1316 1333 1348 1327 1317 1322 1314 1306
564.051025 1321 1321 1323 1346 1316 1311 1318 1318 1313
564.088013 1324 1324 1320 1331 1312 1328 1319 1315 1319
564.125 1318 1318 1329 1341 1319 1312 1320 1316 1319
564.161987 1320 1320 1325 1334 1319 1322 1322 1326 1315
564.200012 1309 1309 1329 1335 1322 1305 1315 1318 1315
564.237 1329 1329 1331 1338 1325 1321 1309 1323 1317
564.273987 1314 1314 1324 1341 1314 1320 1314 1320 1313
564.310974 1318 1318 1331 1340 1325 1326 1328 1319 1315
564.348022 1323 1323 1321 1328 1331 1309 1314 1319 1314
564.38501 1327 1327 1324 1336 1315 1322 1312 1320 1317
564.421997 1322 1322 1319 1337 1321 1326 1320 1315 1318
564.460022 1323 1323 1328 1343 1318 1319 1314 1317 1312
564.497009 1324 1324 1326 1342 1323 1316 1314 1318 1324
564.533997 1326 1326 1318 1326 1332 1316 1311 1317 1311
564.570984 1327 1327 1334 1334 1329 1315 1321 1320 1315
564.607971 1317 1317 1320 1336 1318 1316 1320 1315 1321
564.64502 1315 1315 1324 1331 1320 1318 1320 1313 1316
564.682007 1316 1316 1323 1342 1322 1320 1321 1314 1324
564.718994 1318 1318 1317 1352 1321 1315 1313 1311 1312
564.757019 1323 1323 1326 1342 1324 1318 1319 1317 1309
564.794006 1322 1322 1332 1331 1328 1322 1332 1322 1319
564.830994 1324 1324 1326 1338 1320 1316 1312 1320 1324
564.867981 1320 1320 1326 1332 1330 1324 1316 1314 1320
564.905029 1309 1309 1315 1345 1323 1317 1324 1314 1326
564.942017 1312 1312 1319 1344 1328 1317 1328 1325 1316
564.979004 1323 1323 1328 1337 1321 1312 1320 1314 1310
565.015991 1317 1317 1322 1332 1322 1319 1326 1311 1318
565.054016 1319 1319 1323 1338 1326 1320 1310 1313 1315
565.091003 1320 1320 1323 1326 1313 1320 1321 1310 1314
565.127991 1308 1308 1318 1342 1315 1316 1325 1323 1316
565.164978 1308 1308 1324 1344 1324 1313 1322 1323 1320
565.202026 1319 1319 1325 1340 1324 1313 1318 1318 1310
565.239014 1314 1314 1326 1343 1312 1314 1312 1316 1311
565.276001 1313 1313 1331 1335 1315 1312 1322 1313 1315
565.312988 1322 1322 1335 1342 1319 1316 1322 1313 1306
565.351013 1321 1321 1327 1339 1321 1326 1318 1312 1315
565.388 1319 1319 1316 1322 1318 1325 1314 1320 1316
565.424988 1316 1316 1317 1334 1324 1319 1317 1319 1317
565.461975 1313 1313 1324 1335 1322 1325 1319 1316 1320
565.499023 1328 1328 1322 1346 1314 1315 1308 1322 1321
565.536011 1318 1318 1325 1334 1322 1318 1325 1315 1315
565.572998 1317 1317 1336 1344 1320 1312 1321 1318 1310
565.609985 1323 1323 1320 1345 1319 1308 1309 1314 1308
565.64801 1323 1323 1315 1333 1318 1322 1320 1314 1318
565.684998 1325 1325 1315 1338 1324 1308 1307 1310 1326
565.721985 1325 1325 1323 1341 1320 1324 1329 1311 1311
565.758972 1315 1315 1324 1344 1320 1321 1319 1313 1316
565.796021 1321 1321 1320 1342 1319 1321 1317 1316 1323
565.833008 1326 1326 1318 1343 1319 1325 1319 1309 1311
565.869995 1325 1325 1318 1330 1325 1320 1312 1311 1317
565.906982 1323 1323 1321 1350 1310 1319 1323 1311 1312
565.94397 1319 1319 1325 1326 1324 1318 1312 1306 1322
565.981018 1314 1314 1323 1338 1322 1312 1310 1307 1311
566.018982 1316 1316 1326 1332 1317 1316 1324 1316 1318
566.05603 1317 1317 1335 1339 1322 1320 1312 1317 1323
566.093018 1318 1318 1323 1343 1320 1308 1322 1319 1313
566.130005 1321 1321 1332 1338 1325 1314 1312 1323 1317
566.166992 1317 1317 1315 1324 1323 1317 1313 1314 1317
566.203979 1315 1315 1322 1333 1334 1312 1315 1316 1322
566.241028 1321 1321 1319 1353 1322 1314 1315 1314 1317
566.278015 1329 1329 1332 1341 1320 1314 1315 1314 1323
566.315002 1316 1316 1327 1350 1327 1319 1309 1312 1315
566.35199 1317 1317 1325 1341 1323 1311 1328 1310 1323
566.390015 1320 1320 1320 1345 1327 1323 1316 1317 1315
566.427002 1321 1321 1324 1337 1324 1321 1313 1322 1315
566.463989 1319 1319 1318 1330 1327 1330 1329 1317 1316
566.500977 1326 1326 1322 1335 1326 1315 1318 1304 1309
566.538025 1323 1323 1320 1346 1327 1319 1327 1313 1317
566.575012 1317 1317 1329 1342 1325 1323 1320 1314 1318
566.612 1318 1318 1330 1334 1327 1320 1317 1320 1323
566.648987 1322 1322 1323 1338 1316 1320 1323 1311 1316
566.685974 1323 1323 1324 1347 1314 1321 1321 1320 1310
566.723022 1321 1321 1325 1331 1315 1319 1330 1325 1313
566.76001 1318 1318 1326 1347 1326 1315 1317 1321 1314
566.796997 1325 1325 1322 1345 1318 1314 1310 1313 1325
566.835022 1322 1322 1329 1328 1328 1320 1327 1315 1322
566.872009 1322 1322 1322 1341 1320 1322 1324 1320 1315
566.908997 1321 1321 1325 1345 1329 1317 1317 1320 1319
566.945984 1326 1326 1328 1333 1326 1319 1317 1315 1321
566.982971 1323 1323 1326 1347 1331 1316 1321 1323 1328
567.02002 1325 1325 1325 1346 1319 1311 1316 1316 1316
567.057007 1322 1322 1339 1347 1322 1324 1318 1315 1319
567.093994 1335 1335 1323 1339 1324 1320 1324 1317 1323
567.130981 1311 1311 1333 1341 1332 1316 1316 1327 1325
567.16803 1318 1318 1330 1332 1326 1331 1312 1322 1325
567.205017 1323 1323 1331 1338 1329 1318 1316 1314 1326
567.242004 1325 1325 1322 1339 1331 1320 1323 1323 1322
567.278992 1323 1323 1328 1340 1331 1318 1325 1323 1317
567.317017 1319 1319 1324 1352 1311 1312 1333 1323 1321
567.354004 1322 1322 1334 1342 1326 1315 1323 1320 1329
567.390991 1329 1329 1325 1350 1328 1319 1320 1332 1322
567.427979 1327 1327 1324 1356 1330 1326 1318 1326 1324
567.465027 1324 1324 1327 1349 1334 1335 1315 1325 1323
567.502014 1325 1325 1332 1348 1329 1324 1317 1322 1329
567.539001 1326 1326 1334 1360 1337 1322 1330 1332 1333
567.575989 1324 1324 1326 1346 1328 1328 1320 1322 1318
567.612976 1332 1332 1329 1354 1334 1340 1323 1319 1332
567.650024 1333 1333 1331 1354 1333 1324 1325 1329 1321
567.687012 1329 1329 1333 1340 1327 1323 1334 1318 1331
567.723999 1327 1327 1333 1356 1329 1329 1326 1330 1336
567.760986 1331 1331 1333 1352 1347 1339 1329 1315 1335
567.797974 1349 1349 1357 1362 1340 1337 1329 1336 1329
567.835999 1330 1330 1334 1353 1329 1327 1328 1326 1334
567.872986 1331 1331 1347 1373 1343 1334 1334 1341 1341
567.909973 1323 1323 1347 1368 1340 1338 1334 1343 1336
567.947021 1344 1344 1353 1353 1333 1342 1336 1337 1341
567.984009 1338 1338 1352 1367 1347 1338 1345 1343 1346
568.020996 1345 1345 1348 1367 1350 1341 1344 1338 1341
568.057983 1349 1349 1357 1369 1353 1335 1341 1347 1356
568.094971 1350 1350 1351 1372 1348 1350 1334 1333 1352
568.132019 1350 1350 1365 1374 1358 1364 1357 1354 1352
568.169006 1350 1350 1360 1384 1362 1353 1352 1347 1354
568.205994 1350 1350 1371 1361 1343 1356 1354 1348 1351
568.242981 1353 1353 1346 1382 1358 1343 1340 1355 1350
568.280029 1351 1351 1348 1357 1353 1347 1352 1350 1346
568.317017 1344 1344 1352 1363 1344 1347 1344 1345 1345
568.354004 1337 1337 1352 1364 1344 1333 1345 1338 1329
568.390991 1345 1345 1354 1361 1352 1335 1325 1333 1336
568.427979 1331 1331 1344 1368 1343 1323 1334 1317 1324
568.465027 1324 1324 1340 1360 1342 1324 1323 1326 1321
568.502014 1338 1338 1324 1368 1319 1333 1326 1327 1332
568.539001 1320 1320 1332 1350 1332 1325 1325 1320 1319
568.575989 1318 1318 1329 1337 1330 1325 1328 1322 1324
568.614014 1327 1327 1324 1342 1315 1325 1315 1319 1326
568.651001 1317 1317 1327 1351 1330 1318 1322 1320 1312
568.687988 1319 1319 1323 1345 1322 1326 1318 1317 1319
568.724976 1317 1317 1313 1341 1323 1322 1318 1319 1321
568.762024 1324 1324 1324 1339 1326 1312 1324 1322 1319
568.799011 1326 1326 1320 1338 1317 1321 1315 1322 1319
568.835999 1314 1314 1330 1337 1312 1318 1317 1315 1311
568.872986 1325 1325 1324 1350 1321 1327 1318 1316 1314
568.909973 1319 1319 1324 1348 1331 1317 1318 1320 1318
568.947021 1317 1317 1328 1346 1325 1315 1323 1320 1318
568.984009 1322 1322 1322 1349 1320 1317 1315 1316 1328
569.020996 1319 1319 1318 1335 1316 1327 1319 1313 1314
569.057983 1321 1321 1322 1339 1310 1314 1318 1319 1326
569.094971 1323 1323 1327 1326 1319 1315 1315 1315 1314
569.132019 1317 1317 1322 1336 1319 1322 1317 1319 1305
569.169006 1313 1313 1315 1344 1319 1313 1323 1320 1318
569.205994 1316 1316 1317 1333 1321 1328 1315 1319 1318
569.242981 1320 1320 1316 1343 1319 1323 1316 1320 1313
569.280029 1314 1314 1324 1334 1328 1311 1314 1311 1311
