0 5.625 11.25 16.875 22.5 28.125 33.75 39.375 45 50.625 56.25 61.875 67.5 73.125 78.75 84.375 90
530.992004 1262 1263 1264 1261 1262 1265 1262 1263 1263 1263 1263 1265 1263 1264 1262 1267 1264
531.030029 1263 1263 1263 1264 1261 1261 1266 1262 1264 1264 1265 1261 1263 1264 1260 1263 1261
531.067993 1263 1264 1265 1266 1264 1264 1263 1262 1263 1262 1265 1260 1266 1263 1261 1264 1264
531.10498 1264 1262 1262 1263 1264 1262 1264 1263 1262 1262 1261 1261 1266 1262 1265 1260 1263
531.143005 1262 1263 1263 1264 1262 1262 1264 1262 1265 1269 1264 1264 1265 1262 1268 1265 1264
531.18103 1263 1263 1264 1263 1261 1263 1264 1262 1258 1264 1266 1262 1263 1260 1262 1263 1262
531.218994 1264 1265 1263 1264 1265 1261 1263 1260 1262 1266 1263 1265 1263 1259 1261 1263 1263
531.257019 1265 1264 1264 1263 1266 1262 1262 1263 1262 1263 1263 1263 1264 1265 1264 1259 1265
531.294006 1263 1262 1262 1265 1262 1265 1264 1262 1262 1262 1263 1261 1265 1259 1260 1263 1260
531.33197 1263 1262 1264 1263 1267 1258 1263 1265 1263 1263 1261 1260 1263 1265 1265 1262 1263
531.369995 1264 1261 1265 1263 1265 1264 1264 1264 1261 1261 1264 1260 1262 1260 1263 1259 1263
531.40802 1266 1262 1264 1261 1265 1266 1263 1260 1263 1261 1262 1264 1263 1267 1265 1266 1264
531.445007 1266 1266 1264 1265 1266 1261 1267 1265 1266 1263 1266 1264 1267 1264 1265 1268 1265
531.482971 1266 1268 1263 1266 1262 1263 1264 1267 1267 1264 1265 1268 1266 1261 1265 1264 1264
531.520996 1267 1266 1266 1266 1267 1266 1267 1266 1270 1272 1268 1267 1263 1268 1267 1264 1264
531.559021 1266 1266 1267 1270 1266 1266 1268 1266 1263 1267 1267 1269 1262 1266 1267 1270 1266
531.596008 1264 1267 1268 1267 1264 1265 1268 1270 1261 1263 1268 1268 1265 1264 1271 1267 1267
531.633972 1266 1267 1266 1266 1268 1268 1265 1264 1270 1267 1270 1269 1268 1266 1268 1268 1266
531.671997 1270 1269 1265 1261 1268 1268 1269 1268 1268 1265 1267 1266 1264 1266 1268 1267 1266
531.710022 1266 1271 1266 1268 1270 1264 1267 1266 1268 1267 1267 1261 1268 1265 1271 1269 1268
531.747009 1265 1268 1271 1266 1269 1270 1269 1269 1267 1265 1270 1270 1265 1264 1267 1267 1266
531.784973 1268 1271 1275 1266 1268 1270 1269 1271 1265 1264 1267 1268 1267 1266 1264 1266 1265
531.822998 1272 1264 1270 1272 1274 1280 1273 1274 1271 1271 1270 1274 1277 1269 1271 1271 1272
531.861023 1282 1284 1283 1287 1286 1290 1283 1289 1289 1289 1286 1291 1289 1288 1281 1285 1283
531.898987 1328 1322 1333 1339 1329 1335 1338 1331 1348 1337 1335 1336 1339 1336 1333 1339 1329
531.935974 1611 1588 1572 1586 1567 1573 1598 1592 1580 1564 1582 1556 1567 1565 1563 1557 1569
531.973999 1593 1602 1620 1602 1580 1616 1615 1603 1594 1616 1596 1587 1598 1604 1614 1586 1591
532.012024 1601 1617 1629 1612 1593 1623 1598 1625 1615 1601 1601 1597 1595 1614 1581 1567 1576
532.049988 1579 1599 1605 1602 1592 1609 1579 1604 1609 1591 1596 1589 1591 1590 1572 1567 1578
532.086975 1619 1585 1599 1574 1576 1589 1613 1602 1585 1584 1604 1592 1586 1587 1578 1573 1578
532.125 1592 1590 1600 1592 1589 1590 1602 1613 1597 1593 1596 1578 1573 1595 1584 1577 1588
532.163025 1629 1603 1611 1617 1610 1588 1599 1599 1621 1614 1607 1596 1609 1585 1603 1584 1584
532.200989 1608 1618 1602 1625 1610 1596 1610 1605 1599 1592 1603 1604 1606 1615 1589 1570 1580
532.237976 1598 1599 1586 1590 1600 1591 1593 1577 1583 1589 1590 1578 1563 1591 1565 1567 1566
532.276001 1611 1594 1620 1621 1592 1624 1607 1585 1582 1596 1591 1598 1582 1590 1578 1581 1573
532.314026 1564 1593 1581 1592 1568 1583 1569 1582 1587 1584 1586 1565 1556 1581 1569 1568 1587
532.35199 1600 1610 1616 1619 1588 1594 1602 1594 1621 1625 1605 1583 1595 1593 1598 1592 1576
532.388977 1600 1631 1620 1617 1620 1619 1633 1624 1625 1631 1622 1627 1606 1602 1602 1610 1608
532.427002 1642 1613 1613 1620 1616 1622 1633 1642 1620 1624 1612 1621 1595 1591 1596 1606 1609
532.465027 1620 1609 1614 1609 1614 1598 1589 1608 1616 1622 1624 1578 1592 1607 1587 1586 1590
532.502991 1577 1576 1572 1578 1579 1572 1571 1573 1574 1580 1586 1552 1593 1594 1579 1554 1558
532.539978 1539 1519 1533 1528 1525 1548 1555 1533 1547 1543 1557 1528 1548 1542 1532 1522 1536
532.578003 1345 1350 1371 1357 1363 1365 1359 1367 1365 1364 1351 1357 1347 1360 1362 1350 1360
532.616028 1267 1269 1275 1272 1273 1273 1272 1274 1271 1268 1272 1269 1268 1272 1270 1270 1270
532.653992 1266 1266 1266 1263 1269 1264 1262 1265 1262 1262 1261 1263 1265 1261 1264 1264 1262
532.690979 1264 1263 1263 1264 1265 1265 1263 1263 1267 1263 1261 1262 1263 1265 1262 1261 1262
532.729004 1264 1263 1263 1262 1264 1266 1261 1265 1262 1265 1264 1261 1262 1262 1263 1264 1262
532.767029 1263 1263 1260 1264 1265 1263 1263 1263 1261 1261 1263 1261 1261 1263 1260 1263 1264
532.804993 1264 1259 1261 1262 1261 1264 1262 1262 1262 1262 1262 1265 1263 1262 1263 1265 1259
532.84198 1262 1262 1261 1260 1263 1262 1262 1261 1260 1265 1259 1261 1263 1260 1258 1263 1261
532.880005 1259 1266 1262 1263 1262 1262 1260 1265 1261 1263 1261 1258 1264 1262 1263 1264 1261
532.91803 1262 1263 1263 1263 1258 1262 1264 1259 1261 1261 1260 1264 1261 1262 1261 1264 1259
532.955994 1260 1263 1264 1263 1263 1263 1261 1259 1265 1260 1262 1261 1263 1261 1260 1261 1261
532.992981 1265 1260 1259 1262 1263 1262 1261 1260 1261 1263 1263 1261 1261 1262 1259 1263 1265
533.031006 1268 1263 1264 1264 1264 1261 1262 1262 1262 1264 1258 1262 1261 1260 1264 1263 1263
533.06897 1262 1259 1262 1261 1259 1264 1264 1261 1257 1261 1264 1262 1260 1260 1264 1261 1261
533.106995 1260 1263 1262 1263 1261 1262 1258 1261 1259 1262 1260 1261 1261 1258 1258 1263 1263
533.143982 1259 1260 1262 1260 1259 1264 1259 1261 1260 1262 1263 1260 1262 1261 1260 1259 1261
533.182007 1261 1264 1262 1262 1262 1264 1264 1258 1264 1260 1256 1261 1262 1260 1263 1256 1261
533.219971 1262 1259 1262 1261 1262 1258 1263 1261 1260 1259 1260 1260 1261 1260 1262 1260 1261
533.257996 1263 1263 1261 1262 1263 1258 1262 1260 1263 1259 1261 1257 1262 1260 1260 1261 1262
533.294983 1259 1260 1260 1260 1266 1263 1261 1260 1262 1261 1259 1261 1262 1262 1261 1261 1262
533.333008 1263 1263 1259 1262 1260 1261 1264 1261 1261 1265 1263 1263 1262 1259 1259 1259 1262
533.370972 1260 1261 1261 1265 1261 1263 1260 1261 1261 1261 1259 1262 1261 1258 1262 1258 1262
533.40802 1261 1261 1262 1261 1259 1264 1263 1259 1257 1261 1260 1259 1258 1261 1261 1262 1258
533.445984 1260 1260 1262 1259 1266 1263 1261 1256 1261 1262 1257 1259 1261 1262 1259 1257 1258
533.484009 1260 1260 1261 1262 1262 1260 1259 1261 1259 1261 1257 1258 1262 1260 1260 1260 1262
533.521973 1262 1259 1262 1261 1262 1263 1261 1261 1259 1256 1261 1261 1260 1261 1260 1263 1259
533.559021 1262 1261 1260 1261 1259 1260 1263 1260 1261 1262 1263 1260 1257 1260 1261 1262 1263
533.596985 1262 1262 1261 1260 1260 1258 1261 1261 1258 1261 1266 1262 1260 1260 1259 1262 1259
533.63501 1261 1264 1263 1262 1258 1261 1261 1261 1258 1262 1262 1261 1261 1260 1258 1261 1260
533.672974 1257 1261 1260 1263 1264 1260 1259 1260 1260 1259 1262 1261 1259 1262 1261 1261 1262
533.710022 1261 1260 1260 1261 1261 1261 1261 1259 1261 1260 1259 1262 1262 1260 1260 1260 1261
533.747986 1260 1258 1260 1264 1260 1260 1263 1258 1260 1261 1261 1258 1258 1261 1261 1259 1260
533.786011 1262 1261 1260 1263 1260 1257 1259 1263 1260 1258 1260 1257 1259 1259 1260 1259 1261
533.823975 1261 1263 1261 1258 1260 1263 1260 1259 1260 1259 1261 1259 1258 1260 1261 1260 1261
533.861023 1263 1261 1262 1263 1260 1259 1260 1261 1260 1261 1260 1260 1262 1262 1259 1262 1258
533.898987 1260 1259 1262 1259 1258 1262 1261 1259 1260 1260 1260 1261 1262 1261 1260 1260 1263
533.937012 1262 1260 1259 1261 1264 1263 1260 1263 1260 1261 1263 1259 1258 1260 1264 1261 1257
533.973999 1260 1260 1260 1261 1259 1258 1257 1260 1259 1261 1260 1260 1259 1260 1259 1263 1261
534.012024 1260 1260 1262 1259 1259 1263 1258 1261 1260 1260 1258 1260 1257 1262 1262 1261 1260
534.049988 1261 1261 1259 1258 1263 1261 1259 1259 1258 1261 1261 1259 1261 1260 1256 1262 1261
534.088013 1263 1261 1261 1263 1259 1263 1263 1257 1260 1259 1261 1260 1257 1258 1261 1258 1260
534.125 1259 1260 1262 1260 1259 1259 1262 1261 1261 1261 1261 1260 1260 1260 1258 1259 1256
534.163025 1260 1261 1261 1261 1261 1261 1259 1264 1261 1260 1261 1260 1256 1260 1259 1261 1261
534.200989 1259 1260 1261 1260 1258 1263 1261 1261 1263 1259 1260 1261 1258 1263 1260 1261 1261
534.239014 1259 1259 1258 1260 1261 1261 1258 1261 1262 1259 1259 1261 1261 1261 1263 1259 1259
534.276001 1259 1259 1261 1257 1260 1261 1263 1260 1260 1263 1261 1259 1259 1258 1261 1259 1260
534.314026 1262 1261 1260 1260 1258 1259 1260 1259 1262 1261 1259 1257 1257 1262 1260 1259 1260
534.35199 1262 1259 1260 1260 1261 1261 1257 1258 1260 1262 1259 1259 1261 1258 1259 1261 1262
534.388977 1258 1261 1261 1260 1260 1258 1261 1265 1262 1258 1264 1261 1260 1261 1260 1258 1260
534.427002 1259 1260 1259 1262 1261 1259 1259 1262 1258 1258 1260 1258 1262 1263 1263 1259 1261
534.465027 1259 1259 1259 1262 1262 1263 1265 1261 1260 1259 1257 1261 1261 1259 1259 1259 1260
534.502991 1261 1257 1258 1261 1259 1260 1258 1257 1264 1258 1261 1259 1260 1262 1258 1262 1261
534.539978 1261 1262 1261 1263 1262 1262 1261 1261 1261 1259 1257 1261 1261 1258 1261 1259 1258
534.578003 1261 1260 1259 1259 1261 1262 1262 1259 1261 1261 1259 1260 1258 1258 1259 1258 1261
534.616028 1262 1260 1260 1258 1259 1261 1262 1262 1258 1264 1262 1260 1258 1261 1260 1263 1259
534.653015 1259 1260 1259 1260 1261 1260 1260 1263 1258 1261 1259 1261 1263 1258 1263 1261 1260
534.690979 1263 1261 1261 1263 1262 1258 1260 1263 1260 1263 1262 1262 1259 1259 1259 1258 1261
534.729004 1262 1260 1257 1260 1260 1261 1257 1265 1259 1260 1259 1257 1259 1259 1259 1261 1259
534.767029 1260 1264 1260 1263 1260 1259 1260 1261 1259 1258 1260 1262 1258 1260 1257 1261 1258
534.804016 1260 1261 1259 1259 1259 1258 1262 1256 1261 1260 1263 1258 1260 1257 1257 1261 1260
534.84198 1263 1260 1261 1257 1260 1260 1261 1261 1261 1260 1264 1258 1257 1261 1261 1261 1259
534.880005 1263 1261 1263 1263 1258 1258 1263 1259 1262 1260 1262 1258 1258 1260 1263 1259 1262
534.916992 1259 1259 1259 1262 1258 1260 1260 1261 1260 1262 1263 1262 1262 1261 1258 1260 1260
534.955017 1259 1261 1261 1262 1262 1261 1260 1260 1261 1259 1262 1260 1260 1260 1259 1258 1258
534.992981 1260 1259 1259 1260 1260 1259 1262 1261 1260 1262 1258 1257 1259 1260 1260 1262 1259
535.031006 1260 1258 1260 1261 1260 1263 1259 1258 1256 1261 1258 1260 1257 1259 1259 1260 1258
535.067993 1259 1257 1261 1261 1264 1259 1262 1260 1260 1263 1259 1260 1260 1261 1260 1259 1263
535.106018 1260 1262 1259 1259 1265 1259 1258 1261 1261 1261 1262 1258 1260 1258 1258 1263 1259
535.143982 1260 1260 1261 1262 1261 1262 1261 1262 1258 1263 1260 1262 1258 1258 1262 1263 1263
535.18103 1260 1257 1262 1258 1262 1257 1257 1261 1256 1261 1261 1262 1261 1260 1260 1260 1259
535.218994 1259 1263 1260 1258 1263 1259 1262 1258 1261 1261 1260 1260 1263 1260 1259 1258 1259
535.257019 1258 1259 1259 1264 1260 1262 1260 1260 1261 1261 1259 1260 1260 1259 1261 1264 1257
535.294983 1261 1263 1264 1259 1265 1260 1261 1262 1262 1261 1260 1263 1263 1262 1258 1260 1263
535.33197 1262 1264 1263 1260 1264 1263 1261 1262 1261 1264 1263 1264 1263 1265 1265 1261 1264
535.369995 1268 1263 1265 1264 1263 1265 1267 1267 1266 1268 1270 1271 1265 1264 1269 1265 1270
535.40802 1266 1263 1268 1266 1264 1263 1267 1265 1267 1267 1269 1266 1270 1265 1265 1265 1267
535.445007 1268 1265 1269 1266 1265 1265 1263 1263 1268 1268 1268 1264 1266 1268 1266 1268 1266
535.482971 1262 1264 1266 1264 1262 1263 1263 1266 1264 1266 1262 1264 1268 1265 1262 1261 1263
535.520996 1266 1264 1266 1265 1267 1262 1264 1264 1269 1264 1262 1263 1266 1264 1262 1264 1265
535.557983 1261 1262 1264 1264 1262 1260 1265 1263 1264 1263 1265 1261 1259 1264 1264 1262 1261
535.596008 1265 1266 1264 1260 1265 1266 1263 1266 1263 1268 1263 1264 1267 1262 1263 1263 1264
535.633972 1264 1266 1264 1264 1263 1265 1264 1263 1265 1263 1262 1260 1265 1262 1263 1266 1264
535.671997 1263 1263 1266 1269 1267 1262 1266 1260 1267 1263 1264 1264 1264 1268 1263 1264 1264
535.708984 1263 1264 1264 1262 1262 1264 1260 1265 1264 1264 1261 1262 1264 1265 1261 1263 1262
535.747009 1263 1262 1263 1263 1266 1262 1265 1265 1261 1262 1263 1264 1263 1261 1264 1260 1264
535.784973 1265 1261 1264 1265 1262 1263 1259 1265 1260 1261 1262 1262 1261 1265 1260 1261 1264
535.822021 1263 1265 1262 1265 1265 1264 1265 1262 1265 1264 1262 1262 1260 1261 1261 1261 1263
535.859985 1264 1270 1262 1262 1262 1265 1264 1263 1264 1264 1264 1265 1263 1264 1266 1263 1261
535.89801 1265 1263 1266 1263 1260 1265 1263 1258 1261 1268 1265 1262 1261 1263 1267 1263 1266
535.934998 1267 1264 1266 1265 1266 1262 1264 1267 1263 1265 1264 1265 1263 1257 1267 1266 1268
535.973022 1267 1267 1267 1266 1266 1266 1268 1265 1261 1268 1265 1267 1267 1264 1266 1266 1267
536.010986 1265 1268 1262 1265 1265 1264 1269 1269 1264 1268 1263 1265 1268 1265 1259 1270 1263
536.049011 1262 1264 1269 1265 1262 1263 1269 1266 1263 1267 1266 1265 1264 1267 1264 1265 1263
536.085999 1265 1261 1263 1267 1262 1267 1265 1264 1266 1264 1262 1264 1269 1265 1264 1261 1265
536.124023 1262 1261 1263 1263 1262 1260 1264 1264 1264 1264 1260 1261 1262 1261 1263 1263 1260
536.161987 1260 1259 1260 1260 1261 1262 1262 1256 1259 1261 1260 1260 1264 1259 1261 1262 1260
536.198975 1258 1259 1262 1259 1262 1259 1262 1262 1262 1261 1262 1265 1262 1262 1261 1261 1261
536.237 1261 1259 1262 1259 1262 1263 1260 1261 1262 1260 1257 1258 1259 1262 1257 1258 1260
536.275024 1260 1257 1260 1262 1260 1259 1258 1260 1260 1261 1261 1256 1259 1261 1260 1258 1259
536.312012 1259 1262 1261 1259 1259 1263 1261 1260 1260 1260 1259 1261 1258 1258 1259 1259 1259
536.349976 1262 1261 1262 1262 1261 1261 1258 1260 1261 1259 1258 1259 1262 1260 1259 1257 1259
536.388 1259 1262 1263 1261 1261 1260 1258 1258 1260 1260 1259 1257 1261 1257 1260 1260 1260
536.424988 1259 1257 1260 1261 1261 1259 1261 1257 1262 1258 1264 1260 1257 1258 1260 1257 1263
536.463013 1261 1262 1263 1259 1259 1264 1259 1259 1261 1259 1262 1261 1258 1259 1261 1260 1260
536.500977 1261 1262 1262 1264 1258 1259 1260 1260 1260 1261 1261 1260 1263 1260 1260 1259 1259
536.539001 1258 1260 1260 1260 1259 1259 1260 1264 1259 1261 1260 1258 1256 1258 1259 1263 1258
536.575989 1261 1260 1260 1259 1260 1263 1260 1261 1259 1261 1260 1258 1262 1261 1259 1258 1258
536.614014 1258 1260 1259 1263 1259 1263 1261 1260 1262 1258 1260 1259 1261 1261 1260 1259 1261
536.651978 1257 1260 1262 1260 1260 1261 1257 1257 1261 1261 1261 1258 1260 1263 1260 1259 1262
536.689026 1262 1259 1263 1260 1265 1258 1259 1260 1262 1258 1258 1262 1260 1262 1262 1262 1258
536.72699 1264 1260 1263 1261 1260 1257 1260 1260 1262 1260 1258 1262 1261 1260 1261 1260 1261
536.765015 1262 1260 1260 1261 1258 1262 1258 1261 1261 1260 1262 1261 1259 1262 1262 1262 1263
536.802002 1262 1260 1258 1261 1258 1261 1258 1258 1259 1262 1258 1258 1257 1261 1262 1262 1259
536.840027 1261 1260 1259 1261 1259 1258 1264 1261 1260 1260 1258 1260 1259 1260 1260 1260 1257
536.877991 1261 1260 1259 1261 1261 1259 1261 1259 1263 1258 1260 1258 1262 1257 1262 1259 1262
536.914978 1262 1259 1262 1259 1264 1261 1262 1259 1258 1264 1261 1261 1260 1259 1261 1260 1261
536.953003 1260 1261 1264 1265 1261 1262 1261 1261 1260 1259 1258 1257 1261 1262 1259 1259 1263
536.991028 1260 1260 1263 1262 1262 1261 1259 1259 1259 1260 1261 1263 1259 1260 1259 1261 1260
537.028015 1261 1262 1260 1263 1260 1259 1261 1260 1258 1261 1259 1260 1262 1264 1262 1259 1259
537.065979 1262 1261 1261 1257 1262 1258 1260 1260 1262 1261 1258 1259 1260 1260 1264 1260 1257
537.104004 1260 1260 1261 1264 1261 1261 1261 1259 1260 1258 1257 1260 1260 1260 1257 1262 1261
537.140991 1259 1263 1258 1259 1261 1260 1260 1260 1260 1260 1258 1258 1262 1261 1258 1259 1264
537.179016 1260 1259 1259 1262 1260 1261 1259 1258 1260 1261 1260 1260 1259 1260 1260 1259 1260
537.21698 1262 1260 1263 1261 1261 1260 1261 1260 1260 1259 1261 1260 1257 1263 1259 1259 1260
537.254028 1263 1261 1262 1262 1260 1261 1261 1262 1261 1262 1261 1261 1259 1259 1261 1257 1262
537.291992 1263 1262 1258 1261 1260 1258 1260 1261 1261 1261 1258 1261 1257 1260 1262 1259 1259
537.330017 1259 1259 1258 1262 1258 1260 1260 1263 1260 1261 1258 1259 1260 1258 1261 1260 1264
537.367004 1261 1260 1258 1260 1259 1261 1261 1259 1259 1261 1257 1260 1259 1260 1261 1261 1261
537.405029 1261 1260 1263 1259 1261 1262 1261 1261 1260 1260 1259 1259 1262 1261 1257 1261 1258
537.442993 1258 1260 1262 1261 1259 1262 1261 1259 1263 1258 1264 1258 1262 1258 1260 1262 1257
537.481018 1262 1260 1262 1262 1261 1262 1263 1261 1259 1263 1259 1262 1258 1260 1259 1261 1258
537.518005 1264 1262 1263 1262 1261 1259 1262 1262 1261 1258 1260 1260 1261 1259 1258 1258 1262
537.55603 1261 1262 1259 1261 1259 1261 1259 1260 1260 1260 1262 1260 1257 1261 1260 1260 1261
537.593994 1259 1259 1258 1261 1259 1258 1261 1261 1259 1259 1257 1258 1261 1258 1261 1263 1261
537.630981 1259 1262 1259 1261 1260 1259 1261 1259 1260 1264 1259 1259 1259 1259 1261 1260 1261
537.669006 1263 1261 1260 1259 1261 1260 1259 1258 1261 1259 1262 1260 1259 1257 1259 1262 1261
537.70697 1262 1260 1260 1259 1262 1262 1260 1259 1263 1257 1261 1260 1262 1259 1262 1259 1261
537.744019 1260 1259 1262 1263 1264 1261 1260 1261 1257 1257 1261 1261 1256 1259 1261 1260 1261
537.781982 1259 1257 1261 1258 1260 1259 1260 1260 1261 1260 1259 1261 1261 1260 1262 1259 1262
537.820007 1258 1262 1261 1263 1263 1259 1263 1261 1261 1261 1258 1260 1261 1262 1262 1261 1260
537.856995 1262 1262 1259 1262 1259 1260 1259 1260 1262 1259 1261 1258 1260 1258 1259 1264 1262
537.89502 1258 1262 1261 1260 1264 1262 1264 1262 1257 1263 1259 1260 1259 1263 1260 1261 1260
537.932007 1259 1258 1263 1256 1261 1261 1259 1260 1259 1259 1258 1259 1262 1261 1259 1261 1263
537.969971 1262 1259 1260 1261 1257 1262 1260 1258 1260 1260 1259 1261 1262 1259 1263 1261 1260
538.007996 1262 1260 1263 1259 1260 1260 1259 1260 1261 1259 1264 1258 1260 1256 1261 1259 1260
538.046021 1261 1260 1261 1263 1262 1260 1260 1260 1258 1258 1263 1262 1258 1259 1261 1258 1259
538.083008 1261 1260 1261 1257 1260 1262 1263 1261 1257 1259 1263 1261 1259 1261 1259 1263 1258
538.120972 1261 1263 1259 1260 1261 1259 1263 1259 1260 1260 1256 1261 1261 1263 1257 1257 1259
538.158997 1261 1263 1259 1259 1264 1262 1259 1260 1260 1260 1261 1258 1262 1260 1260 1259 1261
538.195984 1261 1261 1259 1258 1264 1264 1259 1259 1263 1258 1259 1261 1260 1260 1260 1262 1259
538.234009 1264 1260 1262 1261 1263 1261 1260 1262 1262 1258 1263 1259 1258 1258 1262 1260 1264
538.270996 1260 1260 1261 1260 1260 1258 1262 1261 1261 1261 1263 1260 1262 1260 1259 1260 1261
538.309021 1263 1260 1263 1265 1261 1264 1262 1261 1259 1259 1261 1260 1259 1261 1263 1264 1264
538.346985 1259 1265 1261 1262 1264 1259 1263 1263 1260 1261 1261 1261 1260 1260 1261 1261 1261
538.383972 1261 1263 1260 1263 1258 1262 1262 1260 1264 1260 1261 1261 1258 1262 1257 1260 1262
538.421997 1266 1261 1259 1261 1262 1263 1265 1260 1260 1261 1256 1257 1260 1261 1261 1260 1260
538.460022 1262 1260 1260 1261 1262 1264 1261 1259 1262 1262 1261 1258 1262 1261 1262 1261 1261
538.497009 1262 1266 1261 1261 1262 1261 1262 1262 1261 1262 1260 1259 1258 1258 1260 1261 1261
538.534973 1261 1260 1261 1260 1264 1263 1261 1261 1262 1259 1264 1261 1260 1260 1262 1266 1261
538.572998 1262 1262 1264 1266 1262 1263 1264 1261 1260 1260 1260 1261 1260 1264 1259 1258 1262
538.609985 1259 1261 1258 1264 1263 1264 1261 1263 1261 1262 1263 1260 1261 1262 1259 1264 1260
538.64801 1262 1262 1264 1262 1263 1264 1261 1265 1259 1261 1259 1260 1260 1261 1263 1260 1261
538.685974 1258 1262 1261 1263 1266 1267 1264 1258 1263 1264 1258 1263 1266 1262 1259 1263 1260
538.723022 1264 1264 1264 1261 1270 1268 1264 1263 1265 1261 1259 1263 1263 1261 1262 1261 1264
538.760986 1262 1258 1263 1260 1264 1266 1264 1263 1260 1260 1262 1258 1261 1263 1261 1261 1262
538.799011 1259 1264 1263 1264 1267 1267 1265 1267 1259 1265 1261 1264 1263 1263 1261 1258 1264
538.835999 1262 1266 1265 1267 1265 1265 1266 1265 1265 1264 1263 1261 1261 1262 1260 1260 1263
538.874023 1262 1264 1264 1264 1266 1268 1268 1266 1263 1264 1263 1262 1264 1265 1259 1261 1262
538.911987 1262 1271 1265 1268 1263 1266 1268 1264 1263 1264 1261 1262 1265 1268 1266 1262 1265
538.948975 1265 1263 1263 1266 1270 1270 1267 1265 1264 1266 1260 1264 1265 1263 1264 1264 1267
538.987 1262 1267 1265 1266 1275 1272 1264 1262 1265 1266 1265 1264 1266 1262 1265 1265 1268
539.023987 1266 1261 1267 1270 1274 1270 1264 1264 1263 1265 1265 1262 1267 1268 1262 1265 1265
539.062012 1267 1264 1266 1269 1277 1270 1267 1269 1265 1266 1264 1265 1269 1269 1267 1267 1267
539.099976 1267 1268 1269 1268 1275 1274 1270 1273 1267 1271 1264 1270 1263 1266 1268 1267 1265
539.137024 1267 1267 1266 1269 1271 1276 1270 1272 1265 1261 1266 1264 1267 1271 1270 1268 1265
539.174988 1268 1266 1265 1269 1273 1271 1274 1270 1270 1266 1266 1266 1269 1263 1265 1270 1269
539.213013 1266 1272 1270 1264 1278 1276 1279 1272 1264 1277 1268 1271 1272 1264 1268 1265 1268
539.25 1271 1271 1271 1275 1281 1272 1274 1272 1270 1271 1268 1272 1271 1268 1271 1269 1270
539.288025 1270 1273 1271 1274 1283 1283 1279 1272 1269 1272 1276 1268 1272 1273 1269 1270 1270
539.325989 1270 1275 1273 1282 1280 1282 1280 1277 1269 1267 1276 1275 1275 1274 1277 1269 1274
539.362976 1272 1275 1271 1280 1287 1288 1280 1281 1281 1271 1272 1269 1271 1268 1278 1272 1276
539.401001 1272 1272 1275 1278 1287 1293 1285 1272 1271 1273 1273 1275 1277 1271 1273 1272 1275
539.439026 1274 1279 1274 1286 1289 1296 1280 1280 1274 1282 1277 1277 1276 1273 1274 1279 1278
539.476013 1278 1273 1284 1282 1291 1294 1291 1284 1276 1279 1273 1273 1279 1274 1280 1278 1276
539.513977 1277 1281 1280 1283 1287 1300 1291 1276 1281 1279 1278 1278 1280 1279 1280 1278 1274
539.551025 1286 1281 1283 1289 1303 1299 1299 1282 1285 1285 1282 1278 1278 1285 1284 1284 1280
539.588989 1285 1293 1285 1288 1311 1311 1287 1287 1278 1285 1281 1288 1286 1285 1285 1282 1277
539.627014 1286 1287 1292 1291 1306 1309 1302 1291 1292 1287 1284 1280 1284 1284 1290 1285 1286
539.664001 1295 1288 1290 1309 1314 1311 1310 1292 1292 1291 1284 1287 1289 1296 1290 1290 1287
539.702026 1293 1297 1298 1306 1319 1327 1300 1305 1293 1299 1301 1300 1300 1294 1295 1301 1295
539.73999 1302 1298 1304 1305 1327 1329 1308 1312 1294 1300 1300 1294 1298 1295 1297 1298 1295
539.776978 1309 1305 1307 1312 1332 1332 1322 1316 1312 1301 1304 1301 1300 1306 1309 1306 1302
539.815002 1308 1305 1310 1314 1335 1329 1328 1308 1310 1303 1309 1304 1304 1308 1308 1308 1306
539.853027 1303 1302 1320 1315 1347 1339 1322 1318 1316 1311 1307 1312 1306 1303 1306 1304 1308
539.890015 1308 1311 1314 1317 1338 1343 1320 1320 1309 1308 1307 1303 1303 1301 1313 1309 1308
539.927979 1304 1307 1313 1317 1361 1339 1331 1320 1310 1308 1311 1303 1306 1304 1310 1322 1311
539.965027 1311 1318 1312 1316 1350 1355 1334 1330 1320 1307 1308 1317 1321 1310 1316 1313 1314
540.002991 1315 1313 1315 1321 1362 1347 1336 1318 1324 1316 1314 1308 1319 1321 1314 1325 1318
540.041016 1325 1322 1319 1324 1364 1375 1341 1323 1325 1324 1315 1319 1306 1324 1321 1319 1326
540.078003 1327 1327 1326 1334 1377 1378 1342 1326 1327 1324 1314 1321 1319 1331 1327 1320 1315
540.116028 1319 1326 1327 1333 1361 1375 1341 1337 1325 1327 1329 1323 1329 1339 1318 1331 1325
540.153992 1329 1335 1326 1328 1369 1385 1351 1344 1328 1322 1325 1326 1337 1326 1325 1324 1339
540.190979 1329 1334 1329 1345 1379 1385 1352 1336 1345 1332 1341 1332 1330 1328 1324 1329 1327
540.229004 1336 1334 1336 1350 1387 1384 1349 1341 1349 1326 1328 1328 1334 1332 1322 1340 1327
540.265991 1343 1341 1334 1351 1386 1387 1357 1343 1345 1348 1329 1329 1330 1334 1335 1343 1337
540.304016 1348 1341 1356 1358 1397 1407 1359 1346 1335 1333 1333 1332 1338 1338 1348 1321 1340
540.34198 1334 1342 1337 1351 1398 1396 1371 1359 1346 1342 1337 1343 1344 1353 1343 1347 1336
540.379028 1337 1356 1348 1352 1399 1395 1375 1362 1361 1349 1341 1337 1347 1345 1345 1340 1341
540.416992 1343 1353 1365 1358 1421 1404 1394 1357 1351 1355 1351 1340 1345 1347 1350 1346 1354
540.455017 1347 1363 1351 1383 1404 1408 1378 1364 1366 1349 1346 1354 1356 1354 1355 1346 1345
540.492004 1357 1345 1361 1368 1414 1418 1391 1375 1358 1354 1360 1361 1354 1362 1363 1368 1348
540.530029 1345 1357 1360 1377 1395 1412 1402 1366 1361 1354 1355 1360 1357 1359 1366 1350 1363
540.567017 1361 1372 1355 1375 1415 1412 1385 1371 1371 1348 1369 1354 1362 1364 1362 1380 1370
540.60498 1373 1371 1378 1381 1412 1416 1402 1369 1366 1368 1363 1351 1358 1358 1360 1363 1366
540.643005 1362 1360 1369 1385 1425 1425 1386 1356 1359 1366 1359 1360 1372 1356 1363 1375 1375
540.679993 1367 1360 1365 1376 1414 1426 1388 1367 1365 1358 1363 1361 1352 1364 1368 1360 1359
540.718018 1375 1372 1367 1372 1418 1416 1393 1368 1359 1361 1364 1367 1350 1353 1354 1360 1357
540.755005 1359 1365 1363 1361 1420 1431 1395 1375 1366 1356 1352 1360 1358 1363 1353 1349 1354
540.79303 1357 1349 1354 1378 1427 1409 1374 1366 1364 1356 1370 1352 1359 1356 1360 1354 1351
540.830994 1362 1360 1362 1387 1431 1414 1390 1374 1362 1348 1372 1356 1365 1354 1352 1365 1365
540.867981 1366 1371 1360 1387 1413 1429 1400 1365 1372 1355 1368 1352 1367 1364 1357 1359 1360
540.906006 1365 1367 1359 1373 1422 1420 1393 1368 1375 1354 1349 1353 1359 1370 1360 1365 1354
540.94397 1361 1367 1356 1379 1425 1416 1395 1367 1361 1355 1369 1372 1356 1351 1363 1357 1360
540.981018 1367 1362 1355 1373 1410 1421 1389 1372 1365 1351 1357 1358 1362 1356 1341 1370 1352
541.018982 1368 1369 1371 1383 1416 1425 1401 1365 1354 1360 1359 1362 1364 1359 1360 1366 1361
541.05603 1377 1366 1365 1387 1419 1419 1402 1381 1357 1349 1353 1361 1365 1357 1352 1362 1358
541.093994 1357 1367 1356 1379 1402 1432 1394 1372 1361 1371 1368 1354 1370 1357 1355 1369 1363
541.132019 1368 1357 1370 1377 1409 1424 1399 1369 1363 1356 1345 1364 1362 1359 1354 1366 1361
541.169006 1359 1363 1360 1385 1418 1427 1402 1377 1363 1354 1346 1365 1354 1361 1363 1359 1370
541.20697 1358 1362 1355 1384 1418 1417 1394 1377 1358 1355 1359 1357 1361 1360 1366 1364 1357
541.244019 1357 1368 1367 1376 1415 1435 1395 1381 1364 1365 1366 1367 1366 1369 1365 1367 1362
541.281982 1363 1365 1351 1377 1414 1420 1384 1366 1374 1365 1364 1365 1358 1359 1357 1362 1359
541.320007 1368 1367 1357 1366 1423 1424 1400 1363 1371 1363 1364 1362 1370 1356 1363 1357 1362
541.356995 1354 1367 1360 1377 1427 1411 1388 1367 1364 1365 1352 1359 1364 1351 1364 1362 1362
541.39502 1356 1374 1371 1370 1407 1433 1402 1365 1363 1356 1360 1363 1359 1347 1363 1353 1355
541.432007 1364 1362 1368 1373 1420 1409 1394 1364 1376 1371 1355 1361 1348 1361 1357 1358 1370
541.469971 1367 1354 1366 1368 1418 1417 1385 1371 1362 1360 1360 1369 1356 1356 1351 1362 1358
541.507996 1352 1355 1353 1380 1426 1421 1394 1374 1367 1364 1356 1356 1353 1357 1358 1361 1363
541.544983 1364 1364 1369 1382 1416 1425 1389 1354 1363 1363 1374 1353 1355 1354 1354 1361 1362
541.583008 1342 1353 1357 1380 1404 1419 1385 1367 1358 1352 1366 1359 1352 1362 1363 1359 1357
541.620972 1352 1362 1362 1375 1406 1411 1380 1369 1362 1351 1357 1369 1351 1357 1360 1358 1362
541.65802 1358 1352 1355 1380 1423 1416 1387 1376 1364 1364 1354 1359 1344 1352 1367 1353 1356
541.695984 1348 1356 1360 1379 1414 1421 1396 1378 1371 1359 1356 1357 1358 1363 1357 1365 1363
541.732971 1360 1343 1362 1387 1420 1424 1392 1358 1354 1348 1357 1356 1360 1345 1356 1353 1356
541.770996 1362 1362 1359 1379 1414 1410 1395 1363 1359 1356 1368 1362 1365 1356 1356 1353 1368
541.809021 1369 1359 1349 1375 1423 1439 1385 1362 1352 1357 1358 1359 1352 1356 1356 1359 1361
541.846008 1355 1362 1362 1373 1410 1414 1386 1369 1361 1367 1354 1360 1361 1356 1347 1359 1363
541.883972 1358 1366 1361 1374 1434 1409 1390 1362 1350 1362 1355 1368 1353 1354 1365 1355 1363
541.921021 1347 1354 1355 1376 1436 1410 1395 1354 1365 1362 1350 1370 1351 1353 1364 1354 1358
541.958984 1354 1355 1365 1363 1412 1417 1376 1362 1347 1358 1350 1362 1348 1352 1357 1357 1365
541.997009 1370 1354 1351 1363 1432 1420 1398 1371 1361 1359 1344 1361 1360 1347 1359 1355 1356
542.033997 1355 1360 1358 1379 1415 1428 1387 1375 1362 1354 1356 1351 1359 1356 1361 1354 1347
542.072021 1357 1356 1365 1369 1408 1427 1394 1358 1352 1349 1335 1355 1352 1362 1358 1355 1337
542.109009 1352 1351 1367 1382 1417 1416 1389 1371 1366 1362 1349 1363 1355 1351 1342 1355 1356
542.146973 1356 1354 1361 1373 1425 1408 1384 1363 1364 1359 1362 1343 1366 1353 1357 1359 1360
542.184021 1365 1353 1351 1364 1416 1432 1383 1364 1354 1345 1357 1360 1350 1356 1368 1351 1352
542.221985 1358 1367 1353 1373 1431 1417 1386 1361 1343 1358 1349 1353 1353 1357 1346 1349 1355
542.26001 1352 1360 1359 1363 1406 1419 1390 1372 1365 1344 1351 1358 1364 1359 1345 1354 1369
542.296997 1359 1358 1353 1379 1401 1416 1384 1361 1371 1352 1365 1361 1354 1353 1349 1353 1361
542.335022 1364 1371 1353 1370 1398 1426 1392 1362 1353 1364 1363 1361 1350 1362 1352 1370 1355
542.372009 1359 1351 1365 1378 1414 1418 1385 1357 1362 1368 1352 1344 1345 1355 1358 1350 1353
542.409973 1355 1359 1365 1380 1419 1412 1389 1377 1361 1352 1364 1363 1357 1354 1362 1355 1354
542.447998 1353 1358 1365 1368 1416 1418 1380 1365 1358 1356 1355 1361 1350 1361 1373 1367 1356
542.484985 1368 1369 1361 1374 1418 1422 1381 1368 1358 1354 1361 1355 1361 1358 1371 1364 1356
542.52301 1366 1366 1368 1376 1417 1409 1400 1373 1360 1364 1365 1365 1355 1363 1355 1353 1362
542.559998 1370 1361 1362 1387 1414 1423 1400 1365 1363 1366 1367 1352 1363 1364 1349 1363 1350
542.598022 1349 1354 1354 1371 1410 1421 1403 1389 1366 1354 1358 1362 1354 1358 1370 1366 1363
542.63501 1361 1360 1364 1377 1430 1413 1405 1367 1371 1357 1352 1361 1350 1343 1362 1353 1359
542.672974 1366 1364 1364 1377 1412 1414 1393 1370 1368 1350 1350 1360 1360 1359 1363 1361 1362
542.710999 1373 1354 1366 1381 1425 1424 1387 1367 1367 1369 1367 1360 1366 1358 1356 1357 1352
542.747986 1367 1365 1359 1375 1422 1431 1385 1370 1360 1364 1359 1371 1360 1352 1357 1368 1360
542.786011 1361 1363 1371 1380 1415 1420 1389 1370 1362 1360 1352 1359 1360 1350 1367 1360 1364
542.822998 1356 1359 1361 1376 1414 1415 1397 1375 1356 1365 1352 1354 1361 1363 1368 1361 1365
542.861023 1358 1350 1360 1378 1416 1426 1379 1365 1364 1362 1352 1355 1364 1358 1361 1354 1352
542.898987 1359 1358 1350 1377 1424 1416 1391 1358 1360 1355 1356 1356 1359 1354 1358 1356 1355
542.935974 1362 1376 1364 1379 1425 1422 1390 1365 1365 1357 1348 1363 1358 1354 1368 1354 1352
542.973999 1371 1361 1358 1367 1417 1409 1398 1377 1365 1359 1351 1342 1360 1356 1346 1364 1349
543.010986 1353 1364 1369 1372 1410 1411 1389 1373 1358 1363 1356 1357 1370 1361 1358 1359 1356
543.049011 1364 1361 1368 1374 1422 1422 1383 1378 1360 1353 1361 1370 1361 1355 1354 1360 1367
543.085999 1365 1369 1365 1390 1440 1439 1396 1366 1364 1372 1355 1369 1367 1376 1372 1355 1360
543.124023 1375 1367 1376 1391 1426 1436 1403 1379 1377 1367 1375 1371 1369 1368 1362 1366 1367
543.161987 1360 1363 1371 1400 1437 1450 1418 1377 1378 1379 1376 1364 1371 1361 1375 1369 1376
543.198975 1381 1362 1373 1376 1441 1439 1409 1392 1384 1372 1374 1388 1377 1388 1368 1377 1377
543.237 1380 1385 1393 1397 1444 1443 1414 1391 1392 1383 1383 1385 1378 1383 1373 1384 1376
543.273987 1380 1385 1386 1405 1436 1438 1401 1394 1392 1386 1381 1381 1383 1385 1377 1390 1385
543.312012 1386 1391 1392 1399 1444 1453 1428 1408 1387 1385 1388 1389 1389 1393 1381 1379 1389
543.348999 1384 1386 1388 1414 1440 1455 1417 1401 1392 1388 1399 1398 1379 1392 1387 1381 1389
543.387024 1389 1399 1383 1412 1447 1456 1426 1397 1399 1384 1378 1394 1392 1380 1394 1389 1397
543.424988 1407 1401 1399 1412 1445 1462 1418 1414 1397 1387 1400 1393 1399 1396 1395 1397 1396
543.461975 1407 1400 1400 1429 1471 1478 1426 1415 1407 1405 1414 1405 1400 1412 1393 1402 1404
543.5 1424 1412 1445 1449 1485 1474 1465 1429 1431 1423 1410 1409 1412 1401 1412 1402 1407
543.536987 1443 1444 1437 1444 1486 1482 1461 1443 1437 1440 1431 1436 1441 1427 1440 1429 1448
543.575012 1443 1443 1433 1443 1499 1491 1471 1450 1450 1439 1443 1440 1436 1438 1445 1442 1446
543.612 1422 1443 1435 1463 1500 1490 1464 1447 1430 1433 1451 1435 1446 1433 1443 1453 1430
543.650024 1423 1417 1414 1444 1470 1482 1447 1433 1409 1408 1412 1428 1422 1414 1424 1419 1429
543.687988 1403 1408 1402 1416 1460 1459 1443 1409 1414 1402 1404 1408 1409 1392 1400 1389 1401
543.724976 1381 1390 1374 1391 1456 1455 1406 1395 1389 1389 1378 1382 1383 1395 1375 1388 1398
543.763 1372 1376 1372 1384 1430 1424 1401 1381 1380 1372 1366 1373 1374 1372 1372 1366 1370
543.799988 1378 1376 1378 1390 1429 1421 1411 1364 1364 1368 1364 1375 1363 1365 1366 1378 1364
543.838013 1374 1375 1357 1387 1428 1427 1416 1376 1355 1370 1367 1365 1370 1367 1372 1354 1363
543.875 1374 1371 1370 1386 1428 1429 1393 1379 1369 1370 1359 1372 1371 1376 1364 1375 1370
543.913025 1363 1365 1362 1378 1424 1421 1402 1376 1365 1360 1364 1363 1370 1353 1370 1363 1359
543.950989 1377 1370 1360 1377 1419 1432 1404 1377 1372 1366 1365 1351 1361 1360 1362 1360 1364
543.987976 1367 1363 1365 1371 1427 1420 1392 1385 1357 1365 1362 1365 1349 1366 1356 1363 1357
544.026001 1354 1358 1357 1375 1433 1421 1393 1369 1369 1362 1349 1352 1372 1359 1368 1352 1366
544.062988 1368 1356 1367 1384 1421 1421 1381 1376 1366 1362 1357 1359 1358 1351 1369 1365 1377
544.101013 1366 1367 1352 1385 1418 1413 1394 1368 1362 1365 1362 1358 1354 1355 1357 1360 1360
544.138 1362 1371 1360 1372 1426 1437 1395 1362 1347 1365 1357 1353 1365 1364 1351 1370 1356
544.176025 1371 1363 1353 1380 1410 1425 1383 1377 1357 1365 1358 1373 1361 1358 1370 1367 1359
544.213013 1366 1367 1347 1389 1414 1418 1398 1364 1364 1358 1366 1359 1368 1356 1363 1352 1349
544.250977 1366 1353 1357 1381 1446 1422 1381 1368 1349 1353 1353 1361 1359 1357 1355 1363 1357
544.289001 1368 1366 1350 1379 1417 1408 1397 1370 1366 1354 1346 1356 1357 1350 1353 1351 1360
544.325989 1357 1368 1351 1381 1423 1426 1392 1369 1362 1363 1369 1357 1360 1355 1372 1355 1350
544.364014 1356 1357 1362 1388 1429 1427 1401 1372 1360 1360 1361 1359 1350 1363 1367 1347 1348
544.401001 1366 1359 1366 1377 1414 1430 1391 1373 1355 1347 1353 1363 1354 1361 1366 1365 1375
544.439026 1364 1358 1365 1375 1431 1424 1394 1371 1356 1363 1355 1357 1340 1360 1359 1344 1363
544.476013 1360 1366 1356 1370 1424 1412 1387 1362 1359 1346 1343 1368 1346 1354 1360 1364 1351
544.513977 1362 1353 1364 1382 1416 1427 1389 1363 1366 1359 1340 1365 1361 1361 1356 1362 1364
544.551025 1369 1370 1358 1380 1424 1421 1386 1379 1356 1358 1360 1359 1360 1353 1361 1358 1363
544.588989 1359 1362 1354 1374 1433 1422 1383 1363 1371 1364 1354 1361 1361 1360 1364 1364 1357
544.625977 1361 1357 1370 1376 1412 1423 1378 1362 1364 1357 1360 1367 1370 1365 1346 1364 1364
544.664001 1357 1360 1354 1382 1407 1413 1391 1373 1363 1349 1365 1355 1360 1359 1347 1368 1360
544.702026 1358 1369 1363 1378 1419 1421 1387 1376 1360 1363 1360 1347 1352 1359 1370 1354 1357
544.739014 1353 1366 1365 1376 1430 1421 1404 1380 1362 1366 1354 1365 1362 1358 1355 1359 1356
544.776978 1360 1359 1367 1386 1407 1413 1395 1364 1357 1361 1357 1356 1365 1358 1361 1356 1352
544.814026 1362 1362 1360 1368 1416 1416 1382 1377 1360 1372 1366 1360 1355 1358 1362 1370 1355
544.85199 1364 1355 1355 1380 1425 1430 1387 1367 1358 1360 1360 1361 1362 1360 1363 1356 1355
544.888977 1360 1368 1365 1360 1421 1436 1401 1372 1363 1365 1362 1367 1368 1368 1351 1360 1358
544.927002 1368 1363 1377 1380 1429 1426 1410 1376 1363 1358 1359 1356 1358 1360 1362 1361 1352
544.963989 1370 1355 1371 1374 1432 1426 1408 1367 1365 1360 1355 1354 1352 1369 1359 1356 1364
545.002014 1357 1363 1357 1379 1417 1439 1400 1366 1356 1358 1359 1359 1360 1371 1360 1362 1374
545.039001 1370 1373 1365 1381 1430 1434 1400 1372 1371 1357 1370 1365 1364 1368 1364 1365 1355
545.077026 1356 1368 1366 1382 1422 1429 1388 1368 1373 1358 1365 1371 1360 1361 1366 1361 1373
545.11499 1360 1373 1376 1386 1433 1430 1393 1383 1358 1373 1359 1364 1368 1363 1364 1358 1364
545.151978 1366 1375 1360 1386 1413 1416 1403 1377 1375 1362 1371 1356 1370 1358 1360 1362 1368
545.190002 1359 1371 1370 1389 1423 1425 1397 1381 1379 1359 1359 1368 1368 1356 1362 1359 1352
545.22699 1352 1368 1365 1378 1440 1417 1390 1375 1370 1371 1361 1364 1368 1360 1369 1363 1369
545.265015 1365 1360 1360 1378 1437 1431 1397 1369 1369 1364 1361 1368 1367 1348 1362 1362 1360
545.302002 1369 1368 1353 1375 1421 1429 1382 1370 1364 1353 1363 1360 1360 1363 1353 1355 1370
545.340027 1374 1378 1358 1379 1419 1418 1394 1368 1371 1370 1356 1353 1354 1355 1353 1356 1364
545.377014 1371 1367 1362 1380 1433 1414 1389 1359 1349 1355 1362 1365 1355 1354 1354 1365 1358
545.414978 1361 1360 1361 1386 1421 1431 1392 1370 1367 1353 1356 1355 1350 1359 1351 1359 1356
545.452026 1350 1362 1351 1376 1420 1422 1392 1367 1359 1355 1360 1372 1358 1358 1357 1353 1363
545.48999 1363 1354 1360 1363 1416 1419 1378 1358 1363 1353 1361 1350 1350 1347 1362 1356 1352
545.526978 1354 1350 1351 1364 1408 1421 1383 1356 1356 1357 1351 1349 1342 1357 1351 1356 1364
545.565002 1364 1356 1361 1371 1420 1411 1397 1362 1360 1355 1357 1359 1352 1351 1352 1354 1370
545.60199 1352 1361 1357 1383 1407 1426 1382 1358 1359 1347 1352 1343 1352 1349 1345 1349 1352
545.640015 1353 1364 1355 1369 1420 1407 1400 1356 1352 1351 1338 1355 1339 1365 1340 1350 1344
545.677979 1359 1354 1353 1363 1421 1413 1383 1373 1358 1352 1358 1353 1363 1358 1360 1343 1347
545.715027 1355 1352 1355 1372 1405 1420 1385 1366 1345 1361 1354 1348 1355 1361 1351 1355 1361
545.752991 1356 1355 1361 1382 1410 1422 1388 1353 1355 1359 1356 1357 1361 1359 1347 1352 1349
545.789978 1359 1353 1355 1373 1416 1422 1395 1371 1360 1352 1352 1360 1355 1355 1356 1362 1354
545.828003 1349 1365 1357 1387 1418 1402 1376 1352 1365 1351 1351 1358 1353 1351 1353 1347 1352
545.86499 1352 1355 1359 1371 1410 1435 1380 1365 1353 1350 1356 1358 1352 1352 1353 1354 1366
545.903015 1353 1354 1347 1380 1426 1408 1384 1358 1360 1359 1352 1348 1349 1356 1346 1355 1348
545.940002 1351 1363 1344 1370 1413 1435 1380 1366 1357 1351 1362 1347 1353 1348 1352 1339 1357
545.978027 1357 1353 1353 1359 1412 1414 1394 1360 1359 1357 1342 1360 1347 1349 1342 1360 1358
546.015015 1341 1355 1349 1363 1405 1405 1390 1356 1348 1344 1351 1349 1348 1339 1351 1351 1352
546.052979 1345 1349 1352 1367 1410 1416 1375 1347 1352 1343 1347 1338 1351 1350 1344 1356 1352
546.090027 1354 1350 1348 1368 1397 1409 1375 1349 1341 1346 1350 1344 1340 1344 1349 1335 1340
546.127991 1347 1343 1359 1367 1411 1418 1373 1350 1349 1349 1347 1335 1355 1346 1354 1334 1343
546.164978 1349 1349 1327 1361 1395 1415 1382 1359 1340 1341 1342 1344 1334 1342 1338 1344 1351
546.203003 1344 1341 1350 1355 1405 1424 1379 1342 1347 1337 1336 1354 1336 1349 1344 1338 1348
546.23999 1339 1350 1345 1367 1423 1417 1383 1348 1347 1354 1339 1349 1347 1346 1335 1334 1338
546.278015 1343 1347 1356 1363 1397 1404 1382 1351 1345 1345 1340 1342 1353 1340 1349 1341 1336
546.315002 1342 1332 1356 1358 1404 1400 1381 1351 1345 1341 1342 1349 1348 1335 1339 1334 1342
546.353027 1349 1357 1340 1362 1418 1408 1375 1340 1346 1345 1334 1345 1334 1331 1329 1347 1331
546.390015 1337 1355 1342 1354 1394 1411 1364 1349 1351 1331 1337 1338 1339 1336 1341 1339 1342
546.427979 1343 1343 1344 1355 1407 1410 1388 1353 1351 1339 1341 1340 1343 1335 1338 1341 1343
546.465027 1333 1347 1336 1358 1403 1415 1379 1342 1352 1344 1348 1342 1343 1346 1336 1342 1345
546.502991 1347 1341 1343 1353 1399 1396 1374 1361 1346 1345 1344 1341 1334 1344 1332 1346 1346
546.539978 1340 1344 1342 1353 1402 1407 1369 1357 1349 1344 1337 1333 1336 1332 1334 1338 1345
546.578003 1346 1333 1344 1363 1411 1394 1371 1343 1347 1341 1336 1332 1335 1336 1343 1341 1332
546.61499 1341 1340 1343 1359 1409 1406 1376 1337 1341 1332 1328 1327 1328 1323 1328 1330 1347
546.653015 1352 1328 1339 1347 1397 1398 1370 1350 1337 1332 1333 1343 1338 1335 1342 1343 1337
546.690979 1354 1346 1351 1362 1398 1401 1379 1343 1338 1340 1342 1332 1336 1336 1330 1331 1340
546.728027 1347 1335 1336 1362 1401 1394 1373 1359 1347 1335 1330 1322 1342 1333 1335 1341 1335
546.765991 1338 1341 1340 1347 1406 1395 1363 1344 1344 1340 1333 1339 1330 1327 1349 1342 1325
546.802979 1336 1344 1341 1364 1390 1398 1368 1347 1344 1349 1337 1340 1330 1332 1331 1339 1342
546.841003 1339 1341 1332 1353 1401 1401 1367 1344 1340 1337 1334 1336 1336 1329 1334 1336 1343
546.877991 1341 1333 1337 1342 1383 1404 1356 1344 1344 1350 1336 1340 1334 1333 1329 1328 1342
546.916016 1349 1344 1336 1355 1401 1392 1369 1349 1349 1345 1338 1340 1343 1332 1329 1350 1332
546.953003 1342 1341 1340 1349 1409 1406 1362 1343 1356 1336 1332 1339 1343 1334 1331 1348 1341
546.991028 1352 1342 1339 1343 1400 1398 1373 1346 1339 1347 1339 1343 1334 1342 1340 1334 1344
547.028015 1338 1342 1336 1355 1406 1389 1367 1350 1353 1344 1343 1330 1330 1331 1336 1329 1346
547.065979 1348 1343 1331 1350 1396 1389 1366 1348 1351 1349 1336 1344 1330 1328 1334 1347 1352
547.103027 1356 1343 1349 1354 1399 1388 1381 1349 1350 1348 1336 1330 1332 1325 1334 1345 1352
547.140991 1351 1347 1337 1360 1395 1407 1379 1334 1353 1347 1338 1331 1325 1326 1338 1358 1354
547.177979 1363 1349 1341 1355 1393 1415 1376 1359 1371 1359 1335 1339 1331 1322 1333 1345 1354
547.216003 1373 1361 1349 1350 1385 1407 1370 1371 1368 1351 1351 1337 1334 1335 1345 1366 1353
547.252991 1389 1358 1353 1351 1389 1396 1385 1379 1389 1367 1356 1343 1327 1338 1342 1366 1376
547.291016 1385 1382 1355 1357 1386 1400 1393 1385 1403 1376 1357 1347 1330 1337 1355 1371 1386
547.328003 1411 1394 1364 1356 1388 1407 1396 1412 1418 1397 1370 1352 1329 1338 1366 1387 1398
547.366028 1438 1411 1373 1354 1389 1416 1420 1444 1449 1428 1379 1345 1335 1333 1366 1410 1422
547.403015 1458 1437 1388 1366 1395 1420 1454 1465 1485 1458 1401 1358 1318 1342 1389 1439 1452
547.440979 1519 1475 1404 1363 1388 1427 1456 1510 1520 1496 1428 1369 1331 1352 1413 1471 1501
547.478027 1567 1487 1428 1372 1399 1445 1481 1538 1544 1527 1435 1383 1337 1355 1435 1518 1563
547.515991 1603 1536 1430 1373 1392 1434 1521 1571 1589 1559 1471 1378 1338 1366 1469 1564 1598
547.552979 1636 1555 1450 1376 1392 1459 1518 1616 1611 1616 1484 1377 1357 1376 1474 1559 1631
547.591003 1641 1593 1459 1383 1389 1460 1520 1606 1648 1602 1492 1400 1350 1362 1495 1571 1641
547.627991 1679 1604 1471 1394 1389 1467 1533 1644 1685 1640 1492 1410 1349 1388 1486 1609 1664
547.666016 1692 1602 1479 1384 1396 1462 1542 1670 1689 1633 1534 1400 1358 1385 1476 1641 1681
547.703003 1715 1634 1516 1381 1394 1463 1556 1680 1722 1687 1550 1430 1344 1384 1520 1643 1719
547.741028 1681 1635 1472 1386 1390 1460 1557 1662 1732 1690 1558 1405 1349 1395 1506 1635 1722
547.778015 1600 1548 1444 1377 1396 1434 1516 1605 1644 1592 1485 1387 1340 1378 1452 1555 1624
547.815002 1473 1470 1398 1375 1381 1425 1459 1487 1505 1495 1420 1367 1338 1353 1403 1470 1496
547.853027 1429 1411 1367 1355 1388 1408 1413 1431 1446 1415 1394 1351 1337 1338 1368 1403 1428
547.890015 1380 1381 1358 1363 1384 1407 1392 1395 1400 1395 1367 1337 1337 1340 1359 1391 1395
547.927979 1368 1360 1345 1343 1390 1395 1373 1376 1380 1373 1352 1330 1325 1325 1343 1364 1375
547.965027 1350 1353 1345 1346 1389 1389 1371 1367 1367 1362 1354 1332 1328 1325 1345 1351 1360
548.002991 1351 1340 1339 1348 1394 1393 1373 1356 1351 1351 1333 1323 1328 1329 1341 1341 1361
548.039978 1354 1334 1343 1340 1385 1396 1372 1350 1357 1346 1341 1333 1324 1317 1330 1346 1353
548.078003 1351 1347 1338 1341 1389 1388 1371 1357 1351 1342 1323 1325 1309 1327 1328 1347 1356
548.11499 1341 1342 1331 1336 1380 1396 1368 1351 1354 1336 1324 1334 1324 1332 1324 1351 1342
548.153015 1341 1343 1340 1322 1396 1386 1366 1342 1351 1343 1319 1336 1325 1314 1323 1349 1337
548.190002 1334 1339 1333 1343 1383 1398 1365 1342 1350 1343 1327 1330 1321 1333 1332 1339 1339
548.228027 1342 1340 1331 1343 1376 1383 1363 1337 1332 1335 1325 1332 1320 1315 1324 1327 1331
548.265015 1339 1333 1327 1339 1392 1394 1364 1346 1339 1329 1320 1323 1319 1325 1331 1340 1330
548.302979 1330 1336 1321 1346 1369 1386 1362 1344 1340 1319 1327 1319 1313 1330 1323 1329 1335
548.340027 1329 1338 1334 1344 1378 1404 1362 1331 1335 1333 1317 1317 1323 1321 1319 1334 1325
548.377991 1325 1332 1318 1349 1389 1402 1371 1336 1333 1335 1326 1323 1326 1321 1319 1323 1323
548.414978 1331 1331 1336 1337 1382 1396 1363 1329 1327 1324 1325 1321 1320 1320 1324 1331 1335
548.453003 1326 1331 1333 1343 1384 1386 1354 1334 1329 1332 1318 1323 1327 1324 1319 1324 1333
548.48999 1341 1336 1332 1338 1372 1383 1359 1331 1333 1326 1332 1326 1319 1326 1328 1329 1336
548.528015 1314 1331 1328 1351 1400 1375 1361 1332 1333 1337 1324 1334 1315 1329 1327 1328 1321
548.565002 1317 1324 1320 1341 1401 1384 1357 1335 1324 1325 1320 1332 1317 1322 1321 1324 1320
548.603027 1330 1329 1318 1346 1383 1394 1354 1338 1332 1335 1322 1332 1317 1317 1326 1331 1328
548.640015 1332 1328 1329 1350 1391 1379 1372 1322 1336 1328 1329 1330 1317 1321 1322 1323 1335
548.677979 1329 1325 1327 1346 1390 1385 1366 1340 1341 1330 1333 1329 1327 1324 1325 1324 1327
548.715027 1323 1338 1334 1340 1400 1376 1363 1326 1326 1332 1331 1326 1320 1321 1333 1331 1325
548.752014 1334 1333 1335 1349 1405 1382 1371 1335 1335 1332 1333 1321 1323 1330 1335 1331 1327
548.789978 1334 1332 1335 1342 1387 1388 1362 1344 1331 1332 1341 1335 1328 1327 1325 1338 1342
548.827026 1328 1339 1337 1348 1401 1398 1367 1343 1340 1330 1330 1329 1319 1332 1334 1337 1332
548.86499 1335 1337 1337 1341 1393 1395 1358 1341 1337 1328 1334 1336 1345 1334 1334 1336 1335
548.901978 1331 1335 1336 1349 1396 1393 1362 1338 1338 1324 1332 1328 1340 1329 1331 1336 1329
548.940002 1322 1322 1343 1341 1383 1404 1366 1337 1337 1331 1328 1324 1327 1328 1321 1334 1325
548.97699 1330 1325 1324 1349 1393 1394 1351 1333 1330 1324 1320 1316 1326 1327 1326 1329 1321
549.015015 1319 1329 1322 1345 1397 1391 1363 1322 1319 1327 1326 1312 1315 1318 1313 1331 1322
549.052002 1318 1323 1328 1347 1379 1387 1352 1331 1324 1313 1322 1325 1314 1322 1321 1318 1318
549.090027 1314 1327 1319 1332 1373 1377 1348 1332 1330 1331 1326 1324 1322 1321 1318 1318 1321
549.127014 1314 1322 1314 1336 1375 1386 1362 1335 1324 1318 1312 1314 1313 1313 1317 1323 1312
549.164978 1320 1322 1318 1331 1378 1381 1363 1316 1324 1326 1313 1317 1316 1316 1322 1319 1316
549.202026 1322 1323 1319 1344 1386 1385 1367 1331 1325 1319 1322 1322 1318 1322 1318 1322 1316
549.23999 1325 1324 1309 1340 1388 1370 1359 1331 1323 1325 1317 1315 1314 1309 1318 1317 1326
549.276978 1323 1320 1325 1341 1372 1384 1348 1332 1325 1312 1320 1322 1320 1315 1323 1315 1321
549.314026 1318 1328 1325 1342 1383 1381 1355 1326 1327 1326 1314 1316 1314 1321 1327 1326 1319
549.35199 1319 1322 1315 1344 1385 1375 1355 1337 1328 1321 1313 1326 1314 1317 1325 1316 1331
549.388977 1316 1337 1327 1340 1381 1383 1354 1328 1321 1319 1313 1323 1317 1325 1318 1317 1310
549.427002 1321 1312 1328 1344 1384 1386 1359 1326 1324 1315 1322 1321 1321 1315 1317 1323 1317
549.463989 1325 1317 1329 1349 1380 1385 1350 1338 1326 1318 1324 1319 1317 1320 1317 1315 1319
549.502014 1327 1322 1322 1339 1379 1388 1361 1335 1322 1318 1321 1315 1322 1317 1319 1332 1327
549.539001 1316 1328 1316 1339 1382 1392 1345 1314 1315 1316 1321 1317 1314 1319 1319 1315 1326
549.577026 1324 1326 1329 1349 1381 1387 1368 1333 1330 1327 1333 1319 1323 1333 1327 1328 1321
549.614014 1338 1345 1331 1361 1399 1402 1371 1341 1341 1336 1337 1336 1334 1349 1338 1340 1343
549.651978 1349 1347 1346 1366 1419 1411 1377 1353 1351 1352 1348 1349 1347 1345 1351 1344 1344
549.689026 1357 1346 1353 1373 1398 1404 1389 1363 1360 1353 1347 1351 1352 1352 1355 1354 1359
549.726013 1350 1358 1357 1372 1424 1407 1400 1357 1357 1370 1359 1355 1355 1358 1350 1366 1357
549.763977 1357 1349 1348 1371 1396 1409 1385 1360 1352 1355 1357 1354 1355 1356 1351 1351 1346
549.801025 1340 1337 1336 1357 1401 1404 1375 1343 1352 1337 1339 1326 1334 1334 1344 1340 1339
549.838989 1335 1337 1341 1352 1388 1385 1360 1325 1332 1329 1328 1327 1321 1326 1329 1343 1330
549.875977 1327 1316 1326 1336 1378 1374 1353 1322 1321 1323 1319 1321 1324 1324 1317 1312 1319
549.914001 1321 1319 1325 1326 1377 1377 1345 1325 1320 1321 1314 1324 1313 1324 1321 1319 1315
549.950989 1321 1315 1319 1335 1380 1392 1357 1323 1319 1318 1315 1325 1326 1326 1316 1317 1315
549.989014 1318 1323 1318 1337 1388 1382 1354 1327 1319 1318 1316 1317 1319 1314 1318 1313 1322
550.026001 1319 1314 1326 1335 1380 1378 1360 1315 1306 1314 1317 1323 1323 1316 1313 1322 1316
550.062988 1321 1313 1320 1344 1379 1382 1357 1323 1324 1312 1318 1312 1319 1313 1313 1321 1323
550.101013 1317 1312 1314 1335 1377 1381 1347 1322 1324 1316 1317 1312 1315 1316 1312 1314 1316
550.138 1311 1317 1317 1337 1366 1373 1350 1327 1323 1317 1315 1319 1319 1313 1308 1311 1321
550.176025 1309 1323 1317 1324 1375 1382 1346 1321 1316 1316 1319 1317 1315 1309 1314 1310 1310
550.213013 1321 1317 1314 1326 1377 1392 1342 1324 1317 1318 1318 1315 1320 1312 1316 1316 1310
550.250977 1315 1313 1320 1327 1375 1373 1356 1321 1320 1312 1310 1318 1311 1316 1309 1313 1319
550.288025 1331 1314 1308 1343 1388 1381 1346 1316 1317 1322 1313 1316 1316 1312 1318 1313 1309
550.325989 1305 1325 1319 1334 1381 1371 1365 1316 1320 1318 1312 1314 1315 1316 1313 1314 1315
550.362976 1316 1317 1310 1325 1381 1390 1354 1322 1308 1308 1312 1307 1312 1311 1310 1310 1323
550.400024 1322 1311 1320 1335 1379 1382 1351 1321 1323 1314 1310 1320 1311 1308 1315 1312 1313
550.437988 1317 1309 1310 1345 1370 1379 1343 1324 1322 1318 1313 1311 1319 1300 1314 1316 1314
550.474976 1312 1318 1310 1341 1383 1383 1347 1320 1310 1311 1310 1320 1320 1316 1319 1309 1317
550.513 1322 1320 1311 1344 1383 1375 1352 1330 1313 1310 1317 1309 1318 1311 1317 1304 1317
550.549988 1318 1323 1317 1334 1378 1368 1345 1318 1317 1310 1312 1314 1319 1311 1310 1312 1309
550.588013 1313 1314 1312 1328 1389 1385 1336 1327 1330 1321 1318 1315 1300 1311 1324 1309 1313
550.625 1321 1317 1318 1341 1383 1384 1353 1321 1322 1317 1321 1310 1304 1315 1311 1313 1320
550.661987 1319 1322 1309 1327 1377 1376 1352 1321 1317 1304 1310 1306 1315 1310 1314 1311 1317
550.700012 1315 1311 1304 1326 1374 1379 1352 1327 1318 1320 1312 1309 1314 1313 1314 1318 1308
550.737 1317 1319 1319 1327 1367 1380 1345 1321 1321 1310 1308 1316 1308 1307 1306 1322 1313
550.775024 1314 1311 1317 1324 1382 1390 1354 1316 1322 1321 1303 1309 1311 1314 1317 1318 1316
550.812012 1307 1321 1317 1334 1387 1383 1346 1321 1315 1314 1311 1316 1317 1315 1308 1311 1309
550.849976 1312 1307 1316 1335 1383 1374 1355 1319 1303 1309 1308 1314 1314 1312 1310 1305 1320
550.887024 1311 1319 1321 1326 1381 1382 1358 1320 1320 1309 1313 1303 1309 1305 1315 1320 1322
550.924011 1314 1319 1317 1333 1379 1380 1346 1314 1313 1325 1304 1305 1315 1314 1313 1321 1315
550.961975 1312 1315 1312 1334 1367 1395 1347 1326 1318 1316 1313 1312 1312 1309 1320 1311 1310
550.999023 1315 1309 1318 1328 1373 1382 1351 1313 1311 1314 1313 1309 1312 1314 1307 1311 1316
551.036987 1322 1320 1319 1328 1364 1385 1346 1322 1326 1314 1311 1314 1314 1306 1307 1312 1319
551.073975 1313 1307 1313 1334 1382 1379 1353 1311 1315 1312 1310 1309 1319 1299 1309 1320 1312
551.112 1308 1314 1316 1323 1366 1379 1347 1323 1321 1323 1325 1314 1307 1307 1316 1313 1311
551.148987 1312 1315 1313 1329 1370 1370 1337 1326 1315 1310 1312 1314 1312 1314 1306 1312 1311
551.187012 1313 1316 1321 1331 1375 1378 1340 1324 1311 1317 1309 1311 1318 1314 1305 1313 1309
551.223999 1315 1312 1312 1334 1377 1380 1343 1326 1311 1309 1309 1312 1301 1314 1311 1313 1313
551.260986 1315 1316 1313 1335 1379 1381 1343 1324 1315 1317 1310 1306 1302 1317 1307 1316 1314
551.299011 1316 1310 1314 1327 1375 1372 1340 1326 1324 1315 1314 1308 1307 1305 1317 1316 1317
551.335999 1317 1319 1323 1325 1365 1376 1345 1331 1313 1309 1308 1314 1310 1313 1312 1305 1318
551.374023 1313 1313 1309 1330 1372 1371 1345 1324 1314 1310 1315 1309 1314 1304 1310 1312 1308
551.411011 1317 1313 1311 1331 1373 1377 1351 1317 1320 1316 1322 1321 1320 1309 1312 1313 1317
551.447998 1319 1317 1314 1331 1375 1374 1342 1315 1316 1310 1311 1308 1312 1313 1314 1314 1312
551.486023 1315 1312 1314 1326 1362 1389 1345 1321 1312 1310 1309 1306 1311 1307 1307 1318 1309
551.52301 1311 1314 1317 1344 1368 1367 1343 1309 1309 1311 1309 1310 1312 1308 1314 1309 1316
551.560974 1311 1312 1321 1331 1361 1371 1339 1323 1315 1315 1311 1310 1316 1311 1314 1313 1313
551.598022 1305 1327 1311 1324 1370 1377 1342 1316 1312 1313 1313 1306 1313 1316 1313 1308 1308
551.63501 1311 1312 1313 1332 1367 1376 1338 1312 1318 1316 1307 1311 1305 1302 1305 1314 1305
551.672974 1306 1314 1307 1323 1375 1371 1339 1323 1315 1318 1309 1309 1314 1311 1317 1313 1310
551.710022 1309 1316 1315 1324 1379 1374 1339 1314 1306 1316 1312 1307 1308 1311 1315 1309 1302
551.747986 1312 1307 1315 1330 1374 1382 1353 1316 1310 1315 1311 1307 1310 1307 1306 1302 1313
551.784973 1317 1313 1311 1333 1372 1382 1342 1314 1313 1308 1305 1307 1306 1315 1318 1302 1306
551.822998 1313 1312 1317 1324 1380 1378 1352 1317 1317 1310 1302 1317 1314 1305 1314 1307 1313
551.859985 1320 1310 1314 1328 1368 1379 1339 1324 1315 1311 1314 1319 1310 1304 1307 1312 1312
551.896973 1309 1321 1318 1332 1381 1375 1340 1318 1316 1308 1312 1314 1309 1313 1305 1307 1311
551.934998 1310 1319 1308 1337 1368 1374 1340 1318 1321 1316 1315 1312 1309 1308 1307 1312 1311
551.971985 1304 1317 1317 1329 1376 1373 1349 1324 1316 1312 1307 1305 1312 1307 1313 1309 1312
552.01001 1319 1308 1316 1330 1376 1365 1348 1317 1307 1310 1309 1305 1311 1307 1311 1317 1311
552.046997 1308 1309 1319 1328 1379 1361 1343 1314 1312 1315 1302 1307 1313 1310 1302 1308 1308
552.083984 1318 1311 1310 1324 1372 1383 1348 1308 1312 1312 1313 1313 1317 1313 1308 1311 1319
552.122009 1306 1309 1310 1322 1384 1384 1347 1322 1316 1317 1303 1307 1315 1302 1311 1311 1314
552.158997 1313 1303 1313 1331 1370 1375 1345 1319 1312 1309 1313 1312 1306 1312 1309 1311 1316
552.197021 1310 1311 1303 1332 1370 1376 1342 1317 1317 1308 1309 1311 1309 1309 1314 1308 1312
552.234009 1314 1319 1313 1324 1372 1386 1346 1318 1310 1313 1310 1307 1308 1315 1307 1309 1307
552.270996 1308 1315 1317 1333 1376 1378 1345 1318 1309 1316 1309 1309 1311 1314 1312 1314 1312
552.309021 1303 1317 1304 1327 1378 1373 1343 1320 1311 1317 1308 1306 1314 1310 1312 1306 1314
552.346008 1316 1307 1310 1326 1374 1362 1357 1320 1314 1309 1310 1305 1307 1309 1307 1306 1306
552.383972 1313 1309 1319 1326 1373 1377 1341 1315 1313 1307 1308 1310 1310 1320 1309 1303 1320
552.421021 1310 1314 1311 1332 1371 1372 1338 1320 1312 1306 1311 1310 1308 1315 1305 1307 1309
552.458008 1309 1312 1312 1328 1371 1374 1347 1316 1322 1314 1309 1307 1309 1312 1312 1307 1308
552.495972 1305 1314 1318 1326 1364 1379 1351 1317 1307 1308 1310 1322 1311 1307 1317 1311 1302
552.53302 1317 1315 1320 1326 1362 1387 1352 1317 1330 1316 1308 1311 1304 1310 1309 1303 1305
552.570984 1305 1314 1309 1331 1379 1382 1343 1318 1313 1312 1309 1315 1309 1313 1298 1311 1316
552.607971 1314 1317 1320 1331 1375 1367 1341 1318 1315 1313 1318 1307 1312 1306 1305 1310 1310
552.64502 1313 1313 1306 1332 1358 1377 1332 1324 1304 1310 1307 1307 1313 1318 1312 1320 1312
552.682983 1313 1318 1312 1319 1376 1386 1347 1312 1314 1310 1306 1312 1300 1305 1308 1312 1315
552.719971 1301 1309 1306 1326 1382 1373 1341 1322 1312 1313 1309 1302 1315 1308 1317 1312 1312
552.757996 1305 1319 1306 1332 1370 1375 1342 1309 1312 1312 1308 1312 1314 1307 1307 1313 1314
552.794983 1312 1310 1305 1318 1379 1367 1343 1316 1313 1304 1311 1309 1309 1305 1315 1308 1308
552.83197 1311 1313 1312 1322 1367 1377 1340 1320 1314 1308 1309 1304 1307 1308 1310 1310 1316
552.869995 1300 1312 1314 1341 1376 1383 1343 1315 1315 1306 1305 1310 1312 1303 1310 1304 1310
552.906982 1310 1314 1308 1331 1380 1372 1348 1318 1312 1300 1306 1311 1306 1304 1307 1305 1313
552.945007 1307 1317 1303 1327 1369 1371 1347 1314 1312 1307 1313 1310 1312 1301 1307 1314 1308
552.981995 1314 1310 1307 1336 1375 1368 1334 1316 1312 1311 1307 1313 1308 1304 1307 1311 1308
553.018982 1309 1317 1318 1328 1365 1386 1345 1317 1315 1315 1313 1307 1321 1317 1317 1313 1304
553.057007 1310 1316 1316 1321 1369 1377 1333 1316 1305 1313 1303 1301 1315 1305 1311 1308 1314
553.093994 1308 1306 1315 1341 1372 1372 1348 1312 1313 1309 1310 1306 1311 1314 1309 1309 1311
553.130981 1309 1317 1317 1325 1376 1369 1352 1320 1320 1324 1312 1314 1310 1309 1307 1305 1315
553.169006 1315 1317 1317 1338 1373 1379 1338 1310 1309 1314 1311 1313 1306 1304 1307 1311 1319
553.205994 1319 1313 1308 1328 1369 1377 1352 1324 1313 1313 1310 1313 1309 1310 1308 1301 1316
553.244019 1302 1317 1315 1322 1372 1364 1351 1323 1319 1312 1316 1321 1309 1305 1308 1309 1301
553.281006 1318 1314 1303 1326 1372 1380 1350 1318 1318 1314 1309 1313 1311 1312 1312 1312 1307
553.317993 1315 1307 1325 1326 1371 1379 1347 1308 1309 1314 1314 1312 1308 1304 1307 1307 1310
553.356018 1315 1312 1315 1331 1382 1374 1348 1318 1307 1308 1304 1311 1304 1307 1307 1310 1310
553.393005 1310 1313 1308 1324 1359 1370 1343 1320 1309 1316 1302 1308 1309 1309 1299 1308 1302
553.43103 1315 1314 1312 1331 1375 1374 1337 1319 1317 1306 1313 1316 1310 1310 1315 1302 1315
553.468018 1312 1315 1302 1327 1364 1383 1344 1320 1310 1303 1314 1308 1311 1314 1303 1306 1310
553.505005 1318 1311 1309 1328 1369 1378 1347 1320 1309 1312 1308 1304 1311 1314 1304 1310 1309
553.54303 1314 1310 1307 1328 1367 1375 1348 1319 1317 1314 1314 1302 1311 1311 1310 1309 1312
553.580017 1308 1313 1316 1317 1383 1359 1343 1318 1315 1309 1302 1306 1304 1309 1311 1304 1315
553.617004 1315 1313 1318 1328 1370 1377 1346 1318 1311 1311 1316 1313 1306 1307 1304 1312 1306
553.655029 1310 1312 1310 1340 1371 1360 1337 1322 1310 1303 1307 1312 1319 1300 1304 1313 1313
553.692017 1314 1311 1317 1339 1377 1370 1339 1311 1313 1310 1309 1313 1304 1309 1310 1308 1308
553.729004 1314 1311 1312 1324 1371 1376 1342 1325 1314 1316 1310 1309 1306 1314 1307 1308 1314
553.767029 1311 1316 1296 1323 1364 1374 1346 1321 1313 1316 1312 1312 1314 1310 1314 1307 1309
553.804016 1312 1311 1307 1322 1380 1369 1343 1328 1318 1314 1312 1307 1302 1309 1303 1305 1315
553.84198 1314 1318 1316 1338 1374 1370 1345 1322 1314 1313 1311 1312 1316 1314 1307 1311 1315
553.879028 1308 1314 1317 1340 1373 1366 1349 1327 1314 1313 1316 1312 1307 1310 1314 1304 1314
553.916016 1320 1311 1312 1334 1364 1379 1344 1325 1311 1308 1314 1316 1314 1324 1316 1308 1305
553.953979 1321 1311 1317 1332 1369 1369 1347 1321 1317 1306 1311 1309 1309 1306 1317 1313 1318
553.991028 1318 1311 1318 1333 1378 1373 1337 1313 1311 1316 1307 1313 1311 1314 1320 1308 1305
554.028015 1304 1312 1317 1331 1368 1372 1353 1327 1323 1307 1311 1308 1308 1314 1301 1303 1318
554.065979 1315 1315 1310 1328 1375 1373 1345 1323 1320 1318 1311 1320 1312 1310 1311 1310 1314
554.103027 1319 1317 1323 1323 1373 1382 1363 1324 1312 1316 1310 1308 1308 1303 1322 1308 1302
554.140991 1312 1315 1320 1334 1372 1377 1342 1324 1310 1311 1314 1302 1319 1308 1313 1303 1315
554.177979 1307 1311 1311 1325 1367 1365 1347 1309 1314 1310 1314 1304 1316 1304 1300 1309 1310
554.215027 1306 1305 1310 1326 1368 1372 1342 1319 1312 1311 1310 1316 1308 1298 1310 1311 1308
554.252991 1312 1311 1309 1328 1359 1368 1328 1328 1309 1307 1303 1308 1308 1310 1309 1313 1315
554.289978 1315 1303 1307 1333 1363 1375 1338 1319 1314 1315 1310 1301 1305 1308 1310 1302 1304
554.327026 1313 1306 1316 1328 1386 1362 1357 1318 1304 1306 1303 1314 1307 1307 1308 1321 1307
554.36499 1313 1316 1312 1324 1363 1380 1348 1327 1305 1311 1307 1312 1310 1314 1308 1309 1316
554.401978 1315 1308 1311 1325 1366 1374 1340 1314 1310 1314 1310 1296 1304 1307 1304 1306 1315
554.439026 1315 1309 1315 1324 1366 1382 1335 1316 1313 1308 1302 1306 1307 1307 1314 1310 1307
554.47699 1309 1311 1306 1330 1380 1379 1348 1317 1309 1312 1311 1314 1301 1314 1301 1308 1320
554.513977 1317 1312 1317 1329 1369 1368 1340 1311 1316 1323 1304 1314 1310 1304 1309 1312 1309
554.552002 1313 1313 1319 1333 1377 1367 1346 1315 1319 1317 1311 1314 1308 1312 1311 1310 1307
554.588989 1318 1311 1315 1335 1373 1364 1352 1323 1310 1306 1311 1317 1307 1315 1313 1306 1307
554.625977 1303 1310 1318 1328 1374 1372 1340 1322 1313 1324 1304 1311 1320 1313 1313 1315 1313
554.664001 1309 1300 1327 1325 1376 1369 1352 1323 1316 1315 1310 1318 1306 1315 1311 1310 1317
554.700989 1318 1320 1315 1324 1373 1375 1341 1309 1317 1312 1311 1312 1312 1312 1318 1308 1314
554.737976 1316 1315 1319 1321 1367 1373 1346 1321 1316 1308 1319 1310 1311 1307 1310 1323 1310
554.776001 1319 1317 1314 1326 1377 1365 1358 1316 1308 1319 1312 1324 1305 1307 1304 1310 1307
554.812988 1316 1316 1318 1324 1366 1379 1348 1320 1313 1309 1308 1305 1317 1309 1308 1311 1311
554.849976 1310 1310 1320 1329 1373 1365 1332 1320 1308 1311 1317 1308 1311 1312 1313 1311 1307
554.888 1313 1313 1321 1329 1363 1370 1335 1326 1325 1311 1311 1314 1318 1316 1315 1308 1310
554.924988 1319 1309 1313 1324 1366 1375 1339 1320 1321 1312 1309 1318 1319 1315 1305 1315 1314
554.961975 1310 1321 1315 1330 1372 1384 1340 1322 1319 1310 1316 1310 1305 1312 1312 1313 1311
555 1306 1321 1312 1331 1368 1380 1342 1320 1315 1318 1312 1312 1316 1307 1309 1305 1307
555.036987 1308 1315 1326 1320 1375 1374 1343 1323 1306 1317 1300 1313 1311 1303 1314 1312 1312
555.073975 1311 1306 1308 1336 1374 1374 1334 1317 1314 1313 1313 1302 1316 1307 1310 1313 1317
555.112 1311 1314 1312 1329 1374 1382 1338 1317 1311 1315 1310 1310 1310 1312 1314 1309 1307
555.148987 1309 1318 1313 1334 1376 1364 1349 1322 1313 1316 1308 1309 1316 1305 1312 1308 1310
555.185974 1307 1319 1311 1332 1377 1382 1346 1309 1320 1318 1305 1313 1304 1313 1307 1312 1313
555.223999 1321 1313 1313 1337 1380 1389 1347 1322 1317 1312 1311 1307 1307 1306 1312 1313 1314
555.260986 1322 1319 1314 1342 1367 1378 1341 1323 1319 1321 1307 1313 1310 1318 1313 1309 1312
555.297974 1304 1316 1314 1326 1369 1374 1348 1327 1312 1307 1314 1314 1316 1319 1319 1305 1314
555.335999 1314 1322 1312 1331 1369 1378 1336 1319 1313 1316 1314 1314 1311 1309 1313 1319 1313
555.372986 1313 1314 1324 1337 1372 1378 1341 1324 1312 1313 1317 1315 1319 1309 1312 1315 1321
555.409973 1315 1313 1317 1340 1370 1370 1340 1315 1314 1316 1310 1315 1313 1314 1311 1318 1318
555.447998 1320 1319 1321 1330 1378 1371 1353 1320 1318 1312 1313 1316 1317 1314 1304 1310 1311
555.484985 1308 1321 1312 1340 1379 1377 1343 1315 1318 1302 1319 1310 1301 1313 1313 1310 1317
555.521973 1324 1314 1318 1335 1380 1377 1337 1325 1321 1314 1313 1310 1313 1321 1318 1316 1316
555.559998 1322 1321 1312 1335 1375 1378 1342 1324 1316 1312 1313 1312 1312 1316 1322 1309 1317
555.596985 1318 1321 1316 1333 1363 1371 1345 1325 1314 1315 1305 1309 1320 1316 1310 1313 1314
555.633972 1319 1315 1321 1330 1376 1381 1350 1324 1319 1316 1314 1313 1315 1311 1315 1310 1323
555.671997 1317 1315 1301 1343 1386 1383 1338 1327 1308 1318 1311 1317 1308 1317 1314 1317 1320
555.708984 1315 1324 1316 1327 1384 1365 1353 1316 1321 1322 1323 1316 1316 1324 1314 1310 1314
555.745972 1319 1320 1316 1339 1384 1383 1344 1311 1312 1318 1318 1313 1323 1315 1318 1321 1317
555.783997 1319 1324 1322 1342 1383 1373 1346 1322 1314 1314 1318 1323 1312 1315 1309 1319 1313
555.820984 1316 1317 1321 1338 1373 1371 1336 1326 1323 1320 1318 1321 1316 1314 1320 1317 1321
555.857971 1318 1322 1319 1329 1380 1379 1346 1321 1320 1317 1318 1322 1316 1320 1313 1316 1325
555.895996 1319 1331 1322 1329 1381 1372 1343 1328 1318 1317 1316 1316 1311 1313 1311 1319 1309
555.932983 1310 1320 1318 1321 1385 1383 1340 1327 1336 1325 1321 1321 1313 1313 1314 1319 1322
555.969971 1325 1321 1319 1332 1386 1372 1350 1333 1328 1319 1315 1320 1321 1316 1320 1318 1306
556.007996 1317 1325 1324 1342 1379 1388 1353 1324 1318 1303 1313 1325 1322 1322 1312 1327 1321
556.044983 1319 1325 1317 1349 1383 1378 1369 1329 1321 1328 1315 1327 1328 1322 1316 1329 1325
556.08197 1329 1336 1328 1350 1379 1378 1362 1336 1322 1337 1321 1332 1321 1318 1328 1332 1325
556.119995 1319 1327 1339 1333 1383 1387 1347 1338 1326 1330 1331 1330 1333 1323 1315 1325 1324
556.156982 1323 1328 1330 1345 1385 1393 1369 1333 1332 1337 1323 1321 1329 1326 1323 1328 1328
556.19397 1326 1328 1325 1341 1386 1388 1352 1337 1339 1334 1336 1329 1321 1327 1313 1325 1327
556.231995 1328 1339 1335 1345 1390 1392 1360 1337 1334 1328 1335 1326 1332 1332 1328 1326 1336
556.268982 1325 1331 1332 1347 1389 1400 1368 1346 1330 1333 1329 1332 1324 1329 1328 1327 1336
556.30603 1344 1334 1337 1345 1393 1380 1360 1331 1331 1324 1337 1332 1342 1332 1327 1337 1330
556.343994 1334 1327 1335 1346 1389 1393 1364 1339 1329 1331 1335 1335 1333 1326 1333 1331 1337
556.380981 1335 1342 1337 1353 1394 1393 1374 1333 1338 1331 1332 1347 1327 1334 1334 1337 1334
556.41803 1333 1332 1331 1368 1403 1394 1369 1344 1342 1337 1340 1333 1333 1338 1336 1322 1334
556.455994 1347 1335 1336 1347 1390 1398 1371 1345 1342 1333 1334 1340 1336 1327 1329 1329 1348
556.492981 1339 1344 1342 1349 1396 1386 1378 1345 1340 1330 1334 1340 1327 1337 1332 1331 1334
556.530029 1342 1343 1345 1353 1397 1406 1366 1347 1349 1337 1341 1335 1338 1332 1328 1336 1329
556.567993 1338 1347 1339 1365 1410 1401 1369 1348 1345 1335 1340 1334 1343 1337 1337 1324 1332
556.60498 1343 1357 1343 1360 1409 1404 1367 1350 1353 1344 1341 1346 1337 1348 1343 1344 1345
556.642029 1341 1351 1341 1346 1395 1403 1374 1354 1348 1334 1337 1336 1332 1344 1332 1332 1344
556.679016 1336 1338 1338 1358 1396 1386 1365 1346 1336 1334 1336 1343 1338 1333 1342 1327 1330
556.71698 1333 1329 1335 1351 1387 1395 1368 1337 1336 1328 1327 1335 1329 1321 1341 1330 1325
556.754028 1330 1337 1334 1351 1380 1385 1373 1343 1336 1336 1329 1328 1326 1330 1330 1326 1333
556.791016 1323 1328 1333 1343 1397 1388 1354 1331 1332 1326 1317 1330 1328 1326 1323 1325 1320
556.828979 1324 1323 1324 1334 1377 1380 1356 1328 1313 1326 1323 1322 1327 1317 1322 1322 1320
556.866028 1316 1322 1315 1323 1384 1363 1347 1324 1326 1324 1313 1313 1319 1315 1310 1319 1319
556.903015 1310 1313 1319 1324 1373 1380 1341 1320 1313 1316 1316 1310 1308 1314 1307 1310 1314
556.940979 1309 1321 1316 1325 1375 1378 1353 1325 1322 1310 1318 1313 1309 1310 1314 1316 1313
556.978027 1307 1313 1311 1330 1369 1370 1339 1322 1318 1309 1309 1312 1309 1309 1297 1315 1311
557.015015 1312 1313 1311 1326 1372 1377 1346 1316 1308 1311 1314 1309 1306 1308 1310 1312 1311
557.052002 1309 1312 1313 1313 1377 1367 1336 1312 1312 1300 1308 1307 1310 1309 1306 1315 1305
557.090027 1310 1316 1309 1332 1368 1364 1338 1320 1316 1311 1310 1308 1310 1313 1310 1317 1307
557.127014 1312 1317 1322 1331 1358 1371 1343 1316 1313 1298 1314 1302 1311 1303 1308 1309 1302
557.164001 1307 1311 1306 1315 1374 1358 1343 1322 1312 1317 1305 1309 1312 1300 1302 1311 1313
557.202026 1309 1308 1315 1325 1359 1368 1340 1322 1315 1315 1307 1308 1308 1309 1303 1310 1304
557.239014 1303 1317 1315 1322 1363 1375 1338 1308 1317 1315 1310 1308 1301 1301 1305 1305 1311
557.276001 1304 1306 1312 1331 1366 1370 1336 1313 1310 1310 1304 1316 1307 1306 1307 1305 1304
557.314026 1311 1321 1317 1318 1358 1367 1341 1310 1309 1305 1301 1309 1305 1302 1308 1316 1305
557.351013 1311 1306 1304 1326 1365 1386 1329 1305 1303 1317 1303 1303 1310 1298 1302 1300 1308
557.388 1307 1305 1306 1318 1364 1360 1342 1319 1308 1312 1309 1303 1311 1300 1304 1306 1309
557.424988 1308 1309 1307 1316 1364 1366 1340 1315 1302 1309 1311 1312 1308 1307 1310 1306 1304
557.463013 1302 1305 1306 1329 1365 1366 1336 1309 1303 1301 1302 1307 1310 1308 1300 1300 1299
557.5 1296 1306 1309 1318 1361 1368 1339 1311 1317 1298 1304 1297 1305 1307 1303 1305 1302
557.536987 1309 1303 1309 1333 1363 1364 1333 1314 1308 1311 1303 1307 1296 1306 1308 1306 1307
557.575012 1307 1309 1309 1320 1370 1371 1335 1312 1310 1311 1303 1302 1305 1302 1300 1301 1306
557.612 1302 1312 1305 1326 1357 1371 1331 1315 1305 1306 1301 1305 1306 1305 1300 1302 1296
557.648987 1305 1306 1308 1324 1362 1359 1335 1304 1304 1302 1303 1312 1301 1309 1302 1305 1304
557.687012 1302 1300 1306 1321 1362 1358 1329 1308 1303 1298 1305 1304 1308 1308 1310 1305 1310
557.723999 1307 1312 1301 1316 1356 1365 1334 1318 1309 1308 1298 1303 1310 1297 1298 1306 1301
557.760986 1301 1308 1304 1323 1366 1372 1330 1314 1302 1304 1306 1297 1299 1302 1302 1293 1302
557.797974 1303 1304 1311 1319 1367 1372 1333 1305 1305 1303 1298 1305 1307 1299 1305 1315 1302
557.835999 1313 1303 1307 1322 1353 1360 1337 1313 1299 1311 1305 1302 1303 1301 1304 1304 1309
557.872986 1305 1310 1307 1326 1366 1360 1329 1307 1300 1306 1301 1299 1311 1305 1304 1300 1307
557.909973 1311 1307 1308 1319 1360 1369 1326 1307 1303 1301 1293 1302 1297 1294 1305 1302 1308
557.947998 1310 1306 1309 1321 1354 1372 1328 1307 1314 1299 1304 1298 1313 1304 1307 1307 1304
557.984985 1297 1311 1309 1324 1354 1361 1333 1309 1311 1297 1304 1306 1297 1301 1298 1303 1296
558.021973 1303 1305 1307 1310 1367 1365 1333 1316 1310 1303 1304 1299 1309 1304 1295 1299 1302
558.059021 1308 1308 1305 1326 1361 1361 1334 1312 1306 1305 1303 1313 1297 1304 1304 1306 1302
558.096985 1302 1308 1304 1323 1364 1363 1334 1310 1308 1309 1293 1300 1300 1303 1296 1303 1300
558.133972 1302 1305 1314 1320 1356 1360 1329 1316 1314 1296 1305 1305 1301 1298 1304 1293 1301
558.171021 1307 1307 1299 1317 1356 1350 1336 1312 1308 1295 1301 1298 1301 1300 1297 1300 1303
558.208008 1308 1311 1304 1314 1351 1360 1321 1309 1298 1302 1306 1304 1300 1303 1302 1297 1298
558.245972 1307 1304 1303 1314 1358 1362 1327 1313 1304 1297 1295 1304 1299 1298 1300 1298 1305
558.28302 1305 1309 1312 1317 1368 1362 1327 1309 1313 1300 1299 1301 1300 1302 1303 1303 1302
558.320007 1302 1302 1301 1324 1356 1355 1338 1309 1312 1302 1299 1299 1300 1304 1300 1298 1295
558.357971 1304 1312 1307 1323 1372 1361 1330 1304 1309 1303 1299 1299 1302 1294 1299 1298 1303
558.39502 1294 1304 1300 1314 1355 1360 1329 1308 1300 1309 1302 1299 1299 1300 1302 1305 1299
558.432007 1304 1303 1306 1324 1367 1358 1329 1310 1307 1304 1301 1295 1301 1297 1300 1302 1292
558.468994 1305 1311 1308 1312 1357 1371 1330 1314 1308 1299 1300 1296 1302 1300 1305 1296 1305
558.507019 1297 1303 1305 1313 1359 1352 1334 1309 1305 1303 1303 1291 1301 1294 1301 1294 1304
558.544006 1302 1307 1303 1322 1363 1365 1333 1305 1303 1305 1295 1299 1301 1303 1305 1296 1299
558.580994 1303 1310 1306 1315 1361 1365 1323 1304 1301 1300 1291 1298 1296 1289 1300 1299 1306
558.619019 1301 1300 1304 1313 1359 1364 1328 1302 1305 1301 1300 1293 1303 1296 1297 1304 1296
558.656006 1303 1301 1307 1312 1366 1354 1333 1301 1301 1303 1304 1298 1309 1293 1292 1299 1303
558.692993 1299 1299 1300 1320 1365 1361 1334 1299 1300 1302 1301 1295 1303 1302 1294 1300 1302
558.72998 1294 1303 1296 1308 1355 1349 1334 1297 1300 1302 1300 1294 1300 1298 1294 1298 1296
558.768005 1292 1300 1303 1313 1347 1356 1335 1302 1301 1299 1296 1289 1299 1299 1302 1304 1294
558.804993 1298 1309 1302 1313 1352 1353 1326 1303 1297 1301 1302 1303 1302 1291 1297 1300 1294
558.84198 1300 1301 1307 1315 1355 1353 1332 1306 1298 1298 1305 1295 1297 1301 1296 1301 1299
558.879028 1293 1297 1306 1313 1347 1335 1331 1305 1300 1296 1293 1301 1297 1298 1296 1291 1305
558.916992 1296 1299 1300 1315 1348 1356 1326 1304 1306 1302 1295 1295 1299 1293 1289 1304 1296
558.953979 1305 1303 1300 1311 1351 1353 1326 1306 1297 1295 1301 1297 1294 1299 1295 1302 1295
558.991028 1293 1295 1301 1311 1359 1360 1327 1301 1301 1297 1299 1300 1302 1300 1304 1296 1300
559.028015 1300 1299 1302 1316 1349 1355 1328 1309 1294 1300 1296 1294 1297 1301 1293 1292 1296
559.065979 1301 1299 1299 1308 1348 1353 1326 1296 1298 1306 1299 1293 1302 1299 1294 1294 1294
559.103027 1300 1305 1302 1310 1352 1359 1323 1305 1300 1295 1296 1297 1296 1292 1297 1296 1294
559.140015 1297 1304 1298 1314 1354 1357 1320 1306 1295 1297 1300 1295 1298 1292 1296 1296 1300
559.177002 1298 1290 1303 1315 1359 1356 1327 1302 1292 1294 1295 1296 1298 1298 1293 1297 1301
559.215027 1294 1296 1295 1319 1347 1349 1319 1308 1306 1298 1291 1296 1291 1293 1287 1296 1296
559.252014 1299 1300 1300 1307 1336 1350 1334 1308 1301 1293 1295 1295 1299 1298 1299 1293 1300
559.289001 1298 1300 1302 1312 1351 1356 1322 1298 1296 1291 1295 1295 1295 1291 1293 1298 1295
559.325989 1297 1297 1299 1310 1357 1353 1322 1305 1302 1302 1300 1297 1291 1292 1296 1294 1296
559.364014 1302 1299 1298 1305 1351 1355 1323 1289 1304 1295 1297 1294 1292 1293 1291 1291 1300
559.401001 1290 1297 1301 1313 1355 1344 1321 1300 1302 1292 1291 1291 1295 1294 1292 1289 1297
559.437988 1300 1293 1301 1305 1354 1340 1323 1304 1297 1297 1295 1292 1300 1290 1292 1300 1295
559.474976 1295 1293 1292 1311 1352 1363 1323 1301 1295 1298 1297 1296 1294 1292 1293 1298 1298
559.513 1299 1291 1298 1311 1347 1348 1329 1301 1306 1297 1298 1295 1298 1296 1285 1297 1292
559.549988 1297 1295 1295 1315 1344 1355 1330 1302 1302 1296 1288 1289 1295 1296 1287 1296 1298
559.586975 1293 1298 1296 1307 1358 1365 1324 1297 1299 1298 1296 1295 1295 1294 1293 1294 1297
559.624023 1299 1296 1297 1304 1362 1342 1320 1306 1298 1298 1294 1292 1290 1291 1296 1291 1291
559.661987 1290 1299 1297 1315 1349 1356 1328 1303 1293 1298 1289 1292 1293 1290 1297 1298 1302
559.698975 1296 1293 1297 1323 1343 1357 1327 1304 1297 1296 1299 1299 1295 1296 1296 1299 1300
559.736023 1298 1299 1289 1316 1343 1349 1323 1298 1294 1300 1293 1296 1293 1291 1293 1304 1294
559.77301 1302 1298 1291 1310 1363 1345 1322 1311 1296 1290 1286 1298 1288 1293 1294 1294 1293
559.810974 1295 1292 1295 1318 1357 1346 1330 1300 1299 1293 1290 1291 1294 1300 1289 1290 1292
559.848022 1299 1295 1294 1306 1351 1350 1325 1301 1295 1301 1298 1293 1296 1292 1292 1294 1294
559.88501 1298 1297 1293 1309 1351 1335 1316 1298 1300 1296 1288 1293 1296 1288 1292 1292 1298
559.921997 1293 1297 1298 1316 1350 1352 1324 1303 1297 1295 1297 1293 1292 1292 1293 1295 1300
559.960022 1293 1291 1295 1309 1336 1350 1325 1303 1301 1302 1295 1298 1295 1292 1292 1300 1302
559.997009 1298 1295 1302 1314 1353 1354 1321 1302 1298 1293 1296 1291 1296 1292 1293 1291 1293
560.033997 1301 1299 1297 1302 1355 1354 1325 1298 1289 1297 1296 1294 1294 1299 1292 1296 1297
560.070984 1297 1300 1298 1309 1341 1354 1327 1306 1299 1294 1291 1284 1292 1288 1290 1294 1289
560.109009 1291 1298 1300 1306 1348 1352 1327 1295 1292 1299 1289 1297 1289 1302 1298 1289 1292
560.145996 1296 1296 1296 1310 1345 1373 1326 1301 1289 1303 1289 1295 1296 1293 1293 1291 1288
560.182983 1296 1301 1300 1308 1345 1351 1324 1296 1305 1288 1297 1295 1297 1294 1293 1288 1291
560.219971 1297 1304 1295 1307 1348 1347 1315 1295 1297 1288 1292 1295 1292 1290 1296 1289 1298
560.257996 1303 1297 1291 1315 1353 1344 1322 1314 1307 1296 1289 1289 1298 1296 1295 1300 1291
560.294983 1298 1298 1298 1319 1347 1350 1317 1307 1301 1300 1290 1293 1287 1289 1295 1300 1292
560.33197 1302 1294 1295 1311 1357 1362 1317 1307 1294 1294 1294 1291 1291 1287 1294 1288 1295
560.369019 1297 1300 1305 1317 1357 1360 1321 1302 1299 1296 1297 1294 1301 1296 1294 1294 1302
560.406006 1300 1295 1301 1315 1356 1354 1326 1298 1295 1295 1291 1293 1295 1298 1300 1291 1302
560.44397 1298 1291 1300 1306 1347 1359 1326 1311 1295 1298 1299 1290 1305 1300 1297 1298 1302
560.481018 1294 1295 1296 1318 1349 1357 1334 1297 1298 1299 1298 1298 1297 1294 1294 1307 1300
560.518005 1297 1303 1300 1315 1347 1356 1315 1310 1296 1296 1298 1298 1294 1304 1301 1298 1297
560.554993 1310 1302 1300 1315 1356 1364 1330 1301 1303 1295 1296 1296 1296 1293 1295 1293 1299
560.593018 1295 1296 1303 1322 1356 1359 1322 1300 1299 1301 1294 1305 1297 1295 1296 1297 1306
560.630005 1298 1303 1307 1306 1348 1351 1326 1312 1302 1296 1302 1296 1304 1300 1295 1295 1298
560.666992 1294 1306 1297 1315 1367 1363 1312 1305 1295 1307 1295 1302 1297 1294 1295 1295 1301
560.703979 1294 1302 1305 1317 1360 1353 1326 1306 1300 1302 1303 1302 1299 1295 1302 1300 1305
560.742004 1304 1302 1301 1314 1352 1361 1337 1298 1304 1295 1304 1303 1295 1300 1298 1298 1299
560.778992 1295 1305 1300 1322 1357 1346 1331 1307 1301 1294 1307 1293 1296 1302 1294 1298 1302
560.815979 1293 1299 1307 1311 1350 1362 1328 1304 1302 1301 1295 1297 1290 1290 1300 1296 1303
560.853027 1302 1302 1305 1316 1352 1359 1333 1312 1307 1297 1293 1290 1298 1298 1297 1297 1301
560.890015 1306 1303 1299 1304 1351 1357 1325 1306 1302 1306 1294 1298 1297 1298 1298 1294 1301
560.927979 1300 1302 1301 1318 1350 1359 1332 1307 1305 1299 1295 1301 1294 1296 1296 1299 1301
560.965027 1294 1298 1305 1311 1353 1352 1323 1303 1307 1292 1298 1299 1300 1299 1295 1298 1299
561.002014 1294 1297 1302 1308 1356 1346 1318 1310 1295 1297 1301 1302 1293 1299 1296 1303 1299
561.039001 1293 1304 1294 1316 1353 1355 1324 1300 1306 1302 1296 1297 1287 1298 1303 1293 1298
561.075989 1294 1297 1298 1314 1357 1346 1323 1308 1299 1306 1300 1296 1301 1297 1299 1297 1296
561.114014 1300 1296 1298 1312 1353 1358 1330 1300 1305 1294 1296 1297 1298 1294 1294 1297 1297
561.151001 1295 1301 1289 1315 1356 1351 1326 1306 1302 1297 1293 1293 1296 1295 1300 1297 1295
561.187988 1297 1302 1299 1314 1352 1358 1316 1301 1300 1295 1300 1291 1297 1292 1301 1298 1298
561.224976 1293 1301 1303 1308 1345 1347 1323 1304 1306 1304 1292 1297 1299 1300 1299 1298 1294
561.263 1301 1303 1305 1322 1353 1356 1319 1300 1305 1298 1293 1295 1300 1300 1290 1295 1297
561.299988 1301 1305 1298 1309 1355 1361 1324 1307 1303 1295 1298 1300 1294 1297 1297 1303 1289
561.336975 1297 1301 1293 1308 1346 1345 1327 1299 1302 1304 1294 1295 1298 1294 1296 1294 1295
561.374023 1298 1300 1299 1316 1359 1353 1318 1303 1302 1299 1306 1300 1298 1293 1298 1297 1298
561.411011 1300 1302 1292 1316 1357 1361 1323 1311 1304 1296 1301 1294 1293 1296 1292 1297 1303
561.448975 1303 1303 1303 1318 1354 1364 1328 1312 1302 1298 1300 1300 1291 1308 1302 1292 1300
561.486023 1305 1304 1301 1317 1354 1361 1336 1298 1295 1300 1304 1297 1300 1298 1305 1298 1298
561.52301 1297 1301 1294 1308 1352 1349 1333 1302 1301 1296 1294 1297 1294 1301 1290 1301 1299
561.559998 1296 1300 1302 1304 1346 1350 1319 1303 1302 1304 1300 1298 1299 1298 1303 1299 1307
561.596985 1298 1297 1292 1307 1352 1349 1332 1308 1305 1301 1292 1301 1305 1295 1295 1299 1295
561.63501 1296 1294 1302 1311 1364 1346 1335 1301 1298 1296 1298 1299 1291 1298 1295 1291 1293
561.671997 1304 1305 1300 1315 1342 1355 1328 1301 1300 1305 1292 1294 1299 1303 1294 1301 1297
561.708984 1307 1303 1294 1318 1353 1356 1322 1296 1299 1299 1304 1300 1293 1299 1296 1289 1294
561.745972 1298 1305 1300 1303 1353 1348 1322 1301 1300 1305 1299 1301 1298 1301 1297 1300 1295
561.78302 1300 1296 1305 1311 1356 1357 1324 1299 1297 1298 1301 1303 1298 1295 1290 1303 1299
561.820984 1296 1293 1298 1311 1348 1347 1323 1304 1298 1298 1293 1293 1297 1295 1295 1294 1299
561.857971 1302 1297 1297 1303 1351 1354 1321 1303 1299 1293 1298 1297 1297 1296 1292 1291 1301
561.89502 1306 1297 1298 1314 1350 1344 1321 1303 1303 1299 1290 1295 1298 1290 1296 1298 1296
561.932007 1298 1297 1294 1307 1347 1353 1325 1304 1297 1302 1294 1294 1297 1290 1299 1295 1293
561.968994 1290 1302 1302 1307 1351 1351 1325 1298 1296 1301 1298 1295 1293 1297 1298 1294 1292
562.007019 1300 1295 1303 1310 1346 1357 1310 1299 1291 1300 1297 1289 1296 1298 1295 1300 1294
562.044006 1292 1296 1295 1304 1349 1363 1313 1302 1294 1292 1297 1299 1291 1293 1288 1294 1299
562.080994 1292 1299 1296 1307 1348 1347 1326 1299 1297 1295 1300 1300 1295 1296 1298 1296 1297
562.117981 1293 1298 1295 1306 1349 1349 1324 1299 1294 1300 1300 1295 1294 1288 1290 1291 1301
562.155029 1297 1306 1297 1317 1348 1360 1311 1301 1303 1292 1291 1293 1293 1293 1294 1296 1293
562.192993 1296 1294 1296 1310 1351 1358 1316 1302 1297 1295 1295 1294 1293 1296 1291 1289 1296
562.22998 1294 1291 1301 1303 1348 1352 1320 1296 1293 1291 1290 1294 1291 1289 1287 1293 1294
562.267029 1292 1294 1297 1312 1344 1353 1314 1298 1292 1292 1290 1295 1289 1298 1302 1297 1296
562.304016 1294 1292 1293 1305 1341 1350 1318 1300 1296 1296 1290 1294 1291 1290 1285 1293 1294
562.341003 1295 1291 1299 1312 1344 1341 1316 1299 1288 1291 1291 1294 1289 1298 1287 1298 1290
562.377991 1293 1296 1297 1306 1343 1351 1326 1302 1287 1293 1292 1293 1290 1295 1292 1301 1294
562.416016 1298 1288 1297 1305 1344 1347 1321 1297 1284 1291 1284 1291 1292 1290 1294 1291 1294
562.453003 1295 1296 1300 1297 1341 1348 1314 1294 1290 1286 1294 1291 1292 1292 1291 1289 1285
562.48999 1289 1285 1289 1308 1343 1347 1323 1297 1297 1298 1294 1289 1294 1292 1291 1289 1289
562.526978 1293 1290 1295 1304 1336 1337 1319 1295 1296 1294 1285 1289 1286 1289 1295 1291 1287
562.564026 1290 1292 1295 1305 1335 1344 1312 1294 1293 1299 1291 1283 1289 1292 1292 1294 1286
562.60199 1290 1288 1294 1308 1340 1342 1309 1309 1292 1288 1293 1293 1291 1288 1289 1293 1289
562.638977 1292 1295 1289 1303 1336 1345 1315 1298 1289 1290 1291 1284 1285 1291 1289 1287 1290
562.676025 1291 1288 1287 1304 1339 1341 1320 1298 1292 1288 1292 1285 1294 1286 1292 1284 1286
562.713013 1290 1292 1295 1299 1340 1339 1322 1294 1291 1292 1291 1290 1291 1283 1291 1288 1287
562.75 1292 1293 1294 1309 1345 1347 1318 1294 1289 1286 1288 1293 1291 1285 1289 1294 1289
562.786987 1291 1293 1294 1301 1338 1346 1312 1295 1293 1290 1290 1286 1287 1288 1291 1289 1288
562.825012 1289 1297 1284 1307 1340 1345 1321 1298 1291 1288 1293 1287 1295 1288 1286 1285 1297
562.862 1291 1298 1291 1302 1327 1342 1321 1291 1294 1294 1290 1286 1292 1293 1293 1287 1290
562.898987 1291 1293 1289 1307 1335 1347 1319 1294 1296 1289 1298 1291 1292 1288 1284 1288 1291
562.935974 1293 1285 1290 1309 1349 1343 1315 1294 1293 1289 1290 1288 1287 1281 1291 1288 1287
562.973022 1291 1295 1290 1308 1345 1340 1318 1289 1286 1292 1286 1287 1285 1291 1292 1289 1291
563.01001 1287 1295 1287 1305 1331 1350 1318 1292 1288 1288 1291 1289 1290 1286 1288 1286 1287
563.047974 1290 1292 1288 1306 1338 1339 1315 1299 1294 1284 1288 1287 1286 1287 1288 1286 1289
563.085022 1289 1289 1292 1299 1343 1336 1313 1294 1295 1292 1287 1287 1281 1291 1290 1288 1284
563.122009 1287 1289 1288 1304 1339 1343 1320 1293 1288 1287 1283 1288 1283 1281 1288 1288 1281
563.158997 1296 1289 1286 1312 1342 1334 1318 1288 1291 1289 1292 1296 1285 1285 1290 1289 1286
563.195984 1287 1294 1290 1304 1336 1337 1317 1292 1290 1292 1284 1292 1288 1294 1284 1286 1285
563.234009 1285 1289 1289 1304 1342 1353 1317 1287 1286 1286 1289 1282 1291 1281 1285 1291 1287
563.270996 1294 1287 1293 1309 1338 1339 1312 1290 1287 1292 1291 1295 1287 1288 1287 1284 1284
563.307983 1291 1292 1295 1298 1335 1328 1310 1293 1287 1296 1285 1287 1287 1289 1285 1285 1290
563.344971 1288 1292 1297 1305 1341 1333 1314 1301 1290 1284 1289 1285 1293 1290 1283 1292 1288
563.382019 1286 1284 1289 1303 1338 1340 1315 1292 1289 1288 1286 1290 1287 1295 1283 1287 1290
563.419006 1283 1286 1293 1304 1341 1337 1310 1287 1291 1292 1288 1288 1281 1288 1283 1280 1286
563.455994 1287 1286 1290 1306 1350 1341 1320 1294 1290 1287 1292 1289 1288 1290 1291 1286 1284
563.494019 1283 1284 1284 1295 1343 1355 1320 1288 1287 1288 1291 1289 1287 1289 1287 1287 1283
563.531006 1295 1293 1291 1305 1341 1340 1313 1294 1286 1289 1289 1290 1291 1284 1286 1285 1292
563.567993 1293 1290 1290 1305 1343 1340 1312 1288 1287 1286 1285 1284 1285 1286 1290 1287 1293
563.60498 1288 1285 1296 1303 1334 1338 1316 1291 1294 1288 1282 1288 1283 1282 1290 1286 1281
563.642029 1291 1294 1283 1308 1336 1335 1318 1292 1287 1290 1287 1284 1285 1282 1283 1286 1288
563.679016 1285 1291 1285 1299 1355 1339 1319 1292 1288 1286 1287 1295 1287 1279 1285 1282 1287
563.71698 1291 1286 1286 1302 1342 1331 1318 1293 1288 1291 1286 1288 1292 1285 1285 1287 1287
563.754028 1286 1290 1286 1300 1334 1337 1327 1289 1285 1287 1286 1288 1288 1283 1286 1291 1287
563.791016 1291 1289 1294 1305 1335 1338 1315 1289 1290 1289 1284 1287 1288 1279 1291 1281 1288
563.828003 1292 1293 1287 1294 1336 1336 1317 1293 1290 1286 1289 1287 1286 1291 1287 1288 1284
563.86499 1284 1280 1288 1306 1337 1336 1312 1292 1284 1281 1284 1287 1285 1285 1292 1283 1286
563.901978 1288 1289 1292 1305 1336 1351 1319 1299 1284 1293 1285 1289 1290 1284 1286 1285 1283
563.940002 1284 1288 1289 1307 1337 1345 1317 1292 1288 1290 1283 1288 1291 1288 1287 1282 1285
563.97699 1294 1287 1289 1304 1342 1339 1323 1293 1283 1287 1286 1291 1288 1281 1286 1283 1280
564.013977 1287 1290 1287 1302 1340 1339 1315 1289 1292 1284 1282 1286 1282 1286 1288 1289 1287
564.051025 1289 1288 1292 1307 1341 1340 1312 1296 1288 1283 1289 1287 1285 1292 1287 1292 1283
564.088013 1286 1290 1289 1309 1339 1342 1312 1289 1292 1285 1292 1288 1281 1285 1283 1286 1286
564.125 1291 1293 1296 1295 1336 1333 1317 1297 1289 1286 1285 1287 1288 1285 1284 1281 1289
564.161987 1289 1284 1294 1296 1337 1347 1311 1289 1286 1285 1285 1288 1289 1286 1280 1289 1287
564.200012 1288 1290 1294 1309 1333 1339 1315 1293 1287 1287 1289 1289 1284 1286 1284 1280 1292
564.237 1286 1289 1294 1291 1340 1339 1313 1282 1287 1292 1285 1290 1289 1287 1285 1285 1290
564.273987 1287 1293 1286 1303 1335 1339 1311 1291 1290 1284 1281 1292 1285 1284 1286 1287 1292
564.310974 1290 1286 1289 1302 1337 1332 1315 1289 1286 1287 1283 1286 1286 1286 1288 1279 1289
564.348022 1279 1289 1290 1304 1337 1347 1311 1283 1292 1279 1287 1281 1288 1283 1283 1286 1290
564.38501 1288 1285 1283 1297 1333 1329 1310 1294 1290 1284 1284 1292 1294 1285 1284 1278 1288
564.421997 1288 1295 1287 1300 1335 1340 1317 1298 1285 1288 1286 1283 1286 1286 1288 1287 1284
564.460022 1283 1286 1289 1300 1343 1341 1313 1293 1288 1287 1279 1287 1289 1283 1289 1287 1289
564.497009 1284 1287 1292 1307 1343 1337 1314 1290 1292 1287 1291 1286 1286 1286 1285 1284 1284
564.533997 1289 1287 1290 1298 1335 1341 1316 1289 1286 1282 1280 1288 1290 1290 1289 1286 1290
564.570984 1289 1294 1294 1296 1334 1332 1306 1290 1287 1289 1285 1285 1284 1288 1287 1284 1288
564.607971 1284 1282 1286 1299 1341 1337 1313 1287 1286 1283 1287 1295 1285 1284 1293 1286 1284
564.64502 1294 1287 1284 1295 1339 1333 1309 1291 1287 1289 1289 1288 1281 1285 1286 1288 1284
564.682007 1288 1291 1293 1298 1341 1340 1307 1290 1291 1287 1287 1285 1287 1285 1281 1285 1282
564.718994 1288 1291 1289 1303 1339 1340 1309 1290 1287 1288 1289 1289 1292 1288 1284 1288 1285
564.757019 1287 1281 1290 1296 1336 1340 1314 1294 1290 1285 1288 1284 1286 1288 1290 1281 1283
564.794006 1284 1287 1288 1300 1330 1337 1316 1290 1288 1287 1289 1286 1288 1287 1287 1292 1284
564.830994 1290 1292 1289 1302 1347 1345 1314 1289 1285 1284 1285 1291 1286 1287 1282 1285 1300
564.867981 1290 1288 1290 1311 1340 1339 1310 1291 1289 1284 1280 1285 1288 1290 1283 1283 1286
564.905029 1285 1288 1290 1303 1337 1347 1315 1293 1292 1289 1286 1285 1294 1290 1288 1286 1284
564.942017 1285 1293 1291 1299 1332 1340 1315 1292 1283 1284 1290 1287 1288 1287 1279 1289 1281
564.979004 1281 1292 1289 1297 1343 1325 1323 1291 1287 1288 1276 1281 1288 1283 1285 1290 1287
565.015991 1286 1285 1285 1299 1344 1341 1316 1296 1288 1285 1283 1287 1285 1284 1282 1288 1282
565.054016 1284 1285 1288 1300 1329 1327 1319 1286 1282 1282 1289 1285 1285 1283 1291 1286 1289
565.091003 1285 1286 1290 1307 1331 1343 1311 1294 1289 1284 1288 1284 1280 1285 1280 1288 1289
565.127991 1292 1280 1288 1303 1330 1335 1322 1286 1286 1287 1280 1288 1285 1284 1288 1288 1285
565.164978 1290 1292 1286 1296 1339 1328 1313 1294 1286 1287 1283 1282 1286 1282 1294 1285 1282
565.202026 1290 1282 1290 1305 1327 1338 1310 1296 1289 1283 1289 1287 1286 1292 1286 1286 1290
565.239014 1287 1284 1297 1292 1334 1332 1306 1293 1285 1289 1286 1287 1284 1285 1286 1286 1286
565.276001 1289 1286 1290 1306 1331 1333 1315 1288 1289 1294 1291 1279 1286 1281 1281 1288 1288
565.312988 1291 1289 1281 1301 1325 1334 1311 1292 1284 1287 1285 1283 1282 1282 1286 1289 1283
565.351013 1288 1285 1280 1291 1340 1340 1312 1290 1285 1280 1285 1284 1288 1280 1280 1281 1287
565.388 1283 1285 1292 1305 1348 1344 1311 1298 1290 1284 1289 1284 1279 1281 1281 1282 1287
565.424988 1290 1287 1287 1302 1331 1346 1312 1296 1289 1284 1279 1281 1287 1282 1289 1279 1278
565.461975 1287 1285 1293 1301 1332 1332 1317 1294 1286 1286 1282 1290 1284 1292 1287 1284 1284
565.499023 1284 1281 1287 1299 1328 1335 1307 1287 1286 1284 1284 1288 1286 1280 1287 1292 1281
565.536011 1283 1287 1287 1302 1335 1333 1313 1292 1282 1287 1281 1288 1288 1284 1283 1282 1285
565.572998 1283 1282 1286 1303 1344 1338 1305 1289 1287 1281 1284 1282 1284 1286 1283 1286 1289
565.609985 1285 1284 1292 1293 1332 1329 1316 1290 1290 1289 1283 1283 1291 1283 1284 1280 1283
565.64801 1285 1286 1287 1302 1325 1337 1307 1288 1279 1288 1283 1281 1280 1281 1286 1279 1284
565.684998 1284 1286 1289 1301 1335 1332 1315 1293 1281 1285 1288 1286 1282 1286 1284 1287 1286
565.721985 1290 1290 1289 1309 1336 1342 1307 1295 1292 1283 1283 1291 1284 1288 1282 1288 1285
565.758972 1289 1284 1286 1299 1340 1341 1300 1290 1292 1290 1283 1288 1286 1279 1286 1286 1287
565.796021 1289 1285 1293 1300 1337 1342 1319 1292 1290 1286 1283 1286 1288 1286 1282 1290 1280
565.833008 1285 1281 1287 1298 1341 1337 1308 1289 1283 1284 1289 1288 1286 1278 1278 1283 1287
565.869995 1290 1287 1283 1299 1339 1335 1313 1296 1289 1281 1284 1287 1288 1280 1281 1279 1289
565.906982 1285 1287 1289 1303 1338 1332 1310 1286 1291 1281 1285 1284 1284 1281 1286 1287 1287
565.94397 1286 1286 1284 1300 1336 1339 1313 1292 1291 1287 1290 1287 1285 1285 1284 1286 1286
565.981018 1285 1289 1290 1298 1334 1345 1317 1295 1282 1285 1285 1279 1281 1280 1288 1288 1283
566.018982 1284 1291 1284 1297 1325 1334 1306 1296 1286 1287 1288 1290 1283 1287 1279 1281 1279
566.05603 1289 1293 1286 1299 1334 1338 1308 1289 1287 1283 1286 1279 1281 1287 1282 1283 1279
566.093018 1282 1285 1282 1300 1335 1330 1307 1292 1290 1280 1282 1285 1284 1285 1278 1286 1285
566.130005 1290 1286 1289 1300 1346 1325 1306 1292 1290 1287 1281 1282 1286 1284 1290 1278 1290
566.166992 1284 1285 1286 1301 1341 1336 1310 1289 1290 1285 1283 1283 1285 1280 1285 1281 1289
566.203979 1284 1287 1290 1297 1336 1339 1301 1290 1288 1291 1288 1285 1288 1282 1281 1286 1289
566.241028 1290 1283 1293 1297 1324 1334 1309 1289 1289 1289 1279 1283 1285 1281 1288 1285 1284
566.278015 1286 1290 1283 1301 1334 1346 1311 1288 1285 1287 1284 1287 1285 1288 1286 1292 1287
566.315002 1282 1282 1284 1294 1345 1336 1312 1288 1294 1281 1283 1285 1284 1288 1286 1284 1281
566.35199 1285 1287 1285 1296 1336 1327 1313 1293 1287 1288 1279 1280 1281 1278 1279 1281 1283
566.390015 1288 1287 1288 1296 1338 1339 1313 1291 1289 1284 1288 1286 1292 1289 1285 1284 1289
566.427002 1291 1287 1282 1293 1332 1332 1308 1290 1285 1285 1284 1285 1282 1285 1287 1286 1289
566.463989 1292 1283 1282 1304 1335 1334 1314 1291 1288 1290 1287 1283 1281 1282 1284 1286 1293
566.500977 1284 1293 1287 1300 1340 1339 1311 1289 1286 1290 1285 1286 1282 1283 1278 1288 1292
566.538025 1284 1281 1286 1298 1338 1332 1308 1291 1289 1289 1281 1287 1287 1286 1282 1284 1280
566.575012 1285 1284 1290 1296 1340 1339 1315 1293 1287 1284 1283 1283 1291 1290 1285 1284 1282
566.612 1287 1286 1279 1296 1330 1327 1307 1289 1278 1283 1286 1281 1284 1286 1289 1287 1282
566.648987 1287 1284 1282 1294 1334 1328 1321 1289 1290 1285 1290 1295 1288 1289 1289 1282 1287
566.685974 1289 1291 1290 1300 1335 1329 1309 1286 1285 1288 1291 1289 1289 1284 1287 1286 1288
566.723022 1283 1291 1290 1299 1345 1334 1311 1293 1285 1285 1281 1279 1283 1288 1283 1286 1289
566.76001 1287 1285 1285 1298 1334 1336 1311 1294 1286 1289 1290 1292 1284 1290 1288 1282 1285
566.796997 1287 1291 1292 1300 1331 1334 1313 1290 1286 1289 1286 1287 1282 1282 1291 1281 1285
566.835022 1287 1286 1282 1301 1327 1342 1308 1287 1286 1285 1281 1282 1289 1285 1287 1287 1288
566.872009 1285 1289 1285 1295 1333 1334 1306 1295 1287 1289 1284 1282 1283 1282 1287 1282 1287
566.908997 1290 1286 1286 1299 1332 1334 1302 1288 1293 1281 1284 1288 1282 1281 1281 1282 1285
566.945984 1285 1292 1288 1301 1323 1333 1312 1288 1286 1283 1279 1290 1286 1286 1285 1290 1286
566.982971 1283 1284 1284 1300 1335 1332 1315 1293 1287 1291 1285 1284 1288 1284 1279 1283 1287
567.02002 1281 1288 1299 1300 1333 1334 1314 1291 1282 1286 1284 1287 1286 1287 1280 1288 1286
567.057007 1286 1288 1287 1301 1325 1339 1310 1292 1288 1285 1292 1285 1284 1287 1279 1287 1290
567.093994 1285 1285 1291 1301 1349 1333 1313 1286 1289 1284 1286 1287 1285 1280 1286 1284 1285
567.130981 1282 1292 1290 1305 1327 1340 1306 1288 1290 1286 1286 1284 1288 1283 1293 1290 1284
567.16803 1292 1289 1287 1298 1321 1341 1311 1290 1288 1281 1286 1284 1284 1281 1290 1289 1288
567.205017 1287 1284 1292 1300 1330 1337 1311 1296 1282 1293 1284 1288 1284 1288 1288 1285 1287
567.242004 1291 1288 1289 1301 1335 1334 1309 1286 1290 1289 1281 1285 1284 1285 1286 1285 1284
567.278992 1286 1287 1281 1304 1337 1348 1323 1294 1287 1281 1284 1286 1285 1285 1286 1289 1285
567.317017 1282 1294 1295 1293 1331 1332 1309 1298 1281 1289 1286 1286 1286 1288 1281 1284 1292
567.354004 1284 1287 1290 1293 1340 1334 1312 1293 1293 1284 1285 1286 1286 1286 1287 1288 1288
567.390991 1291 1291 1286 1296 1353 1329 1310 1293 1289 1288 1282 1283 1290 1285 1289 1290 1288
567.427979 1288 1287 1290 1299 1332 1335 1306 1295 1286 1286 1288 1285 1285 1282 1282 1284 1292
567.465027 1292 1294 1295 1303 1340 1332 1308 1301 1289 1288 1285 1292 1282 1279 1286 1290 1284
567.502014 1290 1289 1286 1300 1334 1330 1312 1293 1285 1295 1284 1286 1285 1290 1290 1281 1284
567.539001 1285 1288 1289 1303 1327 1329 1311 1297 1288 1287 1287 1286 1285 1291 1292 1290 1295
567.575989 1289 1291 1294 1305 1345 1337 1311 1285 1286 1291 1290 1287 1281 1287 1287 1288 1288
567.612976 1287 1294 1290 1303 1330 1343 1311 1295 1293 1286 1292 1287 1284 1279 1285 1287 1290
567.650024 1284 1287 1286 1296 1334 1337 1317 1297 1293 1285 1281 1286 1287 1286 1289 1286 1286
567.687012 1288 1290 1291 1302 1330 1333 1314 1295 1295 1289 1285 1289 1287 1288 1289 1293 1284
567.723999 1290 1284 1295 1294 1341 1346 1313 1291 1294 1289 1285 1286 1283 1294 1290 1283 1295
567.760986 1288 1288 1293 1305 1326 1333 1310 1291 1294 1283 1292 1286 1282 1287 1285 1283 1291
567.797974 1292 1294 1288 1289 1337 1328 1311 1297 1288 1290 1290 1294 1288 1283 1284 1286 1291
567.835999 1292 1289 1292 1305 1341 1337 1314 1293 1288 1291 1285 1293 1287 1284 1286 1288 1283
567.872986 1290 1289 1288 1303 1336 1326 1312 1292 1291 1293 1284 1283 1289 1289 1289 1293 1286
567.909973 1293 1290 1297 1302 1337 1338 1316 1285 1290 1287 1291 1294 1289 1302 1285 1288 1292
567.947021 1288 1292 1289 1305 1336 1345 1314 1296 1292 1292 1289 1289 1289 1286 1293 1285 1283
567.984009 1291 1285 1291 1301 1342 1347 1318 1290 1288 1290 1285 1289 1294 1288 1282 1292 1288
568.020996 1290 1286 1297 1306 1337 1334 1310 1296 1292 1294 1292 1296 1291 1288 1294 1289 1289
568.057983 1300 1292 1291 1303 1335 1340 1315 1295 1294 1286 1291 1293 1286 1294 1288 1287 1289
568.094971 1288 1294 1296 1307 1342 1340 1314 1300 1291 1288 1288 1289 1292 1296 1291 1288 1297
568.132019 1290 1292 1291 1307 1353 1341 1315 1298 1296 1286 1290 1286 1288 1294 1294 1294 1291
568.169006 1294 1297 1301 1311 1342 1340 1313 1302 1291 1292 1293 1288 1297 1289 1297 1289 1293
568.205994 1293 1305 1301 1315 1346 1333 1319 1297 1293 1292 1291 1285 1290 1292 1297 1291 1290
568.242981 1290 1295 1298 1314 1345 1345 1321 1300 1291 1294 1297 1294 1290 1293 1293 1296 1299
568.280029 1299 1302 1296 1318 1329 1348 1319 1295 1298 1295 1296 1298 1299 1292 1296 1302 1293
568.317017 1296 1299 1300 1311 1350 1345 1318 1305 1302 1295 1302 1299 1295 1292 1295 1306 1296
568.354004 1295 1302 1302 1313 1344 1350 1325 1307 1296 1298 1295 1295 1291 1300 1296 1306 1302
568.390991 1301 1295 1302 1322 1351 1354 1323 1303 1302 1299 1308 1303 1302 1299 1303 1295 1295
568.427979 1305 1296 1302 1320 1341 1340 1326 1300 1301 1300 1299 1297 1296 1300 1302 1298 1300
568.465027 1302 1302 1303 1316 1355 1348 1333 1293 1302 1296 1298 1298 1305 1302 1302 1300 1302
568.502014 1297 1305 1305 1306 1354 1343 1317 1304 1298 1303 1302 1295 1306 1296 1290 1298 1305
568.539001 1300 1297 1303 1316 1347 1359 1321 1305 1301 1300 1298 1305 1294 1298 1304 1302 1305
568.575989 1301 1304 1295 1311 1345 1343 1320 1311 1302 1299 1296 1302 1307 1294 1300 1294 1298
568.614014 1295 1301 1303 1306 1347 1353 1319 1308 1302 1301 1295 1302 1295 1304 1299 1297 1292
568.651001 1305 1295 1300 1310 1342 1341 1315 1300 1296 1290 1289 1294 1301 1294 1297 1296 1289
568.687988 1301 1298 1299 1309 1354 1345 1326 1303 1296 1299 1299 1297 1294 1297 1295 1294 1292
568.724976 1288 1295 1293 1312 1347 1347 1324 1291 1301 1297 1287 1290 1293 1293 1302 1293 1294
568.762024 1290 1289 1294 1299 1337 1342 1312 1307 1292 1291 1291 1294 1287 1293 1295 1291 1296
568.799011 1291 1291 1284 1299 1343 1345 1311 1292 1287 1290 1292 1293 1286 1293 1293 1282 1291
568.835999 1290 1293 1288 1306 1334 1337 1320 1295 1291 1286 1289 1290 1281 1290 1285 1289 1286
568.872986 1286 1290 1290 1303 1339 1337 1316 1295 1286 1290 1293 1288 1289 1293 1283 1284 1286
568.909973 1290 1290 1292 1310 1324 1320 1316 1290 1291 1286 1285 1288 1283 1283 1288 1287 1289
568.947021 1289 1292 1289 1301 1341 1335 1308 1296 1287 1285 1279 1285 1288 1280 1292 1289 1283
568.984009 1284 1286 1286 1293 1321 1329 1309 1288 1286 1284 1286 1284 1287 1289 1290 1285 1293
569.020996 1283 1287 1288 1299 1332 1337 1307 1290 1284 1290 1283 1283 1284 1283 1285 1282 1281
569.057983 1281 1287 1285 1308 1327 1326 1304 1290 1289 1281 1281 1282 1284 1288 1285 1289 1280
569.094971 1283 1282 1289 1299 1336 1329 1320 1293 1285 1287 1282 1284 1286 1283 1279 1286 1283
569.132019 1284 1288 1289 1300 1340 1328 1309 1284 1277 1288 1279 1287 1281 1280 1282 1283 1284
569.169006 1286 1285 1282 1295 1332 1343 1314 1294 1286 1288 1287 1283 1285 1285 1282 1281 1285
569.205994 1285 1291 1287 1299 1333 1327 1308 1289 1288 1283 1281 1289 1287 1282 1290 1274 1284
569.242981 1284 1288 1291 1303 1324 1327 1312 1291 1284 1284 1289 1285 1289 1283 1282 1285 1282
569.280029 1284 1287 1285 1303 1333 1336 1308 1290 1282 1280 1284 1287 1279 1284 1285 1288 1284
