0 5.625 11.25 16.875 22.5 28.125 33.75 39.375 45 50.625 56.25 61.875 67.5 73.125 78.75 84.375 90
530.992004 1265 1267 1261 1266 1266 1264 1264 1264 1265 1267 1262 1260 1263 1263 1262 1263 1266
531.030029 1265 1263 1263 1268 1266 1263 1262 1262 1263 1261 1264 1262 1262 1260 1261 1260 1263
531.067993 1263 1262 1260 1264 1264 1262 1262 1263 1265 1261 1262 1260 1266 1263 1265 1266 1262
531.10498 1264 1264 1265 1261 1262 1264 1260 1262 1263 1261 1260 1263 1262 1260 1265 1262 1262
531.143005 1260 1264 1265 1263 1257 1264 1265 1261 1263 1261 1264 1263 1262 1264 1264 1263 1261
531.18103 1258 1265 1264 1264 1259 1264 1265 1264 1263 1261 1261 1264 1262 1262 1261 1264 1261
531.218994 1260 1266 1258 1261 1263 1268 1264 1260 1263 1264 1261 1263 1265 1260 1265 1264 1264
531.257019 1263 1263 1262 1264 1263 1263 1261 1267 1264 1263 1262 1259 1264 1258 1263 1262 1264
531.294006 1264 1261 1263 1263 1262 1263 1263 1262 1266 1264 1260 1260 1264 1263 1263 1262 1261
531.33197 1259 1258 1263 1268 1264 1262 1263 1261 1261 1261 1262 1259 1260 1262 1266 1263 1263
531.369995 1265 1263 1266 1261 1262 1266 1263 1264 1262 1264 1264 1264 1262 1259 1259 1264 1262
531.40802 1266 1263 1265 1264 1260 1263 1262 1263 1262 1265 1262 1261 1261 1264 1266 1265 1263
531.445007 1264 1268 1263 1265 1268 1266 1262 1265 1258 1263 1266 1264 1263 1266 1263 1264 1266
531.482971 1262 1266 1264 1268 1269 1263 1265 1261 1264 1263 1262 1267 1265 1264 1263 1265 1266
531.520996 1264 1270 1267 1268 1270 1266 1267 1265 1267 1267 1268 1263 1266 1265 1267 1266 1267
531.559021 1266 1262 1262 1265 1268 1267 1270 1269 1265 1267 1270 1265 1266 1263 1264 1269 1266
531.596008 1270 1269 1266 1265 1266 1266 1264 1270 1267 1267 1267 1267 1266 1266 1270 1269 1263
531.633972 1267 1265 1268 1268 1270 1264 1267 1263 1267 1268 1272 1268 1263 1265 1263 1263 1267
531.671997 1263 1266 1268 1267 1266 1267 1266 1263 1265 1269 1268 1265 1269 1270 1272 1262 1264
531.710022 1271 1268 1264 1265 1269 1269 1264 1269 1267 1265 1264 1268 1268 1270 1266 1266 1265
531.747009 1268 1267 1266 1272 1269 1267 1269 1268 1266 1270 1266 1267 1273 1268 1265 1267 1270
531.784973 1272 1268 1270 1272 1269 1268 1271 1274 1269 1267 1267 1268 1274 1270 1270 1264 1266
531.822998 1279 1275 1272 1271 1274 1272 1274 1270 1272 1273 1276 1273 1279 1272 1268 1274 1272
531.861023 1287 1293 1288 1290 1290 1289 1296 1283 1286 1282 1291 1291 1291 1295 1285 1290 1287
531.898987 1347 1348 1340 1346 1337 1350 1347 1346 1333 1342 1342 1346 1355 1349 1335 1338 1337
531.935974 1574 1565 1575 1567 1534 1571 1551 1551 1536 1587 1544 1529 1549 1550 1567 1544 1579
531.973999 1625 1633 1619 1599 1616 1608 1628 1619 1614 1610 1619 1611 1618 1608 1620 1628 1602
532.012024 1614 1604 1616 1601 1616 1631 1629 1617 1620 1630 1595 1602 1598 1602 1588 1599 1596
532.049988 1589 1593 1612 1617 1627 1621 1598 1619 1610 1603 1591 1577 1568 1596 1609 1609 1604
532.086975 1603 1595 1589 1586 1609 1601 1599 1621 1586 1598 1594 1579 1589 1582 1581 1588 1589
532.125 1598 1583 1625 1606 1620 1604 1592 1585 1604 1607 1586 1591 1601 1591 1574 1584 1579
532.163025 1603 1613 1650 1627 1618 1598 1606 1619 1625 1629 1615 1594 1575 1600 1592 1615 1596
532.200989 1608 1620 1627 1603 1619 1607 1636 1597 1595 1588 1573 1617 1629 1590 1583 1582 1600
532.237976 1631 1585 1630 1629 1625 1623 1633 1592 1609 1609 1598 1605 1620 1624 1598 1601 1622
532.276001 1672 1622 1664 1625 1653 1624 1639 1634 1626 1646 1607 1617 1624 1641 1639 1622 1621
532.314026 1606 1616 1625 1615 1617 1625 1586 1613 1604 1622 1601 1585 1604 1632 1598 1613 1599
532.35199 1599 1603 1605 1598 1563 1595 1590 1588 1620 1595 1587 1590 1577 1605 1595 1589 1575
532.388977 1621 1618 1617 1602 1618 1632 1632 1626 1640 1631 1635 1649 1635 1608 1618 1616 1606
532.427002 1625 1614 1624 1625 1625 1611 1600 1618 1649 1640 1633 1620 1615 1611 1596 1610 1594
532.465027 1586 1610 1602 1589 1592 1590 1579 1600 1608 1606 1564 1586 1591 1599 1594 1571 1578
532.502991 1565 1558 1574 1577 1541 1562 1561 1558 1577 1561 1553 1567 1565 1585 1563 1561 1568
532.539978 1539 1541 1540 1545 1530 1526 1536 1537 1534 1534 1517 1561 1518 1541 1529 1511 1503
532.578003 1376 1373 1380 1368 1373 1368 1361 1362 1389 1385 1369 1352 1376 1372 1378 1368 1357
532.616028 1273 1272 1269 1272 1270 1270 1269 1269 1274 1269 1268 1272 1276 1272 1274 1275 1272
532.653992 1264 1264 1264 1264 1265 1263 1267 1262 1263 1264 1263 1262 1265 1263 1263 1265 1264
532.690979 1263 1262 1264 1263 1261 1261 1262 1263 1261 1263 1263 1266 1263 1259 1265 1264 1266
532.729004 1264 1258 1263 1266 1261 1264 1266 1262 1260 1261 1264 1263 1262 1262 1259 1266 1262
532.767029 1261 1264 1263 1263 1262 1264 1262 1263 1262 1263 1262 1264 1261 1262 1265 1263 1262
532.804993 1263 1263 1260 1262 1261 1262 1266 1262 1263 1259 1261 1262 1264 1262 1262 1260 1261
532.84198 1264 1264 1260 1263 1263 1262 1264 1264 1266 1261 1260 1261 1265 1263 1263 1263 1262
532.880005 1261 1261 1260 1262 1263 1261 1261 1260 1263 1259 1264 1264 1262 1267 1261 1259 1263
532.91803 1263 1259 1260 1259 1268 1262 1261 1265 1262 1259 1262 1261 1260 1262 1259 1260 1264
532.955994 1261 1258 1258 1259 1261 1264 1263 1262 1262 1260 1257 1261 1261 1259 1264 1261 1263
532.992981 1260 1263 1263 1259 1266 1262 1261 1264 1260 1262 1257 1261 1261 1262 1260 1259 1260
533.031006 1263 1262 1265 1259 1262 1262 1263 1263 1260 1261 1260 1259 1262 1263 1264 1265 1264
533.06897 1263 1262 1264 1261 1262 1260 1263 1264 1261 1262 1263 1263 1263 1259 1260 1262 1261
533.106995 1265 1260 1262 1261 1261 1260 1263 1261 1263 1258 1261 1262 1261 1262 1262 1261 1261
533.143982 1260 1262 1263 1262 1262 1258 1260 1262 1261 1262 1262 1260 1260 1259 1264 1260 1262
533.182007 1259 1261 1260 1263 1261 1264 1261 1263 1262 1263 1262 1262 1262 1262 1261 1259 1259
533.219971 1257 1261 1264 1264 1260 1260 1260 1257 1260 1261 1259 1262 1260 1265 1259 1261 1265
533.257996 1260 1266 1263 1264 1260 1260 1264 1261 1261 1259 1259 1262 1257 1260 1262 1262 1260
533.294983 1263 1264 1261 1261 1261 1260 1262 1261 1264 1259 1262 1262 1260 1261 1262 1262 1262
533.333008 1262 1260 1264 1259 1266 1258 1261 1261 1262 1260 1258 1259 1260 1258 1261 1263 1263
533.370972 1263 1265 1263 1262 1264 1259 1264 1258 1262 1260 1259 1259 1262 1262 1261 1260 1262
533.40802 1264 1263 1261 1260 1262 1262 1260 1263 1262 1263 1261 1254 1263 1261 1266 1260 1259
533.445984 1261 1260 1264 1265 1261 1263 1263 1261 1263 1262 1262 1264 1260 1261 1263 1258 1259
533.484009 1260 1260 1257 1261 1263 1264 1262 1261 1258 1261 1259 1259 1262 1261 1261 1260 1259
533.521973 1261 1264 1261 1258 1263 1261 1260 1258 1264 1260 1264 1263 1260 1258 1260 1263 1262
533.559021 1262 1263 1260 1262 1259 1261 1262 1262 1262 1258 1259 1264 1260 1262 1261 1260 1260
533.596985 1264 1263 1259 1261 1260 1261 1260 1260 1260 1259 1261 1259 1261 1262 1261 1263 1259
533.63501 1264 1261 1258 1261 1260 1259 1260 1260 1263 1261 1257 1262 1260 1262 1259 1260 1261
533.672974 1262 1262 1262 1261 1259 1262 1261 1261 1258 1262 1260 1260 1262 1261 1258 1259 1261
533.710022 1261 1261 1263 1264 1262 1260 1259 1262 1261 1258 1262 1261 1263 1260 1259 1262 1258
533.747986 1261 1259 1260 1261 1262 1265 1260 1258 1259 1263 1263 1259 1262 1260 1259 1262 1259
533.786011 1261 1257 1262 1257 1262 1264 1260 1260 1261 1263 1259 1261 1260 1260 1258 1261 1259
533.823975 1261 1260 1262 1261 1260 1260 1264 1255 1258 1261 1261 1261 1262 1260 1258 1260 1262
533.861023 1260 1261 1261 1261 1262 1258 1261 1260 1260 1259 1260 1259 1259 1259 1258 1259 1258
533.898987 1261 1262 1261 1263 1260 1263 1259 1260 1259 1260 1258 1259 1264 1259 1261 1262 1259
533.937012 1262 1260 1263 1262 1261 1259 1260 1260 1263 1258 1259 1262 1257 1261 1262 1264 1260
533.973999 1262 1262 1260 1262 1259 1260 1260 1261 1263 1263 1262 1259 1262 1263 1260 1260 1259
534.012024 1255 1259 1260 1259 1260 1262 1261 1262 1259 1259 1259 1260 1260 1260 1261 1258 1257
534.049988 1261 1257 1263 1258 1258 1259 1258 1259 1263 1260 1261 1264 1262 1261 1261 1262 1260
534.088013 1263 1261 1261 1262 1259 1258 1262 1260 1262 1260 1261 1263 1262 1256 1260 1260 1258
534.125 1261 1264 1260 1263 1262 1260 1262 1257 1259 1260 1261 1262 1259 1262 1258 1260 1257
534.163025 1263 1258 1259 1260 1261 1260 1259 1262 1263 1256 1263 1259 1261 1261 1262 1261 1263
534.200989 1261 1258 1262 1259 1262 1256 1263 1261 1262 1260 1261 1258 1261 1260 1260 1261 1257
534.239014 1261 1259 1259 1262 1259 1262 1263 1259 1262 1263 1258 1258 1258 1259 1259 1259 1261
534.276001 1258 1263 1260 1258 1260 1260 1261 1263 1262 1259 1262 1260 1260 1259 1265 1258 1259
534.314026 1259 1260 1261 1261 1262 1265 1259 1260 1259 1261 1262 1263 1260 1260 1261 1259 1259
534.35199 1260 1262 1262 1261 1259 1259 1260 1261 1260 1257 1259 1261 1261 1260 1261 1261 1260
534.388977 1262 1262 1260 1260 1264 1261 1259 1257 1258 1262 1261 1261 1260 1259 1258 1259 1258
534.427002 1263 1261 1261 1262 1260 1260 1259 1260 1262 1258 1259 1260 1261 1261 1258 1258 1259
534.465027 1257 1262 1260 1261 1264 1260 1261 1259 1262 1260 1259 1256 1264 1262 1258 1261 1260
534.502991 1261 1261 1261 1262 1264 1258 1259 1259 1258 1263 1258 1260 1259 1260 1261 1262 1261
534.539978 1261 1263 1260 1262 1259 1263 1262 1261 1260 1261 1261 1260 1258 1260 1262 1260 1259
534.578003 1258 1259 1262 1260 1260 1261 1262 1261 1260 1258 1258 1261 1263 1259 1261 1259 1259
534.616028 1259 1259 1262 1261 1260 1259 1260 1261 1259 1259 1258 1264 1261 1258 1261 1264 1259
534.653015 1263 1263 1261 1261 1262 1262 1261 1262 1261 1257 1259 1259 1264 1263 1262 1264 1257
534.690979 1263 1260 1258 1261 1262 1264 1261 1259 1260 1261 1258 1261 1261 1258 1259 1257 1260
534.729004 1261 1259 1261 1262 1260 1258 1262 1260 1264 1259 1259 1258 1260 1258 1257 1257 1262
534.767029 1260 1262 1261 1261 1260 1261 1261 1261 1258 1261 1259 1259 1260 1257 1262 1259 1260
534.804016 1262 1262 1261 1261 1259 1262 1261 1261 1260 1262 1261 1262 1258 1261 1261 1257 1264
534.84198 1260 1260 1257 1265 1261 1263 1259 1260 1257 1262 1260 1263 1261 1262 1263 1263 1258
534.880005 1261 1261 1261 1261 1262 1259 1262 1261 1262 1263 1259 1260 1259 1260 1262 1262 1259
534.916992 1264 1260 1263 1260 1258 1261 1260 1261 1261 1256 1258 1263 1263 1260 1259 1260 1260
534.955017 1263 1261 1260 1261 1260 1260 1257 1261 1262 1263 1260 1257 1263 1259 1260 1262 1259
534.992981 1261 1260 1262 1261 1261 1261 1260 1260 1258 1258 1261 1258 1259 1261 1261 1260 1263
535.031006 1259 1261 1261 1259 1264 1260 1263 1259 1258 1258 1260 1258 1261 1262 1261 1259 1261
535.067993 1263 1263 1265 1260 1259 1261 1259 1263 1258 1262 1259 1262 1258 1259 1262 1259 1259
535.106018 1260 1260 1262 1262 1261 1259 1260 1262 1261 1258 1264 1259 1262 1258 1262 1261 1262
535.143982 1262 1264 1263 1260 1260 1259 1261 1259 1258 1260 1261 1261 1262 1257 1262 1262 1262
535.18103 1263 1259 1261 1258 1261 1261 1259 1260 1261 1264 1261 1261 1262 1262 1260 1265 1262
535.218994 1262 1261 1259 1261 1263 1260 1260 1261 1260 1261 1258 1261 1259 1263 1259 1257 1260
535.257019 1261 1263 1259 1260 1263 1263 1262 1264 1264 1262 1262 1262 1262 1263 1261 1261 1262
535.294983 1264 1264 1268 1263 1265 1264 1263 1263 1264 1263 1263 1265 1260 1262 1263 1263 1261
535.33197 1265 1269 1268 1268 1272 1270 1267 1271 1272 1271 1264 1272 1268 1271 1275 1270 1262
535.369995 1271 1273 1271 1269 1271 1272 1272 1280 1275 1271 1271 1272 1271 1271 1268 1271 1271
535.40802 1272 1269 1269 1269 1272 1272 1273 1269 1275 1272 1265 1277 1271 1275 1273 1275 1277
535.445007 1274 1271 1270 1270 1270 1272 1277 1272 1272 1270 1270 1271 1271 1271 1270 1272 1271
535.482971 1266 1269 1270 1268 1271 1265 1271 1274 1265 1271 1271 1269 1268 1273 1272 1266 1274
535.520996 1264 1268 1268 1269 1268 1266 1265 1269 1271 1270 1270 1268 1266 1271 1272 1266 1273
535.557983 1263 1266 1270 1267 1268 1265 1265 1269 1269 1268 1264 1268 1263 1271 1267 1266 1274
535.596008 1267 1266 1270 1267 1266 1266 1267 1270 1267 1271 1267 1267 1269 1267 1268 1269 1267
535.633972 1265 1266 1266 1266 1267 1270 1268 1269 1267 1267 1265 1274 1266 1272 1265 1271 1267
535.671997 1271 1267 1269 1267 1266 1265 1267 1264 1269 1266 1268 1270 1266 1267 1265 1270 1271
535.708984 1268 1269 1265 1268 1266 1269 1266 1264 1268 1264 1266 1266 1263 1270 1265 1269 1269
535.747009 1266 1264 1266 1267 1266 1264 1268 1264 1265 1266 1269 1267 1264 1266 1266 1263 1267
535.784973 1264 1264 1264 1264 1268 1265 1269 1266 1269 1265 1267 1262 1263 1262 1267 1267 1268
535.822021 1264 1263 1269 1264 1266 1269 1268 1261 1265 1267 1270 1269 1269 1265 1267 1266 1267
535.859985 1263 1264 1266 1268 1268 1264 1268 1265 1265 1265 1267 1267 1263 1270 1267 1265 1267
535.89801 1265 1271 1265 1269 1273 1268 1270 1266 1267 1269 1269 1270 1270 1278 1274 1268 1266
535.934998 1270 1265 1265 1273 1267 1273 1272 1268 1268 1270 1268 1266 1267 1267 1272 1270 1275
535.973022 1267 1269 1271 1269 1266 1272 1269 1271 1268 1271 1267 1268 1272 1267 1268 1271 1269
536.010986 1271 1268 1265 1273 1270 1265 1269 1270 1270 1271 1274 1271 1268 1270 1272 1272 1274
536.049011 1275 1267 1268 1271 1270 1273 1273 1271 1269 1269 1270 1266 1270 1268 1272 1270 1269
536.085999 1265 1267 1263 1267 1268 1269 1266 1265 1271 1270 1270 1263 1267 1272 1267 1271 1275
536.124023 1264 1265 1264 1265 1266 1262 1265 1265 1263 1262 1263 1265 1262 1268 1267 1268 1264
536.161987 1260 1262 1265 1265 1263 1263 1262 1262 1261 1263 1264 1261 1260 1262 1264 1259 1260
536.198975 1264 1264 1262 1260 1260 1260 1259 1261 1261 1262 1264 1264 1262 1261 1262 1261 1264
536.237 1261 1263 1262 1260 1259 1262 1261 1261 1260 1260 1260 1260 1260 1261 1259 1260 1262
536.275024 1259 1260 1261 1260 1261 1261 1260 1263 1260 1261 1258 1259 1262 1258 1260 1258 1259
536.312012 1259 1257 1257 1262 1262 1262 1261 1258 1263 1260 1258 1259 1260 1262 1260 1259 1260
536.349976 1260 1261 1261 1257 1260 1261 1259 1261 1261 1263 1262 1259 1259 1260 1259 1264 1264
536.388 1263 1256 1262 1259 1264 1262 1259 1260 1259 1259 1258 1260 1261 1260 1261 1260 1261
536.424988 1260 1259 1260 1262 1260 1259 1262 1260 1259 1257 1260 1263 1260 1258 1259 1262 1256
536.463013 1263 1260 1261 1259 1263 1260 1258 1261 1258 1260 1260 1259 1262 1258 1260 1261 1262
536.500977 1259 1261 1263 1262 1261 1260 1264 1261 1256 1260 1260 1261 1261 1260 1258 1261 1262
536.539001 1260 1259 1262 1262 1262 1259 1261 1260 1261 1260 1259 1258 1264 1261 1262 1262 1261
536.575989 1263 1262 1261 1263 1263 1263 1260 1262 1261 1262 1261 1262 1258 1259 1261 1261 1264
536.614014 1258 1260 1260 1258 1261 1262 1258 1261 1262 1263 1260 1260 1259 1259 1262 1265 1261
536.651978 1258 1261 1261 1264 1259 1261 1259 1260 1260 1261 1262 1261 1258 1259 1261 1255 1261
536.689026 1261 1264 1260 1256 1264 1255 1258 1257 1259 1256 1262 1261 1257 1260 1260 1261 1259
536.72699 1262 1260 1260 1261 1257 1258 1261 1258 1261 1260 1265 1258 1261 1258 1259 1259 1263
536.765015 1260 1263 1259 1263 1264 1261 1261 1262 1261 1258 1260 1258 1261 1264 1260 1263 1262
536.802002 1260 1261 1261 1262 1264 1262 1262 1263 1260 1262 1263 1260 1260 1262 1259 1261 1259
536.840027 1261 1258 1258 1258 1262 1262 1261 1262 1258 1257 1262 1261 1262 1262 1260 1258 1261
536.877991 1257 1259 1259 1260 1261 1259 1260 1258 1262 1263 1262 1259 1259 1262 1263 1262 1258
536.914978 1259 1261 1261 1258 1259 1259 1260 1261 1259 1261 1259 1261 1262 1258 1262 1261 1259
536.953003 1257 1263 1261 1256 1261 1258 1262 1261 1259 1258 1258 1265 1259 1260 1265 1259 1261
536.991028 1262 1262 1261 1261 1262 1258 1263 1262 1262 1259 1258 1261 1259 1261 1260 1261 1263
537.028015 1260 1261 1259 1262 1261 1259 1261 1259 1262 1264 1262 1262 1263 1259 1263 1261 1258
537.065979 1262 1259 1258 1263 1261 1260 1261 1262 1258 1262 1258 1259 1261 1261 1257 1260 1259
537.104004 1261 1260 1259 1261 1264 1267 1258 1259 1260 1261 1263 1260 1261 1263 1259 1262 1259
537.140991 1259 1262 1260 1261 1264 1263 1261 1259 1259 1263 1261 1259 1260 1261 1260 1260 1261
537.179016 1258 1259 1258 1258 1260 1262 1264 1260 1260 1264 1261 1261 1262 1258 1262 1261 1259
537.21698 1260 1263 1262 1260 1262 1259 1263 1262 1257 1261 1258 1262 1261 1259 1261 1259 1260
537.254028 1260 1261 1261 1261 1260 1258 1266 1258 1258 1260 1259 1261 1264 1261 1261 1261 1262
537.291992 1262 1260 1260 1261 1260 1259 1259 1262 1258 1259 1261 1258 1260 1260 1262 1262 1263
537.330017 1261 1262 1260 1261 1258 1262 1262 1261 1259 1260 1262 1259 1261 1259 1258 1260 1260
537.367004 1260 1258 1259 1260 1261 1264 1260 1261 1264 1262 1262 1261 1261 1260 1259 1260 1259
537.405029 1258 1263 1262 1261 1263 1262 1260 1259 1259 1259 1260 1261 1258 1259 1258 1260 1260
537.442993 1259 1260 1262 1260 1258 1263 1260 1259 1260 1259 1257 1259 1262 1259 1260 1260 1258
537.481018 1262 1262 1262 1257 1266 1256 1261 1258 1260 1260 1261 1264 1259 1263 1260 1260 1262
537.518005 1264 1261 1262 1262 1259 1260 1257 1262 1259 1260 1257 1259 1261 1264 1260 1262 1259
537.55603 1261 1264 1259 1259 1262 1259 1260 1260 1259 1262 1258 1259 1262 1262 1260 1259 1259
537.593994 1260 1262 1261 1263 1264 1260 1262 1262 1259 1262 1264 1260 1263 1260 1258 1261 1261
537.630981 1259 1261 1259 1264 1263 1261 1263 1260 1263 1261 1263 1257 1262 1260 1260 1264 1260
537.669006 1259 1261 1261 1261 1260 1263 1261 1263 1259 1262 1261 1262 1259 1262 1259 1261 1263
537.70697 1261 1261 1264 1262 1255 1258 1261 1257 1260 1262 1261 1259 1258 1260 1258 1260 1260
537.744019 1256 1261 1260 1259 1260 1260 1258 1259 1260 1261 1259 1264 1261 1261 1262 1260 1258
537.781982 1264 1258 1263 1263 1258 1258 1261 1260 1260 1260 1261 1263 1263 1261 1260 1260 1261
537.820007 1262 1258 1263 1263 1265 1263 1263 1261 1260 1262 1262 1263 1262 1260 1259 1259 1258
537.856995 1260 1260 1261 1260 1262 1258 1262 1264 1259 1261 1262 1260 1260 1259 1260 1259 1260
537.89502 1261 1262 1260 1262 1265 1263 1260 1259 1260 1262 1261 1259 1260 1262 1261 1257 1259
537.932007 1260 1261 1257 1263 1262 1261 1258 1259 1263 1260 1263 1259 1257 1259 1263 1260 1260
537.969971 1260 1259 1261 1260 1262 1261 1261 1261 1262 1259 1263 1261 1259 1260 1262 1262 1262
538.007996 1260 1263 1263 1260 1259 1262 1262 1262 1260 1260 1259 1263 1261 1263 1261 1260 1260
538.046021 1261 1263 1261 1257 1262 1259 1261 1259 1261 1259 1258 1263 1262 1259 1261 1259 1260
538.083008 1261 1264 1259 1258 1262 1261 1263 1262 1263 1259 1261 1258 1261 1260 1260 1265 1260
538.120972 1260 1261 1260 1265 1264 1261 1260 1261 1262 1261 1260 1258 1262 1261 1263 1260 1259
538.158997 1259 1260 1260 1261 1263 1262 1263 1260 1261 1261 1261 1258 1264 1260 1260 1262 1260
538.195984 1263 1260 1260 1263 1261 1261 1262 1261 1262 1263 1257 1263 1260 1262 1258 1261 1263
538.234009 1260 1261 1263 1258 1259 1262 1262 1260 1261 1263 1262 1261 1262 1260 1263 1263 1262
538.270996 1260 1261 1261 1263 1263 1258 1263 1263 1259 1261 1257 1261 1261 1260 1261 1260 1265
538.309021 1262 1261 1261 1258 1260 1259 1266 1265 1261 1260 1258 1262 1265 1260 1260 1263 1260
538.346985 1263 1261 1260 1261 1260 1265 1259 1268 1261 1260 1263 1259 1262 1260 1260 1262 1261
538.383972 1260 1261 1259 1264 1265 1266 1260 1265 1260 1262 1262 1261 1263 1259 1261 1260 1258
538.421997 1260 1259 1262 1266 1262 1262 1261 1262 1263 1260 1261 1260 1259 1261 1263 1259 1261
538.460022 1254 1260 1264 1261 1262 1260 1257 1261 1261 1262 1263 1260 1262 1261 1261 1261 1263
538.497009 1262 1261 1263 1264 1258 1263 1262 1262 1262 1259 1263 1263 1261 1260 1263 1261 1260
538.534973 1261 1261 1265 1260 1259 1261 1264 1257 1260 1260 1262 1263 1259 1261 1262 1264 1261
538.572998 1262 1260 1262 1261 1265 1260 1265 1260 1260 1261 1260 1263 1262 1262 1263 1262 1264
538.609985 1260 1264 1262 1264 1267 1261 1261 1263 1260 1263 1261 1261 1262 1265 1261 1259 1261
538.64801 1260 1262 1260 1261 1265 1266 1262 1263 1266 1260 1263 1260 1265 1260 1261 1263 1262
538.685974 1261 1259 1260 1265 1268 1267 1260 1264 1261 1264 1262 1261 1264 1260 1262 1263 1261
538.723022 1262 1263 1258 1264 1263 1264 1263 1263 1263 1261 1260 1264 1265 1260 1261 1263 1264
538.760986 1262 1265 1260 1263 1262 1268 1264 1261 1262 1260 1262 1263 1265 1263 1264 1264 1259
538.799011 1262 1264 1267 1264 1265 1266 1268 1263 1263 1262 1263 1264 1262 1261 1262 1264 1263
538.835999 1262 1264 1266 1265 1262 1266 1269 1263 1264 1266 1259 1261 1265 1264 1260 1259 1265
538.874023 1265 1264 1261 1264 1266 1266 1267 1262 1258 1263 1265 1265 1263 1264 1262 1264 1262
538.911987 1269 1264 1262 1265 1267 1269 1265 1267 1262 1262 1258 1262 1266 1263 1261 1264 1267
538.948975 1261 1265 1263 1265 1271 1273 1269 1267 1264 1265 1265 1261 1264 1263 1265 1264 1260
538.987 1261 1267 1266 1262 1268 1275 1268 1265 1266 1264 1268 1263 1263 1264 1270 1265 1268
539.023987 1264 1263 1270 1271 1265 1274 1275 1265 1262 1267 1266 1266 1265 1264 1263 1264 1265
539.062012 1262 1270 1268 1266 1270 1271 1274 1270 1268 1265 1267 1266 1264 1267 1266 1263 1266
539.099976 1269 1269 1267 1263 1271 1271 1272 1266 1268 1265 1270 1270 1268 1266 1266 1263 1266
539.137024 1269 1271 1266 1268 1274 1275 1274 1268 1270 1271 1266 1268 1268 1270 1268 1268 1266
539.174988 1267 1267 1271 1266 1280 1275 1273 1267 1271 1267 1268 1271 1269 1267 1273 1268 1263
539.213013 1266 1270 1271 1273 1283 1275 1275 1276 1270 1272 1270 1267 1272 1275 1271 1267 1264
539.25 1268 1271 1274 1268 1271 1286 1279 1273 1270 1269 1267 1271 1263 1267 1267 1272 1271
539.288025 1272 1271 1271 1274 1278 1283 1283 1273 1269 1268 1270 1273 1269 1268 1271 1268 1269
539.325989 1275 1278 1277 1275 1283 1287 1280 1275 1273 1273 1274 1273 1268 1279 1271 1270 1271
539.362976 1277 1274 1274 1276 1279 1286 1287 1273 1273 1271 1271 1276 1277 1274 1272 1272 1272
539.401001 1277 1274 1274 1284 1284 1290 1289 1276 1281 1272 1277 1269 1277 1278 1275 1278 1271
539.439026 1276 1281 1281 1280 1294 1296 1288 1276 1280 1277 1275 1276 1276 1279 1275 1278 1278
539.476013 1280 1275 1274 1278 1289 1298 1290 1282 1278 1285 1278 1274 1281 1283 1272 1281 1283
539.513977 1276 1291 1281 1278 1289 1299 1295 1284 1285 1281 1282 1285 1284 1283 1278 1287 1278
539.551025 1276 1279 1281 1280 1294 1304 1309 1285 1280 1284 1280 1288 1281 1280 1286 1280 1282
539.588989 1282 1285 1292 1283 1294 1302 1303 1285 1288 1283 1284 1285 1281 1284 1279 1283 1287
539.627014 1288 1292 1290 1297 1298 1311 1309 1293 1290 1290 1287 1292 1287 1281 1285 1287 1286
539.664001 1295 1291 1288 1296 1304 1317 1312 1301 1297 1299 1288 1287 1293 1289 1290 1299 1288
539.702026 1298 1304 1300 1299 1316 1322 1314 1305 1305 1292 1291 1296 1300 1293 1298 1300 1302
539.73999 1302 1302 1296 1312 1320 1332 1330 1315 1303 1308 1303 1309 1309 1295 1299 1303 1303
539.776978 1309 1303 1305 1301 1326 1338 1329 1310 1309 1306 1306 1297 1298 1300 1310 1301 1306
539.815002 1302 1310 1310 1320 1328 1344 1331 1317 1312 1310 1310 1310 1313 1306 1305 1312 1301
539.853027 1310 1309 1317 1312 1350 1352 1348 1326 1314 1320 1303 1309 1307 1304 1305 1313 1314
539.890015 1311 1314 1310 1310 1331 1344 1342 1318 1320 1309 1307 1311 1318 1316 1314 1308 1310
539.927979 1309 1316 1313 1318 1343 1359 1345 1321 1309 1316 1302 1309 1315 1311 1314 1313 1306
539.965027 1316 1322 1312 1319 1333 1357 1347 1325 1319 1316 1314 1310 1320 1310 1314 1311 1315
540.002991 1324 1320 1321 1327 1343 1356 1358 1332 1322 1314 1314 1317 1316 1319 1311 1319 1320
540.041016 1323 1320 1321 1328 1356 1364 1360 1331 1321 1329 1320 1321 1326 1324 1316 1318 1326
540.078003 1318 1322 1329 1323 1362 1370 1373 1339 1334 1325 1322 1329 1325 1325 1317 1326 1320
540.116028 1331 1331 1327 1333 1365 1372 1372 1333 1336 1331 1333 1322 1317 1331 1325 1325 1335
540.153992 1329 1341 1342 1341 1366 1386 1363 1339 1337 1334 1331 1332 1332 1334 1324 1319 1332
540.190979 1326 1339 1329 1335 1368 1384 1384 1346 1332 1337 1334 1332 1332 1333 1338 1330 1337
540.229004 1326 1333 1340 1347 1380 1396 1377 1344 1338 1338 1332 1339 1345 1336 1336 1332 1333
540.265991 1347 1346 1345 1354 1378 1405 1369 1349 1343 1341 1346 1340 1339 1350 1341 1333 1337
540.304016 1340 1337 1348 1351 1381 1404 1388 1357 1353 1341 1347 1346 1346 1352 1344 1348 1335
540.34198 1338 1345 1350 1356 1384 1405 1392 1358 1354 1349 1341 1350 1351 1350 1341 1346 1342
540.379028 1347 1356 1350 1350 1392 1422 1397 1364 1353 1357 1347 1341 1352 1345 1357 1349 1340
540.416992 1358 1352 1344 1359 1394 1403 1401 1366 1363 1351 1351 1349 1362 1346 1353 1361 1354
540.455017 1361 1359 1367 1371 1409 1412 1404 1374 1370 1359 1356 1361 1367 1359 1361 1352 1358
540.492004 1363 1367 1361 1363 1404 1439 1404 1372 1372 1367 1354 1353 1367 1375 1356 1368 1368
540.530029 1373 1359 1361 1371 1394 1417 1407 1381 1362 1353 1361 1362 1373 1371 1370 1357 1360
540.567017 1350 1367 1358 1367 1408 1423 1409 1381 1370 1375 1369 1368 1360 1354 1376 1363 1370
540.60498 1361 1363 1352 1369 1398 1422 1414 1387 1364 1363 1366 1363 1372 1378 1378 1363 1365
540.643005 1354 1367 1368 1371 1409 1429 1412 1379 1366 1376 1358 1357 1368 1362 1367 1358 1371
540.679993 1364 1359 1364 1362 1403 1419 1401 1387 1368 1361 1358 1371 1358 1364 1354 1355 1355
540.718018 1366 1363 1368 1362 1407 1431 1413 1373 1374 1360 1372 1363 1356 1367 1356 1363 1357
540.755005 1358 1362 1373 1377 1405 1434 1428 1377 1367 1370 1366 1357 1364 1357 1356 1357 1366
540.79303 1365 1372 1356 1366 1410 1422 1418 1384 1365 1380 1364 1362 1367 1362 1362 1346 1367
540.830994 1357 1360 1362 1370 1406 1437 1404 1381 1359 1364 1360 1377 1357 1359 1365 1366 1364
540.867981 1362 1353 1366 1377 1399 1435 1403 1381 1367 1359 1351 1363 1351 1368 1369 1349 1363
540.906006 1373 1361 1363 1378 1405 1430 1418 1365 1360 1366 1374 1363 1364 1370 1358 1357 1363
540.94397 1348 1372 1360 1365 1402 1429 1404 1371 1371 1367 1366 1368 1361 1359 1356 1356 1354
540.981018 1364 1348 1361 1365 1409 1417 1429 1374 1371 1360 1364 1361 1360 1369 1348 1351 1364
541.018982 1364 1374 1358 1377 1405 1431 1411 1388 1359 1372 1357 1365 1359 1361 1362 1348 1362
541.05603 1354 1360 1363 1374 1416 1434 1410 1376 1373 1356 1362 1367 1371 1364 1349 1357 1359
541.093994 1363 1367 1353 1375 1418 1436 1420 1376 1367 1368 1353 1369 1363 1366 1352 1358 1350
541.132019 1359 1366 1371 1365 1406 1424 1404 1373 1366 1380 1354 1359 1363 1360 1359 1355 1373
541.169006 1359 1364 1346 1361 1397 1407 1408 1394 1361 1359 1362 1360 1359 1377 1368 1354 1354
541.20697 1365 1371 1355 1368 1395 1426 1430 1369 1366 1368 1342 1359 1372 1368 1369 1370 1361
541.244019 1360 1367 1354 1365 1403 1427 1405 1373 1369 1351 1362 1359 1360 1367 1355 1362 1351
541.281982 1355 1361 1368 1367 1398 1432 1417 1367 1382 1369 1364 1358 1365 1357 1353 1356 1351
541.320007 1357 1356 1361 1361 1400 1429 1423 1380 1371 1357 1370 1345 1365 1366 1361 1343 1369
541.356995 1349 1370 1360 1368 1397 1425 1402 1376 1359 1361 1360 1360 1357 1359 1366 1358 1356
541.39502 1357 1357 1361 1371 1412 1419 1417 1378 1356 1360 1372 1361 1361 1354 1357 1358 1363
541.432007 1365 1356 1360 1372 1408 1430 1420 1375 1363 1356 1368 1359 1366 1363 1352 1368 1370
541.469971 1370 1361 1364 1363 1412 1415 1411 1365 1366 1356 1364 1361 1380 1347 1348 1361 1360
541.507996 1356 1368 1349 1363 1409 1427 1411 1375 1374 1367 1367 1352 1360 1366 1352 1345 1363
541.544983 1369 1357 1368 1387 1411 1425 1422 1381 1369 1369 1363 1359 1354 1355 1363 1364 1360
541.583008 1361 1365 1361 1384 1409 1427 1411 1383 1372 1362 1357 1360 1358 1360 1357 1354 1359
541.620972 1350 1367 1367 1367 1408 1431 1427 1364 1365 1368 1371 1347 1365 1356 1357 1363 1357
541.65802 1358 1369 1366 1365 1406 1433 1418 1365 1364 1369 1364 1370 1357 1368 1362 1354 1365
541.695984 1354 1362 1369 1362 1397 1427 1402 1374 1364 1368 1361 1376 1374 1364 1361 1360 1365
541.732971 1361 1365 1362 1363 1399 1431 1414 1373 1360 1374 1356 1348 1368 1353 1366 1360 1356
541.770996 1357 1363 1366 1367 1402 1422 1426 1371 1370 1360 1349 1363 1365 1359 1357 1358 1370
541.809021 1346 1370 1355 1367 1420 1425 1398 1373 1361 1361 1361 1364 1365 1371 1358 1345 1352
541.846008 1362 1367 1366 1353 1406 1434 1402 1369 1379 1356 1369 1355 1363 1368 1353 1368 1359
541.883972 1355 1361 1359 1369 1400 1434 1409 1376 1358 1357 1354 1366 1357 1361 1354 1360 1351
541.921021 1363 1350 1367 1378 1396 1422 1409 1369 1370 1362 1359 1355 1365 1365 1356 1365 1363
541.958984 1378 1350 1362 1362 1394 1410 1415 1373 1362 1363 1361 1359 1366 1365 1352 1350 1357
541.997009 1355 1363 1358 1353 1388 1416 1405 1371 1368 1368 1361 1361 1364 1359 1352 1359 1363
542.033997 1369 1371 1367 1363 1412 1424 1415 1377 1371 1356 1362 1356 1361 1354 1370 1373 1365
542.072021 1356 1362 1364 1362 1399 1444 1400 1379 1377 1364 1348 1354 1353 1347 1348 1349 1358
542.109009 1354 1373 1356 1360 1411 1416 1399 1381 1367 1376 1358 1369 1358 1366 1361 1356 1360
542.146973 1348 1349 1365 1368 1403 1428 1408 1372 1389 1370 1365 1363 1362 1361 1361 1370 1349
542.184021 1355 1362 1372 1379 1405 1415 1421 1367 1366 1367 1374 1364 1363 1367 1361 1365 1364
542.221985 1356 1360 1361 1362 1400 1423 1403 1386 1361 1365 1357 1364 1360 1370 1360 1355 1350
542.26001 1355 1349 1347 1371 1412 1426 1403 1377 1370 1364 1350 1355 1361 1358 1360 1351 1364
542.296997 1355 1363 1363 1369 1401 1440 1398 1368 1359 1354 1356 1364 1369 1360 1367 1362 1354
542.335022 1356 1369 1360 1368 1397 1441 1412 1376 1361 1366 1362 1361 1368 1366 1364 1352 1368
542.372009 1363 1361 1352 1366 1403 1434 1412 1374 1362 1371 1369 1355 1360 1370 1373 1361 1355
542.409973 1358 1364 1359 1369 1406 1428 1403 1388 1367 1364 1379 1356 1374 1360 1361 1362 1375
542.447998 1357 1368 1361 1361 1398 1442 1416 1393 1367 1374 1365 1361 1363 1358 1367 1360 1378
542.484985 1355 1364 1367 1363 1404 1415 1418 1379 1365 1360 1363 1354 1355 1356 1359 1357 1368
542.52301 1366 1366 1362 1370 1402 1436 1414 1384 1368 1365 1364 1359 1363 1353 1367 1361 1365
542.559998 1363 1374 1372 1364 1410 1431 1416 1381 1379 1372 1367 1371 1369 1369 1364 1365 1367
542.598022 1373 1369 1365 1374 1410 1441 1421 1383 1375 1373 1363 1363 1366 1368 1372 1368 1365
542.63501 1353 1360 1370 1366 1392 1436 1419 1376 1369 1363 1370 1362 1369 1363 1366 1360 1375
542.672974 1361 1372 1367 1370 1395 1424 1407 1378 1373 1368 1367 1356 1372 1369 1371 1357 1363
542.710999 1353 1368 1367 1367 1415 1433 1405 1383 1371 1371 1364 1365 1361 1360 1367 1365 1361
542.747986 1359 1363 1356 1371 1406 1446 1410 1374 1375 1368 1357 1366 1362 1366 1368 1357 1368
542.786011 1371 1363 1371 1376 1413 1435 1416 1371 1367 1361 1363 1365 1375 1370 1373 1362 1364
542.822998 1366 1361 1366 1371 1400 1442 1407 1389 1368 1358 1362 1361 1368 1377 1357 1368 1359
542.861023 1355 1361 1363 1375 1419 1435 1417 1382 1369 1364 1364 1355 1362 1366 1372 1361 1368
542.898987 1362 1359 1366 1368 1414 1438 1414 1371 1380 1369 1374 1368 1365 1369 1360 1351 1367
542.935974 1356 1361 1363 1369 1402 1431 1418 1381 1356 1366 1369 1374 1362 1373 1362 1363 1361
542.973999 1361 1374 1359 1373 1412 1436 1421 1382 1373 1369 1369 1360 1375 1370 1346 1361 1361
543.010986 1362 1375 1363 1371 1415 1440 1420 1381 1366 1368 1357 1370 1371 1366 1364 1364 1357
543.049011 1361 1375 1374 1390 1407 1440 1420 1389 1381 1378 1366 1373 1381 1371 1363 1373 1376
543.085999 1378 1377 1369 1386 1421 1435 1406 1386 1380 1374 1364 1374 1365 1375 1372 1372 1370
543.124023 1377 1376 1369 1380 1407 1448 1430 1385 1383 1382 1375 1365 1371 1377 1367 1367 1371
543.161987 1374 1374 1378 1383 1425 1450 1421 1382 1388 1377 1381 1386 1383 1381 1369 1368 1374
543.198975 1388 1391 1396 1391 1432 1455 1445 1408 1394 1381 1384 1374 1378 1382 1386 1390 1376
543.237 1388 1386 1380 1386 1423 1456 1427 1390 1387 1388 1388 1395 1391 1385 1387 1383 1397
543.273987 1398 1389 1386 1402 1435 1458 1450 1415 1399 1389 1399 1393 1386 1385 1392 1392 1401
543.312012 1396 1377 1399 1400 1438 1454 1454 1400 1405 1391 1395 1397 1390 1402 1400 1377 1399
543.348999 1390 1410 1398 1415 1436 1464 1443 1410 1392 1396 1383 1397 1397 1395 1385 1388 1399
543.387024 1410 1404 1405 1400 1440 1455 1448 1423 1405 1416 1400 1400 1401 1403 1406 1394 1386
543.424988 1412 1418 1394 1415 1451 1470 1457 1414 1418 1405 1405 1404 1404 1408 1411 1406 1405
543.461975 1403 1432 1423 1413 1456 1478 1471 1429 1434 1416 1404 1406 1416 1412 1418 1409 1405
543.5 1410 1419 1425 1430 1480 1504 1475 1452 1444 1427 1422 1414 1431 1434 1418 1423 1432
543.536987 1450 1446 1430 1449 1478 1498 1483 1447 1445 1441 1451 1456 1439 1439 1431 1445 1437
543.575012 1459 1445 1452 1468 1484 1519 1496 1455 1464 1452 1462 1428 1448 1442 1458 1458 1450
543.612 1446 1443 1432 1448 1474 1522 1492 1465 1457 1470 1456 1447 1451 1456 1451 1449 1446
543.650024 1429 1440 1438 1446 1465 1498 1469 1461 1435 1440 1422 1429 1453 1451 1449 1431 1443
543.687988 1419 1414 1410 1420 1478 1496 1455 1428 1430 1416 1415 1414 1429 1422 1420 1409 1419
543.724976 1401 1395 1395 1392 1445 1471 1460 1417 1396 1394 1396 1395 1398 1393 1395 1390 1388
543.763 1388 1382 1390 1394 1423 1455 1426 1402 1394 1386 1389 1386 1376 1378 1384 1382 1381
543.799988 1374 1379 1382 1380 1417 1440 1433 1384 1381 1381 1377 1378 1385 1387 1378 1371 1382
543.838013 1382 1368 1362 1379 1423 1459 1415 1388 1377 1381 1377 1379 1376 1389 1367 1371 1383
543.875 1376 1367 1379 1385 1420 1448 1418 1387 1369 1377 1363 1379 1378 1375 1371 1376 1368
543.913025 1365 1371 1361 1381 1421 1440 1429 1375 1380 1361 1357 1371 1367 1361 1360 1364 1370
543.950989 1376 1363 1365 1377 1411 1440 1410 1380 1378 1375 1369 1365 1365 1365 1370 1373 1378
543.987976 1371 1377 1365 1377 1416 1441 1412 1379 1371 1365 1376 1362 1363 1372 1360 1370 1369
544.026001 1365 1385 1365 1372 1425 1434 1409 1383 1375 1362 1373 1365 1369 1369 1370 1379 1366
544.062988 1373 1366 1367 1371 1410 1440 1407 1383 1374 1365 1360 1371 1374 1362 1361 1361 1357
544.101013 1365 1370 1373 1383 1414 1437 1409 1395 1383 1368 1358 1356 1358 1362 1360 1376 1366
544.138 1363 1371 1368 1369 1408 1456 1425 1379 1376 1360 1368 1365 1366 1365 1362 1369 1352
544.176025 1362 1363 1364 1384 1413 1444 1412 1386 1378 1370 1371 1370 1367 1370 1367 1360 1373
544.213013 1368 1370 1351 1382 1415 1449 1406 1380 1373 1374 1369 1355 1365 1372 1368 1370 1364
544.250977 1374 1374 1369 1367 1417 1449 1420 1386 1372 1364 1380 1375 1373 1376 1364 1368 1365
544.289001 1360 1351 1363 1368 1409 1451 1409 1374 1374 1370 1363 1360 1360 1360 1367 1368 1360
544.325989 1365 1371 1360 1368 1409 1433 1413 1373 1371 1365 1371 1364 1363 1364 1370 1369 1358
544.364014 1363 1379 1369 1373 1410 1443 1400 1390 1361 1365 1363 1361 1363 1368 1357 1367 1361
544.401001 1367 1373 1361 1369 1407 1434 1413 1375 1368 1373 1364 1364 1369 1367 1360 1365 1369
544.439026 1359 1367 1366 1366 1416 1437 1416 1379 1370 1363 1363 1360 1365 1369 1360 1366 1364
544.476013 1362 1365 1362 1371 1414 1438 1420 1386 1378 1378 1363 1366 1370 1363 1366 1363 1371
544.513977 1369 1373 1371 1373 1422 1437 1414 1386 1361 1364 1368 1368 1367 1360 1363 1354 1356
544.551025 1359 1383 1362 1374 1399 1456 1400 1375 1375 1369 1360 1364 1365 1366 1372 1367 1365
544.588989 1368 1363 1365 1368 1418 1447 1418 1374 1370 1357 1366 1367 1364 1373 1355 1372 1373
544.625977 1364 1369 1367 1364 1417 1442 1410 1385 1367 1362 1368 1366 1368 1361 1357 1354 1356
544.664001 1363 1363 1359 1385 1406 1445 1425 1378 1379 1360 1362 1359 1373 1371 1363 1369 1371
544.702026 1354 1368 1364 1358 1409 1432 1418 1374 1369 1370 1367 1359 1365 1351 1366 1366 1364
544.739014 1349 1369 1368 1376 1414 1431 1420 1377 1371 1362 1362 1368 1356 1363 1373 1365 1365
544.776978 1356 1357 1359 1380 1405 1446 1427 1373 1366 1363 1368 1362 1360 1360 1372 1362 1368
544.814026 1367 1366 1354 1380 1406 1438 1403 1379 1386 1362 1360 1375 1372 1378 1357 1362 1361
544.85199 1357 1369 1371 1378 1406 1427 1414 1383 1367 1361 1381 1361 1379 1359 1356 1376 1366
544.888977 1368 1363 1375 1374 1421 1442 1417 1388 1376 1373 1368 1354 1367 1369 1363 1357 1371
544.927002 1364 1376 1363 1386 1422 1446 1425 1375 1367 1366 1359 1367 1370 1368 1372 1360 1370
544.963989 1369 1362 1365 1379 1418 1433 1421 1385 1368 1367 1363 1364 1373 1366 1372 1364 1360
545.002014 1362 1365 1372 1380 1407 1441 1423 1385 1375 1366 1373 1374 1368 1368 1375 1365 1370
545.039001 1383 1380 1377 1380 1424 1449 1426 1378 1377 1368 1363 1370 1379 1373 1366 1376 1358
545.077026 1364 1364 1391 1369 1420 1436 1424 1386 1377 1372 1367 1370 1369 1369 1374 1376 1362
545.11499 1364 1376 1373 1374 1435 1442 1428 1386 1380 1373 1360 1370 1360 1375 1376 1367 1377
545.151978 1385 1369 1368 1375 1418 1431 1428 1379 1378 1371 1388 1371 1375 1382 1382 1362 1357
545.190002 1374 1365 1370 1377 1411 1425 1431 1381 1381 1368 1372 1366 1369 1370 1367 1368 1366
545.22699 1358 1375 1373 1377 1403 1438 1418 1384 1381 1370 1369 1366 1374 1380 1365 1369 1364
545.265015 1375 1378 1371 1377 1417 1438 1407 1386 1377 1367 1367 1361 1380 1375 1382 1368 1365
545.302002 1360 1365 1357 1380 1410 1436 1425 1381 1380 1366 1381 1370 1363 1366 1367 1370 1366
545.340027 1373 1375 1373 1376 1410 1443 1418 1387 1370 1374 1362 1356 1358 1367 1358 1378 1361
545.377014 1356 1382 1374 1376 1395 1428 1417 1375 1365 1368 1353 1363 1370 1373 1362 1361 1360
545.414978 1367 1357 1361 1377 1414 1448 1414 1378 1378 1367 1368 1371 1368 1374 1359 1359 1373
545.452026 1351 1362 1367 1370 1419 1431 1406 1375 1363 1374 1364 1356 1363 1357 1360 1356 1369
545.48999 1362 1359 1359 1360 1403 1450 1421 1382 1371 1378 1365 1362 1360 1356 1366 1368 1359
545.526978 1351 1358 1368 1378 1395 1442 1413 1373 1370 1370 1359 1356 1352 1351 1355 1365 1363
545.565002 1356 1362 1360 1360 1402 1425 1413 1383 1374 1367 1354 1373 1361 1359 1356 1360 1352
545.60199 1355 1355 1357 1357 1395 1445 1425 1366 1360 1364 1368 1363 1353 1363 1363 1358 1359
545.640015 1367 1368 1367 1368 1406 1426 1412 1370 1372 1367 1361 1354 1363 1367 1360 1364 1372
545.677979 1361 1361 1371 1364 1423 1432 1405 1364 1376 1357 1368 1360 1362 1366 1354 1363 1367
545.715027 1359 1360 1370 1364 1407 1434 1403 1372 1374 1367 1365 1363 1351 1365 1365 1356 1372
545.752991 1362 1353 1363 1359 1394 1429 1406 1381 1374 1364 1353 1358 1359 1362 1358 1354 1363
545.789978 1358 1359 1353 1365 1402 1430 1410 1376 1367 1365 1360 1365 1363 1361 1362 1356 1367
545.828003 1362 1364 1369 1364 1402 1429 1408 1367 1371 1368 1357 1361 1375 1361 1358 1351 1362
545.86499 1354 1364 1368 1371 1409 1443 1419 1370 1372 1355 1353 1361 1354 1366 1358 1355 1362
545.903015 1373 1355 1370 1375 1405 1437 1422 1373 1360 1354 1354 1346 1354 1370 1359 1362 1356
545.940002 1358 1363 1355 1380 1408 1433 1413 1376 1364 1366 1360 1355 1364 1362 1353 1367 1356
545.978027 1357 1363 1365 1364 1419 1429 1405 1373 1368 1362 1362 1353 1365 1367 1354 1368 1352
546.015015 1359 1364 1354 1366 1414 1431 1415 1374 1359 1358 1348 1349 1352 1364 1352 1359 1352
546.052979 1343 1359 1356 1357 1397 1418 1402 1373 1359 1354 1360 1351 1348 1356 1358 1354 1361
546.090027 1355 1348 1359 1357 1402 1420 1402 1369 1359 1345 1349 1358 1344 1347 1358 1344 1352
546.127991 1352 1353 1348 1361 1393 1425 1402 1364 1355 1353 1340 1346 1351 1353 1346 1345 1340
546.164978 1340 1353 1349 1363 1393 1413 1401 1352 1364 1334 1360 1340 1351 1349 1356 1355 1340
546.203003 1349 1351 1337 1356 1397 1424 1396 1361 1347 1348 1349 1351 1344 1355 1358 1346 1345
546.23999 1359 1345 1344 1345 1397 1417 1411 1364 1349 1356 1347 1342 1350 1353 1357 1342 1345
546.278015 1341 1346 1338 1355 1386 1413 1390 1353 1350 1347 1347 1348 1346 1344 1346 1340 1347
546.315002 1339 1346 1366 1353 1395 1423 1398 1365 1355 1350 1344 1341 1349 1342 1352 1347 1352
546.353027 1345 1344 1350 1362 1393 1425 1397 1362 1348 1346 1351 1349 1336 1342 1344 1355 1349
546.390015 1356 1345 1347 1359 1376 1404 1405 1353 1354 1352 1348 1353 1336 1334 1352 1341 1347
546.427979 1358 1350 1341 1359 1392 1424 1403 1348 1348 1343 1346 1345 1343 1355 1343 1339 1337
546.465027 1336 1351 1346 1348 1400 1409 1398 1377 1348 1345 1340 1349 1345 1359 1342 1340 1349
546.502991 1351 1345 1355 1351 1379 1409 1403 1342 1354 1351 1346 1343 1343 1350 1330 1340 1343
546.539978 1342 1341 1356 1347 1401 1414 1403 1361 1355 1339 1347 1345 1344 1348 1342 1347 1352
546.578003 1348 1345 1346 1349 1389 1404 1394 1371 1356 1347 1341 1333 1350 1341 1345 1341 1347
546.61499 1344 1336 1345 1348 1385 1418 1399 1358 1351 1345 1342 1344 1347 1331 1344 1343 1350
546.653015 1344 1343 1357 1341 1391 1424 1388 1360 1349 1354 1342 1347 1343 1337 1345 1337 1346
546.690979 1339 1347 1346 1356 1381 1423 1398 1360 1354 1342 1344 1338 1342 1338 1347 1334 1337
546.728027 1346 1351 1342 1350 1393 1417 1394 1346 1351 1334 1348 1341 1338 1353 1343 1343 1351
546.765991 1345 1338 1339 1347 1372 1426 1392 1347 1352 1344 1347 1341 1342 1328 1339 1353 1354
546.802979 1333 1343 1335 1345 1387 1420 1392 1364 1346 1336 1348 1344 1335 1338 1333 1340 1336
546.841003 1344 1334 1337 1350 1379 1413 1391 1359 1341 1348 1340 1333 1337 1341 1337 1337 1348
546.877991 1335 1345 1338 1346 1392 1410 1392 1367 1346 1344 1334 1328 1323 1345 1341 1335 1337
546.916016 1347 1342 1340 1342 1379 1413 1388 1350 1346 1337 1330 1346 1338 1324 1334 1349 1343
546.953003 1345 1334 1335 1343 1384 1417 1397 1356 1359 1332 1342 1338 1336 1346 1336 1333 1343
546.991028 1342 1343 1345 1337 1382 1403 1393 1352 1343 1336 1348 1334 1342 1350 1336 1331 1342
547.028015 1342 1338 1345 1339 1389 1418 1387 1352 1339 1346 1336 1342 1334 1348 1338 1340 1341
547.065979 1343 1332 1332 1342 1384 1405 1391 1358 1357 1344 1335 1343 1330 1339 1344 1339 1339
547.103027 1336 1339 1341 1340 1379 1413 1378 1355 1355 1338 1333 1330 1331 1339 1337 1331 1339
547.140991 1345 1351 1345 1342 1380 1405 1392 1364 1344 1344 1341 1337 1337 1334 1334 1337 1343
547.177979 1344 1346 1342 1341 1366 1399 1384 1347 1355 1342 1340 1323 1337 1332 1338 1335 1346
547.216003 1337 1341 1340 1359 1377 1401 1407 1360 1357 1340 1336 1334 1332 1331 1343 1351 1346
547.252991 1355 1345 1350 1346 1380 1408 1395 1366 1357 1347 1346 1333 1332 1328 1332 1343 1355
547.291016 1345 1355 1361 1345 1378 1418 1404 1363 1368 1349 1350 1337 1339 1333 1344 1352 1353
547.328003 1361 1358 1334 1340 1377 1417 1402 1368 1373 1368 1349 1349 1323 1342 1341 1366 1363
547.366028 1367 1361 1343 1338 1383 1420 1409 1386 1383 1361 1345 1342 1322 1344 1356 1360 1378
547.403015 1377 1376 1355 1343 1369 1400 1411 1399 1382 1379 1357 1342 1330 1332 1348 1368 1374
547.440979 1397 1392 1358 1348 1370 1410 1423 1404 1405 1386 1374 1331 1335 1343 1364 1377 1390
547.478027 1398 1394 1354 1357 1379 1425 1421 1410 1410 1390 1374 1338 1336 1340 1356 1390 1403
547.515991 1402 1405 1370 1344 1380 1421 1426 1419 1415 1411 1374 1347 1348 1344 1379 1396 1417
547.552979 1415 1420 1370 1351 1381 1425 1430 1418 1421 1399 1365 1353 1329 1346 1374 1389 1415
547.591003 1402 1401 1371 1348 1377 1432 1423 1429 1431 1422 1372 1352 1332 1360 1381 1409 1424
547.627991 1413 1402 1376 1344 1374 1416 1415 1424 1431 1426 1377 1344 1340 1351 1370 1400 1426
547.666016 1418 1401 1373 1358 1380 1418 1423 1404 1418 1400 1389 1348 1333 1348 1369 1396 1426
547.703003 1409 1402 1373 1348 1370 1416 1432 1404 1419 1410 1393 1350 1330 1353 1377 1397 1408
547.741028 1400 1384 1364 1341 1376 1428 1399 1411 1404 1386 1366 1343 1341 1337 1368 1375 1398
547.778015 1385 1369 1360 1348 1381 1416 1407 1387 1379 1367 1351 1335 1336 1337 1356 1371 1378
547.815002 1369 1357 1350 1336 1379 1399 1397 1362 1370 1364 1356 1326 1337 1335 1337 1350 1357
547.853027 1342 1339 1337 1332 1368 1411 1401 1365 1352 1350 1340 1336 1330 1327 1340 1346 1347
547.890015 1344 1346 1331 1329 1375 1403 1387 1337 1342 1347 1331 1328 1328 1327 1335 1333 1342
547.927979 1334 1332 1340 1334 1381 1395 1393 1353 1350 1342 1343 1339 1325 1328 1334 1330 1335
547.965027 1326 1329 1336 1342 1372 1409 1390 1351 1356 1336 1327 1334 1327 1327 1332 1345 1335
548.002991 1330 1340 1334 1336 1374 1399 1381 1347 1343 1344 1325 1323 1323 1328 1326 1329 1339
548.039978 1329 1336 1332 1329 1375 1399 1371 1344 1345 1328 1327 1324 1333 1323 1333 1326 1335
548.078003 1330 1331 1331 1325 1376 1399 1381 1349 1339 1334 1328 1326 1331 1333 1335 1327 1339
548.11499 1328 1319 1323 1335 1373 1411 1382 1345 1337 1339 1326 1330 1328 1332 1332 1330 1334
548.153015 1325 1331 1329 1329 1365 1388 1366 1337 1341 1335 1331 1329 1323 1333 1334 1334 1327
548.190002 1322 1329 1330 1336 1372 1395 1389 1339 1335 1331 1336 1328 1331 1317 1322 1334 1327
548.228027 1326 1331 1331 1331 1367 1400 1372 1329 1332 1328 1325 1329 1323 1328 1326 1325 1334
548.265015 1324 1334 1328 1329 1378 1396 1379 1351 1335 1339 1322 1321 1328 1321 1324 1327 1337
548.302979 1334 1329 1330 1336 1379 1408 1382 1341 1342 1338 1324 1326 1335 1311 1323 1323 1325
548.340027 1329 1325 1322 1334 1375 1404 1369 1335 1336 1333 1335 1321 1329 1323 1333 1324 1331
548.377991 1330 1337 1326 1340 1368 1400 1382 1345 1336 1341 1316 1325 1326 1334 1323 1326 1325
548.414978 1328 1322 1329 1333 1373 1401 1370 1346 1339 1333 1324 1324 1322 1324 1329 1322 1329
548.453003 1326 1328 1326 1339 1370 1394 1363 1334 1321 1329 1332 1337 1324 1325 1334 1326 1322
548.48999 1329 1329 1332 1329 1370 1388 1374 1338 1330 1329 1321 1336 1324 1326 1337 1330 1324
548.528015 1327 1337 1326 1337 1372 1405 1374 1345 1332 1321 1324 1332 1317 1324 1328 1322 1328
548.565002 1326 1327 1324 1331 1369 1385 1385 1339 1343 1329 1321 1329 1325 1326 1321 1334 1330
548.603027 1328 1324 1321 1333 1368 1396 1382 1348 1333 1325 1321 1324 1330 1335 1320 1328 1329
548.640015 1333 1324 1330 1331 1368 1403 1381 1337 1335 1325 1324 1332 1318 1317 1331 1327 1333
548.677979 1333 1335 1332 1329 1370 1397 1380 1345 1335 1328 1331 1329 1322 1319 1324 1333 1314
548.715027 1337 1332 1326 1348 1361 1402 1372 1348 1343 1329 1332 1335 1322 1320 1344 1330 1335
548.752014 1331 1337 1346 1340 1384 1424 1383 1341 1341 1333 1335 1328 1329 1334 1332 1336 1325
548.789978 1343 1342 1340 1344 1386 1408 1388 1350 1343 1332 1340 1335 1344 1344 1328 1342 1337
548.827026 1334 1335 1337 1354 1379 1405 1384 1363 1343 1341 1340 1327 1338 1329 1332 1338 1335
548.86499 1330 1341 1343 1352 1386 1418 1401 1362 1345 1338 1336 1344 1333 1339 1336 1337 1329
548.901978 1338 1345 1340 1343 1396 1403 1396 1352 1347 1353 1332 1334 1335 1333 1327 1331 1335
548.940002 1324 1339 1340 1337 1377 1406 1388 1348 1337 1333 1334 1335 1334 1337 1343 1335 1338
548.97699 1329 1333 1335 1324 1374 1389 1377 1336 1329 1332 1334 1336 1344 1333 1326 1322 1324
549.015015 1324 1320 1325 1339 1361 1401 1380 1333 1324 1329 1323 1323 1326 1324 1314 1324 1324
549.052002 1324 1332 1324 1326 1367 1397 1382 1336 1323 1328 1323 1326 1327 1317 1318 1327 1320
549.090027 1320 1322 1323 1333 1362 1390 1374 1341 1324 1325 1330 1322 1327 1321 1318 1330 1328
549.127014 1323 1321 1319 1328 1373 1395 1384 1348 1331 1323 1323 1312 1323 1329 1323 1319 1329
549.164978 1324 1323 1318 1327 1363 1385 1381 1327 1324 1325 1321 1331 1322 1321 1327 1313 1318
549.202026 1317 1325 1325 1327 1366 1391 1369 1342 1331 1323 1325 1318 1324 1318 1323 1323 1318
549.23999 1324 1327 1322 1342 1380 1385 1383 1333 1323 1321 1328 1320 1321 1318 1319 1323 1322
549.276978 1321 1327 1321 1335 1369 1390 1372 1345 1325 1336 1322 1321 1322 1320 1322 1324 1326
549.314026 1325 1329 1326 1337 1358 1399 1379 1336 1341 1331 1334 1326 1320 1320 1322 1315 1328
549.35199 1327 1322 1325 1326 1376 1383 1374 1343 1329 1324 1318 1322 1326 1330 1315 1330 1323
549.388977 1334 1319 1333 1334 1372 1394 1379 1337 1326 1329 1317 1320 1324 1317 1326 1325 1328
549.427002 1320 1318 1331 1331 1379 1401 1378 1338 1332 1326 1320 1322 1321 1323 1319 1322 1320
549.463989 1319 1322 1328 1330 1358 1398 1361 1340 1329 1326 1321 1326 1328 1322 1317 1325 1322
549.502014 1322 1331 1332 1334 1366 1388 1377 1337 1330 1324 1323 1328 1316 1319 1325 1324 1325
549.539001 1322 1328 1321 1328 1375 1392 1369 1335 1323 1325 1315 1333 1315 1331 1320 1325 1335
549.577026 1330 1331 1330 1338 1381 1413 1387 1356 1339 1336 1322 1336 1320 1339 1337 1337 1325
549.614014 1340 1339 1349 1345 1388 1410 1393 1356 1342 1345 1342 1342 1334 1357 1336 1338 1340
549.651978 1339 1351 1362 1351 1406 1425 1412 1366 1363 1357 1356 1351 1339 1344 1354 1351 1348
549.689026 1356 1379 1371 1363 1402 1435 1403 1385 1363 1359 1374 1369 1362 1360 1366 1369 1367
549.726013 1364 1358 1369 1375 1416 1432 1405 1365 1368 1359 1375 1353 1367 1351 1353 1356 1371
549.763977 1349 1353 1354 1370 1413 1414 1413 1368 1360 1360 1357 1358 1352 1354 1360 1355 1355
549.801025 1351 1344 1350 1353 1378 1421 1392 1363 1354 1343 1343 1347 1335 1346 1342 1341 1349
549.838989 1338 1336 1338 1343 1368 1404 1394 1353 1354 1337 1330 1325 1338 1342 1334 1339 1330
549.875977 1330 1335 1329 1338 1372 1390 1390 1349 1337 1331 1324 1322 1329 1321 1322 1328 1325
549.914001 1317 1326 1318 1334 1369 1410 1369 1330 1322 1334 1320 1319 1323 1323 1328 1322 1325
549.950989 1324 1318 1320 1326 1370 1396 1379 1335 1339 1317 1315 1322 1329 1318 1331 1319 1324
549.989014 1320 1317 1325 1329 1371 1389 1389 1333 1324 1308 1324 1324 1320 1328 1319 1325 1317
550.026001 1316 1323 1330 1324 1360 1388 1384 1328 1334 1314 1324 1325 1320 1322 1315 1315 1316
550.062988 1319 1317 1326 1335 1358 1384 1375 1334 1324 1317 1313 1319 1326 1316 1318 1320 1319
550.101013 1321 1322 1320 1334 1367 1387 1377 1326 1325 1326 1318 1312 1322 1316 1320 1320 1312
550.138 1324 1321 1317 1332 1371 1391 1371 1334 1321 1322 1324 1313 1313 1314 1314 1315 1314
550.176025 1317 1322 1322 1336 1346 1397 1381 1339 1325 1321 1320 1310 1319 1316 1318 1320 1316
550.213013 1313 1324 1317 1330 1363 1384 1362 1331 1323 1327 1318 1315 1323 1315 1310 1313 1319
550.250977 1319 1321 1325 1328 1373 1380 1374 1322 1321 1312 1313 1319 1326 1317 1315 1310 1310
550.288025 1317 1320 1322 1319 1356 1381 1373 1330 1317 1316 1312 1321 1319 1308 1318 1316 1319
550.325989 1314 1323 1327 1316 1361 1402 1371 1333 1316 1325 1311 1314 1311 1322 1319 1313 1306
550.362976 1313 1318 1316 1335 1376 1398 1388 1330 1323 1327 1307 1324 1317 1310 1317 1317 1317
550.400024 1315 1321 1317 1329 1368 1391 1365 1338 1322 1316 1327 1319 1313 1318 1314 1319 1323
550.437988 1314 1319 1322 1328 1351 1384 1383 1330 1322 1318 1316 1316 1308 1316 1319 1327 1311
550.474976 1319 1314 1318 1324 1360 1386 1366 1326 1324 1314 1315 1315 1321 1313 1324 1322 1326
550.513 1322 1326 1321 1329 1374 1378 1364 1325 1322 1315 1302 1320 1321 1319 1314 1316 1311
550.549988 1310 1320 1321 1321 1369 1376 1368 1332 1316 1310 1313 1313 1316 1313 1316 1316 1311
550.588013 1324 1329 1321 1331 1365 1388 1371 1325 1319 1313 1310 1313 1305 1319 1318 1308 1311
550.625 1308 1321 1319 1322 1367 1395 1364 1321 1312 1318 1325 1313 1308 1320 1316 1312 1316
550.661987 1322 1323 1332 1326 1348 1386 1375 1323 1315 1319 1315 1312 1319 1314 1307 1313 1324
550.700012 1320 1323 1322 1323 1364 1382 1375 1333 1323 1315 1320 1325 1322 1320 1309 1311 1314
550.737 1317 1320 1314 1319 1352 1401 1376 1321 1330 1313 1309 1310 1319 1313 1312 1313 1315
550.775024 1313 1314 1322 1321 1368 1372 1362 1333 1317 1317 1315 1317 1319 1311 1315 1308 1320
550.812012 1321 1323 1322 1324 1369 1389 1371 1323 1324 1312 1310 1314 1316 1321 1318 1308 1312
550.849976 1314 1319 1309 1324 1365 1379 1361 1324 1319 1310 1311 1312 1309 1319 1311 1315 1323
550.887024 1318 1308 1316 1325 1360 1384 1375 1332 1319 1316 1310 1306 1315 1316 1314 1312 1308
550.924011 1316 1312 1311 1321 1360 1384 1373 1340 1317 1319 1313 1315 1309 1317 1312 1312 1307
550.961975 1316 1320 1316 1323 1363 1391 1361 1326 1318 1310 1310 1317 1316 1304 1314 1313 1310
550.999023 1311 1312 1320 1313 1363 1396 1372 1332 1325 1308 1316 1313 1311 1310 1309 1310 1314
551.036987 1315 1314 1317 1321 1355 1378 1365 1323 1317 1309 1320 1318 1315 1316 1316 1316 1311
551.073975 1312 1308 1321 1315 1364 1384 1373 1342 1321 1316 1313 1314 1316 1311 1314 1310 1315
551.112 1317 1320 1322 1324 1354 1371 1363 1331 1305 1310 1310 1313 1315 1312 1313 1308 1311
551.148987 1313 1315 1308 1332 1363 1382 1379 1327 1315 1317 1309 1313 1320 1317 1320 1309 1317
551.187012 1321 1312 1315 1317 1362 1379 1362 1330 1321 1316 1324 1322 1312 1309 1314 1312 1311
551.223999 1312 1318 1318 1322 1353 1391 1378 1336 1323 1323 1313 1317 1311 1326 1318 1307 1315
551.260986 1317 1319 1316 1321 1362 1408 1362 1330 1314 1311 1318 1323 1310 1305 1314 1315 1316
551.299011 1318 1316 1324 1315 1363 1380 1348 1324 1321 1320 1314 1313 1315 1312 1307 1305 1312
551.335999 1309 1311 1319 1323 1359 1380 1375 1323 1325 1313 1315 1312 1313 1309 1319 1312 1318
551.374023 1315 1323 1316 1328 1366 1379 1365 1326 1330 1313 1321 1308 1313 1323 1307 1311 1315
551.411011 1314 1326 1315 1323 1354 1385 1377 1325 1321 1318 1314 1315 1313 1312 1313 1316 1322
551.447998 1319 1316 1313 1318 1360 1372 1363 1326 1321 1320 1323 1314 1313 1313 1315 1315 1316
551.486023 1311 1315 1319 1324 1354 1397 1371 1321 1314 1320 1311 1310 1320 1315 1315 1323 1312
551.52301 1313 1306 1313 1319 1355 1390 1371 1324 1317 1310 1316 1320 1318 1313 1305 1312 1307
551.560974 1312 1320 1318 1324 1354 1390 1372 1327 1321 1315 1315 1311 1304 1316 1308 1315 1313
551.598022 1305 1310 1321 1315 1356 1392 1364 1335 1316 1311 1317 1310 1311 1319 1312 1312 1312
551.63501 1316 1311 1315 1324 1366 1388 1367 1321 1324 1312 1307 1315 1321 1321 1321 1316 1302
551.672974 1314 1322 1311 1315 1359 1389 1352 1324 1317 1315 1309 1309 1314 1313 1309 1309 1315
551.710022 1313 1321 1309 1315 1370 1368 1376 1327 1320 1312 1308 1317 1308 1315 1318 1311 1311
551.747986 1324 1316 1312 1329 1366 1385 1377 1323 1322 1314 1306 1317 1309 1319 1313 1312 1313
551.784973 1321 1314 1311 1318 1358 1392 1374 1324 1316 1319 1317 1311 1311 1309 1311 1322 1311
551.822998 1306 1315 1311 1315 1355 1384 1362 1329 1326 1310 1315 1316 1305 1308 1312 1313 1317
551.859985 1304 1322 1318 1333 1352 1382 1379 1316 1314 1313 1315 1303 1318 1313 1309 1313 1311
551.896973 1314 1317 1312 1319 1357 1384 1360 1327 1314 1312 1313 1315 1308 1315 1306 1307 1308
551.934998 1306 1309 1315 1315 1364 1395 1366 1330 1318 1316 1314 1316 1312 1308 1310 1311 1310
551.971985 1312 1308 1319 1322 1366 1395 1378 1330 1312 1315 1307 1310 1315 1307 1307 1314 1310
552.01001 1315 1310 1315 1320 1356 1382 1364 1322 1326 1315 1312 1312 1317 1312 1311 1310 1315
552.046997 1319 1307 1314 1316 1357 1388 1377 1323 1320 1306 1309 1324 1305 1318 1313 1307 1311
552.083984 1311 1307 1319 1325 1359 1386 1365 1322 1319 1320 1316 1316 1309 1313 1313 1314 1311
552.122009 1314 1325 1316 1314 1361 1394 1358 1324 1319 1322 1320 1318 1315 1315 1317 1313 1308
552.158997 1305 1320 1316 1327 1358 1386 1360 1325 1313 1311 1312 1312 1316 1315 1315 1316 1315
552.197021 1311 1316 1315 1323 1360 1394 1358 1331 1317 1312 1326 1310 1316 1311 1314 1312 1312
552.234009 1316 1315 1312 1317 1356 1380 1364 1328 1316 1318 1316 1310 1315 1311 1317 1317 1310
552.270996 1314 1317 1312 1317 1355 1387 1364 1339 1321 1308 1314 1301 1315 1310 1309 1308 1307
552.309021 1314 1318 1316 1316 1355 1390 1366 1327 1321 1310 1313 1311 1309 1311 1307 1308 1311
552.346008 1309 1314 1314 1320 1354 1377 1370 1327 1321 1312 1315 1313 1315 1313 1312 1316 1309
552.383972 1315 1319 1313 1310 1354 1387 1356 1328 1311 1321 1312 1311 1304 1309 1310 1312 1313
552.421021 1302 1320 1314 1329 1363 1396 1361 1322 1320 1319 1311 1318 1314 1313 1311 1306 1309
552.458008 1316 1319 1319 1320 1359 1373 1361 1328 1325 1312 1316 1302 1312 1312 1306 1310 1309
552.495972 1316 1317 1306 1323 1352 1391 1362 1330 1325 1320 1317 1316 1313 1317 1302 1314 1310
552.53302 1309 1316 1316 1318 1362 1378 1369 1318 1307 1312 1314 1308 1313 1310 1316 1314 1309
552.570984 1315 1316 1317 1319 1353 1381 1356 1315 1311 1308 1314 1303 1312 1300 1316 1312 1315
552.607971 1310 1317 1323 1315 1360 1384 1363 1325 1310 1311 1315 1314 1316 1319 1310 1313 1313
552.64502 1318 1312 1322 1323 1356 1380 1364 1322 1318 1315 1316 1316 1310 1313 1313 1309 1308
552.682983 1307 1307 1320 1311 1359 1386 1360 1326 1316 1312 1319 1313 1308 1305 1310 1304 1304
552.719971 1314 1326 1301 1317 1360 1386 1359 1328 1326 1320 1318 1316 1316 1316 1312 1304 1303
552.757996 1317 1309 1312 1314 1363 1382 1364 1323 1320 1315 1310 1305 1309 1308 1307 1309 1306
552.794983 1310 1319 1314 1321 1353 1387 1362 1325 1314 1308 1308 1310 1312 1309 1306 1311 1306
552.83197 1312 1312 1321 1312 1356 1374 1363 1321 1317 1312 1313 1312 1313 1308 1311 1303 1317
552.869995 1305 1307 1316 1317 1351 1381 1365 1319 1317 1307 1310 1317 1302 1321 1312 1316 1315
552.906982 1313 1323 1314 1316 1356 1391 1371 1323 1312 1313 1316 1311 1317 1312 1317 1311 1313
552.945007 1317 1320 1317 1321 1350 1385 1362 1331 1321 1312 1309 1309 1317 1319 1318 1308 1304
552.981995 1317 1323 1322 1308 1347 1384 1362 1332 1322 1312 1309 1312 1314 1304 1305 1310 1312
553.018982 1317 1313 1315 1324 1362 1389 1359 1326 1324 1319 1315 1310 1314 1320 1308 1314 1306
553.057007 1319 1311 1315 1324 1360 1386 1359 1330 1318 1319 1313 1319 1322 1313 1316 1310 1311
553.093994 1304 1314 1317 1326 1351 1378 1373 1322 1322 1313 1318 1312 1308 1311 1310 1315 1314
553.130981 1315 1318 1311 1316 1350 1373 1374 1321 1329 1318 1313 1317 1321 1309 1311 1319 1324
553.169006 1311 1318 1324 1314 1360 1376 1374 1322 1321 1317 1309 1311 1309 1310 1306 1313 1313
553.205994 1314 1321 1317 1323 1359 1398 1360 1322 1324 1315 1309 1317 1315 1314 1307 1308 1318
553.244019 1307 1325 1319 1316 1356 1394 1371 1324 1319 1314 1311 1311 1313 1308 1309 1312 1315
553.281006 1316 1310 1318 1322 1352 1389 1358 1331 1326 1310 1313 1312 1319 1314 1303 1317 1315
553.317993 1319 1314 1309 1327 1355 1389 1361 1323 1319 1315 1312 1314 1312 1307 1317 1316 1311
553.356018 1318 1313 1325 1325 1356 1368 1359 1318 1306 1314 1307 1302 1314 1313 1315 1312 1308
553.393005 1308 1315 1313 1318 1356 1390 1365 1323 1325 1313 1316 1312 1313 1319 1322 1312 1312
553.43103 1310 1319 1315 1324 1357 1374 1358 1326 1321 1318 1308 1313 1305 1308 1315 1308 1314
553.468018 1310 1326 1317 1322 1353 1373 1352 1333 1314 1325 1312 1314 1317 1310 1311 1320 1312
553.505005 1322 1317 1314 1322 1359 1372 1359 1325 1314 1313 1308 1313 1310 1316 1318 1308 1312
553.54303 1316 1314 1312 1321 1356 1380 1366 1329 1316 1320 1316 1309 1315 1319 1317 1313 1306
553.580017 1312 1313 1314 1316 1357 1385 1356 1329 1318 1320 1313 1311 1306 1318 1311 1310 1308
553.617004 1317 1317 1325 1321 1356 1376 1374 1333 1317 1308 1313 1322 1317 1307 1316 1310 1309
553.655029 1313 1321 1316 1318 1361 1380 1368 1327 1310 1307 1319 1313 1314 1317 1314 1315 1317
553.692017 1317 1311 1310 1322 1354 1386 1370 1329 1325 1310 1313 1313 1318 1308 1316 1308 1317
553.729004 1316 1320 1313 1316 1358 1382 1360 1328 1314 1318 1314 1313 1310 1312 1320 1311 1327
553.767029 1309 1317 1322 1323 1355 1389 1356 1330 1327 1313 1324 1320 1321 1313 1311 1302 1320
553.804016 1323 1322 1313 1329 1358 1389 1365 1332 1318 1319 1311 1317 1314 1315 1315 1315 1313
553.84198 1323 1320 1314 1324 1362 1385 1363 1331 1323 1315 1323 1314 1322 1317 1311 1315 1314
553.879028 1318 1316 1320 1323 1359 1385 1374 1331 1329 1319 1317 1320 1311 1312 1313 1313 1313
553.916016 1309 1323 1317 1326 1359 1389 1368 1321 1318 1319 1320 1318 1316 1317 1313 1312 1312
553.953979 1325 1317 1314 1315 1355 1379 1361 1339 1314 1316 1317 1322 1316 1323 1315 1311 1307
553.991028 1319 1320 1328 1321 1359 1390 1358 1330 1323 1326 1321 1309 1315 1312 1317 1311 1312
554.028015 1310 1318 1323 1313 1356 1400 1367 1331 1314 1334 1320 1323 1319 1315 1306 1310 1323
554.065979 1312 1319 1322 1328 1364 1376 1365 1329 1313 1315 1324 1312 1316 1305 1312 1311 1312
554.103027 1311 1317 1323 1320 1357 1379 1363 1328 1324 1325 1321 1308 1311 1311 1308 1306 1313
554.140991 1310 1316 1306 1323 1363 1388 1355 1318 1307 1318 1314 1305 1316 1313 1316 1315 1316
554.177979 1314 1307 1321 1324 1356 1385 1364 1320 1321 1311 1321 1319 1318 1316 1311 1308 1321
554.215027 1317 1309 1321 1318 1356 1377 1358 1322 1321 1319 1318 1310 1310 1316 1306 1318 1314
554.252991 1315 1316 1325 1319 1345 1378 1368 1333 1320 1314 1306 1309 1315 1316 1314 1306 1310
554.289978 1317 1313 1317 1325 1352 1377 1362 1325 1318 1313 1312 1316 1304 1316 1314 1314 1304
554.327026 1307 1314 1318 1323 1368 1382 1367 1323 1322 1331 1312 1308 1310 1314 1313 1306 1314
554.36499 1309 1307 1311 1322 1346 1385 1377 1318 1316 1310 1316 1308 1301 1309 1305 1302 1309
554.401978 1300 1315 1315 1316 1363 1386 1358 1332 1323 1317 1321 1306 1304 1309 1313 1309 1313
554.439026 1311 1319 1314 1319 1358 1377 1368 1332 1322 1327 1318 1315 1312 1311 1309 1311 1307
554.47699 1302 1321 1327 1322 1353 1385 1363 1331 1317 1317 1314 1313 1313 1314 1312 1314 1323
554.513977 1318 1320 1319 1314 1352 1385 1366 1324 1314 1313 1320 1321 1316 1312 1310 1318 1311
554.552002 1311 1325 1316 1322 1364 1391 1360 1320 1316 1314 1318 1317 1308 1317 1308 1317 1314
554.588989 1309 1326 1323 1320 1350 1384 1363 1324 1320 1317 1308 1319 1314 1318 1313 1308 1309
554.625977 1310 1321 1322 1325 1355 1384 1370 1323 1327 1308 1318 1321 1324 1313 1314 1305 1313
554.664001 1307 1319 1318 1322 1368 1375 1360 1338 1321 1315 1317 1319 1317 1317 1316 1309 1317
554.700989 1307 1317 1325 1316 1348 1392 1369 1335 1327 1314 1319 1320 1313 1320 1304 1318 1306
554.737976 1317 1316 1316 1327 1353 1382 1360 1331 1316 1322 1315 1311 1319 1323 1325 1320 1322
554.776001 1312 1320 1318 1324 1361 1379 1360 1330 1322 1316 1314 1311 1314 1318 1302 1324 1313
554.812988 1321 1322 1315 1325 1361 1391 1365 1338 1316 1315 1318 1321 1318 1310 1312 1311 1318
554.849976 1321 1318 1318 1322 1356 1373 1373 1326 1323 1315 1315 1313 1315 1321 1319 1314 1324
554.888 1310 1316 1311 1320 1350 1386 1364 1331 1321 1323 1310 1314 1318 1317 1310 1309 1312
554.924988 1308 1315 1320 1332 1354 1388 1361 1320 1314 1319 1314 1314 1322 1314 1311 1324 1306
554.961975 1308 1314 1318 1324 1362 1389 1374 1319 1322 1321 1312 1316 1307 1311 1315 1314 1317
555 1314 1314 1320 1326 1354 1387 1363 1323 1316 1307 1316 1311 1314 1319 1318 1312 1322
555.036987 1315 1324 1313 1334 1357 1390 1362 1329 1313 1305 1314 1310 1314 1321 1319 1320 1317
555.073975 1311 1318 1312 1330 1363 1384 1365 1328 1323 1313 1325 1314 1315 1318 1316 1316 1321
555.112 1313 1314 1319 1321 1362 1384 1373 1328 1316 1316 1317 1308 1325 1317 1316 1312 1311
555.148987 1313 1317 1315 1313 1349 1388 1364 1328 1322 1317 1319 1317 1325 1322 1307 1323 1312
555.185974 1312 1322 1316 1314 1360 1387 1371 1330 1327 1330 1327 1319 1311 1319 1319 1318 1312
555.223999 1319 1329 1321 1319 1364 1393 1368 1336 1319 1316 1314 1317 1318 1314 1320 1315 1317
555.260986 1318 1322 1321 1322 1357 1376 1366 1334 1321 1311 1316 1317 1314 1318 1314 1316 1319
555.297974 1321 1318 1306 1323 1354 1382 1379 1330 1325 1323 1323 1316 1315 1316 1323 1322 1321
555.335999 1317 1324 1319 1335 1379 1387 1372 1328 1320 1320 1311 1320 1318 1311 1312 1311 1325
555.372986 1320 1330 1319 1325 1368 1383 1365 1331 1320 1313 1323 1305 1308 1318 1324 1316 1317
555.409973 1312 1317 1318 1328 1375 1393 1357 1327 1326 1314 1305 1320 1317 1322 1318 1319 1322
555.447998 1317 1325 1327 1322 1357 1398 1359 1337 1315 1321 1324 1312 1317 1318 1310 1320 1317
555.484985 1308 1319 1322 1319 1358 1386 1372 1324 1315 1313 1315 1326 1321 1315 1309 1316 1326
555.521973 1314 1315 1321 1333 1354 1390 1367 1325 1320 1325 1321 1320 1315 1321 1321 1313 1323
555.559998 1314 1325 1314 1329 1367 1387 1368 1326 1322 1314 1327 1324 1316 1318 1316 1317 1324
555.596985 1321 1322 1316 1327 1356 1374 1361 1329 1326 1319 1320 1320 1320 1321 1312 1316 1315
555.633972 1324 1321 1331 1336 1357 1378 1371 1336 1321 1321 1322 1317 1321 1323 1325 1315 1319
555.671997 1322 1319 1321 1329 1367 1393 1368 1332 1318 1320 1312 1308 1321 1318 1318 1322 1321
555.708984 1317 1325 1325 1326 1361 1374 1367 1333 1322 1329 1317 1321 1315 1316 1317 1312 1321
555.745972 1326 1330 1320 1325 1359 1385 1362 1330 1323 1323 1323 1324 1321 1318 1317 1324 1318
555.783997 1317 1315 1323 1327 1357 1400 1372 1340 1323 1314 1318 1317 1323 1318 1320 1318 1312
555.820984 1319 1319 1323 1330 1367 1396 1382 1334 1326 1320 1320 1322 1315 1324 1318 1321 1314
555.857971 1320 1325 1328 1336 1367 1385 1378 1348 1330 1320 1318 1325 1327 1316 1320 1319 1317
555.895996 1324 1324 1323 1332 1366 1389 1365 1331 1324 1318 1318 1320 1326 1323 1316 1315 1321
555.932983 1317 1320 1324 1328 1368 1390 1365 1336 1321 1318 1328 1312 1321 1314 1323 1325 1322
555.969971 1317 1326 1332 1324 1362 1410 1383 1345 1334 1333 1326 1327 1323 1314 1330 1326 1331
556.007996 1319 1323 1329 1333 1360 1398 1367 1335 1334 1325 1322 1323 1330 1329 1320 1326 1325
556.044983 1331 1327 1329 1330 1365 1390 1375 1333 1336 1321 1332 1321 1326 1326 1321 1327 1319
556.08197 1331 1334 1335 1341 1382 1390 1384 1338 1339 1326 1319 1323 1330 1318 1324 1326 1320
556.119995 1327 1330 1322 1332 1368 1391 1379 1347 1337 1325 1328 1333 1324 1331 1335 1332 1331
556.156982 1330 1334 1339 1340 1380 1401 1388 1348 1333 1325 1324 1329 1330 1336 1315 1334 1328
556.19397 1331 1324 1321 1335 1367 1395 1377 1342 1339 1326 1337 1331 1334 1334 1332 1336 1338
556.231995 1334 1331 1339 1336 1377 1402 1381 1346 1346 1330 1332 1335 1326 1336 1341 1326 1325
556.268982 1334 1341 1349 1337 1373 1394 1378 1355 1343 1344 1340 1337 1333 1341 1338 1340 1326
556.30603 1342 1335 1345 1349 1377 1405 1391 1351 1336 1333 1331 1345 1342 1327 1334 1343 1328
556.343994 1347 1341 1345 1347 1372 1397 1386 1347 1342 1335 1325 1333 1346 1333 1335 1338 1338
556.380981 1337 1345 1343 1345 1388 1416 1384 1353 1346 1329 1338 1335 1331 1339 1330 1339 1325
556.41803 1337 1332 1349 1349 1366 1402 1383 1350 1346 1344 1340 1330 1330 1343 1337 1358 1335
556.455994 1348 1346 1336 1342 1388 1414 1389 1350 1343 1328 1348 1329 1341 1340 1339 1334 1334
556.492981 1345 1344 1347 1341 1387 1410 1390 1351 1338 1338 1341 1345 1337 1344 1347 1347 1344
556.530029 1342 1344 1355 1342 1382 1439 1396 1361 1352 1346 1342 1343 1333 1346 1355 1341 1343
556.567993 1353 1350 1343 1356 1385 1413 1402 1349 1348 1348 1354 1339 1339 1337 1342 1337 1331
556.60498 1351 1355 1350 1344 1381 1409 1391 1357 1355 1352 1350 1345 1347 1353 1343 1346 1343
556.642029 1347 1344 1356 1356 1380 1401 1377 1365 1363 1355 1344 1352 1352 1336 1339 1338 1341
556.679016 1351 1345 1356 1354 1388 1397 1392 1355 1346 1342 1350 1352 1341 1336 1353 1341 1345
556.71698 1349 1344 1348 1354 1380 1414 1383 1357 1352 1341 1354 1339 1348 1340 1345 1341 1340
556.754028 1329 1341 1338 1341 1382 1399 1386 1351 1344 1349 1337 1340 1336 1332 1340 1344 1341
556.791016 1329 1331 1340 1337 1370 1389 1374 1345 1336 1333 1341 1326 1331 1334 1326 1334 1344
556.828979 1330 1332 1339 1336 1373 1399 1389 1349 1339 1336 1323 1322 1333 1325 1327 1335 1323
556.866028 1322 1324 1334 1334 1368 1398 1370 1335 1334 1314 1324 1325 1325 1332 1325 1323 1328
556.903015 1324 1325 1322 1328 1370 1401 1373 1326 1320 1321 1319 1313 1321 1318 1311 1312 1314
556.940979 1314 1323 1315 1325 1361 1399 1371 1332 1319 1319 1320 1319 1324 1320 1317 1319 1312
556.978027 1320 1320 1317 1321 1354 1382 1372 1327 1328 1322 1311 1313 1318 1309 1315 1314 1314
557.015015 1310 1316 1320 1318 1365 1377 1360 1325 1320 1310 1314 1313 1311 1311 1310 1312 1319
557.052002 1314 1303 1309 1321 1348 1386 1357 1326 1318 1306 1305 1322 1310 1310 1314 1307 1313
557.090027 1308 1310 1313 1331 1356 1368 1352 1321 1314 1315 1311 1309 1307 1311 1310 1313 1315
557.127014 1308 1319 1311 1322 1347 1370 1359 1329 1319 1309 1311 1309 1313 1312 1312 1311 1308
557.164001 1311 1311 1319 1311 1351 1384 1363 1315 1319 1309 1317 1315 1318 1316 1302 1308 1309
557.202026 1309 1309 1315 1325 1360 1388 1352 1325 1315 1314 1307 1300 1305 1311 1312 1309 1309
557.239014 1310 1308 1312 1309 1365 1383 1364 1330 1312 1307 1319 1314 1306 1306 1307 1308 1311
557.276001 1308 1310 1313 1311 1337 1374 1365 1327 1313 1310 1313 1315 1317 1307 1308 1312 1309
557.314026 1311 1308 1313 1327 1352 1384 1365 1318 1313 1309 1307 1304 1303 1309 1311 1306 1305
557.351013 1308 1308 1323 1314 1355 1384 1351 1329 1320 1304 1307 1304 1307 1319 1316 1309 1308
557.388 1312 1310 1316 1317 1360 1370 1350 1316 1315 1312 1309 1308 1310 1309 1313 1305 1311
557.424988 1313 1306 1316 1316 1350 1378 1360 1317 1315 1315 1310 1310 1312 1308 1319 1309 1302
557.463013 1310 1308 1310 1315 1362 1372 1362 1319 1309 1317 1309 1312 1305 1305 1307 1314 1309
557.5 1305 1314 1317 1321 1331 1375 1360 1314 1311 1306 1310 1303 1305 1307 1309 1308 1308
557.536987 1318 1305 1305 1317 1346 1373 1367 1312 1313 1306 1305 1310 1307 1309 1318 1304 1304
557.575012 1312 1304 1311 1312 1349 1370 1351 1315 1309 1304 1302 1308 1311 1309 1302 1304 1311
557.612 1312 1311 1306 1314 1350 1372 1351 1317 1309 1300 1305 1297 1304 1312 1298 1306 1311
557.648987 1305 1307 1301 1318 1352 1380 1352 1313 1317 1310 1307 1316 1307 1306 1300 1301 1301
557.687012 1308 1311 1310 1322 1348 1369 1351 1320 1311 1315 1310 1303 1304 1305 1301 1302 1309
557.723999 1306 1305 1311 1310 1347 1366 1353 1323 1303 1309 1311 1307 1304 1312 1295 1291 1304
557.760986 1297 1307 1313 1315 1357 1381 1359 1323 1315 1302 1303 1302 1309 1308 1306 1312 1307
557.797974 1302 1310 1316 1321 1351 1376 1361 1322 1312 1308 1303 1303 1308 1304 1310 1298 1313
557.835999 1300 1309 1307 1313 1347 1379 1352 1310 1312 1309 1307 1304 1300 1303 1306 1298 1305
557.872986 1303 1309 1302 1325 1354 1367 1359 1319 1307 1307 1301 1312 1308 1304 1302 1310 1303
557.909973 1306 1310 1308 1316 1346 1376 1344 1324 1317 1304 1307 1302 1309 1298 1307 1295 1305
557.947998 1313 1310 1308 1322 1347 1365 1361 1314 1308 1311 1314 1298 1302 1295 1305 1309 1301
557.984985 1299 1295 1302 1317 1347 1380 1350 1325 1306 1301 1309 1302 1313 1311 1307 1311 1309
558.021973 1302 1308 1301 1316 1355 1375 1346 1323 1309 1301 1303 1299 1305 1303 1309 1316 1304
558.059021 1300 1310 1312 1308 1349 1373 1348 1323 1313 1306 1308 1305 1306 1308 1305 1303 1313
558.096985 1317 1304 1305 1311 1345 1372 1351 1317 1311 1304 1305 1303 1306 1302 1300 1302 1306
558.133972 1303 1307 1307 1309 1348 1361 1355 1311 1311 1302 1304 1301 1304 1300 1308 1304 1296
558.171021 1301 1292 1309 1312 1345 1365 1352 1316 1314 1312 1301 1304 1300 1297 1302 1302 1298
558.208008 1304 1309 1305 1314 1341 1370 1354 1311 1311 1309 1307 1308 1305 1307 1299 1300 1298
558.245972 1304 1306 1298 1315 1348 1360 1359 1313 1308 1310 1302 1305 1304 1305 1303 1307 1304
558.28302 1298 1304 1307 1320 1339 1376 1355 1322 1305 1306 1302 1299 1300 1303 1308 1301 1305
558.320007 1305 1306 1305 1313 1349 1365 1363 1314 1307 1302 1307 1297 1302 1295 1302 1296 1301
558.357971 1306 1307 1311 1305 1350 1372 1351 1314 1298 1307 1304 1299 1308 1304 1310 1307 1298
558.39502 1301 1312 1311 1311 1341 1365 1349 1321 1309 1305 1308 1298 1298 1300 1308 1295 1303
558.432007 1301 1300 1297 1313 1342 1373 1349 1307 1308 1305 1305 1293 1297 1304 1297 1308 1297
558.468994 1299 1303 1298 1309 1341 1366 1352 1318 1302 1302 1299 1300 1305 1296 1294 1305 1304
558.507019 1308 1307 1303 1306 1348 1369 1339 1312 1304 1305 1311 1298 1314 1305 1303 1297 1304
558.544006 1305 1304 1303 1306 1341 1363 1351 1316 1311 1307 1298 1305 1300 1299 1306 1302 1305
558.580994 1303 1305 1295 1306 1337 1360 1351 1316 1297 1298 1303 1300 1297 1303 1302 1299 1305
558.619019 1305 1306 1304 1316 1342 1358 1343 1314 1307 1309 1304 1304 1305 1297 1313 1300 1299
558.656006 1309 1304 1300 1305 1337 1369 1357 1319 1310 1301 1303 1298 1300 1303 1307 1307 1302
558.692993 1302 1310 1312 1302 1339 1368 1342 1309 1299 1304 1304 1299 1302 1306 1304 1301 1296
558.72998 1301 1314 1300 1306 1349 1357 1352 1313 1300 1306 1300 1297 1303 1301 1307 1309 1293
558.768005 1302 1295 1301 1305 1348 1365 1350 1311 1301 1309 1299 1303 1301 1305 1300 1295 1304
558.804993 1301 1302 1304 1305 1346 1370 1347 1311 1300 1303 1297 1295 1304 1299 1308 1297 1308
558.84198 1302 1302 1304 1309 1340 1367 1352 1303 1309 1299 1295 1295 1299 1298 1304 1292 1301
558.879028 1299 1301 1310 1308 1344 1363 1344 1305 1310 1300 1300 1298 1300 1292 1298 1296 1296
558.916992 1295 1301 1297 1307 1334 1366 1359 1306 1306 1297 1298 1299 1306 1298 1308 1299 1302
558.953979 1304 1303 1303 1312 1339 1373 1337 1306 1299 1293 1295 1305 1304 1300 1301 1302 1295
558.991028 1308 1303 1297 1312 1337 1365 1343 1314 1299 1304 1299 1299 1304 1300 1303 1294 1296
559.028015 1303 1304 1298 1301 1346 1356 1343 1305 1305 1298 1301 1304 1295 1300 1308 1298 1298
559.065979 1297 1298 1296 1300 1342 1359 1348 1304 1299 1300 1303 1297 1305 1302 1299 1299 1300
559.103027 1296 1304 1301 1304 1326 1379 1335 1313 1299 1305 1302 1296 1306 1292 1297 1302 1298
559.140015 1293 1291 1307 1301 1340 1367 1346 1316 1302 1305 1303 1296 1294 1299 1294 1296 1294
559.177002 1293 1297 1303 1311 1345 1362 1350 1310 1300 1296 1297 1299 1301 1302 1305 1294 1302
559.215027 1300 1292 1297 1309 1334 1364 1343 1308 1300 1308 1303 1294 1295 1298 1293 1297 1298
559.252014 1291 1301 1297 1301 1342 1362 1339 1312 1306 1306 1292 1292 1296 1297 1292 1295 1291
559.289001 1304 1300 1297 1305 1338 1361 1345 1304 1302 1295 1296 1297 1297 1290 1298 1298 1304
559.325989 1298 1302 1295 1301 1336 1355 1339 1313 1295 1296 1300 1301 1291 1286 1290 1302 1304
559.364014 1293 1301 1307 1294 1343 1359 1350 1304 1300 1303 1293 1293 1295 1300 1291 1294 1291
559.401001 1297 1299 1306 1301 1339 1363 1345 1305 1296 1296 1294 1295 1295 1294 1292 1298 1292
559.437988 1296 1297 1297 1305 1328 1360 1342 1305 1294 1295 1298 1299 1297 1297 1294 1291 1295
559.474976 1294 1300 1300 1300 1340 1351 1342 1312 1299 1300 1300 1291 1292 1303 1289 1295 1298
559.513 1294 1299 1293 1303 1328 1368 1344 1313 1298 1301 1294 1294 1301 1296 1303 1301 1295
559.549988 1298 1287 1298 1302 1338 1360 1346 1307 1300 1292 1292 1295 1295 1291 1295 1289 1302
559.586975 1294 1303 1299 1302 1328 1365 1344 1305 1299 1302 1297 1288 1297 1295 1296 1298 1296
559.624023 1297 1300 1298 1298 1333 1355 1342 1304 1304 1306 1293 1296 1297 1291 1302 1294 1290
559.661987 1286 1297 1302 1308 1339 1363 1337 1311 1295 1298 1291 1292 1296 1298 1293 1289 1291
559.698975 1306 1299 1298 1300 1346 1355 1346 1305 1297 1298 1290 1299 1295 1286 1296 1304 1294
559.736023 1296 1300 1298 1304 1343 1358 1339 1310 1295 1300 1298 1293 1293 1297 1290 1294 1295
559.77301 1299 1301 1296 1297 1338 1356 1344 1306 1302 1303 1297 1292 1292 1297 1297 1296 1293
559.810974 1297 1294 1295 1297 1339 1353 1343 1303 1299 1298 1297 1290 1289 1292 1296 1290 1295
559.848022 1290 1293 1297 1304 1327 1354 1345 1302 1297 1301 1297 1298 1291 1293 1293 1299 1296
559.88501 1296 1294 1305 1302 1332 1352 1341 1302 1291 1294 1298 1299 1295 1292 1296 1299 1302
559.921997 1296 1297 1298 1304 1335 1357 1341 1308 1298 1295 1296 1296 1300 1292 1296 1296 1297
559.960022 1296 1294 1296 1301 1329 1355 1336 1308 1293 1297 1300 1295 1293 1297 1293 1293 1292
559.997009 1301 1307 1290 1302 1337 1355 1345 1314 1304 1299 1299 1292 1290 1290 1297 1292 1292
560.033997 1293 1297 1293 1311 1333 1354 1347 1305 1292 1293 1292 1296 1292 1290 1294 1296 1292
560.070984 1295 1293 1291 1301 1334 1367 1333 1307 1293 1296 1297 1296 1295 1287 1296 1293 1293
560.109009 1292 1290 1299 1301 1324 1367 1331 1297 1295 1293 1291 1288 1290 1290 1291 1294 1293
560.145996 1292 1296 1294 1311 1337 1354 1340 1303 1296 1288 1290 1294 1292 1298 1294 1289 1293
560.182983 1296 1294 1303 1298 1330 1352 1341 1299 1299 1290 1292 1297 1291 1292 1283 1293 1289
560.219971 1297 1297 1301 1302 1336 1357 1329 1303 1300 1291 1295 1290 1296 1290 1297 1294 1289
560.257996 1291 1297 1292 1302 1332 1349 1333 1305 1288 1295 1300 1300 1293 1293 1291 1293 1299
560.294983 1296 1301 1294 1296 1331 1356 1336 1307 1300 1299 1294 1286 1300 1292 1294 1292 1293
560.33197 1288 1302 1288 1301 1334 1349 1337 1304 1305 1294 1301 1294 1293 1295 1290 1290 1291
560.369019 1293 1303 1293 1298 1329 1358 1343 1301 1301 1294 1297 1297 1298 1290 1290 1293 1296
560.406006 1292 1294 1292 1300 1334 1355 1338 1298 1292 1294 1293 1291 1291 1293 1294 1293 1289
560.44397 1295 1296 1301 1302 1329 1356 1340 1305 1294 1300 1297 1291 1293 1289 1283 1290 1294
560.481018 1293 1295 1295 1298 1330 1366 1337 1305 1297 1292 1294 1289 1292 1291 1291 1292 1292
560.518005 1293 1294 1295 1301 1337 1349 1339 1309 1296 1294 1304 1295 1298 1296 1298 1296 1296
560.554993 1297 1293 1297 1298 1331 1362 1337 1309 1298 1292 1294 1296 1299 1292 1289 1290 1287
560.593018 1294 1295 1305 1304 1338 1351 1343 1306 1294 1296 1301 1289 1299 1292 1290 1294 1293
560.630005 1292 1296 1306 1297 1319 1359 1339 1302 1294 1303 1294 1291 1291 1292 1294 1290 1297
560.666992 1293 1290 1299 1300 1330 1365 1333 1306 1302 1297 1286 1295 1292 1297 1292 1295 1290
560.703979 1295 1298 1296 1307 1329 1354 1342 1309 1302 1297 1295 1292 1296 1294 1290 1294 1294
560.742004 1299 1292 1301 1294 1332 1353 1337 1304 1296 1291 1290 1291 1296 1296 1292 1295 1299
560.778992 1293 1298 1302 1298 1334 1362 1340 1308 1295 1293 1297 1294 1292 1292 1290 1298 1288
560.815979 1292 1295 1295 1301 1336 1366 1327 1305 1298 1296 1289 1296 1302 1294 1291 1287 1294
560.853027 1296 1297 1296 1295 1344 1353 1332 1303 1288 1302 1298 1298 1296 1294 1288 1290 1293
560.890015 1286 1292 1295 1300 1330 1353 1339 1306 1302 1294 1292 1297 1290 1296 1296 1290 1297
560.927979 1292 1299 1295 1303 1328 1365 1333 1297 1306 1297 1284 1294 1299 1294 1295 1296 1284
560.965027 1298 1301 1296 1296 1333 1346 1345 1302 1297 1299 1295 1299 1298 1291 1297 1289 1292
561.002014 1299 1293 1296 1303 1336 1361 1328 1301 1296 1298 1296 1292 1298 1292 1289 1294 1294
561.039001 1292 1298 1301 1302 1331 1349 1345 1308 1297 1297 1294 1297 1292 1295 1294 1294 1298
561.075989 1296 1297 1293 1302 1324 1357 1328 1300 1297 1296 1294 1295 1302 1293 1296 1298 1295
561.114014 1296 1294 1295 1302 1336 1360 1331 1306 1301 1288 1294 1295 1296 1288 1292 1295 1298
561.151001 1288 1303 1293 1301 1324 1363 1337 1309 1297 1296 1292 1291 1290 1282 1299 1295 1292
561.187988 1300 1294 1304 1307 1325 1355 1340 1292 1302 1291 1293 1297 1288 1296 1292 1288 1295
561.224976 1294 1293 1298 1301 1336 1346 1337 1302 1296 1294 1291 1298 1295 1295 1292 1287 1292
561.263 1294 1296 1293 1305 1331 1353 1331 1299 1296 1298 1292 1294 1289 1302 1293 1288 1290
561.299988 1293 1296 1295 1298 1327 1355 1334 1308 1293 1292 1289 1290 1295 1293 1291 1299 1293
561.336975 1293 1293 1299 1302 1331 1358 1334 1309 1301 1295 1297 1297 1296 1294 1294 1289 1286
561.374023 1284 1294 1295 1299 1332 1369 1340 1306 1301 1287 1295 1289 1290 1292 1292 1290 1292
561.411011 1291 1290 1299 1306 1319 1357 1333 1307 1301 1289 1294 1299 1288 1289 1296 1291 1296
561.448975 1302 1296 1304 1299 1326 1338 1338 1312 1296 1302 1296 1293 1294 1295 1288 1296 1286
561.486023 1294 1291 1297 1297 1334 1364 1340 1309 1300 1287 1292 1290 1295 1295 1286 1294 1297
561.52301 1296 1292 1295 1307 1327 1349 1342 1305 1293 1302 1295 1292 1293 1299 1293 1288 1290
561.559998 1295 1294 1291 1303 1344 1350 1347 1305 1292 1295 1294 1296 1291 1294 1295 1296 1292
561.596985 1296 1290 1291 1299 1325 1350 1335 1301 1295 1294 1293 1289 1295 1293 1290 1287 1291
561.63501 1302 1293 1293 1294 1335 1362 1335 1301 1297 1295 1290 1292 1298 1293 1293 1288 1294
561.671997 1293 1293 1298 1296 1331 1353 1342 1300 1295 1297 1288 1291 1291 1296 1291 1290 1289
561.708984 1300 1289 1289 1303 1331 1355 1335 1297 1302 1294 1296 1297 1288 1295 1297 1292 1297
561.745972 1295 1301 1288 1298 1331 1354 1331 1304 1287 1296 1287 1289 1298 1291 1294 1287 1296
561.78302 1298 1293 1303 1291 1329 1358 1349 1304 1300 1290 1291 1293 1290 1294 1280 1295 1299
561.820984 1294 1298 1296 1296 1335 1348 1337 1304 1299 1291 1293 1292 1297 1286 1296 1285 1294
561.857971 1293 1289 1298 1293 1324 1354 1340 1305 1296 1287 1291 1287 1291 1287 1291 1288 1296
561.89502 1300 1285 1297 1301 1333 1359 1332 1299 1293 1297 1297 1292 1286 1291 1289 1288 1293
561.932007 1291 1290 1297 1300 1321 1343 1330 1307 1304 1297 1292 1292 1300 1289 1294 1296 1286
561.968994 1290 1299 1300 1295 1323 1367 1337 1301 1296 1296 1289 1294 1295 1287 1298 1287 1292
562.007019 1293 1291 1294 1298 1324 1356 1324 1293 1287 1291 1289 1289 1296 1289 1289 1291 1301
562.044006 1289 1293 1296 1298 1321 1355 1334 1300 1301 1293 1299 1290 1292 1288 1288 1294 1286
562.080994 1285 1295 1291 1296 1326 1355 1326 1302 1298 1295 1291 1285 1290 1292 1293 1293 1291
562.117981 1292 1289 1299 1303 1332 1347 1329 1300 1297 1295 1298 1289 1293 1283 1287 1286 1293
562.155029 1291 1292 1293 1294 1323 1352 1325 1301 1288 1292 1289 1279 1296 1288 1289 1286 1296
562.192993 1282 1287 1292 1298 1326 1353 1332 1299 1291 1290 1291 1294 1292 1292 1289 1291 1291
562.22998 1291 1290 1288 1299 1325 1349 1329 1304 1292 1296 1285 1291 1285 1290 1294 1287 1291
562.267029 1294 1300 1292 1295 1329 1357 1332 1299 1292 1283 1288 1290 1299 1290 1290 1285 1296
562.304016 1294 1295 1293 1300 1325 1354 1326 1313 1291 1296 1295 1293 1293 1287 1288 1289 1290
562.341003 1295 1298 1289 1296 1331 1355 1344 1302 1295 1291 1292 1288 1286 1288 1290 1291 1287
562.377991 1294 1290 1291 1306 1323 1349 1343 1298 1298 1289 1286 1291 1291 1289 1294 1287 1290
562.416016 1290 1290 1296 1292 1317 1355 1329 1305 1296 1289 1282 1291 1291 1291 1288 1289 1284
562.453003 1287 1291 1288 1293 1330 1353 1333 1294 1292 1294 1290 1291 1296 1289 1293 1296 1291
562.48999 1292 1294 1290 1292 1319 1351 1336 1304 1293 1293 1292 1286 1286 1292 1291 1290 1284
562.526978 1293 1292 1294 1294 1324 1353 1325 1292 1296 1292 1293 1293 1294 1284 1287 1291 1293
562.564026 1289 1289 1290 1295 1322 1356 1336 1307 1293 1288 1291 1287 1287 1291 1284 1288 1292
562.60199 1292 1291 1295 1295 1320 1355 1335 1303 1301 1294 1288 1288 1293 1291 1292 1290 1283
562.638977 1290 1292 1294 1293 1335 1348 1335 1302 1300 1285 1293 1290 1291 1287 1297 1286 1290
562.676025 1293 1286 1292 1299 1321 1351 1327 1300 1298 1291 1287 1289 1288 1295 1285 1290 1293
562.713013 1284 1291 1293 1296 1321 1347 1331 1303 1294 1287 1291 1295 1290 1290 1293 1291 1288
562.75 1296 1294 1297 1295 1327 1343 1329 1303 1287 1295 1288 1287 1288 1284 1287 1291 1287
562.786987 1287 1287 1301 1295 1316 1352 1337 1296 1291 1286 1291 1293 1286 1289 1293 1289 1297
562.825012 1293 1295 1296 1290 1320 1353 1337 1300 1295 1288 1288 1281 1291 1290 1284 1293 1293
562.862 1290 1290 1295 1295 1318 1346 1331 1299 1292 1291 1289 1288 1288 1293 1291 1290 1284
562.898987 1286 1290 1290 1299 1328 1347 1332 1302 1292 1291 1285 1289 1291 1285 1293 1292 1301
562.935974 1289 1287 1291 1300 1328 1358 1325 1300 1289 1290 1286 1284 1291 1289 1290 1287 1293
562.973022 1290 1289 1292 1295 1323 1349 1336 1302 1290 1296 1281 1287 1285 1294 1286 1284 1291
563.01001 1292 1292 1294 1294 1325 1349 1334 1299 1295 1288 1290 1292 1290 1296 1284 1289 1289
563.047974 1291 1296 1288 1292 1328 1354 1324 1305 1294 1291 1296 1290 1286 1293 1287 1289 1288
563.085022 1294 1292 1293 1290 1323 1348 1336 1303 1292 1292 1294 1291 1281 1286 1288 1288 1287
563.122009 1292 1282 1293 1297 1336 1341 1335 1295 1291 1292 1289 1285 1282 1293 1282 1299 1294
563.158997 1288 1291 1293 1295 1332 1343 1329 1297 1294 1293 1287 1282 1297 1286 1285 1292 1286
563.195984 1287 1289 1293 1296 1328 1357 1330 1295 1295 1290 1287 1287 1291 1289 1289 1287 1286
563.234009 1291 1290 1299 1293 1322 1349 1337 1295 1289 1289 1287 1294 1292 1288 1287 1285 1289
563.270996 1287 1293 1295 1290 1321 1345 1330 1297 1296 1289 1291 1293 1289 1290 1290 1283 1291
563.307983 1292 1286 1286 1294 1325 1349 1333 1302 1290 1292 1288 1292 1290 1283 1291 1281 1285
563.344971 1287 1289 1291 1296 1329 1352 1328 1300 1289 1295 1287 1292 1295 1291 1292 1290 1285
563.382019 1300 1293 1285 1294 1326 1344 1326 1295 1289 1294 1288 1286 1288 1289 1289 1284 1289
563.419006 1294 1293 1294 1298 1325 1348 1330 1304 1289 1292 1287 1285 1286 1288 1291 1291 1293
563.455994 1288 1287 1290 1303 1322 1346 1325 1292 1294 1297 1287 1286 1294 1287 1289 1287 1285
563.494019 1283 1290 1291 1292 1332 1351 1337 1296 1291 1296 1292 1287 1286 1287 1287 1287 1285
563.531006 1286 1289 1291 1296 1322 1354 1327 1301 1294 1287 1290 1285 1286 1284 1285 1288 1292
563.567993 1282 1295 1292 1294 1326 1345 1335 1295 1294 1286 1289 1293 1289 1282 1290 1288 1292
563.60498 1288 1293 1298 1290 1335 1346 1337 1301 1287 1290 1288 1289 1291 1293 1289 1292 1289
563.642029 1290 1292 1287 1292 1329 1337 1332 1305 1292 1285 1293 1286 1290 1295 1280 1287 1293
563.679016 1290 1291 1292 1290 1330 1358 1332 1298 1285 1288 1288 1287 1286 1291 1297 1289 1287
563.71698 1287 1293 1293 1290 1321 1343 1335 1303 1292 1292 1289 1286 1292 1289 1289 1287 1286
563.754028 1285 1291 1289 1297 1331 1357 1323 1292 1289 1290 1291 1290 1291 1283 1296 1292 1288
563.791016 1292 1294 1293 1293 1319 1356 1329 1303 1291 1290 1288 1296 1287 1287 1289 1287 1288
563.828003 1293 1287 1291 1303 1325 1356 1328 1303 1291 1287 1292 1286 1293 1289 1287 1284 1287
563.86499 1291 1289 1286 1297 1325 1350 1325 1296 1292 1292 1290 1289 1295 1285 1286 1289 1284
563.901978 1283 1288 1287 1302 1319 1342 1322 1295 1294 1286 1289 1295 1290 1285 1287 1286 1287
563.940002 1288 1290 1293 1296 1315 1352 1337 1298 1291 1286 1290 1292 1293 1289 1288 1283 1289
563.97699 1293 1287 1290 1296 1316 1349 1329 1305 1292 1289 1291 1288 1289 1286 1291 1288 1278
564.013977 1295 1285 1288 1292 1315 1340 1327 1294 1291 1290 1289 1287 1290 1288 1289 1287 1288
564.051025 1284 1289 1297 1292 1316 1345 1334 1293 1292 1285 1289 1286 1288 1292 1284 1289 1289
564.088013 1289 1295 1292 1297 1328 1353 1331 1298 1285 1288 1289 1290 1282 1293 1291 1289 1286
564.125 1292 1291 1294 1297 1317 1348 1328 1299 1289 1281 1294 1288 1294 1292 1290 1290 1287
564.161987 1291 1288 1290 1291 1334 1342 1319 1296 1287 1289 1284 1286 1284 1290 1287 1291 1288
564.200012 1292 1289 1289 1289 1320 1345 1326 1306 1291 1288 1289 1291 1289 1286 1288 1289 1291
564.237 1288 1292 1288 1294 1327 1348 1334 1300 1291 1289 1289 1292 1291 1283 1285 1291 1287
564.273987 1288 1295 1291 1296 1321 1352 1334 1295 1293 1289 1284 1293 1293 1291 1287 1285 1289
564.310974 1290 1292 1288 1297 1320 1353 1323 1299 1286 1295 1288 1292 1286 1294 1283 1284 1286
564.348022 1289 1293 1293 1293 1314 1343 1330 1290 1289 1279 1282 1287 1289 1285 1283 1285 1290
564.38501 1285 1290 1285 1292 1332 1350 1324 1297 1288 1290 1287 1288 1288 1285 1287 1286 1284
564.421997 1288 1280 1287 1290 1320 1353 1335 1298 1291 1291 1294 1289 1294 1287 1283 1294 1286
564.460022 1290 1286 1287 1297 1336 1342 1331 1303 1287 1285 1288 1286 1288 1285 1285 1287 1286
564.497009 1286 1281 1281 1304 1325 1346 1333 1300 1295 1291 1289 1288 1282 1289 1292 1287 1294
564.533997 1284 1288 1288 1290 1313 1347 1339 1297 1290 1285 1286 1286 1287 1288 1286 1284 1286
564.570984 1287 1288 1295 1296 1322 1346 1334 1296 1292 1288 1282 1288 1284 1285 1288 1288 1289
564.607971 1288 1288 1287 1290 1325 1343 1319 1301 1288 1290 1284 1290 1289 1288 1285 1289 1284
564.64502 1282 1293 1287 1298 1316 1346 1334 1299 1291 1292 1285 1290 1290 1285 1287 1289 1288
564.682007 1291 1291 1291 1285 1327 1342 1331 1303 1291 1292 1285 1287 1288 1281 1289 1290 1289
564.718994 1283 1287 1293 1291 1328 1341 1328 1296 1288 1290 1291 1291 1291 1287 1290 1287 1284
564.757019 1292 1282 1291 1294 1321 1350 1320 1302 1288 1290 1288 1290 1284 1287 1285 1285 1285
564.794006 1284 1294 1289 1299 1331 1347 1327 1298 1290 1290 1286 1289 1282 1288 1289 1291 1284
564.830994 1288 1290 1296 1294 1328 1344 1323 1308 1286 1284 1290 1283 1292 1288 1287 1291 1292
564.867981 1292 1296 1293 1296 1320 1342 1337 1299 1291 1290 1288 1288 1286 1291 1280 1282 1289
564.905029 1288 1290 1287 1296 1326 1347 1332 1304 1287 1286 1283 1291 1288 1284 1289 1285 1285
564.942017 1291 1294 1285 1292 1328 1349 1321 1298 1286 1289 1289 1285 1289 1284 1283 1292 1289
564.979004 1286 1291 1291 1298 1314 1357 1330 1299 1296 1289 1287 1296 1293 1280 1288 1284 1289
565.015991 1289 1290 1289 1290 1320 1349 1325 1298 1291 1286 1288 1285 1289 1293 1293 1286 1290
565.054016 1289 1283 1291 1290 1321 1333 1331 1294 1292 1294 1291 1287 1290 1284 1291 1290 1291
565.091003 1288 1291 1289 1291 1321 1333 1314 1285 1291 1287 1284 1290 1282 1283 1288 1288 1285
565.127991 1290 1285 1290 1288 1320 1345 1322 1304 1290 1285 1281 1293 1287 1294 1286 1289 1290
565.164978 1290 1294 1292 1292 1318 1345 1323 1298 1285 1290 1291 1289 1286 1281 1285 1283 1283
565.202026 1291 1291 1286 1294 1324 1338 1330 1298 1289 1293 1290 1290 1289 1295 1289 1289 1280
565.239014 1292 1294 1290 1294 1323 1352 1317 1301 1295 1285 1291 1287 1281 1288 1287 1290 1294
565.276001 1292 1289 1294 1294 1310 1347 1341 1299 1289 1284 1289 1286 1286 1283 1291 1281 1283
565.312988 1284 1284 1286 1295 1329 1345 1328 1292 1289 1289 1287 1290 1285 1289 1283 1287 1282
565.351013 1282 1289 1291 1291 1326 1348 1329 1295 1290 1293 1287 1295 1286 1287 1287 1286 1289
565.388 1291 1287 1285 1287 1324 1342 1334 1299 1287 1283 1282 1286 1292 1289 1292 1284 1286
565.424988 1294 1294 1289 1288 1326 1353 1326 1296 1300 1288 1290 1288 1288 1287 1280 1288 1284
565.461975 1284 1286 1290 1293 1321 1345 1334 1296 1291 1284 1288 1291 1287 1282 1284 1286 1291
565.499023 1284 1291 1289 1297 1319 1339 1327 1294 1291 1284 1284 1285 1284 1294 1283 1288 1283
565.536011 1290 1290 1288 1294 1319 1345 1331 1296 1289 1289 1286 1287 1283 1282 1286 1280 1286
565.572998 1292 1285 1289 1295 1320 1343 1330 1301 1291 1287 1286 1280 1287 1285 1286 1285 1290
565.609985 1285 1289 1288 1299 1319 1353 1326 1297 1292 1290 1291 1286 1287 1284 1286 1280 1285
565.64801 1291 1291 1284 1295 1318 1324 1329 1292 1292 1283 1286 1283 1284 1289 1286 1281 1280
565.684998 1290 1288 1289 1294 1318 1343 1326 1296 1290 1289 1284 1291 1284 1288 1293 1286 1282
565.721985 1280 1287 1288 1291 1324 1357 1334 1285 1292 1284 1291 1285 1294 1296 1280 1284 1284
565.758972 1291 1282 1292 1292 1318 1347 1333 1300 1289 1287 1295 1286 1284 1294 1280 1284 1284
565.796021 1287 1284 1292 1295 1323 1337 1325 1298 1293 1285 1284 1285 1285 1282 1293 1287 1284
565.833008 1293 1286 1295 1288 1330 1354 1324 1300 1290 1283 1287 1284 1282 1286 1287 1290 1292
565.869995 1283 1285 1290 1291 1317 1344 1326 1292 1286 1284 1286 1282 1286 1291 1287 1289 1282
565.906982 1290 1293 1289 1277 1318 1336 1321 1295 1292 1296 1290 1287 1291 1288 1289 1286 1286
565.94397 1285 1295 1288 1299 1313 1340 1323 1292 1292 1283 1289 1294 1287 1284 1285 1288 1284
565.981018 1291 1287 1292 1296 1327 1344 1327 1292 1289 1288 1284 1284 1284 1287 1287 1291 1285
566.018982 1283 1288 1298 1287 1322 1340 1323 1296 1290 1287 1280 1283 1289 1287 1286 1282 1285
566.05603 1285 1283 1288 1290 1315 1343 1329 1294 1287 1287 1286 1284 1282 1284 1288 1287 1284
566.093018 1289 1286 1294 1296 1326 1346 1322 1300 1289 1288 1287 1286 1291 1286 1289 1286 1283
566.130005 1296 1288 1292 1291 1325 1342 1322 1289 1288 1287 1285 1286 1284 1282 1291 1286 1285
566.166992 1290 1288 1286 1290 1317 1336 1322 1294 1289 1292 1283 1288 1279 1289 1286 1285 1285
566.203979 1290 1293 1284 1293 1321 1350 1315 1301 1289 1286 1283 1288 1287 1286 1282 1285 1289
566.241028 1289 1288 1293 1299 1315 1339 1334 1296 1286 1283 1291 1290 1289 1283 1285 1288 1281
566.278015 1286 1291 1288 1297 1324 1342 1319 1293 1288 1283 1284 1287 1284 1295 1291 1289 1285
566.315002 1285 1287 1288 1288 1318 1343 1332 1297 1286 1289 1288 1288 1283 1283 1289 1286 1292
566.35199 1283 1280 1295 1284 1322 1342 1326 1298 1294 1291 1289 1288 1289 1288 1287 1287 1288
566.390015 1291 1284 1291 1290 1319 1347 1320 1292 1294 1288 1280 1290 1289 1281 1289 1290 1284
566.427002 1294 1284 1286 1297 1331 1351 1322 1296 1292 1287 1285 1292 1287 1288 1284 1291 1281
566.463989 1285 1285 1283 1294 1327 1344 1325 1296 1289 1286 1286 1285 1291 1288 1283 1288 1282
566.500977 1289 1293 1290 1290 1323 1343 1326 1301 1292 1292 1290 1290 1289 1283 1288 1283 1282
566.538025 1287 1291 1284 1287 1322 1342 1335 1295 1287 1289 1290 1289 1286 1289 1286 1283 1286
566.575012 1288 1286 1285 1287 1325 1339 1335 1297 1292 1290 1288 1289 1289 1288 1282 1283 1289
566.612 1286 1287 1284 1291 1321 1337 1329 1292 1288 1288 1289 1286 1283 1290 1283 1289 1293
566.648987 1286 1295 1282 1291 1323 1336 1321 1298 1289 1285 1296 1295 1284 1283 1285 1288 1282
566.685974 1295 1285 1291 1294 1321 1336 1314 1297 1288 1286 1291 1282 1284 1290 1288 1291 1284
566.723022 1283 1287 1290 1292 1314 1334 1325 1294 1286 1287 1282 1285 1286 1291 1286 1288 1288
566.76001 1290 1282 1285 1294 1330 1352 1326 1296 1292 1283 1291 1286 1292 1286 1280 1290 1282
566.796997 1288 1283 1295 1294 1321 1338 1330 1295 1291 1290 1286 1287 1287 1288 1289 1285 1283
566.835022 1283 1288 1288 1294 1322 1345 1331 1303 1290 1288 1288 1283 1282 1287 1280 1288 1294
566.872009 1289 1286 1284 1291 1314 1336 1321 1297 1292 1288 1294 1287 1286 1287 1289 1288 1282
566.908997 1285 1286 1288 1294 1319 1347 1329 1301 1288 1290 1283 1290 1287 1286 1284 1287 1280
566.945984 1286 1293 1293 1297 1325 1328 1328 1295 1292 1290 1289 1287 1284 1283 1290 1287 1287
566.982971 1289 1288 1291 1288 1325 1340 1320 1297 1290 1292 1290 1285 1292 1282 1284 1287 1290
567.02002 1286 1292 1293 1297 1323 1338 1323 1300 1290 1285 1283 1281 1288 1286 1279 1295 1289
567.057007 1291 1287 1285 1292 1325 1335 1325 1297 1295 1290 1283 1282 1289 1291 1288 1291 1287
567.093994 1286 1284 1285 1298 1322 1346 1333 1301 1292 1295 1287 1281 1287 1291 1283 1285 1289
567.130981 1287 1280 1292 1290 1323 1345 1323 1293 1290 1293 1288 1291 1285 1285 1288 1292 1289
567.16803 1289 1288 1292 1293 1321 1341 1322 1291 1286 1292 1290 1292 1290 1282 1286 1281 1286
567.205017 1297 1283 1291 1286 1324 1338 1324 1297 1291 1285 1288 1298 1288 1286 1285 1292 1293
567.242004 1287 1293 1288 1299 1327 1346 1337 1292 1292 1286 1287 1289 1287 1291 1286 1279 1290
567.278992 1291 1297 1284 1298 1323 1340 1327 1300 1299 1291 1282 1284 1296 1284 1287 1285 1292
567.317017 1294 1288 1295 1298 1322 1351 1331 1299 1288 1288 1287 1292 1294 1288 1289 1285 1290
567.354004 1289 1290 1293 1293 1316 1345 1328 1300 1289 1286 1288 1285 1281 1289 1293 1287 1293
567.390991 1289 1283 1284 1287 1319 1347 1330 1294 1289 1288 1289 1292 1288 1295 1282 1290 1291
567.427979 1288 1288 1297 1293 1314 1345 1330 1301 1288 1285 1287 1289 1284 1285 1289 1282 1288
567.465027 1295 1289 1295 1292 1320 1349 1327 1304 1292 1286 1285 1285 1291 1291 1286 1286 1289
567.502014 1284 1288 1295 1291 1320 1345 1317 1299 1297 1287 1282 1286 1285 1288 1286 1286 1288
567.539001 1286 1287 1293 1293 1319 1347 1328 1299 1290 1294 1282 1289 1288 1289 1293 1293 1289
567.575989 1288 1289 1290 1293 1327 1353 1325 1298 1299 1292 1294 1288 1291 1287 1282 1295 1289
567.612976 1291 1288 1288 1293 1323 1351 1326 1299 1288 1288 1284 1291 1288 1289 1290 1287 1292
567.650024 1290 1291 1293 1296 1316 1341 1339 1303 1293 1294 1294 1284 1293 1288 1287 1291 1286
567.687012 1288 1296 1288 1287 1322 1348 1322 1300 1293 1285 1282 1286 1289 1285 1287 1286 1288
567.723999 1287 1287 1298 1303 1328 1358 1327 1298 1293 1289 1291 1285 1286 1287 1289 1289 1285
567.760986 1288 1294 1290 1295 1321 1333 1324 1292 1298 1288 1288 1285 1295 1287 1290 1294 1291
567.797974 1285 1294 1290 1304 1322 1345 1323 1301 1298 1294 1288 1289 1301 1291 1283 1281 1291
567.835999 1291 1292 1293 1299 1324 1341 1326 1299 1288 1291 1294 1290 1294 1287 1294 1288 1295
567.872986 1293 1291 1292 1293 1318 1352 1321 1302 1293 1292 1292 1290 1290 1289 1293 1293 1286
567.909973 1290 1296 1290 1296 1326 1345 1336 1299 1296 1293 1290 1284 1287 1291 1295 1288 1285
567.947021 1291 1289 1289 1296 1315 1340 1333 1302 1296 1288 1288 1297 1289 1297 1290 1294 1289
567.984009 1296 1293 1286 1292 1332 1340 1340 1309 1294 1295 1299 1288 1295 1293 1288 1289 1291
568.020996 1292 1289 1296 1295 1317 1345 1332 1299 1295 1292 1297 1286 1292 1290 1288 1291 1293
568.057983 1292 1297 1292 1304 1321 1347 1328 1300 1301 1296 1291 1289 1294 1292 1288 1287 1290
568.094971 1288 1290 1293 1299 1326 1357 1333 1300 1300 1296 1293 1292 1303 1287 1292 1294 1296
568.132019 1290 1291 1290 1304 1318 1355 1329 1296 1297 1295 1288 1291 1283 1290 1294 1294 1291
568.169006 1295 1297 1296 1303 1332 1347 1329 1295 1307 1297 1296 1292 1295 1290 1290 1292 1291
568.205994 1288 1298 1300 1303 1323 1343 1328 1300 1299 1298 1293 1293 1289 1303 1294 1293 1296
568.242981 1293 1298 1297 1313 1321 1357 1338 1302 1292 1302 1295 1293 1290 1298 1295 1302 1293
568.280029 1297 1299 1300 1303 1329 1359 1344 1308 1305 1299 1303 1292 1297 1296 1299 1301 1289
568.317017 1302 1301 1306 1311 1333 1363 1324 1312 1307 1300 1300 1299 1302 1294 1299 1295 1303
568.354004 1303 1299 1304 1305 1330 1347 1341 1312 1298 1301 1297 1311 1300 1295 1305 1293 1299
568.390991 1300 1302 1298 1302 1332 1354 1332 1306 1304 1306 1301 1302 1296 1307 1295 1302 1301
568.427979 1299 1311 1302 1313 1332 1362 1341 1320 1298 1298 1305 1299 1302 1302 1303 1301 1300
568.465027 1301 1306 1304 1315 1332 1360 1345 1319 1303 1297 1304 1308 1302 1299 1306 1306 1301
568.502014 1309 1310 1310 1312 1334 1349 1346 1317 1303 1300 1303 1306 1304 1297 1297 1302 1299
568.539001 1306 1309 1315 1314 1338 1351 1334 1311 1305 1310 1306 1298 1304 1302 1301 1299 1305
568.575989 1302 1303 1306 1313 1338 1357 1341 1315 1309 1304 1297 1297 1311 1313 1303 1308 1303
568.614014 1300 1299 1304 1306 1339 1360 1342 1308 1299 1300 1298 1307 1310 1302 1301 1300 1302
568.651001 1298 1307 1299 1305 1335 1356 1336 1306 1302 1306 1305 1299 1304 1294 1302 1300 1298
568.687988 1295 1304 1298 1304 1322 1353 1332 1314 1302 1303 1305 1303 1294 1300 1301 1299 1297
568.724976 1297 1298 1293 1302 1331 1345 1343 1305 1300 1297 1302 1299 1295 1308 1296 1295 1294
568.762024 1293 1286 1296 1298 1324 1348 1327 1306 1295 1298 1301 1298 1298 1295 1295 1295 1293
568.799011 1301 1295 1296 1300 1335 1345 1325 1314 1301 1293 1292 1293 1298 1296 1295 1292 1297
568.835999 1290 1288 1283 1295 1330 1343 1322 1299 1293 1297 1295 1288 1291 1292 1292 1282 1288
568.872986 1288 1287 1286 1295 1314 1340 1328 1303 1293 1290 1292 1296 1294 1289 1290 1283 1290
568.909973 1291 1291 1288 1298 1322 1348 1321 1299 1292 1288 1297 1294 1283 1289 1291 1287 1284
568.947021 1287 1284 1287 1291 1323 1354 1328 1293 1292 1286 1288 1296 1287 1285 1284 1287 1281
568.984009 1287 1292 1287 1292 1311 1339 1325 1297 1285 1288 1286 1288 1287 1289 1290 1283 1282
569.020996 1291 1281 1292 1297 1317 1331 1327 1293 1292 1286 1284 1289 1286 1289 1291 1288 1282
569.057983 1290 1284 1289 1297 1325 1330 1323 1293 1297 1285 1289 1284 1284 1288 1281 1286 1286
569.094971 1284 1286 1291 1288 1317 1335 1323 1295 1290 1288 1284 1294 1285 1280 1284 1289 1283
569.132019 1285 1289 1288 1291 1319 1342 1316 1292 1286 1294 1292 1287 1286 1289 1284 1286 1291
569.169006 1285 1285 1288 1294 1317 1352 1331 1292 1298 1284 1284 1286 1284 1282 1283 1289 1283
569.205994 1289 1288 1286 1293 1326 1343 1323 1296 1290 1286 1280 1287 1286 1286 1284 1287 1291
569.242981 1288 1286 1291 1290 1313 1342 1329 1296 1289 1289 1289 1282 1291 1285 1283 1279 1283
569.280029 1285 1290 1297 1295 1315 1341 1323 1294 1289 1284 1292 1285 1294 1283 1283 1284 1292
