0 5.625 11.25 16.875 22.5 28.125 33.75 39.375 45 50.625 56.25 61.875 67.5 73.125 78.75 84.375 90
530.992004 1263 1266 1267 1261 1260 1264 1265 1266 1266 1263 1267 1262 1263 1264 1264 1266 1261
531.030029 1265 1262 1261 1261 1262 1263 1264 1263 1262 1261 1262 1265 1263 1263 1267 1265 1260
531.067993 1263 1261 1262 1264 1263 1265 1267 1264 1265 1264 1265 1265 1262 1261 1262 1264 1261
531.10498 1265 1265 1263 1261 1260 1263 1262 1265 1264 1267 1263 1264 1261 1261 1265 1263 1263
531.143005 1261 1262 1263 1260 1264 1263 1266 1263 1263 1262 1265 1263 1264 1262 1265 1262 1267
531.18103 1263 1262 1261 1263 1259 1264 1261 1265 1262 1262 1261 1263 1262 1261 1262 1260 1263
531.218994 1263 1260 1259 1267 1267 1266 1264 1259 1264 1264 1264 1263 1262 1263 1265 1267 1263
531.257019 1262 1262 1264 1266 1265 1262 1262 1263 1261 1267 1264 1268 1263 1260 1266 1261 1261
531.294006 1265 1263 1263 1266 1267 1262 1266 1264 1264 1266 1262 1261 1263 1266 1262 1261 1266
531.33197 1262 1264 1267 1264 1265 1263 1259 1265 1261 1266 1264 1265 1263 1261 1264 1260 1257
531.369995 1265 1263 1263 1264 1260 1263 1259 1262 1265 1264 1259 1264 1261 1261 1262 1262 1261
531.40802 1267 1265 1264 1262 1263 1262 1264 1264 1263 1262 1259 1261 1265 1262 1262 1264 1263
531.445007 1266 1264 1269 1265 1266 1266 1266 1266 1264 1266 1264 1264 1265 1265 1263 1264 1266
531.482971 1265 1269 1269 1266 1264 1265 1270 1268 1267 1268 1269 1264 1266 1262 1270 1264 1264
531.520996 1264 1270 1269 1268 1267 1271 1268 1272 1267 1271 1269 1266 1265 1268 1265 1264 1268
531.559021 1269 1265 1268 1266 1272 1267 1266 1267 1262 1267 1264 1270 1271 1269 1270 1266 1266
531.596008 1266 1269 1271 1272 1268 1271 1271 1273 1270 1269 1272 1264 1264 1267 1267 1273 1271
531.633972 1264 1268 1267 1269 1270 1268 1267 1271 1270 1270 1274 1264 1267 1264 1270 1270 1268
531.671997 1267 1271 1267 1267 1267 1267 1272 1271 1267 1272 1264 1265 1269 1266 1273 1267 1270
531.710022 1268 1269 1267 1270 1272 1268 1273 1270 1271 1273 1267 1265 1266 1273 1271 1267 1266
531.747009 1267 1269 1268 1269 1266 1268 1274 1270 1270 1269 1270 1265 1267 1268 1271 1270 1267
531.784973 1272 1265 1271 1272 1272 1271 1271 1272 1273 1275 1273 1270 1269 1269 1270 1269 1268
531.822998 1276 1274 1275 1272 1269 1278 1276 1276 1274 1275 1275 1272 1275 1272 1278 1274 1275
531.861023 1290 1295 1298 1291 1298 1299 1294 1292 1296 1295 1291 1298 1293 1296 1288 1297 1295
531.898987 1358 1358 1359 1358 1355 1360 1369 1376 1372 1379 1359 1359 1364 1362 1355 1363 1369
531.935974 1608 1597 1638 1608 1601 1641 1650 1626 1631 1608 1605 1625 1619 1597 1626 1610 1647
531.973999 1692 1676 1669 1688 1694 1712 1721 1715 1698 1710 1708 1668 1671 1687 1703 1685 1678
532.012024 1671 1647 1673 1675 1706 1685 1684 1670 1692 1665 1676 1640 1656 1684 1670 1652 1664
532.049988 1703 1716 1684 1726 1672 1709 1705 1714 1742 1720 1718 1699 1689 1681 1715 1678 1672
532.086975 1659 1650 1690 1682 1689 1696 1682 1689 1683 1698 1694 1697 1697 1703 1684 1668 1674
532.125 1666 1659 1673 1681 1677 1682 1685 1687 1719 1724 1696 1691 1702 1704 1693 1704 1645
532.163025 1762 1742 1727 1731 1715 1750 1737 1733 1735 1743 1727 1709 1718 1698 1686 1695 1684
532.200989 1687 1685 1680 1702 1696 1719 1760 1743 1751 1751 1725 1717 1744 1743 1730 1709 1735
532.237976 1661 1697 1693 1711 1705 1698 1717 1677 1706 1713 1719 1670 1660 1704 1688 1677 1710
532.276001 1668 1664 1670 1687 1679 1695 1698 1724 1721 1720 1713 1714 1695 1709 1745 1712 1721
532.314026 1702 1705 1700 1721 1733 1754 1745 1745 1773 1757 1749 1703 1696 1729 1704 1702 1697
532.35199 1680 1712 1703 1695 1707 1704 1712 1727 1712 1736 1700 1699 1702 1707 1710 1703 1701
532.388977 1686 1709 1729 1693 1711 1758 1728 1725 1721 1753 1711 1692 1680 1675 1702 1699 1692
532.427002 1697 1686 1681 1674 1674 1690 1648 1657 1655 1644 1657 1645 1646 1666 1684 1667 1698
532.465027 1666 1683 1672 1694 1675 1674 1668 1679 1687 1661 1677 1665 1677 1673 1695 1676 1701
532.502991 1639 1639 1629 1651 1647 1674 1643 1655 1627 1631 1647 1639 1607 1650 1618 1599 1615
532.539978 1558 1593 1576 1599 1585 1588 1583 1583 1575 1586 1584 1585 1578 1594 1582 1571 1565
532.578003 1401 1394 1406 1404 1403 1409 1406 1402 1415 1393 1391 1394 1415 1392 1393 1388 1391
532.616028 1273 1276 1277 1276 1274 1277 1277 1272 1274 1273 1277 1277 1270 1275 1276 1278 1275
532.653992 1264 1263 1267 1261 1263 1264 1265 1263 1265 1264 1266 1261 1263 1262 1263 1266 1265
532.690979 1265 1262 1260 1263 1264 1261 1263 1261 1265 1262 1264 1263 1264 1266 1266 1267 1262
532.729004 1262 1264 1259 1260 1260 1261 1260 1261 1265 1265 1263 1259 1262 1260 1258 1261 1259
532.767029 1260 1263 1265 1259 1262 1263 1263 1264 1262 1263 1266 1260 1264 1262 1266 1262 1260
532.804993 1261 1260 1263 1263 1265 1265 1264 1262 1264 1262 1264 1264 1264 1263 1262 1261 1264
532.84198 1260 1262 1264 1262 1262 1265 1264 1262 1262 1261 1262 1258 1260 1263 1264 1260 1263
532.880005 1262 1262 1261 1266 1261 1260 1262 1261 1259 1260 1264 1262 1264 1263 1259 1260 1264
532.91803 1262 1260 1263 1263 1259 1264 1257 1259 1260 1261 1259 1263 1259 1261 1262 1262 1262
532.955994 1262 1265 1259 1264 1263 1259 1261 1260 1259 1261 1262 1261 1262 1259 1263 1262 1263
532.992981 1258 1262 1261 1262 1263 1264 1261 1261 1259 1264 1261 1261 1261 1261 1261 1261 1260
533.031006 1264 1261 1259 1258 1262 1261 1259 1259 1260 1260 1263 1262 1261 1263 1260 1261 1262
533.06897 1265 1262 1262 1264 1261 1264 1261 1262 1261 1261 1263 1259 1261 1263 1262 1258 1263
533.106995 1263 1261 1263 1262 1263 1261 1260 1263 1261 1261 1261 1261 1260 1260 1261 1262 1261
533.143982 1263 1262 1261 1262 1262 1263 1261 1260 1264 1257 1260 1264 1258 1259 1261 1262 1262
533.182007 1264 1262 1264 1260 1261 1259 1261 1261 1260 1260 1262 1261 1260 1261 1260 1262 1262
533.219971 1264 1264 1261 1262 1259 1261 1261 1260 1263 1259 1263 1262 1259 1261 1260 1261 1258
533.257996 1261 1257 1262 1262 1262 1259 1260 1263 1259 1262 1262 1260 1260 1262 1265 1259 1261
533.294983 1262 1261 1263 1260 1260 1261 1261 1257 1263 1261 1258 1260 1260 1260 1259 1262 1261
533.333008 1262 1259 1265 1260 1257 1264 1261 1262 1263 1263 1259 1261 1260 1260 1261 1259 1262
533.370972 1263 1263 1259 1261 1259 1262 1262 1261 1264 1259 1259 1262 1262 1260 1259 1264 1259
533.40802 1261 1263 1259 1260 1263 1260 1262 1262 1262 1261 1261 1261 1261 1261 1265 1265 1262
533.445984 1259 1261 1258 1261 1260 1259 1259 1260 1258 1260 1260 1259 1258 1260 1262 1262 1260
533.484009 1261 1264 1260 1263 1261 1257 1262 1256 1258 1259 1262 1261 1260 1259 1262 1261 1262
533.521973 1261 1260 1259 1266 1261 1261 1257 1261 1258 1265 1258 1260 1259 1261 1261 1256 1261
533.559021 1261 1262 1262 1260 1261 1262 1263 1261 1261 1263 1261 1259 1263 1258 1261 1258 1258
533.596985 1263 1261 1261 1257 1263 1257 1260 1259 1262 1262 1261 1260 1258 1263 1259 1261 1262
533.63501 1260 1261 1260 1262 1259 1264 1260 1261 1258 1260 1260 1262 1260 1260 1258 1263 1262
533.672974 1259 1262 1259 1260 1259 1260 1259 1259 1259 1261 1262 1261 1262 1256 1260 1260 1259
533.710022 1262 1262 1259 1259 1261 1262 1259 1260 1261 1262 1261 1261 1261 1261 1258 1259 1260
533.747986 1260 1260 1259 1261 1262 1259 1259 1258 1262 1259 1258 1260 1261 1260 1258 1259 1260
533.786011 1260 1262 1261 1259 1262 1261 1258 1259 1258 1260 1259 1260 1261 1262 1259 1257 1259
533.823975 1259 1259 1257 1260 1260 1259 1261 1260 1260 1258 1257 1260 1261 1260 1258 1259 1260
533.861023 1258 1260 1262 1263 1261 1261 1260 1265 1258 1260 1258 1259 1259 1259 1260 1261 1260
533.898987 1260 1262 1258 1261 1261 1261 1255 1260 1262 1258 1259 1258 1259 1263 1261 1262 1261
533.937012 1259 1259 1260 1262 1257 1260 1260 1261 1260 1260 1260 1260 1259 1260 1259 1262 1261
533.973999 1260 1260 1261 1261 1260 1259 1258 1261 1256 1262 1257 1259 1261 1260 1263 1259 1258
534.012024 1257 1261 1260 1260 1261 1258 1259 1259 1262 1261 1261 1260 1261 1261 1262 1259 1261
534.049988 1260 1262 1261 1256 1262 1260 1262 1260 1261 1260 1258 1256 1258 1260 1259 1260 1260
534.088013 1259 1258 1261 1263 1260 1260 1262 1262 1259 1260 1259 1262 1260 1260 1260 1258 1261
534.125 1258 1261 1260 1260 1260 1260 1263 1262 1258 1260 1260 1261 1261 1261 1260 1258 1261
534.163025 1262 1262 1263 1260 1264 1259 1260 1264 1259 1259 1257 1262 1260 1257 1259 1260 1259
534.200989 1261 1260 1260 1259 1258 1262 1257 1257 1262 1260 1258 1260 1260 1259 1261 1260 1260
534.239014 1260 1258 1256 1259 1258 1260 1257 1260 1259 1259 1257 1259 1261 1258 1261 1259 1260
534.276001 1260 1261 1256 1261 1258 1258 1260 1259 1262 1258 1259 1260 1258 1261 1257 1259 1259
534.314026 1261 1260 1260 1262 1257 1260 1261 1258 1262 1259 1259 1260 1262 1259 1259 1255 1260
534.35199 1259 1259 1258 1260 1261 1263 1260 1264 1259 1259 1258 1259 1260 1261 1258 1258 1259
534.388977 1260 1256 1262 1263 1260 1259 1260 1263 1263 1261 1263 1258 1258 1261 1262 1261 1260
534.427002 1256 1261 1260 1258 1261 1261 1261 1262 1262 1259 1258 1259 1259 1260 1261 1257 1261
534.465027 1262 1260 1259 1262 1260 1258 1263 1260 1260 1259 1259 1261 1261 1258 1260 1262 1258
534.502991 1257 1260 1260 1260 1258 1260 1261 1260 1261 1259 1258 1258 1260 1260 1261 1258 1259
534.539978 1259 1260 1260 1261 1259 1258 1259 1260 1260 1261 1260 1258 1261 1258 1260 1261 1260
534.578003 1257 1259 1257 1260 1263 1259 1260 1257 1260 1256 1261 1259 1257 1259 1259 1259 1257
534.616028 1261 1262 1261 1259 1259 1258 1260 1263 1263 1260 1257 1261 1259 1260 1260 1261 1263
534.653015 1261 1259 1261 1262 1260 1261 1261 1262 1262 1259 1262 1264 1259 1258 1259 1261 1260
534.690979 1260 1260 1264 1259 1260 1260 1262 1257 1257 1262 1261 1258 1258 1259 1263 1264 1259
534.729004 1257 1262 1259 1259 1257 1260 1259 1260 1258 1260 1260 1260 1258 1261 1261 1262 1260
534.767029 1258 1260 1258 1261 1258 1261 1258 1259 1258 1261 1259 1262 1260 1257 1260 1259 1259
534.804016 1260 1266 1259 1259 1262 1258 1260 1257 1261 1261 1261 1260 1258 1262 1258 1258 1259
534.84198 1261 1259 1260 1256 1261 1258 1262 1259 1262 1260 1264 1261 1259 1261 1261 1258 1261
534.880005 1262 1258 1259 1259 1260 1260 1261 1259 1262 1262 1262 1261 1260 1259 1260 1260 1261
534.916992 1262 1260 1262 1260 1262 1263 1260 1261 1258 1261 1262 1261 1258 1261 1262 1258 1263
534.955017 1261 1258 1261 1260 1259 1260 1257 1259 1261 1260 1260 1258 1262 1259 1262 1260 1258
534.992981 1260 1261 1260 1263 1256 1256 1258 1263 1260 1259 1263 1259 1261 1260 1261 1260 1263
535.031006 1259 1260 1258 1262 1262 1258 1259 1261 1261 1260 1259 1260 1261 1260 1259 1261 1262
535.067993 1261 1259 1261 1262 1261 1260 1259 1261 1261 1263 1260 1259 1261 1261 1259 1259 1262
535.106018 1261 1258 1260 1264 1261 1260 1258 1260 1258 1261 1260 1261 1259 1259 1261 1259 1259
535.143982 1261 1261 1257 1260 1262 1262 1261 1259 1262 1263 1261 1259 1257 1261 1264 1258 1260
535.18103 1260 1261 1260 1260 1263 1258 1263 1260 1259 1261 1262 1258 1260 1262 1260 1262 1259
535.218994 1261 1261 1260 1260 1259 1262 1261 1264 1263 1263 1260 1262 1262 1264 1260 1262 1262
535.257019 1260 1267 1266 1264 1260 1264 1265 1268 1268 1267 1268 1267 1269 1262 1262 1265 1263
535.294983 1278 1284 1278 1278 1277 1282 1277 1282 1277 1281 1274 1281 1278 1279 1276 1278 1274
535.33197 1297 1295 1294 1301 1297 1299 1293 1299 1294 1303 1297 1302 1303 1298 1297 1292 1296
535.369995 1302 1306 1292 1300 1302 1290 1294 1304 1293 1302 1304 1303 1300 1300 1295 1294 1295
535.40802 1294 1301 1292 1297 1290 1302 1300 1295 1300 1298 1300 1295 1297 1298 1300 1301 1308
535.445007 1303 1296 1296 1298 1296 1292 1294 1292 1290 1290 1290 1291 1292 1291 1292 1288 1285
535.482971 1295 1300 1301 1301 1295 1296 1294 1300 1292 1287 1298 1296 1293 1295 1295 1301 1301
535.520996 1294 1296 1298 1303 1293 1294 1298 1290 1292 1292 1303 1299 1293 1290 1296 1290 1291
535.557983 1290 1295 1298 1294 1293 1288 1283 1293 1288 1283 1289 1292 1289 1291 1296 1292 1284
535.596008 1289 1283 1292 1294 1294 1295 1288 1293 1289 1291 1290 1283 1286 1286 1290 1288 1284
535.633972 1288 1292 1290 1290 1289 1287 1290 1288 1290 1282 1283 1288 1286 1279 1287 1281 1291
535.671997 1288 1280 1283 1281 1282 1284 1278 1282 1282 1278 1279 1279 1277 1281 1277 1278 1276
535.708984 1280 1275 1275 1279 1280 1281 1279 1280 1281 1279 1282 1282 1279 1276 1274 1284 1279
535.747009 1280 1277 1281 1280 1279 1274 1279 1278 1279 1274 1278 1278 1278 1274 1276 1279 1278
535.784973 1280 1273 1281 1276 1275 1276 1279 1282 1275 1274 1278 1277 1280 1280 1275 1274 1275
535.822021 1279 1277 1278 1282 1283 1275 1279 1277 1271 1282 1279 1283 1278 1281 1282 1274 1275
535.859985 1284 1279 1282 1279 1285 1280 1281 1278 1281 1282 1281 1280 1284 1278 1278 1278 1276
535.89801 1284 1284 1287 1287 1288 1293 1286 1281 1277 1277 1283 1287 1288 1279 1283 1279 1283
535.934998 1284 1289 1286 1285 1283 1289 1289 1290 1288 1284 1286 1287 1287 1292 1285 1288 1294
535.973022 1293 1297 1292 1286 1293 1292 1290 1290 1295 1289 1288 1289 1289 1289 1293 1291 1290
536.010986 1301 1290 1301 1295 1295 1290 1301 1287 1292 1292 1295 1297 1288 1295 1291 1293 1304
536.049011 1292 1293 1295 1292 1285 1291 1293 1297 1297 1295 1294 1288 1290 1301 1292 1296 1292
536.085999 1288 1290 1288 1288 1293 1291 1289 1295 1294 1292 1291 1286 1287 1285 1292 1289 1281
536.124023 1275 1275 1275 1272 1269 1273 1274 1276 1273 1270 1275 1274 1268 1274 1270 1273 1278
536.161987 1266 1262 1266 1266 1265 1268 1266 1267 1264 1269 1264 1267 1263 1264 1263 1264 1262
536.198975 1264 1261 1263 1261 1263 1263 1265 1260 1262 1263 1261 1258 1261 1263 1262 1264 1261
536.237 1259 1259 1260 1260 1261 1262 1263 1260 1261 1265 1262 1258 1261 1261 1258 1259 1263
536.275024 1259 1261 1259 1261 1258 1259 1262 1261 1263 1260 1261 1260 1259 1260 1262 1261 1258
536.312012 1261 1260 1258 1262 1261 1263 1261 1257 1262 1260 1260 1256 1261 1264 1260 1261 1260
536.349976 1260 1261 1262 1260 1260 1261 1260 1260 1259 1262 1258 1259 1259 1258 1260 1258 1260
536.388 1255 1258 1259 1260 1257 1256 1259 1257 1260 1259 1261 1261 1260 1258 1263 1260 1260
536.424988 1261 1261 1260 1259 1260 1263 1261 1257 1259 1263 1258 1257 1259 1264 1259 1261 1259
536.463013 1260 1262 1260 1263 1259 1262 1260 1262 1262 1260 1261 1258 1259 1260 1260 1259 1259
536.500977 1262 1259 1259 1258 1262 1262 1258 1261 1260 1260 1258 1260 1261 1263 1261 1260 1261
536.539001 1262 1261 1262 1257 1259 1264 1259 1263 1258 1259 1256 1260 1261 1259 1260 1261 1260
536.575989 1262 1262 1260 1260 1260 1260 1257 1256 1259 1259 1262 1261 1261 1258 1258 1260 1260
536.614014 1261 1263 1260 1260 1259 1256 1260 1260 1260 1260 1259 1259 1261 1257 1261 1259 1262
536.651978 1261 1261 1262 1261 1258 1262 1260 1257 1261 1258 1261 1263 1260 1258 1257 1260 1259
536.689026 1258 1255 1261 1264 1261 1262 1260 1261 1259 1261 1258 1260 1259 1261 1259 1260 1257
536.72699 1259 1258 1260 1259 1262 1263 1257 1264 1259 1260 1256 1261 1261 1263 1261 1259 1260
536.765015 1263 1257 1261 1261 1260 1261 1261 1258 1258 1260 1259 1259 1261 1259 1261 1264 1257
536.802002 1261 1262 1261 1261 1259 1258 1257 1259 1259 1259 1259 1263 1264 1258 1261 1258 1260
536.840027 1257 1264 1262 1260 1261 1260 1260 1258 1263 1259 1261 1258 1264 1260 1257 1263 1259
536.877991 1261 1260 1260 1260 1258 1259 1260 1259 1264 1262 1260 1261 1259 1258 1259 1259 1260
536.914978 1258 1259 1260 1260 1259 1260 1263 1255 1259 1262 1259 1262 1258 1263 1260 1258 1258
536.953003 1261 1260 1261 1258 1259 1259 1259 1261 1264 1260 1261 1261 1259 1256 1259 1257 1261
536.991028 1258 1259 1260 1259 1257 1261 1259 1260 1261 1259 1262 1260 1258 1260 1260 1261 1263
537.028015 1258 1259 1263 1258 1262 1258 1260 1262 1259 1259 1260 1258 1261 1256 1259 1261 1260
537.065979 1259 1260 1259 1261 1259 1259 1261 1259 1261 1259 1261 1258 1258 1264 1260 1259 1259
537.104004 1261 1264 1261 1262 1261 1258 1261 1259 1258 1257 1264 1258 1259 1260 1263 1259 1256
537.140991 1259 1261 1259 1259 1259 1258 1260 1260 1261 1258 1260 1258 1259 1260 1259 1262 1260
537.179016 1259 1259 1256 1258 1262 1259 1261 1259 1260 1262 1259 1257 1260 1261 1258 1260 1261
537.21698 1260 1262 1261 1260 1261 1261 1261 1257 1260 1261 1259 1260 1260 1257 1255 1259 1261
537.254028 1259 1261 1259 1261 1264 1260 1263 1260 1262 1264 1259 1264 1261 1264 1259 1260 1259
537.291992 1258 1260 1259 1260 1263 1260 1260 1261 1260 1259 1260 1258 1256 1258 1259 1262 1259
537.330017 1261 1258 1260 1262 1258 1263 1260 1260 1259 1260 1260 1257 1260 1260 1258 1257 1260
537.367004 1260 1261 1261 1258 1259 1262 1261 1262 1259 1257 1257 1259 1264 1262 1263 1263 1263
537.405029 1259 1261 1265 1260 1257 1260 1260 1259 1260 1262 1260 1259 1260 1261 1259 1258 1260
537.442993 1260 1262 1260 1258 1260 1259 1260 1260 1261 1258 1258 1261 1261 1260 1262 1259 1257
537.481018 1258 1258 1257 1259 1264 1263 1263 1260 1259 1259 1261 1261 1258 1259 1260 1258 1259
537.518005 1261 1262 1261 1259 1258 1261 1264 1260 1261 1259 1258 1258 1259 1261 1260 1260 1259
537.55603 1260 1260 1259 1261 1261 1260 1260 1263 1256 1259 1260 1258 1258 1258 1260 1261 1259
537.593994 1258 1261 1258 1262 1262 1263 1263 1259 1260 1260 1261 1257 1261 1259 1260 1261 1261
537.630981 1261 1261 1258 1261 1259 1260 1261 1256 1255 1261 1260 1262 1258 1259 1262 1257 1259
537.669006 1258 1260 1262 1259 1259 1260 1259 1257 1262 1262 1258 1261 1260 1261 1259 1260 1255
537.70697 1264 1258 1260 1260 1260 1259 1259 1261 1260 1257 1261 1260 1258 1260 1258 1259 1259
537.744019 1259 1260 1258 1263 1263 1259 1261 1261 1260 1260 1257 1260 1260 1261 1262 1259 1258
537.781982 1261 1257 1258 1261 1263 1262 1258 1263 1260 1259 1260 1258 1258 1257 1259 1260 1261
537.820007 1256 1260 1258 1261 1262 1262 1260 1259 1261 1261 1261 1259 1261 1259 1263 1255 1259
537.856995 1261 1261 1261 1261 1260 1261 1261 1260 1260 1261 1260 1263 1259 1260 1262 1262 1258
537.89502 1256 1262 1259 1262 1259 1259 1264 1261 1260 1261 1260 1258 1261 1262 1260 1261 1260
537.932007 1262 1262 1257 1259 1257 1259 1260 1256 1258 1257 1261 1262 1262 1261 1261 1260 1260
537.969971 1260 1263 1263 1262 1257 1261 1259 1259 1261 1261 1261 1262 1260 1257 1262 1259 1259
538.007996 1261 1260 1256 1258 1264 1263 1263 1263 1261 1261 1259 1256 1258 1261 1259 1265 1260
538.046021 1258 1258 1256 1263 1263 1264 1263 1262 1266 1260 1262 1258 1259 1260 1258 1260 1261
538.083008 1258 1258 1259 1258 1260 1262 1263 1263 1261 1260 1259 1259 1263 1258 1260 1261 1260
538.120972 1257 1258 1261 1261 1259 1261 1261 1260 1259 1259 1261 1259 1259 1262 1261 1262 1258
538.158997 1260 1262 1259 1261 1262 1257 1259 1256 1256 1259 1261 1261 1262 1261 1258 1259 1259
538.195984 1262 1261 1263 1261 1262 1262 1261 1262 1260 1263 1259 1262 1260 1258 1260 1259 1260
538.234009 1260 1257 1259 1260 1262 1262 1260 1260 1258 1264 1261 1261 1258 1259 1259 1259 1263
538.270996 1261 1259 1260 1257 1260 1261 1263 1264 1257 1262 1258 1262 1258 1262 1259 1262 1260
538.309021 1261 1261 1260 1259 1263 1263 1259 1261 1258 1263 1258 1262 1261 1261 1263 1263 1261
538.346985 1260 1262 1259 1259 1264 1259 1261 1263 1262 1258 1259 1259 1261 1262 1258 1261 1261
538.383972 1259 1257 1261 1260 1262 1264 1260 1261 1260 1260 1262 1259 1261 1261 1261 1263 1262
538.421997 1263 1262 1259 1258 1257 1262 1263 1261 1262 1262 1259 1262 1260 1261 1260 1261 1260
538.460022 1262 1261 1261 1261 1260 1260 1261 1257 1261 1259 1262 1261 1263 1261 1259 1260 1261
538.497009 1261 1261 1262 1260 1266 1261 1263 1260 1261 1259 1260 1262 1259 1262 1259 1259 1259
538.534973 1262 1260 1259 1261 1265 1265 1262 1262 1264 1260 1264 1264 1260 1261 1258 1260 1262
538.572998 1260 1258 1267 1259 1263 1267 1261 1262 1263 1258 1262 1258 1260 1262 1258 1263 1260
538.609985 1263 1261 1263 1261 1262 1266 1265 1263 1260 1263 1266 1264 1264 1260 1259 1265 1260
538.64801 1262 1263 1263 1260 1265 1262 1264 1262 1262 1262 1262 1263 1264 1260 1258 1260 1261
538.685974 1261 1260 1263 1264 1262 1263 1264 1259 1263 1262 1260 1261 1261 1262 1260 1260 1263
538.723022 1261 1262 1261 1262 1265 1264 1264 1262 1257 1262 1261 1262 1262 1262 1260 1261 1260
538.760986 1262 1261 1262 1261 1264 1267 1266 1266 1262 1264 1261 1261 1262 1261 1259 1260 1262
538.799011 1261 1261 1261 1259 1264 1267 1264 1265 1262 1261 1264 1262 1262 1264 1266 1261 1263
538.835999 1265 1261 1261 1259 1262 1267 1268 1266 1265 1260 1261 1260 1260 1263 1267 1264 1259
538.874023 1266 1263 1263 1266 1269 1267 1266 1267 1265 1261 1262 1261 1261 1263 1264 1260 1262
538.911987 1262 1266 1262 1267 1263 1265 1266 1263 1264 1263 1265 1261 1264 1263 1268 1263 1267
538.948975 1265 1265 1262 1267 1261 1271 1269 1262 1268 1264 1266 1263 1265 1262 1263 1265 1263
538.987 1265 1264 1264 1265 1269 1270 1265 1265 1267 1267 1261 1262 1266 1264 1260 1263 1262
539.023987 1268 1266 1267 1268 1270 1272 1271 1266 1269 1265 1264 1266 1263 1266 1265 1264 1266
539.062012 1266 1269 1262 1266 1269 1271 1273 1268 1264 1263 1263 1265 1267 1268 1265 1270 1265
539.099976 1265 1265 1266 1268 1274 1275 1268 1266 1269 1267 1267 1266 1268 1262 1265 1267 1264
539.137024 1270 1267 1268 1267 1272 1276 1269 1268 1265 1266 1266 1263 1267 1267 1266 1270 1268
539.174988 1272 1270 1266 1267 1275 1280 1272 1272 1265 1265 1269 1264 1269 1269 1263 1264 1265
539.213013 1268 1268 1266 1267 1271 1280 1278 1273 1267 1268 1269 1269 1270 1267 1270 1270 1263
539.25 1272 1272 1268 1269 1278 1278 1277 1270 1271 1273 1267 1273 1265 1270 1270 1265 1267
539.288025 1262 1271 1262 1270 1275 1283 1280 1269 1273 1273 1269 1269 1269 1270 1266 1269 1270
539.325989 1272 1272 1273 1274 1280 1286 1290 1275 1277 1269 1273 1275 1269 1266 1270 1269 1272
539.362976 1271 1273 1277 1276 1284 1290 1285 1278 1274 1272 1274 1274 1268 1273 1269 1274 1273
539.401001 1275 1273 1276 1273 1288 1293 1291 1275 1276 1270 1271 1274 1273 1272 1277 1269 1274
539.439026 1273 1275 1274 1282 1289 1291 1288 1282 1278 1278 1276 1270 1276 1273 1278 1271 1268
539.476013 1281 1272 1278 1281 1285 1300 1300 1280 1277 1272 1276 1277 1274 1273 1274 1272 1273
539.513977 1278 1283 1282 1279 1296 1295 1297 1282 1275 1272 1279 1277 1277 1281 1273 1279 1272
539.551025 1278 1272 1281 1278 1298 1303 1295 1286 1282 1283 1283 1277 1280 1279 1283 1275 1280
539.588989 1281 1280 1285 1285 1303 1309 1301 1291 1286 1284 1282 1282 1283 1282 1284 1282 1280
539.627014 1282 1277 1287 1286 1303 1311 1302 1295 1286 1288 1287 1280 1279 1288 1285 1286 1287
539.664001 1279 1287 1290 1289 1309 1322 1311 1298 1285 1288 1294 1284 1290 1291 1291 1291 1292
539.702026 1291 1290 1297 1294 1320 1315 1309 1298 1296 1293 1298 1289 1300 1294 1289 1289 1292
539.73999 1291 1298 1295 1306 1314 1346 1327 1299 1303 1299 1295 1296 1302 1293 1297 1296 1295
539.776978 1297 1309 1300 1306 1321 1336 1326 1308 1299 1299 1296 1301 1295 1301 1299 1301 1299
539.815002 1310 1302 1304 1315 1328 1339 1321 1309 1299 1301 1298 1298 1298 1298 1296 1305 1297
539.853027 1311 1308 1302 1308 1338 1344 1336 1318 1302 1300 1304 1307 1302 1305 1297 1297 1302
539.890015 1304 1303 1321 1313 1340 1345 1336 1319 1312 1303 1299 1302 1306 1302 1311 1303 1303
539.927979 1311 1306 1309 1317 1327 1352 1344 1321 1306 1314 1305 1300 1307 1308 1307 1309 1309
539.965027 1298 1309 1306 1316 1350 1354 1342 1318 1309 1302 1309 1308 1305 1309 1304 1305 1302
540.002991 1313 1319 1308 1311 1343 1358 1334 1324 1317 1308 1306 1308 1312 1315 1305 1315 1313
540.041016 1312 1318 1313 1321 1347 1372 1340 1329 1311 1314 1318 1305 1317 1312 1308 1305 1309
540.078003 1321 1311 1318 1316 1348 1368 1353 1325 1319 1327 1310 1315 1317 1322 1309 1313 1317
540.116028 1321 1318 1326 1329 1359 1376 1356 1337 1316 1324 1317 1322 1329 1315 1325 1319 1319
540.153992 1322 1321 1329 1335 1363 1384 1367 1330 1326 1333 1324 1321 1326 1315 1327 1322 1316
540.190979 1332 1330 1332 1332 1371 1365 1375 1337 1328 1324 1333 1319 1325 1328 1322 1323 1328
540.229004 1329 1330 1331 1343 1372 1404 1379 1347 1338 1335 1331 1333 1324 1327 1320 1336 1327
540.265991 1335 1332 1343 1334 1377 1394 1379 1349 1333 1330 1334 1332 1331 1331 1320 1329 1324
540.304016 1333 1343 1331 1338 1368 1398 1374 1337 1344 1345 1332 1336 1334 1334 1329 1328 1329
540.34198 1337 1344 1337 1330 1382 1410 1386 1352 1347 1341 1338 1338 1330 1324 1327 1333 1330
540.379028 1355 1336 1343 1347 1390 1413 1375 1369 1346 1344 1341 1336 1333 1338 1339 1338 1335
540.416992 1347 1344 1349 1354 1386 1405 1382 1355 1345 1346 1341 1335 1346 1340 1341 1338 1333
540.455017 1353 1351 1355 1354 1392 1415 1397 1346 1353 1346 1353 1337 1335 1335 1349 1348 1335
540.492004 1347 1352 1351 1358 1398 1414 1398 1367 1353 1346 1354 1353 1343 1345 1342 1346 1346
540.530029 1354 1361 1358 1358 1410 1419 1395 1363 1362 1354 1347 1356 1361 1360 1350 1343 1349
540.567017 1354 1350 1346 1364 1407 1428 1404 1365 1360 1353 1359 1354 1357 1355 1346 1364 1334
540.60498 1349 1363 1350 1362 1405 1412 1412 1358 1368 1360 1342 1345 1357 1354 1343 1352 1345
540.643005 1349 1349 1366 1357 1396 1415 1393 1370 1354 1351 1346 1350 1355 1343 1340 1353 1343
540.679993 1350 1363 1357 1355 1396 1420 1390 1361 1352 1355 1341 1355 1352 1352 1335 1345 1339
540.718018 1350 1353 1348 1357 1396 1418 1398 1367 1354 1360 1351 1351 1344 1342 1356 1333 1346
540.755005 1345 1353 1350 1356 1400 1426 1397 1364 1362 1349 1352 1347 1353 1352 1355 1346 1336
540.79303 1346 1345 1359 1349 1407 1411 1397 1373 1364 1348 1341 1348 1350 1340 1348 1355 1351
540.830994 1345 1353 1353 1364 1408 1416 1393 1366 1356 1351 1339 1353 1353 1345 1351 1342 1343
540.867981 1356 1350 1350 1358 1406 1426 1409 1369 1353 1354 1339 1341 1352 1341 1342 1347 1349
540.906006 1350 1347 1351 1363 1407 1416 1402 1372 1357 1359 1346 1343 1350 1349 1350 1344 1342
540.94397 1355 1347 1347 1360 1397 1420 1392 1352 1366 1345 1350 1356 1351 1342 1342 1346 1348
540.981018 1348 1357 1360 1359 1390 1412 1388 1369 1360 1347 1342 1335 1341 1335 1362 1339 1337
541.018982 1353 1354 1361 1361 1406 1437 1390 1360 1362 1354 1351 1358 1352 1351 1347 1353 1346
541.05603 1351 1352 1352 1356 1395 1419 1392 1364 1363 1347 1359 1349 1341 1341 1347 1345 1341
541.093994 1354 1361 1346 1352 1394 1413 1401 1361 1353 1346 1346 1360 1351 1335 1351 1345 1348
541.132019 1342 1352 1344 1352 1406 1413 1400 1362 1359 1357 1347 1339 1349 1344 1337 1358 1344
541.169006 1340 1358 1364 1360 1404 1416 1400 1363 1356 1356 1339 1360 1345 1347 1358 1342 1350
541.20697 1349 1347 1356 1360 1398 1426 1404 1367 1359 1350 1352 1351 1350 1346 1344 1336 1341
541.244019 1349 1353 1358 1364 1402 1426 1401 1364 1360 1354 1356 1350 1332 1342 1358 1348 1346
541.281982 1347 1346 1355 1365 1414 1416 1389 1363 1359 1347 1343 1363 1343 1355 1346 1336 1357
541.320007 1351 1358 1351 1360 1402 1416 1390 1359 1356 1361 1351 1353 1353 1346 1350 1350 1346
541.356995 1350 1359 1344 1356 1405 1413 1397 1368 1342 1348 1338 1351 1347 1350 1347 1340 1346
541.39502 1346 1348 1348 1363 1393 1424 1404 1360 1356 1351 1346 1352 1349 1349 1353 1336 1353
541.432007 1346 1352 1347 1352 1401 1422 1410 1360 1362 1345 1345 1355 1352 1352 1346 1341 1349
541.469971 1346 1352 1368 1353 1412 1414 1399 1355 1365 1353 1348 1341 1345 1347 1347 1336 1343
541.507996 1346 1355 1348 1354 1399 1428 1396 1370 1352 1360 1348 1338 1351 1339 1339 1343 1343
541.544983 1354 1349 1364 1354 1409 1416 1397 1371 1358 1343 1344 1353 1347 1357 1350 1345 1342
541.583008 1348 1359 1351 1364 1404 1421 1392 1362 1347 1354 1362 1353 1352 1344 1348 1348 1353
541.620972 1346 1355 1354 1356 1399 1422 1397 1358 1359 1346 1348 1348 1355 1347 1345 1338 1350
541.65802 1349 1350 1356 1354 1406 1425 1412 1362 1357 1352 1348 1342 1346 1341 1340 1348 1348
541.695984 1362 1343 1352 1369 1416 1425 1404 1368 1361 1354 1343 1344 1342 1350 1336 1339 1345
541.732971 1362 1347 1353 1355 1415 1416 1406 1369 1362 1350 1339 1342 1339 1331 1334 1347 1339
541.770996 1349 1365 1352 1358 1397 1416 1402 1363 1359 1347 1336 1346 1354 1343 1341 1343 1348
541.809021 1344 1351 1347 1357 1405 1434 1395 1356 1362 1348 1349 1351 1349 1351 1346 1352 1353
541.846008 1342 1345 1347 1351 1404 1434 1402 1353 1352 1353 1342 1352 1346 1359 1348 1350 1345
541.883972 1353 1350 1346 1361 1395 1433 1396 1367 1347 1351 1348 1344 1350 1356 1352 1347 1343
541.921021 1357 1346 1350 1352 1396 1415 1388 1372 1349 1350 1350 1348 1336 1344 1342 1338 1350
541.958984 1352 1347 1352 1340 1407 1428 1405 1366 1350 1344 1336 1345 1352 1347 1350 1344 1336
541.997009 1350 1340 1348 1358 1394 1430 1392 1360 1351 1352 1349 1327 1338 1353 1347 1341 1357
542.033997 1353 1348 1346 1349 1393 1421 1389 1352 1358 1348 1336 1349 1342 1352 1340 1344 1339
542.072021 1343 1351 1343 1358 1398 1414 1385 1360 1350 1345 1334 1354 1343 1345 1341 1344 1336
542.109009 1344 1339 1343 1350 1408 1428 1395 1371 1354 1343 1346 1352 1340 1337 1334 1341 1329
542.146973 1353 1350 1345 1343 1388 1426 1387 1371 1346 1342 1333 1352 1341 1339 1351 1345 1339
542.184021 1342 1347 1341 1344 1398 1415 1393 1362 1347 1343 1346 1343 1345 1341 1344 1342 1344
542.221985 1350 1335 1345 1352 1396 1414 1394 1358 1355 1349 1352 1339 1360 1353 1335 1342 1349
542.26001 1344 1350 1351 1352 1393 1417 1405 1364 1354 1348 1348 1347 1347 1341 1338 1340 1339
542.296997 1350 1356 1342 1355 1401 1428 1409 1356 1352 1346 1340 1337 1349 1348 1345 1350 1344
542.335022 1339 1344 1354 1347 1400 1417 1406 1371 1356 1340 1337 1359 1346 1338 1348 1332 1331
542.372009 1347 1347 1353 1364 1407 1425 1402 1356 1359 1352 1340 1346 1326 1342 1349 1350 1349
542.409973 1342 1357 1358 1362 1399 1404 1396 1360 1356 1351 1343 1343 1348 1341 1346 1345 1341
542.447998 1357 1358 1342 1374 1402 1425 1394 1362 1354 1354 1341 1344 1360 1340 1352 1352 1341
542.484985 1343 1343 1358 1348 1412 1414 1403 1366 1345 1355 1336 1335 1347 1352 1344 1344 1348
542.52301 1344 1358 1356 1362 1391 1426 1409 1374 1359 1353 1346 1349 1353 1344 1345 1343 1345
542.559998 1344 1345 1350 1350 1406 1405 1395 1366 1353 1350 1346 1347 1363 1352 1348 1340 1349
542.598022 1340 1355 1358 1361 1394 1428 1404 1360 1351 1360 1343 1345 1340 1349 1349 1343 1348
542.63501 1354 1353 1355 1356 1404 1422 1402 1370 1349 1351 1343 1351 1347 1355 1347 1340 1349
542.672974 1358 1341 1350 1360 1411 1412 1408 1367 1354 1360 1351 1347 1353 1346 1341 1348 1347
542.710999 1358 1357 1351 1350 1396 1420 1409 1357 1342 1351 1347 1352 1342 1355 1356 1345 1349
542.747986 1346 1354 1358 1362 1404 1423 1396 1370 1357 1361 1351 1340 1344 1352 1344 1338 1343
542.786011 1345 1348 1355 1367 1415 1414 1402 1360 1352 1359 1344 1346 1352 1351 1350 1342 1343
542.822998 1352 1360 1356 1355 1405 1427 1401 1355 1352 1357 1359 1346 1343 1345 1349 1342 1339
542.861023 1348 1355 1353 1354 1408 1414 1402 1366 1355 1339 1349 1342 1346 1361 1345 1349 1340
542.898987 1342 1351 1353 1348 1392 1415 1393 1351 1358 1352 1354 1351 1340 1339 1350 1344 1347
542.935974 1352 1338 1364 1357 1403 1425 1402 1360 1349 1354 1343 1351 1350 1352 1332 1344 1339
542.973999 1355 1362 1351 1360 1412 1418 1378 1362 1356 1338 1338 1341 1352 1360 1338 1341 1334
543.010986 1347 1356 1348 1371 1388 1434 1393 1363 1347 1356 1347 1339 1357 1350 1350 1346 1357
543.049011 1361 1347 1347 1363 1385 1419 1404 1360 1358 1354 1346 1348 1351 1345 1348 1344 1350
543.085999 1370 1357 1357 1357 1408 1427 1404 1362 1343 1345 1356 1342 1352 1349 1349 1350 1351
543.124023 1350 1367 1358 1348 1407 1441 1390 1356 1353 1356 1345 1351 1356 1356 1350 1344 1351
543.161987 1361 1367 1361 1371 1404 1424 1396 1374 1367 1362 1358 1352 1355 1350 1356 1353 1344
543.198975 1357 1366 1363 1359 1412 1441 1398 1377 1370 1363 1363 1353 1356 1350 1351 1357 1359
543.237 1363 1361 1370 1369 1407 1440 1418 1371 1352 1360 1366 1366 1360 1356 1365 1358 1366
543.273987 1361 1360 1369 1370 1423 1442 1409 1383 1387 1372 1361 1373 1365 1367 1357 1354 1360
543.312012 1367 1381 1371 1378 1428 1444 1415 1386 1367 1364 1355 1367 1367 1364 1366 1359 1365
543.348999 1379 1382 1364 1372 1424 1456 1410 1378 1376 1367 1368 1378 1377 1359 1364 1365 1373
543.387024 1372 1369 1381 1386 1414 1442 1431 1382 1369 1371 1366 1373 1363 1365 1373 1370 1364
543.424988 1376 1380 1375 1389 1424 1459 1425 1394 1380 1371 1377 1385 1377 1370 1365 1379 1377
543.461975 1377 1374 1384 1380 1429 1464 1442 1386 1385 1388 1375 1389 1362 1380 1377 1376 1379
543.5 1392 1395 1382 1401 1455 1455 1441 1389 1394 1397 1389 1382 1394 1381 1381 1373 1386
543.536987 1392 1398 1403 1419 1468 1477 1436 1415 1405 1400 1392 1395 1405 1391 1395 1383 1394
543.575012 1402 1412 1424 1406 1452 1474 1455 1432 1407 1427 1392 1397 1408 1400 1395 1389 1406
543.612 1395 1414 1404 1416 1456 1478 1466 1427 1406 1401 1398 1386 1396 1389 1395 1406 1385
543.650024 1392 1397 1399 1399 1451 1458 1433 1417 1394 1390 1391 1394 1391 1381 1381 1391 1382
543.687988 1392 1392 1380 1390 1420 1454 1432 1390 1398 1373 1378 1379 1368 1382 1386 1381 1382
543.724976 1372 1364 1374 1382 1418 1435 1418 1384 1380 1369 1370 1375 1364 1369 1365 1362 1356
543.763 1360 1360 1364 1366 1415 1420 1411 1383 1362 1363 1357 1354 1357 1355 1356 1351 1354
543.799988 1364 1352 1360 1372 1421 1437 1392 1374 1372 1359 1348 1350 1363 1356 1362 1354 1350
543.838013 1342 1354 1362 1368 1389 1442 1395 1371 1364 1353 1360 1351 1351 1350 1351 1354 1353
543.875 1350 1353 1351 1359 1416 1428 1414 1366 1363 1344 1355 1344 1364 1356 1350 1348 1353
543.913025 1347 1349 1367 1362 1417 1426 1399 1362 1347 1350 1353 1351 1343 1353 1355 1346 1348
543.950989 1350 1354 1360 1372 1406 1445 1406 1374 1352 1362 1349 1356 1346 1345 1354 1353 1351
543.987976 1343 1346 1351 1368 1413 1417 1404 1368 1350 1348 1345 1352 1341 1355 1354 1347 1344
544.026001 1350 1357 1357 1362 1402 1431 1414 1363 1365 1349 1349 1336 1360 1351 1348 1347 1345
544.062988 1351 1360 1353 1371 1402 1415 1406 1374 1349 1342 1349 1348 1343 1355 1347 1344 1345
544.101013 1349 1359 1355 1355 1408 1433 1406 1369 1354 1366 1341 1354 1344 1348 1344 1351 1347
544.138 1347 1349 1356 1352 1397 1429 1414 1367 1358 1354 1343 1356 1337 1348 1348 1343 1335
544.176025 1346 1352 1351 1352 1398 1416 1397 1356 1345 1354 1340 1354 1345 1348 1341 1349 1342
544.213013 1354 1350 1353 1356 1406 1419 1412 1361 1344 1357 1345 1348 1353 1343 1352 1340 1330
544.250977 1348 1351 1354 1356 1407 1409 1407 1356 1355 1342 1355 1347 1359 1339 1345 1343 1347
544.289001 1354 1359 1341 1356 1400 1423 1391 1351 1348 1349 1342 1340 1349 1347 1343 1346 1349
544.325989 1346 1345 1352 1355 1399 1422 1398 1368 1356 1345 1343 1345 1351 1353 1344 1354 1346
544.364014 1352 1353 1351 1355 1404 1421 1398 1363 1365 1347 1340 1347 1341 1347 1343 1344 1329
544.401001 1338 1354 1350 1367 1398 1436 1415 1362 1355 1345 1339 1352 1344 1355 1346 1345 1344
544.439026 1357 1364 1364 1356 1405 1418 1401 1360 1347 1344 1354 1343 1348 1345 1343 1344 1345
544.476013 1344 1352 1349 1353 1405 1419 1408 1357 1356 1344 1354 1345 1347 1346 1336 1352 1345
544.513977 1353 1353 1341 1354 1397 1423 1390 1364 1343 1351 1341 1350 1345 1353 1348 1343 1347
544.551025 1354 1345 1351 1364 1415 1425 1406 1359 1351 1343 1340 1350 1347 1346 1351 1345 1350
544.588989 1353 1345 1349 1363 1405 1426 1398 1362 1354 1350 1345 1349 1345 1346 1336 1334 1346
544.625977 1344 1353 1350 1357 1415 1422 1419 1361 1353 1356 1344 1346 1346 1333 1346 1350 1337
544.664001 1350 1354 1356 1354 1402 1430 1399 1364 1353 1351 1343 1345 1351 1340 1339 1349 1342
544.702026 1354 1355 1348 1367 1405 1422 1412 1361 1361 1355 1340 1344 1337 1344 1333 1346 1347
544.739014 1346 1358 1343 1357 1400 1426 1391 1355 1349 1341 1344 1350 1345 1344 1343 1341 1347
544.776978 1340 1344 1353 1358 1406 1418 1409 1361 1358 1350 1344 1350 1343 1348 1352 1343 1342
544.814026 1337 1350 1352 1354 1398 1417 1398 1369 1347 1351 1339 1346 1344 1361 1338 1338 1346
544.85199 1346 1354 1355 1357 1413 1429 1407 1355 1355 1355 1345 1349 1353 1335 1356 1347 1342
544.888977 1350 1354 1352 1359 1402 1417 1393 1360 1355 1345 1345 1351 1342 1346 1341 1345 1347
544.927002 1349 1358 1352 1353 1410 1437 1402 1359 1344 1352 1339 1351 1356 1346 1344 1348 1350
544.963989 1350 1359 1350 1353 1394 1433 1403 1366 1357 1364 1346 1351 1357 1350 1344 1344 1344
545.002014 1359 1350 1361 1356 1413 1414 1396 1359 1355 1347 1352 1346 1352 1337 1341 1341 1360
545.039001 1348 1349 1363 1357 1414 1421 1415 1369 1356 1354 1347 1355 1350 1350 1344 1335 1352
545.077026 1351 1362 1348 1358 1409 1433 1406 1354 1356 1350 1347 1347 1359 1337 1346 1336 1346
545.11499 1350 1361 1360 1375 1419 1422 1392 1368 1352 1352 1345 1353 1351 1357 1357 1356 1359
545.151978 1353 1351 1357 1366 1406 1440 1407 1358 1358 1359 1358 1354 1350 1346 1350 1340 1344
545.190002 1355 1356 1363 1369 1415 1422 1406 1362 1362 1362 1351 1348 1354 1352 1342 1347 1348
545.22699 1353 1354 1356 1361 1400 1417 1400 1366 1359 1342 1347 1346 1350 1360 1335 1353 1348
545.265015 1348 1358 1365 1371 1408 1431 1401 1368 1359 1357 1356 1341 1360 1354 1348 1344 1347
545.302002 1363 1348 1353 1364 1394 1430 1410 1371 1353 1344 1350 1352 1350 1359 1344 1344 1355
545.340027 1339 1347 1354 1358 1408 1441 1405 1359 1356 1365 1350 1347 1355 1360 1356 1347 1348
545.377014 1349 1348 1354 1353 1403 1418 1401 1375 1349 1347 1345 1349 1352 1340 1346 1342 1348
545.414978 1350 1351 1342 1353 1413 1424 1394 1367 1353 1336 1344 1347 1353 1346 1346 1344 1355
545.452026 1338 1338 1344 1367 1394 1419 1405 1360 1347 1344 1345 1340 1340 1336 1352 1337 1353
545.48999 1345 1347 1348 1350 1396 1412 1415 1365 1352 1353 1344 1341 1353 1347 1357 1349 1332
545.526978 1339 1343 1351 1359 1401 1405 1409 1366 1344 1346 1343 1339 1345 1339 1338 1338 1351
545.565002 1352 1352 1347 1348 1402 1423 1401 1353 1348 1345 1344 1346 1343 1348 1337 1338 1341
545.60199 1345 1356 1341 1361 1394 1418 1385 1368 1354 1352 1339 1337 1339 1344 1342 1343 1336
545.640015 1349 1346 1355 1357 1404 1421 1403 1360 1345 1363 1357 1348 1346 1341 1347 1343 1345
545.677979 1352 1354 1360 1353 1395 1441 1383 1372 1354 1346 1348 1343 1349 1353 1337 1345 1353
545.715027 1349 1362 1356 1355 1400 1428 1405 1355 1347 1340 1353 1353 1340 1351 1344 1355 1345
545.752991 1347 1355 1356 1359 1403 1435 1405 1361 1355 1344 1353 1339 1357 1340 1348 1341 1342
545.789978 1343 1351 1351 1356 1413 1455 1397 1360 1346 1353 1349 1353 1352 1353 1353 1356 1341
545.828003 1353 1353 1359 1359 1399 1427 1400 1369 1358 1348 1352 1347 1356 1344 1344 1344 1358
545.86499 1360 1344 1343 1361 1408 1439 1397 1368 1357 1350 1344 1347 1346 1342 1341 1337 1351
545.903015 1342 1344 1357 1349 1399 1421 1405 1367 1348 1348 1345 1338 1338 1346 1340 1343 1349
545.940002 1339 1356 1352 1354 1397 1434 1411 1360 1344 1347 1348 1341 1352 1350 1341 1343 1349
545.978027 1340 1349 1336 1360 1406 1442 1395 1353 1356 1356 1344 1346 1345 1351 1344 1333 1339
546.015015 1339 1348 1346 1360 1394 1419 1396 1358 1347 1351 1335 1344 1347 1342 1343 1342 1339
546.052979 1337 1331 1335 1346 1411 1403 1384 1353 1350 1340 1343 1342 1349 1335 1335 1337 1350
546.090027 1336 1355 1334 1344 1405 1418 1394 1350 1352 1344 1346 1344 1341 1349 1333 1323 1343
546.127991 1353 1336 1333 1341 1397 1404 1388 1362 1345 1335 1335 1335 1350 1338 1339 1325 1342
546.164978 1343 1333 1348 1346 1384 1422 1395 1344 1345 1328 1333 1339 1346 1343 1332 1332 1330
546.203003 1346 1337 1344 1344 1385 1413 1388 1356 1342 1341 1334 1343 1332 1328 1331 1340 1334
546.23999 1343 1342 1343 1347 1387 1405 1392 1352 1342 1343 1341 1342 1344 1329 1336 1330 1333
546.278015 1341 1331 1339 1349 1383 1412 1399 1336 1344 1340 1333 1334 1332 1333 1342 1338 1334
546.315002 1339 1344 1345 1343 1395 1402 1395 1358 1335 1340 1354 1338 1339 1337 1330 1332 1343
546.353027 1337 1340 1336 1345 1386 1416 1386 1354 1331 1332 1331 1337 1331 1325 1334 1334 1328
546.390015 1338 1329 1338 1346 1394 1423 1383 1353 1345 1342 1336 1335 1344 1334 1334 1334 1328
546.427979 1341 1343 1339 1339 1388 1414 1387 1356 1335 1330 1341 1342 1331 1340 1337 1332 1324
546.465027 1331 1341 1337 1343 1389 1414 1388 1353 1339 1336 1338 1330 1340 1336 1333 1336 1337
546.502991 1334 1350 1329 1343 1392 1413 1384 1362 1335 1338 1338 1333 1339 1335 1329 1335 1342
546.539978 1342 1345 1337 1344 1387 1402 1385 1347 1335 1340 1332 1341 1338 1330 1334 1339 1326
546.578003 1327 1335 1344 1334 1386 1411 1389 1349 1341 1334 1339 1335 1325 1333 1335 1333 1331
546.61499 1328 1333 1331 1339 1387 1408 1397 1352 1333 1340 1331 1335 1317 1329 1326 1337 1322
546.653015 1342 1339 1337 1336 1379 1396 1382 1347 1345 1334 1335 1326 1338 1329 1324 1334 1333
546.690979 1336 1339 1336 1343 1387 1412 1390 1346 1337 1346 1329 1328 1328 1321 1330 1329 1334
546.728027 1335 1348 1332 1343 1385 1399 1379 1343 1340 1335 1334 1333 1332 1327 1340 1324 1330
546.765991 1328 1328 1332 1349 1378 1415 1369 1348 1348 1343 1326 1334 1327 1340 1332 1330 1338
546.802979 1329 1343 1337 1337 1388 1404 1391 1347 1344 1330 1327 1326 1327 1336 1330 1323 1334
546.841003 1343 1340 1329 1343 1385 1393 1386 1354 1332 1325 1323 1327 1338 1322 1321 1333 1331
546.877991 1339 1332 1343 1346 1384 1407 1387 1347 1342 1323 1334 1329 1331 1326 1322 1330 1335
546.916016 1338 1332 1337 1339 1380 1402 1373 1342 1335 1334 1334 1328 1330 1329 1333 1327 1324
546.953003 1339 1339 1336 1337 1389 1416 1387 1352 1334 1341 1328 1325 1336 1324 1329 1328 1329
546.991028 1333 1342 1338 1341 1379 1400 1381 1343 1332 1340 1325 1336 1328 1331 1328 1333 1341
547.028015 1357 1348 1337 1333 1383 1395 1373 1350 1338 1331 1340 1317 1324 1321 1321 1323 1335
547.065979 1333 1338 1339 1347 1383 1400 1372 1342 1345 1335 1326 1329 1333 1329 1326 1335 1344
547.103027 1344 1352 1335 1338 1378 1401 1385 1337 1337 1345 1332 1333 1325 1325 1322 1325 1335
547.140991 1340 1343 1343 1343 1382 1394 1385 1350 1349 1334 1337 1340 1319 1321 1320 1335 1341
547.177979 1360 1359 1345 1355 1402 1391 1380 1351 1352 1348 1331 1334 1319 1322 1327 1325 1334
547.216003 1351 1362 1341 1338 1384 1417 1391 1356 1360 1362 1339 1341 1329 1318 1323 1346 1347
547.252991 1355 1352 1353 1339 1375 1404 1383 1366 1354 1357 1350 1333 1327 1322 1324 1334 1353
547.291016 1368 1373 1357 1346 1379 1401 1382 1367 1373 1373 1357 1331 1322 1323 1341 1349 1360
547.328003 1374 1377 1356 1340 1379 1402 1396 1379 1378 1384 1369 1341 1341 1323 1327 1363 1363
547.366028 1395 1388 1368 1347 1383 1392 1393 1393 1394 1393 1368 1356 1326 1321 1339 1357 1370
547.403015 1412 1412 1390 1364 1378 1410 1395 1393 1409 1425 1393 1361 1336 1330 1336 1371 1402
547.440979 1447 1442 1402 1365 1381 1413 1409 1407 1420 1435 1408 1361 1343 1316 1346 1388 1419
547.478027 1476 1457 1417 1380 1382 1404 1427 1430 1458 1468 1425 1379 1344 1334 1358 1407 1441
547.515991 1513 1513 1445 1385 1392 1390 1428 1431 1485 1500 1452 1415 1346 1329 1372 1429 1484
547.552979 1575 1558 1503 1409 1390 1417 1435 1490 1543 1548 1502 1425 1358 1336 1392 1459 1535
547.591003 1599 1589 1525 1415 1384 1407 1474 1519 1602 1600 1538 1427 1363 1327 1400 1477 1590
547.627991 1633 1616 1537 1437 1399 1427 1459 1524 1621 1642 1562 1470 1366 1340 1389 1512 1601
547.666016 1677 1657 1567 1441 1385 1406 1463 1541 1643 1635 1580 1473 1362 1341 1394 1529 1621
547.703003 1670 1646 1570 1439 1407 1408 1459 1544 1646 1684 1565 1458 1356 1343 1395 1505 1611
547.741028 1631 1642 1556 1415 1394 1414 1459 1509 1612 1624 1541 1443 1355 1337 1394 1471 1563
547.778015 1532 1562 1462 1410 1389 1413 1437 1480 1542 1531 1475 1408 1341 1326 1374 1440 1491
547.815002 1455 1465 1431 1370 1381 1409 1401 1412 1444 1453 1418 1370 1322 1325 1340 1387 1418
547.853027 1406 1406 1380 1363 1374 1404 1395 1384 1405 1408 1378 1346 1324 1331 1327 1364 1384
547.890015 1379 1369 1363 1336 1369 1407 1395 1367 1370 1369 1356 1345 1329 1319 1330 1350 1359
547.927979 1380 1368 1350 1348 1378 1411 1379 1358 1369 1364 1352 1346 1316 1321 1320 1330 1355
547.965027 1364 1343 1345 1341 1381 1388 1387 1358 1350 1351 1347 1338 1327 1317 1326 1336 1349
548.002991 1336 1358 1338 1344 1374 1400 1384 1352 1349 1346 1334 1326 1313 1323 1332 1335 1336
548.039978 1350 1350 1337 1352 1386 1402 1392 1353 1344 1344 1337 1324 1323 1321 1330 1327 1353
548.078003 1344 1340 1330 1333 1372 1395 1368 1334 1337 1331 1334 1322 1313 1313 1325 1331 1331
548.11499 1341 1330 1326 1326 1378 1390 1393 1341 1345 1334 1334 1321 1319 1322 1325 1320 1338
548.153015 1332 1331 1327 1338 1372 1406 1381 1344 1329 1328 1337 1327 1314 1320 1321 1323 1318
548.190002 1331 1341 1333 1334 1375 1402 1372 1340 1332 1324 1328 1325 1326 1322 1320 1316 1330
548.228027 1322 1328 1324 1337 1380 1402 1381 1340 1337 1325 1324 1327 1318 1319 1325 1317 1323
548.265015 1334 1326 1327 1340 1369 1395 1378 1345 1335 1330 1328 1322 1322 1320 1320 1318 1322
548.302979 1332 1326 1330 1330 1361 1402 1376 1340 1332 1341 1326 1317 1316 1319 1321 1327 1322
548.340027 1327 1329 1320 1336 1370 1391 1377 1335 1329 1324 1335 1310 1314 1322 1321 1322 1324
548.377991 1330 1334 1326 1332 1373 1397 1365 1339 1337 1322 1322 1321 1315 1322 1319 1317 1320
548.414978 1321 1322 1324 1334 1362 1392 1377 1330 1335 1326 1320 1327 1321 1314 1316 1319 1324
548.453003 1327 1327 1343 1324 1371 1391 1378 1349 1326 1336 1320 1311 1310 1325 1320 1313 1318
548.48999 1335 1328 1335 1326 1379 1396 1374 1332 1331 1316 1319 1312 1311 1332 1321 1315 1321
548.528015 1329 1323 1324 1319 1375 1391 1376 1333 1328 1331 1323 1325 1315 1314 1322 1322 1320
548.565002 1333 1325 1327 1326 1373 1392 1371 1334 1335 1319 1319 1315 1317 1317 1311 1319 1319
548.603027 1332 1327 1327 1324 1376 1403 1373 1341 1328 1327 1314 1320 1324 1321 1321 1313 1318
548.640015 1331 1337 1320 1331 1378 1393 1368 1326 1330 1325 1318 1331 1331 1334 1314 1319 1318
548.677979 1321 1329 1324 1333 1380 1396 1375 1337 1336 1336 1322 1323 1332 1316 1321 1322 1323
548.715027 1331 1334 1329 1327 1381 1405 1372 1326 1330 1324 1319 1322 1330 1316 1317 1325 1323
548.752014 1332 1334 1330 1326 1372 1401 1370 1322 1341 1329 1332 1321 1324 1317 1325 1328 1329
548.789978 1336 1334 1328 1335 1389 1400 1380 1344 1326 1330 1327 1326 1325 1324 1322 1327 1329
548.827026 1331 1330 1326 1343 1371 1400 1385 1345 1340 1330 1329 1337 1323 1323 1323 1333 1318
548.86499 1325 1332 1332 1343 1390 1415 1372 1352 1335 1328 1330 1331 1320 1330 1326 1318 1324
548.901978 1319 1329 1338 1334 1378 1400 1390 1341 1333 1334 1329 1325 1327 1332 1325 1320 1332
548.940002 1316 1336 1317 1342 1374 1405 1378 1330 1322 1323 1320 1326 1334 1318 1315 1321 1320
548.97699 1315 1326 1325 1336 1389 1397 1376 1341 1327 1330 1323 1312 1325 1315 1318 1320 1322
549.015015 1333 1327 1323 1326 1378 1398 1361 1343 1328 1323 1310 1317 1318 1318 1320 1316 1320
549.052002 1323 1321 1325 1316 1366 1379 1373 1331 1327 1323 1323 1315 1312 1313 1317 1315 1314
549.090027 1325 1323 1322 1324 1376 1402 1370 1327 1325 1317 1311 1302 1323 1320 1319 1317 1315
549.127014 1322 1327 1316 1322 1361 1400 1380 1336 1323 1315 1312 1317 1317 1324 1312 1307 1315
549.164978 1324 1321 1324 1331 1372 1390 1373 1327 1314 1317 1321 1315 1314 1308 1312 1317 1328
549.202026 1325 1320 1317 1324 1372 1388 1375 1331 1332 1321 1322 1318 1316 1316 1314 1321 1310
549.23999 1318 1319 1321 1329 1386 1414 1373 1337 1323 1317 1323 1312 1308 1311 1324 1315 1314
549.276978 1319 1324 1319 1323 1378 1394 1387 1341 1329 1322 1305 1315 1314 1325 1314 1314 1315
549.314026 1315 1318 1314 1333 1372 1388 1369 1334 1329 1325 1314 1317 1314 1316 1322 1315 1309
549.35199 1321 1320 1326 1331 1370 1392 1368 1334 1324 1312 1321 1317 1325 1318 1317 1309 1320
549.388977 1315 1322 1314 1330 1365 1392 1372 1329 1327 1317 1317 1313 1317 1316 1312 1323 1305
549.427002 1323 1316 1321 1328 1374 1391 1369 1325 1321 1323 1318 1314 1314 1314 1312 1322 1316
549.463989 1325 1320 1320 1329 1366 1392 1381 1332 1326 1329 1315 1322 1319 1322 1319 1321 1317
549.502014 1314 1323 1330 1326 1371 1402 1376 1321 1319 1326 1316 1318 1323 1314 1313 1314 1323
549.539001 1325 1318 1323 1323 1371 1393 1367 1319 1339 1318 1316 1314 1310 1312 1307 1314 1311
549.577026 1312 1326 1332 1330 1377 1394 1370 1333 1326 1331 1324 1314 1324 1320 1330 1319 1319
549.614014 1332 1329 1329 1348 1387 1409 1389 1340 1337 1333 1322 1328 1320 1325 1326 1320 1322
549.651978 1338 1342 1339 1353 1387 1418 1394 1344 1337 1335 1332 1331 1334 1328 1334 1329 1325
549.689026 1343 1353 1338 1351 1398 1416 1403 1357 1345 1339 1341 1343 1345 1342 1328 1341 1349
549.726013 1348 1356 1349 1349 1393 1413 1417 1352 1353 1344 1342 1344 1343 1348 1339 1325 1341
549.763977 1346 1344 1346 1349 1399 1427 1386 1355 1348 1352 1340 1336 1335 1339 1338 1333 1347
549.801025 1332 1330 1339 1347 1382 1422 1379 1351 1336 1332 1334 1334 1326 1335 1330 1327 1345
549.838989 1317 1329 1335 1341 1393 1411 1382 1331 1331 1338 1321 1330 1321 1316 1320 1318 1327
549.875977 1320 1323 1333 1327 1382 1411 1379 1330 1330 1329 1323 1319 1327 1324 1320 1307 1321
549.914001 1317 1326 1319 1332 1363 1390 1368 1331 1323 1323 1326 1314 1320 1316 1327 1315 1317
549.950989 1319 1313 1319 1336 1367 1392 1376 1331 1322 1314 1323 1309 1322 1323 1317 1317 1319
549.989014 1328 1319 1319 1319 1386 1380 1360 1329 1311 1325 1315 1315 1329 1314 1319 1308 1310
550.026001 1316 1324 1327 1335 1376 1391 1370 1323 1318 1325 1310 1315 1321 1315 1312 1309 1314
550.062988 1317 1320 1320 1327 1371 1395 1365 1327 1329 1328 1323 1311 1314 1314 1323 1312 1314
550.101013 1311 1320 1318 1330 1366 1391 1373 1329 1318 1323 1315 1313 1313 1314 1319 1307 1312
550.138 1318 1318 1316 1327 1375 1391 1364 1325 1321 1321 1311 1313 1321 1318 1322 1312 1315
550.176025 1325 1319 1322 1329 1371 1387 1359 1324 1318 1321 1312 1323 1320 1316 1314 1313 1316
550.213013 1323 1315 1321 1321 1373 1389 1375 1326 1326 1320 1309 1316 1312 1314 1306 1308 1309
550.250977 1322 1316 1312 1327 1377 1382 1366 1332 1317 1315 1315 1311 1315 1320 1317 1316 1320
550.288025 1313 1321 1321 1324 1368 1392 1371 1326 1315 1311 1310 1315 1311 1314 1315 1312 1310
550.325989 1316 1314 1322 1327 1373 1388 1367 1335 1327 1307 1313 1310 1305 1307 1315 1312 1307
550.362976 1307 1315 1330 1318 1378 1392 1365 1330 1321 1314 1305 1301 1315 1312 1303 1314 1314
550.400024 1317 1314 1323 1324 1374 1389 1365 1328 1316 1324 1318 1317 1308 1310 1311 1309 1311
550.437988 1318 1331 1316 1320 1371 1388 1365 1323 1323 1314 1318 1316 1318 1314 1316 1302 1312
550.474976 1312 1318 1315 1322 1372 1383 1368 1324 1314 1319 1305 1310 1311 1310 1316 1307 1314
550.513 1321 1315 1312 1320 1364 1385 1373 1324 1317 1317 1313 1307 1318 1310 1305 1311 1313
550.549988 1314 1323 1314 1322 1369 1397 1356 1327 1313 1314 1314 1313 1315 1314 1305 1308 1311
550.588013 1313 1310 1323 1327 1368 1393 1358 1326 1321 1316 1314 1304 1314 1309 1304 1316 1321
550.625 1316 1317 1315 1327 1375 1399 1352 1338 1327 1313 1314 1316 1309 1324 1308 1309 1304
550.661987 1320 1318 1316 1323 1370 1394 1374 1321 1312 1320 1310 1306 1307 1313 1313 1313 1313
550.700012 1315 1319 1326 1320 1369 1388 1370 1339 1325 1320 1314 1310 1315 1313 1315 1314 1308
550.737 1319 1318 1317 1327 1378 1393 1372 1313 1314 1315 1315 1310 1313 1313 1305 1310 1320
550.775024 1304 1314 1318 1322 1367 1392 1372 1328 1315 1324 1307 1320 1313 1300 1309 1313 1310
550.812012 1317 1315 1315 1324 1369 1397 1362 1330 1318 1307 1306 1307 1313 1309 1318 1307 1306
550.849976 1311 1324 1315 1320 1364 1408 1366 1326 1320 1313 1318 1314 1312 1308 1311 1311 1313
550.887024 1310 1316 1314 1317 1367 1383 1368 1336 1317 1315 1302 1300 1316 1312 1296 1307 1325
550.924011 1318 1311 1318 1320 1368 1385 1375 1325 1319 1311 1304 1313 1314 1312 1314 1308 1316
550.961975 1316 1314 1310 1327 1363 1389 1376 1324 1313 1320 1310 1311 1313 1311 1309 1305 1305
550.999023 1313 1319 1315 1317 1370 1400 1376 1320 1320 1323 1317 1312 1311 1303 1311 1307 1311
551.036987 1315 1321 1322 1325 1369 1377 1379 1329 1316 1321 1309 1308 1317 1314 1314 1310 1311
551.073975 1316 1317 1316 1324 1360 1394 1356 1322 1317 1309 1314 1312 1318 1316 1316 1308 1300
551.112 1307 1313 1316 1317 1369 1401 1365 1326 1321 1321 1319 1312 1307 1310 1318 1312 1308
551.148987 1316 1318 1317 1319 1367 1392 1370 1327 1324 1319 1311 1312 1306 1311 1309 1309 1312
551.187012 1315 1315 1314 1321 1365 1390 1374 1323 1319 1320 1314 1310 1324 1310 1303 1309 1318
551.223999 1316 1311 1320 1321 1363 1381 1364 1321 1318 1312 1309 1308 1316 1311 1317 1314 1312
551.260986 1326 1315 1318 1322 1368 1400 1359 1329 1310 1317 1304 1310 1318 1313 1312 1313 1312
551.299011 1320 1304 1322 1328 1364 1396 1380 1316 1319 1318 1310 1317 1311 1305 1305 1317 1305
551.335999 1318 1309 1324 1317 1374 1377 1365 1324 1311 1314 1309 1316 1308 1308 1310 1305 1307
551.374023 1320 1308 1325 1324 1359 1387 1361 1325 1320 1320 1316 1304 1310 1313 1309 1314 1308
551.411011 1318 1312 1318 1322 1367 1398 1354 1328 1318 1313 1310 1310 1307 1310 1302 1308 1321
551.447998 1306 1308 1309 1330 1365 1388 1361 1327 1313 1309 1312 1313 1314 1312 1312 1303 1311
551.486023 1311 1315 1314 1322 1362 1397 1369 1319 1314 1315 1318 1313 1306 1309 1309 1304 1314
551.52301 1311 1317 1320 1323 1370 1392 1355 1323 1314 1315 1314 1304 1308 1311 1306 1305 1317
551.560974 1314 1319 1308 1326 1360 1393 1359 1322 1316 1316 1312 1311 1312 1309 1309 1310 1309
551.598022 1309 1310 1316 1326 1368 1391 1366 1325 1316 1312 1305 1308 1317 1308 1309 1296 1309
551.63501 1305 1315 1306 1323 1357 1386 1359 1324 1307 1311 1314 1306 1311 1305 1308 1305 1312
551.672974 1310 1316 1308 1319 1355 1398 1366 1325 1314 1318 1306 1316 1314 1310 1311 1316 1310
551.710022 1310 1317 1312 1322 1362 1400 1363 1322 1321 1322 1311 1308 1318 1319 1317 1309 1314
551.747986 1311 1327 1317 1316 1364 1397 1371 1321 1317 1313 1315 1309 1308 1307 1314 1303 1311
551.784973 1312 1315 1321 1328 1369 1390 1351 1331 1321 1319 1312 1312 1313 1307 1315 1314 1314
551.822998 1314 1316 1315 1317 1356 1387 1363 1328 1315 1314 1319 1312 1308 1314 1313 1314 1317
551.859985 1312 1313 1312 1325 1364 1383 1354 1324 1307 1312 1312 1314 1306 1300 1305 1308 1314
551.896973 1314 1311 1319 1326 1371 1379 1367 1331 1321 1307 1306 1309 1316 1312 1307 1317 1307
551.934998 1317 1318 1324 1325 1373 1393 1369 1326 1315 1312 1312 1304 1313 1306 1314 1309 1314
551.971985 1313 1306 1313 1310 1369 1386 1363 1329 1319 1320 1310 1311 1312 1308 1312 1314 1308
552.01001 1304 1310 1314 1328 1368 1386 1363 1324 1309 1315 1304 1311 1312 1304 1309 1308 1305
552.046997 1313 1314 1314 1323 1361 1388 1375 1321 1313 1319 1307 1315 1314 1305 1308 1313 1302
552.083984 1319 1310 1322 1320 1361 1387 1369 1326 1321 1310 1307 1313 1305 1309 1314 1310 1318
552.122009 1311 1319 1322 1322 1377 1388 1365 1330 1320 1322 1307 1313 1311 1315 1311 1315 1310
552.158997 1315 1312 1314 1329 1368 1386 1363 1323 1318 1311 1311 1315 1307 1315 1309 1311 1314
552.197021 1320 1315 1318 1331 1363 1380 1368 1332 1317 1307 1314 1309 1312 1311 1305 1317 1323
552.234009 1315 1322 1315 1322 1359 1393 1363 1317 1321 1305 1312 1310 1309 1311 1318 1306 1308
552.270996 1315 1323 1322 1327 1367 1388 1365 1310 1313 1314 1312 1310 1312 1323 1306 1312 1309
552.309021 1316 1308 1311 1314 1372 1401 1356 1318 1322 1317 1305 1310 1318 1302 1306 1313 1311
552.346008 1309 1315 1313 1327 1372 1385 1368 1335 1320 1314 1311 1312 1308 1308 1306 1308 1315
552.383972 1312 1317 1306 1324 1362 1402 1365 1322 1315 1315 1312 1311 1311 1305 1309 1300 1309
552.421021 1308 1316 1309 1319 1366 1385 1355 1338 1312 1314 1315 1312 1312 1301 1318 1307 1308
552.458008 1318 1313 1319 1323 1358 1390 1370 1335 1316 1309 1311 1311 1310 1309 1316 1305 1308
552.495972 1316 1317 1316 1312 1359 1385 1357 1329 1311 1315 1320 1315 1319 1310 1311 1317 1308
552.53302 1322 1319 1317 1317 1366 1392 1365 1320 1315 1312 1315 1315 1312 1314 1304 1315 1302
552.570984 1309 1322 1309 1328 1361 1396 1368 1320 1308 1318 1312 1311 1307 1306 1307 1310 1312
552.607971 1306 1318 1315 1323 1361 1390 1369 1323 1319 1308 1313 1307 1309 1307 1310 1312 1312
552.64502 1311 1319 1312 1323 1372 1386 1380 1326 1317 1311 1307 1312 1311 1309 1310 1310 1308
552.682983 1310 1316 1315 1316 1364 1392 1369 1337 1315 1310 1308 1308 1304 1306 1301 1309 1309
552.719971 1312 1307 1321 1325 1368 1388 1363 1324 1317 1310 1307 1311 1313 1305 1310 1309 1318
552.757996 1311 1319 1313 1317 1365 1388 1363 1322 1323 1319 1312 1315 1304 1312 1317 1315 1305
552.794983 1312 1314 1315 1323 1361 1387 1366 1324 1319 1314 1304 1308 1300 1311 1314 1306 1311
552.83197 1307 1314 1312 1321 1359 1391 1361 1321 1314 1308 1311 1307 1316 1310 1313 1306 1308
552.869995 1313 1309 1317 1324 1362 1392 1366 1321 1317 1313 1310 1320 1315 1316 1314 1316 1320
552.906982 1312 1311 1312 1323 1368 1382 1363 1320 1322 1314 1311 1306 1314 1307 1307 1307 1310
552.945007 1325 1309 1307 1322 1370 1383 1358 1329 1310 1309 1308 1316 1306 1313 1315 1306 1310
552.981995 1319 1309 1314 1322 1364 1380 1372 1326 1305 1317 1311 1315 1310 1305 1314 1306 1307
553.018982 1311 1314 1319 1324 1361 1392 1363 1320 1318 1305 1310 1309 1313 1306 1322 1309 1314
553.057007 1307 1313 1320 1323 1366 1394 1356 1326 1319 1317 1314 1312 1308 1309 1309 1307 1305
553.093994 1313 1320 1323 1313 1366 1384 1362 1320 1315 1315 1311 1312 1310 1317 1303 1307 1307
553.130981 1313 1313 1314 1318 1352 1394 1370 1327 1315 1316 1323 1308 1313 1311 1309 1308 1314
553.169006 1308 1314 1322 1323 1379 1394 1358 1318 1315 1320 1311 1310 1310 1314 1310 1305 1307
553.205994 1309 1309 1321 1321 1369 1389 1360 1328 1311 1316 1315 1309 1309 1314 1314 1310 1311
553.244019 1320 1313 1321 1321 1365 1375 1364 1321 1318 1310 1313 1316 1311 1318 1310 1311 1315
553.281006 1313 1313 1314 1319 1360 1389 1361 1329 1323 1309 1318 1320 1310 1315 1307 1312 1314
553.317993 1314 1310 1311 1327 1364 1390 1369 1324 1314 1316 1318 1309 1316 1311 1307 1309 1300
553.356018 1308 1311 1314 1315 1365 1382 1368 1327 1319 1319 1315 1318 1313 1311 1311 1309 1304
553.393005 1310 1305 1319 1330 1357 1384 1370 1322 1317 1308 1305 1301 1311 1309 1311 1313 1307
553.43103 1314 1319 1323 1327 1364 1396 1355 1330 1319 1310 1301 1302 1314 1312 1309 1314 1317
553.468018 1310 1308 1315 1325 1367 1375 1358 1321 1316 1316 1319 1305 1307 1317 1309 1309 1301
553.505005 1313 1317 1313 1321 1360 1398 1362 1325 1315 1322 1310 1317 1309 1318 1307 1315 1312
553.54303 1309 1314 1319 1319 1359 1383 1362 1328 1320 1318 1312 1315 1316 1301 1312 1310 1316
553.580017 1318 1316 1315 1323 1369 1384 1362 1323 1311 1308 1319 1309 1315 1317 1305 1312 1310
553.617004 1315 1317 1315 1320 1371 1381 1371 1319 1320 1320 1312 1308 1313 1313 1313 1311 1310
553.655029 1310 1312 1320 1314 1365 1377 1359 1325 1309 1310 1310 1308 1309 1314 1309 1306 1321
553.692017 1305 1317 1315 1330 1367 1402 1373 1319 1313 1308 1320 1309 1311 1310 1310 1312 1309
553.729004 1312 1315 1318 1325 1352 1390 1364 1320 1320 1325 1316 1312 1314 1309 1311 1306 1298
553.767029 1314 1319 1316 1318 1369 1391 1365 1336 1324 1309 1307 1311 1313 1321 1310 1309 1304
553.804016 1313 1304 1312 1325 1369 1385 1364 1320 1328 1314 1309 1308 1320 1317 1310 1312 1307
553.84198 1321 1305 1316 1323 1357 1378 1360 1324 1320 1317 1310 1309 1308 1313 1314 1317 1318
553.879028 1321 1318 1316 1327 1366 1379 1371 1327 1322 1320 1318 1308 1312 1308 1311 1320 1308
553.916016 1317 1325 1323 1322 1367 1390 1362 1331 1314 1323 1309 1317 1316 1315 1308 1307 1304
553.953979 1318 1317 1319 1321 1378 1390 1361 1325 1321 1312 1312 1312 1306 1303 1313 1301 1311
553.991028 1313 1315 1317 1320 1361 1380 1373 1334 1328 1310 1307 1309 1312 1316 1304 1317 1312
554.028015 1311 1316 1325 1332 1372 1395 1374 1330 1313 1321 1320 1313 1315 1308 1309 1315 1306
554.065979 1317 1319 1314 1321 1356 1388 1368 1324 1324 1316 1314 1309 1311 1313 1307 1312 1312
554.103027 1329 1320 1318 1317 1366 1364 1372 1328 1320 1318 1317 1315 1312 1314 1308 1314 1305
554.140991 1310 1316 1316 1330 1370 1393 1361 1320 1320 1314 1306 1312 1318 1307 1305 1309 1312
554.177979 1304 1322 1315 1325 1364 1375 1357 1322 1313 1311 1316 1307 1310 1318 1309 1315 1314
554.215027 1312 1315 1312 1326 1362 1384 1370 1312 1309 1315 1302 1306 1305 1308 1311 1309 1311
554.252991 1309 1314 1317 1317 1366 1393 1360 1327 1318 1314 1312 1313 1311 1315 1304 1312 1309
554.289978 1310 1319 1316 1320 1367 1383 1357 1331 1312 1315 1307 1313 1306 1315 1310 1312 1306
554.327026 1317 1316 1319 1319 1373 1385 1360 1335 1315 1309 1313 1306 1308 1313 1307 1310 1315
554.36499 1317 1311 1316 1330 1368 1387 1357 1330 1311 1319 1314 1315 1320 1315 1310 1316 1308
554.401978 1312 1315 1313 1321 1358 1379 1367 1324 1323 1311 1313 1310 1316 1308 1307 1312 1309
554.439026 1318 1306 1303 1317 1351 1388 1344 1328 1316 1313 1308 1307 1310 1308 1309 1314 1306
554.47699 1322 1310 1312 1318 1364 1398 1362 1323 1310 1311 1308 1311 1317 1316 1315 1310 1321
554.513977 1312 1317 1310 1312 1360 1397 1364 1318 1311 1309 1320 1307 1311 1305 1313 1309 1312
554.552002 1319 1322 1321 1329 1359 1394 1373 1323 1318 1319 1313 1312 1314 1314 1311 1306 1320
554.588989 1317 1316 1315 1320 1378 1395 1369 1328 1318 1320 1317 1312 1311 1308 1303 1307 1312
554.625977 1317 1323 1318 1322 1368 1387 1366 1328 1311 1321 1318 1315 1319 1309 1307 1313 1314
554.664001 1315 1321 1312 1329 1364 1395 1375 1327 1309 1319 1317 1314 1310 1307 1309 1319 1327
554.700989 1314 1319 1325 1318 1366 1389 1367 1326 1320 1314 1311 1312 1321 1312 1311 1313 1308
554.737976 1318 1312 1320 1318 1364 1388 1362 1328 1320 1315 1314 1316 1301 1313 1311 1309 1316
554.776001 1315 1311 1330 1320 1370 1388 1356 1332 1320 1317 1312 1311 1315 1311 1311 1308 1318
554.812988 1314 1323 1320 1335 1359 1390 1367 1325 1323 1311 1312 1317 1312 1312 1307 1311 1316
554.849976 1317 1317 1314 1329 1369 1380 1370 1332 1312 1314 1317 1310 1321 1308 1306 1320 1306
554.888 1315 1315 1314 1321 1371 1388 1367 1319 1309 1311 1309 1311 1314 1314 1314 1314 1310
554.924988 1310 1317 1326 1332 1365 1383 1366 1328 1312 1316 1310 1312 1322 1313 1318 1313 1319
554.961975 1314 1320 1316 1319 1362 1393 1370 1323 1316 1314 1308 1316 1312 1312 1310 1314 1313
555 1324 1318 1315 1321 1365 1392 1362 1325 1313 1314 1314 1324 1320 1320 1309 1310 1315
555.036987 1306 1310 1318 1325 1365 1380 1371 1323 1321 1311 1315 1307 1309 1308 1313 1312 1309
555.073975 1323 1314 1319 1324 1362 1381 1364 1319 1318 1320 1317 1312 1317 1312 1311 1316 1314
555.112 1315 1314 1311 1321 1361 1395 1369 1326 1315 1310 1314 1323 1308 1313 1318 1309 1312
555.148987 1312 1320 1321 1324 1358 1402 1362 1325 1312 1321 1315 1314 1307 1311 1315 1317 1317
555.185974 1311 1322 1311 1326 1372 1385 1358 1335 1317 1317 1312 1313 1314 1312 1313 1316 1318
555.223999 1315 1315 1321 1317 1364 1394 1371 1328 1318 1311 1307 1314 1309 1317 1314 1306 1316
555.260986 1316 1310 1310 1327 1359 1396 1373 1327 1324 1317 1315 1319 1317 1316 1316 1309 1313
555.297974 1314 1326 1318 1330 1366 1392 1364 1328 1322 1318 1317 1310 1315 1314 1314 1319 1309
555.335999 1314 1320 1321 1324 1369 1381 1364 1336 1326 1317 1322 1312 1313 1313 1313 1306 1316
555.372986 1316 1320 1324 1325 1358 1394 1363 1328 1324 1319 1311 1313 1318 1314 1309 1321 1315
555.409973 1314 1321 1319 1325 1378 1390 1367 1328 1324 1316 1316 1310 1320 1311 1320 1317 1314
555.447998 1314 1317 1321 1320 1355 1386 1363 1326 1313 1321 1305 1313 1315 1314 1315 1310 1309
555.484985 1314 1329 1323 1332 1373 1389 1364 1332 1325 1314 1318 1322 1318 1311 1318 1324 1317
555.521973 1322 1320 1317 1330 1366 1387 1365 1330 1317 1314 1321 1313 1318 1316 1309 1312 1311
555.559998 1305 1326 1325 1326 1363 1381 1368 1320 1321 1319 1305 1317 1314 1318 1308 1319 1316
555.596985 1321 1319 1327 1331 1360 1382 1374 1327 1323 1322 1322 1317 1303 1311 1316 1324 1317
555.633972 1325 1326 1319 1322 1363 1380 1361 1327 1320 1321 1313 1316 1310 1315 1310 1322 1300
555.671997 1323 1318 1323 1324 1362 1394 1370 1336 1321 1329 1320 1319 1313 1314 1320 1314 1309
555.708984 1319 1324 1320 1327 1372 1386 1377 1329 1317 1319 1322 1323 1320 1319 1307 1307 1315
555.745972 1326 1319 1320 1330 1377 1392 1373 1329 1312 1319 1316 1323 1312 1321 1316 1313 1318
555.783997 1313 1315 1330 1329 1358 1388 1364 1333 1318 1308 1315 1313 1312 1311 1311 1312 1324
555.820984 1315 1319 1321 1322 1372 1395 1355 1328 1327 1318 1318 1319 1317 1320 1312 1316 1312
555.857971 1320 1318 1323 1331 1369 1396 1377 1328 1319 1322 1314 1316 1320 1315 1321 1317 1322
555.895996 1317 1332 1315 1329 1374 1395 1370 1325 1320 1321 1313 1309 1313 1316 1310 1320 1317
555.932983 1323 1317 1325 1318 1367 1397 1375 1321 1320 1320 1319 1321 1315 1318 1317 1320 1325
555.969971 1318 1321 1322 1327 1370 1404 1362 1339 1331 1315 1311 1314 1317 1311 1320 1317 1315
556.007996 1321 1320 1320 1337 1369 1394 1370 1335 1327 1322 1316 1321 1317 1324 1324 1316 1320
556.044983 1324 1327 1324 1324 1375 1387 1370 1338 1329 1320 1314 1323 1317 1321 1320 1319 1316
556.08197 1325 1324 1323 1335 1381 1392 1369 1341 1331 1328 1323 1322 1319 1322 1318 1318 1315
556.119995 1318 1326 1331 1333 1381 1400 1366 1333 1322 1322 1324 1322 1332 1327 1320 1326 1329
556.156982 1331 1325 1332 1340 1366 1395 1386 1349 1331 1329 1332 1313 1323 1333 1335 1309 1322
556.19397 1324 1320 1333 1335 1385 1397 1372 1341 1331 1328 1326 1319 1324 1321 1321 1334 1322
556.231995 1333 1334 1324 1342 1377 1389 1372 1335 1336 1332 1334 1329 1325 1334 1325 1327 1323
556.268982 1331 1328 1342 1336 1390 1398 1376 1340 1336 1331 1319 1319 1332 1322 1336 1320 1325
556.30603 1331 1325 1330 1340 1377 1405 1373 1338 1326 1327 1329 1323 1325 1327 1328 1327 1326
556.343994 1333 1333 1333 1340 1380 1404 1380 1352 1338 1337 1320 1323 1337 1327 1326 1331 1327
556.380981 1335 1337 1332 1340 1384 1411 1384 1340 1331 1327 1335 1318 1332 1340 1335 1327 1326
556.41803 1331 1340 1338 1346 1380 1396 1385 1346 1345 1337 1327 1341 1333 1336 1328 1330 1330
556.455994 1328 1335 1326 1341 1380 1402 1380 1341 1334 1331 1322 1336 1339 1338 1332 1320 1331
556.492981 1333 1334 1345 1349 1382 1400 1378 1343 1332 1343 1334 1328 1331 1335 1338 1347 1327
556.530029 1325 1334 1331 1349 1385 1411 1378 1342 1340 1339 1315 1331 1334 1331 1332 1327 1326
556.567993 1335 1335 1338 1350 1388 1409 1392 1347 1339 1332 1330 1334 1332 1330 1327 1332 1328
556.60498 1334 1343 1330 1348 1380 1407 1390 1347 1338 1335 1329 1331 1329 1326 1330 1320 1326
556.642029 1331 1328 1325 1343 1385 1407 1380 1344 1339 1334 1335 1329 1330 1333 1334 1333 1333
556.679016 1328 1334 1332 1344 1389 1393 1391 1350 1348 1333 1332 1331 1340 1332 1321 1339 1330
556.71698 1337 1330 1338 1340 1389 1411 1374 1354 1340 1335 1330 1329 1327 1326 1316 1331 1324
556.754028 1327 1327 1328 1342 1381 1393 1381 1347 1332 1328 1323 1334 1327 1322 1337 1319 1328
556.791016 1329 1332 1329 1334 1375 1394 1378 1332 1344 1332 1325 1328 1329 1327 1321 1322 1325
556.828979 1323 1338 1329 1330 1376 1397 1372 1334 1328 1326 1331 1320 1326 1324 1321 1326 1322
556.866028 1324 1322 1332 1338 1370 1394 1366 1334 1325 1324 1311 1324 1318 1319 1317 1314 1317
556.903015 1320 1327 1334 1329 1366 1397 1365 1328 1324 1313 1321 1322 1317 1318 1309 1314 1314
556.940979 1320 1325 1318 1326 1364 1393 1366 1322 1316 1327 1306 1308 1324 1304 1316 1307 1315
556.978027 1313 1314 1326 1322 1363 1382 1368 1324 1324 1311 1310 1314 1317 1310 1309 1306 1313
557.015015 1314 1319 1318 1324 1365 1374 1378 1326 1315 1310 1313 1312 1310 1310 1309 1312 1311
557.052002 1311 1316 1322 1329 1365 1386 1361 1325 1323 1316 1309 1314 1319 1304 1309 1312 1310
557.090027 1313 1318 1315 1331 1364 1390 1361 1317 1315 1310 1303 1309 1315 1316 1305 1320 1311
557.127014 1309 1314 1311 1323 1355 1384 1369 1321 1314 1308 1312 1307 1315 1304 1313 1309 1311
557.164001 1311 1321 1323 1321 1356 1374 1371 1317 1311 1310 1317 1304 1313 1310 1302 1310 1304
557.202026 1315 1320 1311 1325 1352 1378 1365 1318 1316 1319 1310 1312 1308 1314 1305 1311 1308
557.239014 1307 1312 1311 1325 1372 1368 1370 1317 1316 1315 1309 1305 1315 1311 1307 1315 1310
557.276001 1313 1310 1311 1322 1352 1374 1362 1324 1315 1311 1312 1317 1307 1313 1304 1308 1314
557.314026 1312 1321 1309 1316 1363 1377 1375 1328 1325 1319 1314 1308 1313 1310 1316 1306 1302
557.351013 1314 1312 1311 1319 1365 1382 1365 1319 1316 1305 1311 1308 1314 1312 1310 1305 1307
557.388 1311 1310 1318 1312 1363 1389 1355 1322 1310 1313 1313 1311 1311 1310 1307 1312 1311
557.424988 1314 1315 1312 1318 1350 1391 1365 1329 1317 1311 1303 1309 1316 1311 1308 1302 1309
557.463013 1313 1311 1316 1328 1369 1387 1356 1327 1306 1309 1299 1318 1312 1314 1316 1305 1302
557.5 1314 1308 1312 1321 1366 1390 1350 1319 1310 1309 1298 1313 1321 1308 1312 1311 1310
557.536987 1314 1310 1310 1313 1356 1374 1356 1321 1313 1310 1315 1306 1308 1300 1306 1301 1309
557.575012 1312 1313 1311 1318 1356 1373 1361 1313 1312 1313 1306 1307 1302 1306 1311 1303 1314
557.612 1308 1313 1307 1326 1356 1389 1358 1319 1319 1308 1301 1306 1305 1304 1307 1307 1307
557.648987 1311 1304 1315 1312 1362 1384 1355 1322 1310 1304 1306 1309 1306 1306 1301 1311 1302
557.687012 1313 1313 1310 1325 1358 1371 1356 1319 1306 1306 1307 1308 1305 1308 1308 1309 1305
557.723999 1306 1311 1314 1311 1353 1382 1357 1314 1321 1310 1308 1302 1304 1311 1313 1303 1305
557.760986 1310 1307 1308 1317 1350 1371 1348 1322 1310 1321 1314 1305 1317 1303 1308 1308 1315
557.797974 1307 1309 1313 1313 1366 1383 1360 1333 1316 1307 1304 1313 1306 1302 1307 1306 1306
557.835999 1312 1303 1313 1322 1351 1390 1359 1316 1322 1312 1311 1307 1301 1306 1307 1305 1305
557.872986 1313 1306 1312 1314 1357 1381 1358 1321 1312 1301 1307 1308 1308 1306 1305 1303 1305
557.909973 1313 1310 1305 1316 1352 1362 1352 1312 1311 1317 1303 1306 1314 1304 1307 1320 1311
557.947998 1308 1311 1307 1320 1354 1376 1348 1321 1311 1312 1313 1314 1310 1307 1298 1316 1305
557.984985 1311 1320 1313 1319 1350 1384 1367 1318 1312 1305 1313 1304 1311 1301 1308 1305 1307
558.021973 1314 1313 1308 1313 1353 1369 1349 1321 1314 1312 1309 1307 1307 1302 1306 1303 1308
558.059021 1312 1310 1314 1308 1358 1383 1336 1323 1311 1312 1310 1312 1308 1312 1316 1302 1314
558.096985 1315 1318 1309 1319 1361 1380 1364 1320 1311 1307 1299 1311 1307 1309 1309 1300 1310
558.133972 1314 1314 1304 1312 1349 1382 1356 1321 1308 1313 1295 1311 1305 1303 1306 1305 1303
558.171021 1307 1310 1311 1315 1352 1367 1362 1322 1309 1305 1307 1306 1301 1306 1300 1300 1299
558.208008 1308 1311 1305 1312 1358 1383 1358 1311 1312 1313 1302 1304 1306 1302 1309 1304 1303
558.245972 1309 1299 1308 1322 1352 1374 1342 1325 1309 1308 1309 1309 1314 1297 1311 1307 1297
558.28302 1309 1307 1313 1314 1345 1374 1354 1307 1308 1299 1304 1302 1310 1303 1304 1302 1304
558.320007 1300 1317 1306 1319 1350 1374 1359 1312 1310 1310 1305 1303 1312 1301 1307 1302 1300
558.357971 1308 1308 1303 1316 1353 1382 1354 1314 1316 1312 1308 1298 1301 1299 1305 1304 1307
558.39502 1306 1309 1305 1312 1353 1373 1358 1326 1305 1315 1303 1299 1302 1303 1303 1307 1303
558.432007 1304 1302 1312 1318 1349 1377 1355 1319 1311 1303 1305 1307 1304 1304 1306 1303 1304
558.468994 1302 1306 1309 1317 1349 1378 1346 1321 1306 1306 1311 1304 1304 1305 1300 1303 1304
558.507019 1314 1305 1300 1317 1362 1385 1348 1323 1309 1309 1303 1310 1305 1300 1305 1306 1302
558.544006 1311 1314 1303 1315 1372 1370 1353 1313 1304 1304 1304 1305 1309 1309 1300 1303 1294
558.580994 1307 1310 1305 1314 1344 1387 1347 1308 1306 1304 1298 1300 1309 1302 1297 1304 1314
558.619019 1304 1309 1310 1317 1357 1376 1348 1310 1312 1315 1308 1313 1305 1301 1305 1309 1302
558.656006 1304 1308 1308 1313 1359 1361 1340 1309 1310 1310 1308 1298 1302 1298 1301 1302 1303
558.692993 1307 1309 1312 1306 1361 1376 1350 1310 1313 1316 1306 1299 1303 1299 1302 1302 1306
558.72998 1296 1300 1313 1301 1347 1366 1346 1316 1309 1300 1312 1308 1303 1300 1308 1296 1311
558.768005 1301 1307 1304 1311 1350 1379 1344 1321 1312 1301 1315 1299 1307 1313 1303 1301 1296
558.804993 1312 1308 1306 1317 1355 1383 1356 1313 1307 1304 1304 1306 1308 1307 1299 1305 1303
558.84198 1303 1311 1310 1318 1352 1378 1355 1313 1308 1310 1309 1307 1308 1294 1302 1303 1303
558.879028 1308 1299 1306 1319 1345 1375 1345 1314 1312 1308 1301 1304 1307 1304 1303 1301 1308
558.916992 1306 1311 1314 1310 1363 1365 1353 1311 1307 1305 1305 1302 1304 1309 1299 1301 1304
558.953979 1304 1307 1302 1315 1357 1379 1351 1322 1310 1300 1300 1298 1307 1301 1304 1301 1306
558.991028 1303 1303 1306 1320 1348 1386 1340 1317 1302 1299 1299 1303 1304 1304 1302 1303 1300
559.028015 1306 1307 1296 1317 1357 1379 1347 1320 1306 1309 1299 1307 1295 1309 1306 1302 1303
559.065979 1302 1313 1302 1300 1353 1359 1354 1308 1311 1309 1300 1304 1302 1300 1302 1296 1304
559.103027 1299 1317 1302 1310 1353 1359 1355 1310 1310 1303 1307 1309 1314 1299 1302 1304 1304
559.140015 1302 1309 1304 1307 1349 1375 1352 1318 1308 1300 1308 1297 1296 1297 1299 1306 1300
559.177002 1295 1303 1300 1315 1348 1369 1345 1313 1304 1308 1299 1293 1299 1305 1294 1301 1305
559.215027 1301 1298 1304 1315 1352 1372 1348 1313 1299 1299 1302 1296 1305 1305 1298 1302 1305
559.252014 1300 1303 1309 1313 1345 1371 1349 1308 1304 1301 1300 1292 1303 1301 1304 1299 1300
559.289001 1305 1308 1295 1305 1344 1369 1344 1314 1300 1303 1294 1303 1303 1295 1302 1302 1293
559.325989 1307 1313 1305 1307 1351 1377 1348 1313 1305 1304 1302 1305 1302 1301 1300 1303 1300
559.364014 1304 1307 1311 1312 1343 1373 1352 1313 1313 1302 1299 1306 1300 1306 1302 1293 1297
559.401001 1303 1297 1310 1311 1345 1364 1351 1315 1300 1300 1300 1302 1298 1295 1296 1300 1295
559.437988 1304 1295 1300 1299 1353 1375 1351 1322 1305 1299 1307 1304 1302 1299 1296 1299 1302
559.474976 1302 1300 1299 1308 1351 1368 1346 1310 1308 1310 1297 1302 1297 1298 1299 1297 1298
559.513 1302 1299 1303 1314 1353 1368 1340 1316 1308 1303 1296 1296 1298 1297 1299 1299 1299
559.549988 1302 1300 1297 1307 1341 1358 1342 1306 1300 1292 1302 1309 1297 1305 1297 1303 1302
559.586975 1304 1303 1301 1311 1350 1369 1347 1309 1302 1306 1298 1299 1302 1292 1291 1298 1304
559.624023 1297 1300 1304 1304 1336 1353 1345 1312 1304 1300 1304 1295 1295 1301 1291 1298 1297
559.661987 1307 1298 1306 1308 1350 1368 1347 1314 1303 1294 1295 1303 1300 1293 1302 1296 1296
559.698975 1300 1309 1305 1314 1345 1371 1340 1308 1299 1296 1301 1300 1294 1292 1298 1295 1298
559.736023 1305 1300 1299 1311 1339 1365 1337 1311 1296 1289 1301 1297 1304 1300 1298 1304 1302
559.77301 1300 1305 1301 1305 1344 1363 1333 1317 1300 1299 1291 1290 1305 1295 1300 1301 1296
559.810974 1303 1303 1297 1311 1340 1376 1344 1306 1303 1304 1308 1302 1299 1297 1301 1296 1306
559.848022 1303 1297 1303 1307 1347 1363 1338 1306 1299 1306 1298 1305 1305 1297 1295 1296 1296
559.88501 1297 1304 1299 1302 1346 1361 1345 1313 1306 1303 1303 1302 1295 1295 1290 1302 1292
559.921997 1302 1295 1295 1310 1345 1368 1337 1309 1297 1297 1300 1299 1302 1296 1303 1296 1292
559.960022 1304 1298 1300 1306 1346 1367 1348 1314 1302 1305 1300 1296 1295 1300 1298 1290 1295
559.997009 1304 1295 1303 1305 1355 1357 1341 1311 1300 1303 1299 1301 1295 1295 1294 1297 1296
560.033997 1298 1292 1303 1307 1347 1365 1341 1310 1300 1302 1304 1293 1302 1305 1299 1297 1296
560.070984 1302 1297 1303 1306 1341 1364 1345 1304 1312 1296 1297 1300 1295 1295 1298 1295 1293
560.109009 1298 1309 1299 1309 1342 1359 1341 1308 1309 1309 1308 1300 1297 1306 1302 1298 1295
560.145996 1299 1302 1306 1307 1349 1379 1348 1316 1307 1301 1305 1292 1298 1299 1293 1299 1294
560.182983 1302 1298 1297 1310 1351 1371 1344 1309 1303 1305 1291 1295 1292 1300 1299 1294 1299
560.219971 1299 1299 1299 1306 1347 1358 1346 1306 1305 1298 1293 1293 1296 1293 1300 1301 1296
560.257996 1297 1302 1302 1310 1337 1364 1342 1311 1299 1304 1297 1296 1295 1297 1301 1297 1295
560.294983 1296 1302 1296 1306 1342 1365 1343 1313 1301 1300 1300 1294 1302 1308 1293 1302 1302
560.33197 1299 1300 1305 1309 1348 1363 1339 1318 1297 1292 1298 1297 1298 1296 1295 1299 1305
560.369019 1300 1299 1304 1304 1354 1367 1345 1313 1301 1301 1299 1303 1301 1294 1300 1294 1301
560.406006 1302 1297 1305 1303 1342 1366 1341 1311 1300 1300 1295 1301 1297 1300 1296 1304 1293
560.44397 1301 1312 1306 1309 1349 1365 1339 1317 1304 1303 1300 1299 1298 1304 1297 1301 1300
560.481018 1305 1296 1303 1306 1341 1379 1343 1311 1313 1306 1296 1302 1296 1291 1297 1294 1296
560.518005 1304 1302 1311 1302 1348 1369 1338 1314 1302 1301 1305 1303 1295 1302 1302 1303 1302
560.554993 1297 1298 1302 1316 1340 1365 1350 1309 1299 1306 1302 1296 1299 1304 1304 1306 1292
560.593018 1297 1303 1303 1304 1354 1368 1356 1305 1308 1304 1299 1307 1300 1303 1296 1305 1301
560.630005 1302 1300 1303 1314 1346 1380 1346 1303 1312 1304 1299 1308 1300 1303 1298 1308 1301
560.666992 1305 1305 1303 1303 1349 1360 1347 1314 1308 1303 1298 1307 1299 1301 1302 1299 1303
560.703979 1306 1317 1295 1300 1348 1366 1337 1314 1305 1304 1311 1302 1298 1295 1296 1302 1302
560.742004 1304 1299 1316 1305 1339 1381 1339 1311 1299 1304 1297 1297 1299 1297 1303 1306 1298
560.778992 1306 1312 1305 1312 1349 1364 1348 1320 1315 1299 1305 1289 1297 1304 1298 1311 1302
560.815979 1297 1305 1302 1308 1354 1376 1340 1310 1306 1303 1304 1303 1299 1287 1298 1295 1302
560.853027 1315 1305 1307 1310 1344 1376 1342 1311 1309 1304 1307 1299 1301 1300 1298 1300 1298
560.890015 1305 1303 1301 1306 1342 1363 1345 1317 1308 1299 1304 1303 1301 1302 1296 1296 1292
560.927979 1314 1300 1305 1309 1346 1366 1356 1316 1309 1301 1302 1298 1297 1295 1289 1298 1296
560.965027 1300 1301 1304 1301 1356 1370 1354 1306 1311 1305 1296 1299 1300 1293 1296 1294 1299
561.002014 1305 1309 1307 1306 1346 1365 1343 1318 1309 1297 1303 1301 1300 1300 1305 1301 1301
561.039001 1300 1304 1296 1315 1355 1371 1350 1315 1306 1303 1297 1302 1301 1297 1300 1308 1299
561.075989 1296 1306 1302 1319 1348 1368 1340 1310 1310 1295 1302 1309 1304 1301 1299 1300 1303
561.114014 1299 1300 1299 1310 1352 1373 1335 1310 1309 1304 1300 1298 1300 1298 1304 1293 1298
561.151001 1301 1300 1300 1307 1350 1362 1354 1310 1302 1298 1302 1308 1297 1299 1304 1299 1297
561.187988 1309 1303 1307 1313 1350 1358 1342 1310 1308 1304 1306 1304 1294 1299 1293 1295 1301
561.224976 1296 1301 1300 1309 1349 1366 1347 1312 1311 1307 1289 1300 1292 1298 1298 1305 1296
561.263 1302 1307 1305 1305 1346 1357 1354 1309 1319 1302 1301 1296 1301 1297 1293 1299 1307
561.299988 1303 1299 1303 1305 1346 1369 1343 1315 1301 1307 1304 1297 1305 1304 1295 1294 1297
561.336975 1306 1304 1307 1307 1338 1365 1354 1310 1305 1303 1302 1296 1296 1302 1298 1298 1295
561.374023 1301 1300 1307 1304 1351 1379 1341 1312 1302 1294 1298 1304 1299 1298 1306 1304 1303
561.411011 1309 1312 1303 1308 1337 1362 1349 1310 1305 1297 1304 1301 1297 1297 1297 1300 1303
561.448975 1306 1297 1296 1307 1352 1365 1354 1310 1299 1311 1297 1304 1299 1297 1297 1301 1302
561.486023 1305 1304 1308 1310 1349 1360 1345 1318 1304 1296 1296 1297 1299 1294 1300 1302 1303
561.52301 1297 1305 1302 1320 1341 1378 1352 1317 1306 1306 1296 1306 1298 1297 1296 1303 1297
561.559998 1299 1305 1303 1304 1337 1358 1338 1311 1302 1305 1303 1302 1295 1293 1294 1304 1294
561.596985 1302 1307 1307 1310 1346 1363 1331 1309 1305 1303 1307 1295 1292 1303 1303 1300 1297
561.63501 1306 1303 1304 1314 1344 1373 1349 1310 1308 1306 1300 1295 1299 1298 1294 1298 1294
561.671997 1295 1299 1301 1302 1347 1371 1346 1309 1301 1302 1305 1308 1296 1307 1296 1299 1296
561.708984 1303 1300 1308 1314 1343 1357 1345 1316 1303 1303 1304 1300 1305 1300 1295 1299 1304
561.745972 1300 1305 1298 1310 1339 1363 1353 1312 1304 1298 1303 1304 1294 1296 1299 1302 1298
561.78302 1296 1304 1298 1313 1347 1375 1347 1310 1304 1299 1295 1294 1295 1295 1303 1300 1303
561.820984 1300 1296 1298 1310 1355 1362 1350 1309 1301 1300 1302 1299 1294 1295 1299 1297 1298
561.857971 1304 1306 1305 1311 1344 1369 1348 1309 1302 1311 1294 1304 1300 1298 1302 1298 1296
561.89502 1303 1305 1302 1311 1359 1357 1346 1310 1309 1302 1298 1299 1301 1297 1298 1302 1300
561.932007 1300 1299 1300 1310 1342 1374 1343 1317 1307 1300 1301 1304 1291 1299 1299 1295 1297
561.968994 1307 1298 1297 1305 1354 1362 1349 1315 1296 1306 1299 1302 1308 1293 1299 1295 1298
562.007019 1304 1295 1301 1301 1341 1379 1332 1316 1303 1298 1293 1300 1294 1299 1301 1298 1290
562.044006 1297 1298 1308 1306 1345 1368 1339 1306 1302 1287 1302 1306 1292 1299 1303 1298 1303
562.080994 1302 1298 1309 1309 1341 1365 1339 1310 1298 1295 1300 1304 1303 1303 1293 1299 1298
562.117981 1298 1303 1308 1300 1345 1363 1337 1314 1304 1302 1299 1298 1298 1295 1303 1297 1282
562.155029 1303 1302 1306 1309 1340 1368 1339 1300 1304 1301 1302 1296 1299 1302 1289 1295 1294
562.192993 1298 1300 1302 1316 1349 1367 1348 1310 1306 1300 1297 1292 1300 1295 1296 1300 1296
562.22998 1295 1300 1292 1311 1341 1356 1345 1310 1297 1298 1289 1301 1298 1299 1296 1298 1295
562.267029 1298 1296 1302 1306 1339 1367 1340 1301 1301 1295 1296 1295 1297 1293 1295 1297 1297
562.304016 1290 1298 1299 1301 1338 1368 1330 1308 1297 1298 1292 1299 1290 1302 1293 1294 1295
562.341003 1302 1293 1306 1309 1345 1373 1354 1308 1297 1296 1295 1295 1297 1298 1293 1296 1294
562.377991 1298 1301 1297 1300 1334 1366 1333 1300 1303 1302 1300 1299 1300 1293 1304 1292 1294
562.416016 1294 1302 1301 1301 1340 1362 1339 1309 1294 1301 1293 1294 1298 1291 1299 1293 1298
562.453003 1302 1295 1298 1299 1339 1358 1331 1304 1300 1295 1295 1299 1295 1290 1293 1297 1291
562.48999 1296 1295 1297 1302 1342 1364 1336 1308 1298 1302 1294 1295 1295 1294 1292 1294 1294
562.526978 1300 1303 1295 1295 1342 1372 1334 1310 1295 1289 1299 1298 1295 1290 1292 1300 1294
562.564026 1292 1300 1297 1307 1344 1353 1335 1302 1298 1303 1294 1289 1301 1295 1289 1295 1298
562.60199 1297 1299 1300 1302 1343 1358 1341 1306 1299 1300 1298 1293 1292 1291 1303 1293 1291
562.638977 1301 1294 1286 1301 1334 1362 1334 1311 1299 1303 1291 1299 1292 1295 1299 1288 1294
562.676025 1300 1300 1299 1305 1339 1352 1351 1299 1301 1297 1294 1290 1295 1290 1288 1297 1294
562.713013 1302 1296 1305 1300 1337 1364 1337 1305 1297 1293 1292 1290 1296 1295 1292 1297 1289
562.75 1294 1298 1298 1309 1339 1368 1337 1306 1307 1301 1295 1290 1296 1295 1293 1290 1293
562.786987 1294 1290 1298 1302 1329 1356 1336 1309 1299 1290 1294 1296 1290 1294 1290 1296 1291
562.825012 1302 1294 1305 1302 1341 1360 1336 1310 1305 1296 1294 1294 1298 1297 1297 1288 1296
562.862 1298 1299 1289 1304 1333 1349 1335 1307 1301 1292 1298 1293 1292 1299 1295 1290 1283
562.898987 1294 1294 1294 1305 1330 1367 1337 1296 1297 1297 1297 1298 1299 1295 1287 1293 1289
562.935974 1301 1297 1299 1308 1336 1357 1337 1305 1301 1296 1290 1292 1297 1292 1300 1290 1289
562.973022 1293 1303 1299 1301 1335 1356 1327 1306 1294 1294 1287 1293 1293 1284 1296 1294 1291
563.01001 1296 1298 1296 1301 1331 1352 1341 1310 1295 1293 1295 1293 1290 1292 1288 1290 1291
563.047974 1297 1302 1299 1305 1346 1350 1329 1306 1294 1294 1294 1292 1288 1295 1299 1292 1289
563.085022 1297 1291 1298 1307 1344 1355 1336 1304 1296 1293 1294 1297 1288 1287 1294 1288 1293
563.122009 1296 1295 1294 1299 1332 1352 1342 1307 1298 1298 1288 1294 1292 1291 1289 1295 1286
563.158997 1296 1302 1300 1309 1330 1361 1337 1299 1297 1296 1288 1293 1289 1292 1287 1289 1290
563.195984 1296 1297 1298 1300 1344 1347 1337 1302 1298 1290 1296 1291 1288 1296 1294 1291 1294
563.234009 1295 1295 1293 1301 1327 1356 1331 1302 1293 1295 1289 1293 1295 1292 1297 1291 1290
563.270996 1295 1293 1297 1296 1328 1353 1326 1298 1298 1294 1286 1295 1291 1293 1291 1286 1288
563.307983 1291 1297 1292 1303 1337 1362 1335 1303 1292 1297 1289 1291 1289 1296 1298 1293 1295
563.344971 1294 1298 1302 1300 1335 1365 1332 1308 1293 1290 1295 1295 1292 1288 1293 1290 1287
563.382019 1295 1296 1295 1293 1344 1353 1342 1304 1302 1292 1289 1291 1297 1293 1297 1293 1294
563.419006 1292 1290 1299 1295 1341 1362 1342 1299 1294 1293 1291 1288 1288 1293 1291 1297 1288
563.455994 1296 1295 1292 1307 1338 1357 1330 1306 1303 1288 1298 1288 1296 1294 1292 1293 1294
563.494019 1295 1289 1289 1296 1346 1357 1339 1307 1296 1294 1289 1292 1306 1292 1293 1288 1289
563.531006 1295 1290 1296 1301 1337 1356 1330 1303 1292 1290 1293 1290 1294 1291 1290 1292 1291
563.567993 1288 1293 1296 1302 1339 1347 1338 1303 1297 1296 1292 1290 1287 1288 1294 1293 1295
563.60498 1306 1294 1304 1295 1336 1364 1333 1300 1293 1296 1294 1292 1292 1297 1292 1295 1291
563.642029 1300 1296 1290 1297 1333 1362 1343 1304 1303 1295 1298 1288 1298 1293 1294 1289 1286
563.679016 1295 1293 1295 1289 1337 1371 1332 1299 1293 1296 1290 1289 1290 1293 1292 1298 1291
563.71698 1288 1294 1292 1299 1342 1360 1326 1297 1294 1294 1289 1291 1290 1293 1294 1290 1301
563.754028 1298 1290 1291 1299 1334 1354 1334 1304 1296 1292 1294 1297 1293 1290 1291 1290 1293
563.791016 1300 1294 1291 1298 1339 1360 1328 1302 1294 1292 1296 1290 1295 1293 1284 1283 1290
563.828003 1295 1297 1294 1292 1340 1348 1336 1307 1290 1297 1295 1293 1290 1290 1289 1292 1285
563.86499 1295 1295 1295 1298 1337 1359 1332 1309 1298 1285 1286 1296 1293 1291 1289 1289 1298
563.901978 1291 1294 1297 1306 1333 1359 1334 1299 1301 1295 1292 1295 1293 1302 1289 1292 1291
563.940002 1289 1294 1294 1299 1337 1357 1331 1304 1295 1299 1293 1297 1289 1294 1287 1298 1293
563.97699 1296 1294 1292 1297 1337 1357 1335 1301 1294 1292 1292 1289 1290 1296 1290 1291 1284
564.013977 1286 1294 1296 1302 1334 1354 1339 1309 1297 1289 1290 1290 1292 1295 1292 1295 1284
564.051025 1290 1295 1295 1302 1334 1355 1335 1302 1300 1300 1292 1290 1292 1297 1291 1290 1293
564.088013 1287 1299 1293 1301 1335 1347 1332 1299 1297 1291 1288 1297 1292 1293 1291 1296 1290
564.125 1294 1298 1297 1301 1338 1348 1337 1298 1303 1299 1297 1300 1290 1295 1293 1292 1292
564.161987 1292 1296 1296 1298 1334 1359 1336 1304 1296 1296 1291 1291 1289 1287 1287 1292 1290
564.200012 1298 1301 1291 1299 1330 1360 1334 1303 1294 1299 1296 1290 1288 1293 1289 1293 1289
564.237 1296 1289 1297 1300 1341 1355 1331 1298 1294 1301 1295 1293 1294 1289 1292 1295 1294
564.273987 1292 1296 1296 1301 1329 1354 1326 1303 1296 1294 1284 1286 1291 1295 1289 1288 1289
564.310974 1288 1295 1290 1305 1334 1351 1328 1304 1294 1292 1290 1288 1295 1288 1291 1287 1286
564.348022 1292 1300 1298 1299 1337 1369 1336 1298 1302 1298 1290 1293 1293 1291 1293 1291 1292
564.38501 1298 1290 1307 1296 1331 1355 1331 1301 1296 1297 1290 1289 1290 1289 1295 1295 1291
564.421997 1296 1300 1303 1302 1337 1356 1338 1303 1296 1293 1292 1294 1293 1297 1290 1299 1291
564.460022 1290 1296 1295 1308 1332 1359 1329 1305 1299 1295 1293 1286 1296 1290 1292 1289 1293
564.497009 1288 1294 1294 1300 1337 1356 1341 1304 1295 1288 1290 1299 1292 1291 1291 1300 1289
564.533997 1290 1292 1292 1300 1332 1356 1339 1303 1295 1291 1290 1296 1296 1290 1291 1293 1287
564.570984 1294 1290 1289 1308 1321 1353 1335 1302 1293 1294 1293 1292 1289 1286 1299 1290 1291
564.607971 1291 1294 1295 1299 1329 1361 1342 1310 1293 1290 1290 1287 1298 1295 1295 1293 1290
564.64502 1293 1292 1300 1301 1330 1359 1333 1309 1294 1292 1301 1293 1291 1292 1292 1295 1294
564.682007 1293 1295 1296 1312 1340 1352 1339 1306 1298 1292 1296 1289 1289 1289 1289 1283 1287
564.718994 1292 1299 1296 1299 1339 1350 1334 1303 1292 1292 1298 1291 1287 1291 1295 1293 1287
564.757019 1291 1299 1286 1293 1335 1357 1337 1297 1292 1300 1290 1294 1291 1287 1290 1292 1294
564.794006 1299 1296 1292 1303 1342 1361 1343 1299 1293 1293 1293 1299 1296 1288 1294 1288 1289
564.830994 1294 1292 1291 1300 1337 1360 1332 1302 1298 1299 1300 1292 1290 1289 1282 1287 1294
564.867981 1289 1295 1291 1297 1337 1346 1327 1311 1298 1292 1295 1292 1297 1291 1288 1292 1294
564.905029 1298 1292 1292 1303 1345 1368 1341 1299 1292 1287 1290 1291 1298 1298 1289 1298 1294
564.942017 1300 1295 1297 1302 1336 1349 1329 1308 1291 1293 1297 1291 1290 1296 1288 1293 1296
564.979004 1297 1286 1294 1296 1325 1348 1334 1303 1297 1295 1291 1295 1288 1292 1297 1289 1290
565.015991 1297 1295 1297 1309 1328 1346 1343 1298 1293 1296 1293 1294 1296 1293 1299 1297 1287
565.054016 1292 1298 1292 1304 1340 1357 1338 1306 1292 1289 1299 1295 1293 1288 1293 1294 1291
565.091003 1295 1293 1299 1299 1336 1361 1336 1309 1292 1286 1291 1291 1292 1292 1280 1292 1295
565.127991 1290 1296 1293 1304 1343 1362 1340 1305 1293 1299 1294 1289 1294 1293 1294 1294 1288
565.164978 1291 1294 1299 1302 1334 1366 1338 1300 1290 1292 1286 1290 1291 1296 1290 1286 1293
565.202026 1290 1296 1294 1300 1338 1358 1331 1306 1298 1290 1300 1300 1291 1289 1293 1292 1291
565.239014 1285 1289 1296 1295 1333 1351 1330 1292 1293 1290 1291 1283 1289 1286 1293 1285 1287
565.276001 1289 1297 1293 1298 1334 1369 1339 1308 1301 1298 1299 1292 1298 1294 1292 1287 1291
565.312988 1296 1288 1296 1301 1337 1348 1333 1309 1291 1301 1294 1292 1289 1285 1290 1288 1286
565.351013 1293 1294 1299 1295 1336 1357 1327 1298 1286 1288 1293 1293 1292 1292 1288 1287 1293
565.388 1289 1297 1294 1292 1339 1353 1329 1309 1294 1299 1286 1291 1291 1289 1289 1285 1293
565.424988 1289 1300 1299 1292 1333 1354 1339 1298 1293 1289 1293 1293 1293 1290 1294 1289 1292
565.461975 1293 1295 1298 1302 1333 1357 1334 1300 1300 1289 1298 1293 1291 1291 1290 1290 1300
565.499023 1294 1292 1296 1298 1330 1354 1335 1303 1290 1290 1287 1291 1290 1286 1293 1288 1290
565.536011 1294 1287 1291 1304 1329 1348 1319 1303 1293 1290 1285 1286 1287 1294 1284 1291 1288
565.572998 1296 1294 1297 1287 1341 1360 1324 1302 1294 1290 1289 1292 1291 1292 1286 1285 1288
565.609985 1295 1291 1289 1301 1332 1354 1329 1306 1288 1292 1286 1289 1287 1286 1286 1283 1295
565.64801 1291 1295 1297 1295 1326 1351 1328 1309 1291 1294 1296 1292 1287 1294 1286 1285 1294
565.684998 1294 1290 1291 1305 1322 1354 1326 1307 1299 1292 1282 1290 1297 1285 1289 1288 1282
565.721985 1299 1288 1297 1295 1328 1360 1328 1305 1293 1296 1289 1297 1284 1294 1291 1290 1285
565.758972 1295 1297 1294 1294 1337 1355 1331 1305 1295 1290 1289 1291 1293 1290 1289 1294 1287
565.796021 1293 1297 1290 1294 1332 1344 1327 1302 1296 1294 1296 1288 1287 1294 1287 1292 1289
565.833008 1292 1296 1294 1296 1335 1343 1330 1293 1297 1292 1293 1291 1297 1287 1287 1297 1286
565.869995 1288 1295 1296 1296 1331 1355 1337 1295 1292 1290 1287 1292 1292 1289 1289 1288 1290
565.906982 1297 1294 1294 1298 1335 1356 1328 1296 1298 1288 1283 1288 1298 1298 1285 1300 1294
565.94397 1289 1288 1296 1295 1340 1359 1334 1298 1295 1292 1288 1285 1296 1291 1287 1291 1287
565.981018 1290 1293 1296 1303 1331 1355 1336 1300 1300 1293 1290 1293 1287 1287 1289 1289 1291
566.018982 1298 1289 1296 1300 1331 1345 1333 1294 1300 1294 1292 1296 1296 1291 1289 1292 1293
566.05603 1287 1292 1292 1290 1339 1343 1317 1299 1289 1298 1289 1286 1290 1282 1282 1292 1287
566.093018 1286 1294 1297 1297 1333 1352 1346 1298 1293 1290 1288 1286 1296 1289 1287 1294 1287
566.130005 1289 1292 1295 1298 1337 1352 1331 1293 1296 1295 1289 1288 1295 1290 1293 1288 1289
566.166992 1294 1291 1292 1304 1341 1341 1326 1302 1299 1286 1292 1292 1292 1292 1290 1291 1287
566.203979 1294 1293 1288 1291 1325 1351 1328 1297 1290 1293 1294 1293 1288 1293 1295 1281 1285
566.241028 1293 1290 1290 1297 1328 1357 1327 1297 1296 1291 1289 1290 1284 1284 1287 1297 1288
566.278015 1297 1294 1293 1294 1336 1366 1329 1300 1293 1293 1292 1284 1292 1286 1295 1294 1285
566.315002 1294 1289 1287 1298 1333 1332 1326 1298 1286 1294 1288 1291 1291 1288 1293 1283 1289
566.35199 1290 1293 1288 1300 1336 1339 1333 1296 1296 1290 1294 1289 1292 1290 1291 1284 1293
566.390015 1292 1296 1289 1298 1332 1351 1339 1294 1297 1289 1291 1294 1290 1294 1288 1290 1289
566.427002 1300 1297 1291 1287 1336 1348 1333 1300 1300 1298 1286 1299 1289 1295 1296 1284 1287
566.463989 1288 1298 1293 1299 1338 1358 1327 1295 1290 1296 1296 1295 1288 1285 1293 1293 1285
566.500977 1295 1293 1294 1296 1332 1361 1329 1305 1301 1291 1297 1294 1289 1292 1287 1294 1293
566.538025 1297 1293 1300 1298 1339 1343 1338 1298 1297 1288 1290 1292 1291 1296 1283 1291 1291
566.575012 1293 1288 1300 1303 1327 1351 1327 1303 1291 1294 1282 1290 1288 1289 1287 1292 1294
566.612 1292 1295 1291 1300 1327 1344 1327 1296 1292 1296 1297 1292 1287 1296 1282 1289 1292
566.648987 1289 1290 1285 1298 1327 1348 1333 1302 1287 1291 1295 1295 1290 1293 1291 1280 1285
566.685974 1291 1297 1296 1290 1326 1345 1329 1307 1299 1289 1296 1291 1301 1295 1288 1285 1294
566.723022 1292 1293 1293 1303 1343 1352 1327 1310 1303 1292 1289 1286 1289 1291 1290 1289 1282
566.76001 1294 1290 1292 1296 1332 1366 1328 1301 1292 1290 1289 1292 1291 1289 1290 1293 1285
566.796997 1295 1290 1296 1293 1323 1354 1322 1304 1284 1296 1287 1290 1294 1290 1288 1288 1291
566.835022 1293 1291 1296 1295 1330 1353 1328 1305 1283 1282 1288 1294 1295 1290 1287 1291 1289
566.872009 1295 1294 1288 1294 1333 1345 1325 1303 1289 1294 1292 1287 1299 1288 1288 1291 1291
566.908997 1288 1297 1292 1298 1332 1356 1332 1298 1293 1293 1290 1291 1296 1295 1296 1285 1291
566.945984 1288 1288 1296 1297 1333 1365 1328 1307 1289 1292 1288 1291 1293 1298 1293 1290 1287
566.982971 1291 1292 1295 1294 1338 1355 1335 1305 1296 1291 1297 1288 1285 1289 1291 1288 1287
567.02002 1291 1301 1293 1300 1329 1344 1337 1301 1297 1289 1293 1294 1293 1297 1296 1291 1288
567.057007 1289 1289 1290 1296 1334 1362 1338 1305 1292 1292 1291 1293 1298 1288 1293 1292 1282
567.093994 1296 1293 1293 1296 1332 1358 1329 1299 1291 1288 1296 1285 1294 1291 1290 1288 1292
567.130981 1293 1292 1294 1301 1329 1356 1331 1305 1294 1289 1298 1294 1295 1291 1283 1293 1291
567.16803 1295 1294 1295 1293 1330 1345 1324 1301 1298 1294 1290 1284 1297 1291 1289 1290 1292
567.205017 1299 1285 1302 1299 1337 1353 1326 1304 1289 1294 1293 1287 1287 1291 1285 1289 1290
567.242004 1291 1301 1298 1290 1319 1352 1332 1302 1291 1285 1287 1294 1292 1293 1290 1284 1293
567.278992 1290 1292 1293 1301 1325 1348 1334 1301 1294 1299 1290 1290 1292 1294 1285 1289 1291
567.317017 1290 1292 1290 1303 1335 1352 1332 1306 1290 1292 1289 1290 1289 1293 1291 1291 1296
567.354004 1280 1294 1287 1302 1336 1362 1330 1303 1299 1290 1291 1290 1291 1292 1290 1288 1294
567.390991 1301 1292 1291 1294 1334 1360 1325 1296 1299 1289 1290 1295 1297 1294 1289 1288 1284
567.427979 1291 1290 1290 1299 1328 1349 1335 1301 1290 1293 1295 1291 1294 1292 1290 1293 1292
567.465027 1297 1295 1296 1297 1329 1352 1333 1301 1298 1292 1293 1292 1293 1290 1287 1290 1293
567.502014 1298 1293 1290 1297 1325 1350 1328 1299 1297 1290 1292 1292 1289 1290 1291 1294 1293
567.539001 1295 1286 1301 1295 1326 1362 1335 1301 1298 1291 1291 1293 1303 1292 1293 1287 1295
567.575989 1288 1292 1294 1301 1322 1349 1323 1303 1292 1289 1289 1295 1302 1293 1286 1297 1286
567.612976 1294 1296 1289 1300 1328 1357 1339 1300 1293 1291 1288 1294 1291 1297 1290 1288 1293
567.650024 1296 1295 1295 1303 1337 1341 1325 1309 1296 1292 1296 1297 1294 1300 1293 1289 1293
567.687012 1292 1298 1296 1293 1335 1348 1326 1303 1287 1292 1293 1295 1297 1290 1292 1290 1294
567.723999 1294 1297 1296 1299 1322 1351 1337 1303 1296 1292 1290 1296 1286 1294 1291 1289 1287
567.760986 1291 1293 1291 1300 1339 1353 1343 1308 1300 1291 1288 1293 1295 1299 1290 1295 1290
567.797974 1296 1291 1295 1302 1334 1349 1330 1304 1296 1295 1293 1296 1292 1288 1290 1290 1292
567.835999 1294 1289 1287 1301 1338 1349 1331 1305 1296 1299 1301 1290 1295 1299 1295 1298 1294
567.872986 1294 1292 1297 1301 1329 1357 1330 1307 1296 1293 1295 1296 1292 1292 1293 1290 1296
567.909973 1292 1296 1295 1294 1332 1349 1325 1293 1294 1297 1297 1295 1287 1291 1293 1293 1291
567.947021 1294 1300 1294 1296 1329 1353 1323 1297 1308 1287 1289 1290 1290 1297 1296 1288 1293
567.984009 1294 1291 1298 1296 1337 1363 1335 1305 1295 1297 1296 1289 1294 1294 1294 1290 1296
568.020996 1301 1297 1299 1307 1324 1356 1331 1294 1298 1295 1297 1297 1293 1287 1289 1296 1297
568.057983 1294 1300 1293 1295 1338 1351 1323 1307 1293 1298 1298 1297 1293 1290 1294 1295 1293
568.094971 1292 1300 1298 1300 1330 1354 1324 1306 1298 1292 1291 1295 1295 1289 1297 1302 1290
568.132019 1298 1293 1294 1304 1335 1356 1333 1302 1304 1297 1298 1292 1297 1289 1290 1293 1294
568.169006 1292 1298 1301 1309 1336 1371 1340 1300 1303 1291 1297 1293 1299 1294 1295 1302 1289
568.205994 1301 1296 1295 1307 1340 1356 1341 1307 1302 1295 1293 1301 1296 1296 1291 1291 1295
568.242981 1304 1298 1298 1301 1343 1356 1333 1312 1296 1297 1299 1302 1297 1294 1295 1300 1299
568.280029 1307 1294 1298 1300 1337 1356 1336 1315 1300 1298 1294 1295 1301 1295 1298 1302 1299
568.317017 1305 1299 1302 1310 1345 1370 1341 1310 1305 1299 1302 1296 1299 1297 1293 1299 1301
568.354004 1299 1307 1310 1307 1333 1354 1332 1308 1295 1299 1299 1301 1303 1299 1290 1299 1298
568.390991 1302 1305 1302 1309 1338 1348 1344 1311 1309 1301 1310 1298 1296 1304 1301 1301 1299
568.427979 1310 1306 1309 1302 1340 1369 1341 1313 1311 1308 1310 1300 1303 1303 1299 1294 1302
568.465027 1299 1304 1300 1300 1328 1361 1330 1306 1311 1304 1296 1300 1305 1302 1298 1299 1294
568.502014 1304 1308 1305 1320 1344 1356 1347 1311 1309 1305 1305 1309 1305 1303 1305 1306 1301
568.539001 1305 1303 1313 1307 1334 1370 1338 1315 1303 1303 1305 1303 1301 1304 1294 1308 1305
568.575989 1298 1310 1303 1315 1342 1370 1343 1313 1307 1302 1304 1295 1303 1295 1293 1301 1302
568.614014 1297 1304 1305 1302 1340 1369 1339 1311 1305 1303 1304 1300 1303 1305 1300 1298 1303
568.651001 1298 1303 1299 1302 1338 1347 1339 1311 1312 1301 1305 1297 1301 1300 1298 1298 1298
568.687988 1298 1303 1300 1303 1337 1358 1329 1310 1300 1304 1300 1298 1304 1305 1289 1297 1298
568.724976 1296 1292 1299 1303 1333 1353 1335 1310 1296 1294 1299 1289 1301 1304 1297 1293 1294
568.762024 1303 1297 1298 1301 1335 1357 1329 1312 1305 1292 1296 1296 1298 1293 1294 1291 1295
568.799011 1287 1296 1301 1306 1324 1355 1328 1309 1294 1300 1293 1290 1295 1294 1296 1296 1296
568.835999 1303 1299 1304 1306 1333 1357 1336 1310 1300 1295 1300 1292 1300 1297 1296 1293 1295
568.872986 1296 1300 1291 1299 1325 1349 1326 1296 1296 1290 1296 1297 1290 1288 1282 1292 1292
568.909973 1295 1293 1300 1289 1337 1345 1330 1295 1296 1289 1292 1299 1290 1289 1291 1291 1293
568.947021 1291 1293 1300 1302 1321 1346 1325 1299 1305 1294 1295 1292 1286 1289 1287 1286 1293
568.984009 1298 1293 1297 1298 1323 1344 1316 1306 1294 1292 1292 1292 1291 1290 1291 1299 1289
569.020996 1291 1293 1302 1293 1332 1345 1324 1307 1293 1288 1292 1289 1289 1288 1293 1289 1289
569.057983 1294 1291 1289 1293 1330 1360 1322 1301 1299 1286 1293 1296 1291 1289 1286 1288 1289
569.094971 1286 1288 1297 1301 1330 1346 1317 1296 1289 1288 1291 1287 1293 1296 1291 1290 1286
569.132019 1287 1295 1290 1301 1332 1354 1329 1293 1295 1300 1288 1289 1288 1292 1291 1285 1290
569.169006 1294 1293 1287 1296 1328 1341 1323 1297 1289 1293 1287 1291 1290 1292 1287 1292 1291
569.205994 1298 1293 1290 1295 1329 1351 1327 1293 1297 1290 1289 1296 1289 1289 1292 1290 1293
569.242981 1294 1286 1284 1296 1342 1352 1321 1304 1294 1294 1295 1289 1295 1296 1287 1289 1289
569.280029 1293 1297 1296 1296 1335 1343 1325 1300 1293 1292 1292 1294 1292 1288 1288 1289 1294
