0 5.625 11.25 16.875 22.5 28.125 33.75 39.375 45 50.625 56.25 61.875 67.5 73.125 78.75 84.375 90
820.02301 1325 1327 1325 1331 1325 1332 1336 1338 1341 1340 1341 1335 1346 1327 1328 1334 1321
820.10199 1334 1339 1338 1333 1322 1330 1340 1334 1329 1340 1331 1345 1334 1340 1319 1331 1330
820.179993 1332 1340 1325 1331 1342 1333 1333 1333 1330 1325 1337 1340 1343 1325 1325 1346 1321
820.258972 1336 1329 1331 1332 1341 1328 1340 1338 1330 1324 1337 1332 1330 1331 1337 1340 1330
820.336975 1339 1328 1321 1325 1336 1325 1329 1340 1340 1338 1335 1330 1344 1333 1327 1330 1338
820.416016 1337 1329 1324 1327 1322 1335 1331 1334 1340 1325 1333 1331 1340 1338 1333 1332 1334
820.494019 1335 1327 1332 1333 1340 1342 1332 1337 1326 1339 1330 1332 1328 1328 1341 1337 1331
820.572998 1339 1342 1331 1330 1324 1327 1345 1340 1331 1337 1342 1328 1334 1343 1328 1342 1336
820.651001 1339 1342 1322 1331 1330 1337 1335 1326 1325 1331 1326 1335 1342 1331 1323 1336 1338
820.72998 1330 1323 1332 1326 1325 1327 1336 1325 1327 1326 1340 1321 1340 1345 1347 1330 1331
820.807983 1329 1328 1331 1327 1337 1336 1337 1334 1333 1332 1345 1333 1331 1328 1335 1330 1318
820.885986 1335 1341 1330 1320 1333 1336 1341 1333 1338 1340 1340 1331 1321 1339 1326 1331 1338
820.965027 1329 1320 1320 1339 1337 1342 1328 1340 1338 1338 1330 1328 1333 1332 1325 1337 1331
821.04303 1334 1322 1326 1326 1331 1335 1338 1321 1327 1326 1321 1329 1328 1331 1327 1325 1319
821.122009 1337 1328 1327 1321 1334 1329 1332 1333 1343 1335 1333 1333 1329 1333 1330 1330 1332
821.200012 1337 1330 1329 1335 1340 1331 1343 1332 1342 1340 1331 1329 1321 1330 1334 1332 1325
821.278992 1331 1321 1327 1332 1331 1336 1332 1331 1327 1339 1340 1330 1331 1343 1335 1334 1331
821.356995 1326 1327 1335 1336 1327 1341 1337 1333 1329 1339 1339 1335 1328 1333 1329 1328 1339
821.435974 1339 1335 1329 1327 1328 1333 1333 1329 1333 1340 1345 1341 1342 1334 1325 1332 1333
821.513977 1328 1320 1328 1326 1328 1330 1341 1340 1338 1336 1323 1340 1328 1335 1333 1336 1326
821.593018 1337 1341 1334 1329 1327 1331 1322 1336 1336 1336 1328 1335 1335 1345 1335 1327 1332
821.671021 1333 1327 1325 1327 1337 1338 1331 1332 1326 1333 1340 1332 1338 1336 1326 1332 1338
821.749023 1329 1321 1336 1329 1322 1332 1335 1328 1331 1336 1338 1340 1330 1335 1331 1337 1332
821.828003 1340 1334 1330 1331 1324 1328 1336 1343 1335 1341 1336 1343 1343 1335 1333 1337 1326
821.906006 1332 1325 1332 1331 1329 1332 1327 1326 1337 1331 1335 1336 1345 1339 1326 1326 1322
821.984985 1342 1331 1332 1336 1327 1333 1338 1338 1329 1336 1337 1338 1329 1340 1330 1333 1324
822.062988 1329 1332 1324 1330 1323 1337 1336 1330 1335 1333 1330 1336 1336 1319 1341 1334 1325
822.142029 1339 1330 1332 1331 1335 1323 1324 1329 1336 1337 1338 1332 1335 1335 1338 1334 1332
822.219971 1336 1327 1335 1325 1332 1337 1337 1338 1327 1326 1332 1323 1339 1340 1326 1326 1330
822.299011 1335 1331 1324 1334 1327 1330 1343 1333 1329 1334 1333 1331 1336 1343 1333 1339 1336
822.377014 1331 1327 1328 1334 1324 1331 1340 1337 1325 1326 1334 1329 1336 1330 1338 1338 1328
822.455017 1337 1343 1332 1326 1333 1330 1334 1330 1336 1336 1325 1332 1340 1345 1336 1323 1331
822.533997 1331 1333 1335 1322 1326 1326 1333 1333 1336 1345 1333 1339 1329 1334 1329 1323 1328
822.612 1333 1330 1330 1330 1324 1328 1328 1327 1336 1328 1340 1341 1336 1339 1332 1330 1342
822.690979 1329 1330 1327 1340 1320 1336 1339 1336 1328 1327 1337 1323 1336 1330 1343 1332 1329
822.768982 1329 1335 1335 1331 1326 1328 1332 1328 1323 1327 1335 1337 1330 1335 1339 1329 1326
822.848022 1335 1327 1326 1333 1336 1326 1343 1334 1333 1331 1329 1334 1343 1329 1335 1334 1329
822.926025 1341 1330 1333 1329 1330 1331 1330 1340 1323 1334 1346 1332 1339 1337 1338 1334 1331
823.004028 1340 1337 1331 1327 1340 1332 1333 1336 1334 1341 1337 1331 1335 1341 1328 1336 1338
823.083008 1327 1335 1327 1342 1338 1331 1336 1338 1336 1331 1330 1341 1332 1337 1327 1331 1335
823.161011 1340 1329 1331 1326 1330 1335 1336 1339 1332 1338 1337 1331 1340 1342 1331 1333 1332
823.23999 1330 1334 1326 1331 1327 1335 1338 1334 1332 1333 1331 1348 1338 1340 1338 1330 1343
823.317993 1328 1342 1324 1335 1335 1343 1334 1332 1332 1333 1336 1329 1335 1330 1342 1333 1335
823.396973 1339 1342 1329 1335 1329 1331 1337 1335 1334 1323 1335 1332 1335 1324 1344 1320 1338
823.474976 1338 1335 1335 1323 1323 1328 1346 1336 1338 1330 1343 1336 1333 1339 1328 1332 1331
823.552979 1336 1332 1327 1341 1317 1327 1346 1341 1342 1331 1339 1335 1338 1341 1331 1326 1325
823.632019 1329 1335 1329 1335 1325 1327 1335 1324 1325 1332 1334 1327 1334 1337 1339 1332 1328
823.710022 1335 1324 1337 1338 1343 1337 1337 1329 1335 1335 1340 1332 1341 1322 1339 1335 1337
823.789001 1326 1327 1323 1321 1339 1332 1330 1332 1333 1334 1331 1343 1335 1334 1332 1328 1336
823.867004 1329 1335 1330 1342 1337 1331 1331 1343 1347 1332 1333 1338 1333 1334 1336 1339 1343
823.945984 1331 1331 1327 1321 1333 1332 1336 1328 1328 1342 1327 1343 1328 1336 1326 1329 1338
824.023987 1335 1327 1339 1335 1334 1335 1335 1332 1330 1335 1330 1343 1332 1341 1338 1331 1326
824.10199 1340 1331 1329 1337 1336 1331 1342 1335 1333 1332 1337 1336 1328 1334 1341 1322 1331
824.18103 1341 1320 1336 1331 1330 1329 1336 1339 1332 1335 1345 1342 1329 1339 1340 1331 1329
824.258972 1337 1337 1329 1325 1332 1333 1327 1343 1332 1325 1330 1331 1344 1343 1329 1334 1320
824.338013 1335 1333 1332 1332 1326 1332 1336 1334 1332 1343 1344 1334 1338 1334 1333 1338 1334
824.416016 1327 1325 1337 1329 1322 1330 1344 1329 1326 1332 1339 1332 1326 1321 1345 1343 1333
824.494995 1334 1336 1338 1322 1326 1330 1344 1336 1330 1336 1334 1336 1332 1341 1335 1332 1331
824.572998 1341 1337 1328 1333 1327 1327 1334 1335 1323 1336 1344 1328 1346 1340 1334 1346 1339
824.651001 1347 1337 1328 1340 1336 1326 1335 1334 1332 1328 1337 1343 1337 1335 1333 1332 1328
824.72998 1340 1339 1328 1335 1337 1331 1337 1333 1337 1335 1341 1337 1341 1333 1322 1335 1331
824.807983 1324 1325 1336 1326 1328 1338 1334 1340 1327 1343 1335 1338 1338 1332 1331 1339 1328
824.887024 1334 1338 1333 1334 1332 1329 1339 1327 1346 1341 1336 1342 1341 1333 1334 1338 1337
824.965027 1329 1343 1341 1326 1334 1333 1334 1339 1325 1332 1342 1335 1342 1335 1343 1325 1338
825.04303 1338 1348 1335 1334 1325 1344 1339 1329 1328 1334 1337 1332 1345 1334 1328 1342 1324
825.122009 1330 1340 1340 1325 1338 1331 1333 1338 1338 1338 1339 1335 1337 1346 1335 1335 1333
825.200012 1327 1341 1326 1329 1327 1332 1335 1334 1333 1341 1333 1343 1335 1336 1336 1329 1338
825.278992 1347 1331 1332 1332 1332 1332 1339 1343 1340 1327 1344 1343 1333 1331 1337 1336 1336
825.356995 1333 1330 1335 1336 1328 1343 1323 1332 1332 1342 1333 1341 1338 1342 1336 1338 1327
825.434998 1331 1340 1326 1328 1313 1324 1321 1336 1334 1339 1342 1339 1335 1336 1336 1325 1330
825.513977 1336 1325 1334 1336 1335 1327 1332 1337 1327 1338 1338 1324 1341 1333 1338 1327 1338
825.59198 1330 1341 1342 1327 1334 1329 1334 1326 1339 1349 1333 1328 1344 1341 1333 1334 1333
825.671021 1339 1340 1336 1329 1332 1331 1334 1325 1335 1337 1342 1343 1344 1335 1338 1331 1345
825.749023 1338 1341 1337 1330 1327 1335 1324 1325 1331 1331 1339 1344 1341 1328 1329 1337 1327
825.827026 1337 1337 1335 1333 1333 1328 1326 1336 1335 1340 1337 1341 1328 1339 1335 1336 1325
825.906006 1344 1323 1326 1334 1329 1322 1326 1343 1343 1345 1340 1341 1332 1325 1342 1327 1339
825.984009 1325 1341 1329 1335 1328 1329 1340 1338 1335 1328 1334 1335 1339 1332 1337 1340 1336
826.062988 1342 1343 1331 1322 1330 1328 1327 1341 1328 1327 1331 1338 1329 1340 1336 1340 1339
826.140991 1336 1330 1330 1332 1326 1342 1333 1335 1336 1330 1340 1335 1348 1330 1338 1328 1333
826.218994 1339 1333 1329 1321 1329 1335 1336 1335 1342 1338 1334 1337 1335 1341 1330 1333 1330
826.297974 1340 1328 1338 1332 1337 1332 1332 1339 1334 1346 1330 1336 1343 1341 1334 1337 1325
826.375977 1339 1341 1342 1336 1338 1341 1333 1330 1343 1339 1329 1341 1341 1337 1325 1334 1332
826.455017 1331 1333 1317 1330 1330 1338 1332 1336 1326 1338 1349 1341 1347 1331 1335 1344 1331
826.53302 1343 1339 1337 1333 1340 1327 1333 1335 1338 1338 1331 1339 1336 1324 1338 1348 1336
826.611023 1341 1339 1331 1332 1336 1320 1322 1341 1332 1329 1345 1334 1343 1342 1329 1338 1343
826.690002 1334 1334 1326 1324 1333 1331 1331 1336 1334 1337 1333 1337 1338 1334 1354 1342 1340
826.768005 1352 1342 1337 1341 1322 1334 1341 1330 1332 1341 1340 1341 1335 1341 1336 1331 1338
826.846985 1336 1330 1338 1341 1323 1328 1335 1339 1324 1336 1346 1335 1334 1334 1341 1327 1338
826.924988 1342 1337 1335 1328 1318 1337 1333 1328 1344 1336 1337 1340 1346 1345 1336 1331 1334
827.002991 1343 1337 1339 1332 1340 1334 1339 1334 1341 1328 1333 1330 1337 1340 1345 1333 1333
827.08197 1337 1329 1334 1326 1338 1329 1342 1340 1330 1343 1348 1342 1343 1347 1332 1342 1339
827.159973 1331 1336 1330 1329 1330 1340 1332 1343 1343 1336 1337 1347 1340 1339 1341 1335 1335
827.239014 1337 1340 1331 1332 1338 1322 1340 1333 1333 1336 1335 1350 1346 1333 1338 1328 1334
827.317017 1339 1335 1338 1336 1330 1321 1337 1325 1330 1341 1331 1340 1331 1343 1349 1347 1325
827.39502 1332 1328 1329 1331 1322 1340 1341 1337 1346 1341 1345 1349 1338 1344 1331 1329 1337
827.473999 1341 1345 1340 1327 1343 1335 1335 1330 1342 1334 1348 1345 1342 1335 1336 1347 1332
827.552002 1348 1346 1349 1330 1331 1336 1334 1338 1345 1344 1344 1346 1343 1342 1340 1342 1347
827.630005 1334 1348 1339 1348 1328 1344 1339 1333 1332 1338 1333 1333 1340 1338 1350 1325 1341
827.708984 1338 1338 1333 1332 1329 1346 1331 1338 1340 1343 1344 1346 1344 1347 1329 1340 1336
827.786987 1337 1351 1332 1338 1332 1347 1324 1347 1341 1341 1345 1346 1349 1346 1335 1340 1344
827.866028 1351 1340 1335 1331 1320 1336 1342 1330 1337 1350 1335 1342 1342 1350 1351 1335 1339
827.94397 1349 1340 1333 1332 1331 1334 1332 1325 1337 1341 1336 1341 1339 1343 1340 1341 1328
828.021973 1341 1345 1328 1343 1329 1329 1348 1330 1340 1348 1342 1337 1344 1338 1335 1338 1341
828.101013 1342 1341 1328 1327 1330 1336 1350 1343 1335 1337 1340 1334 1344 1332 1333 1337 1331
828.179016 1336 1339 1334 1340 1323 1341 1334 1341 1338 1346 1346 1336 1345 1358 1325 1351 1339
828.257996 1341 1332 1344 1339 1340 1336 1338 1342 1345 1341 1350 1340 1357 1353 1352 1343 1344
828.335999 1338 1335 1335 1335 1335 1349 1337 1331 1339 1352 1357 1335 1355 1346 1342 1342 1337
828.414001 1334 1336 1337 1332 1333 1339 1341 1342 1347 1345 1340 1344 1344 1346 1334 1346 1338
828.492981 1347 1333 1336 1329 1329 1326 1351 1332 1336 1350 1345 1347 1333 1349 1349 1356 1338
828.570984 1351 1344 1330 1335 1336 1334 1342 1345 1341 1334 1346 1352 1343 1343 1347 1340 1342
828.648987 1342 1349 1338 1340 1345 1329 1335 1346 1337 1344 1351 1353 1349 1348 1342 1341 1338
828.728027 1340 1342 1331 1339 1328 1335 1333 1344 1345 1339 1344 1350 1342 1345 1340 1349 1342
828.80603 1342 1353 1335 1331 1337 1348 1333 1335 1336 1335 1345 1344 1348 1343 1346 1338 1339
828.883972 1351 1346 1329 1343 1335 1335 1348 1336 1332 1349 1348 1344 1347 1346 1353 1348 1341
828.963013 1340 1351 1347 1344 1343 1333 1335 1333 1353 1343 1348 1344 1349 1357 1351 1350 1343
829.041016 1349 1339 1348 1342 1342 1333 1343 1339 1340 1341 1339 1349 1338 1343 1357 1349 1341
829.119995 1359 1348 1340 1344 1344 1338 1341 1345 1356 1345 1357 1345 1346 1340 1354 1351 1361
829.197998 1344 1344 1325 1352 1332 1333 1348 1348 1335 1345 1345 1358 1345 1350 1341 1341 1353
829.276001 1345 1346 1339 1337 1339 1338 1346 1345 1343 1357 1349 1345 1348 1348 1335 1349 1331
829.35498 1347 1333 1337 1336 1330 1338 1341 1345 1341 1343 1348 1350 1350 1354 1354 1344 1351
829.432983 1354 1343 1337 1336 1337 1340 1351 1342 1342 1352 1348 1355 1358 1344 1345 1348 1347
829.510986 1352 1346 1341 1338 1333 1330 1343 1339 1340 1346 1349 1342 1341 1342 1360 1349 1343
829.590027 1337 1355 1338 1335 1332 1347 1346 1354 1348 1343 1347 1345 1342 1356 1351 1348 1345
829.66803 1353 1344 1350 1344 1332 1340 1344 1341 1344 1333 1363 1349 1348 1353 1354 1349 1338
829.745972 1343 1338 1351 1353 1335 1335 1333 1342 1336 1354 1354 1355 1346 1350 1351 1357 1339
829.825012 1343 1347 1343 1360 1336 1352 1349 1342 1348 1345 1345 1362 1352 1359 1356 1338 1336
829.903015 1349 1343 1337 1343 1347 1339 1338 1339 1343 1352 1349 1352 1357 1346 1354 1355 1346
829.981995 1344 1347 1343 1352 1333 1331 1343 1352 1337 1349 1351 1358 1364 1348 1357 1340 1341
830.059998 1346 1347 1345 1355 1335 1341 1347 1342 1350 1345 1366 1356 1351 1352 1353 1351 1342
830.138 1360 1342 1336 1338 1337 1333 1336 1341 1346 1347 1352 1344 1362 1356 1359 1349 1347
830.21698 1337 1346 1332 1335 1345 1335 1343 1338 1357 1355 1353 1354 1355 1348 1348 1340 1345
830.294983 1349 1337 1346 1338 1339 1343 1347 1343 1342 1343 1352 1361 1358 1351 1359 1347 1344
830.372986 1346 1339 1342 1331 1329 1348 1340 1344 1330 1349 1358 1341 1359 1356 1343 1355 1347
830.452026 1355 1337 1343 1335 1339 1340 1347 1342 1348 1351 1335 1351 1362 1357 1342 1347 1342
830.530029 1350 1341 1343 1349 1348 1341 1346 1349 1350 1354 1353 1354 1363 1350 1355 1354 1346
830.607971 1349 1344 1346 1351 1341 1345 1347 1349 1346 1356 1350 1362 1339 1368 1346 1346 1344
830.687012 1351 1351 1343 1340 1350 1335 1343 1349 1340 1354 1353 1345 1354 1355 1347 1356 1353
830.765015 1349 1337 1341 1347 1346 1337 1335 1351 1342 1353 1349 1352 1359 1356 1344 1349 1344
830.843018 1353 1346 1341 1337 1347 1341 1346 1343 1348 1360 1350 1353 1358 1351 1348 1345 1352
830.921997 1341 1339 1338 1344 1351 1342 1340 1340 1338 1360 1345 1356 1350 1352 1357 1357 1352
831 1345 1339 1349 1337 1352 1342 1335 1343 1346 1354 1350 1347 1368 1359 1357 1354 1356
831.078003 1352 1351 1350 1335 1338 1347 1341 1348 1354 1353 1358 1356 1359 1356 1356 1353 1346
831.156982 1356 1351 1352 1343 1317 1341 1342 1335 1343 1349 1362 1350 1356 1346 1350 1350 1343
831.234985 1355 1346 1345 1341 1341 1339 1336 1343 1348 1350 1345 1352 1356 1357 1349 1337 1349
831.312988 1349 1341 1345 1338 1345 1338 1341 1347 1348 1340 1352 1353 1356 1345 1349 1351 1344
831.392029 1352 1345 1349 1330 1338 1348 1345 1351 1346 1350 1358 1349 1358 1361 1358 1349 1350
831.469971 1345 1361 1337 1336 1334 1338 1337 1343 1349 1337 1354 1352 1353 1347 1364 1355 1355
831.549011 1339 1351 1339 1341 1349 1345 1349 1345 1350 1341 1369 1353 1363 1360 1351 1353 1349
831.627014 1348 1348 1347 1340 1341 1345 1341 1337 1354 1346 1342 1347 1347 1353 1361 1349 1348
831.705017 1351 1345 1344 1332 1332 1333 1342 1335 1352 1357 1353 1350 1339 1353 1341 1340 1347
831.783997 1347 1347 1347 1340 1354 1347 1339 1343 1353 1345 1358 1363 1346 1347 1342 1343 1352
831.862 1350 1345 1347 1346 1339 1328 1344 1343 1343 1339 1352 1358 1343 1352 1351 1353 1354
831.940002 1352 1354 1340 1351 1351 1347 1334 1338 1345 1347 1358 1354 1353 1349 1364 1353 1346
832.018005 1356 1342 1349 1342 1336 1348 1337 1341 1346 1350 1356 1350 1358 1356 1351 1350 1348
832.096985 1350 1350 1351 1346 1350 1337 1341 1358 1345 1344 1358 1348 1362 1350 1360 1355 1347
832.174988 1352 1344 1342 1336 1342 1338 1337 1355 1342 1350 1359 1349 1355 1356 1347 1352 1350
832.254028 1350 1354 1357 1349 1351 1340 1350 1346 1353 1344 1354 1351 1355 1345 1353 1344 1339
832.33197 1354 1343 1339 1337 1337 1326 1355 1343 1340 1353 1360 1362 1345 1353 1356 1349 1346
832.409973 1350 1344 1342 1356 1325 1338 1341 1351 1341 1346 1345 1350 1364 1358 1351 1346 1332
832.489014 1344 1356 1337 1340 1336 1347 1336 1345 1355 1342 1351 1345 1361 1350 1349 1358 1356
832.567017 1349 1348 1332 1338 1346 1341 1344 1353 1341 1346 1346 1350 1350 1346 1351 1342 1347
832.64502 1352 1346 1349 1332 1341 1338 1343 1346 1344 1356 1350 1352 1363 1364 1351 1347 1354
832.723999 1354 1354 1347 1350 1338 1334 1342 1344 1341 1345 1352 1349 1352 1351 1347 1351 1339
832.802002 1337 1342 1356 1349 1327 1332 1339 1344 1346 1348 1343 1342 1355 1351 1360 1356 1341
832.880005 1341 1348 1337 1332 1341 1342 1343 1342 1351 1349 1351 1360 1350 1356 1354 1343 1344
832.958008 1347 1343 1333 1348 1337 1333 1344 1349 1341 1346 1351 1359 1357 1348 1343 1358 1344
833.036987 1338 1346 1351 1335 1338 1346 1338 1344 1342 1351 1355 1356 1361 1346 1353 1333 1350
833.11499 1340 1345 1336 1337 1343 1340 1342 1355 1339 1352 1349 1358 1359 1359 1354 1353 1351
833.192993 1348 1359 1342 1338 1329 1322 1344 1353 1332 1363 1352 1350 1351 1352 1341 1350 1341
833.271973 1345 1337 1343 1336 1344 1339 1328 1340 1348 1345 1352 1344 1346 1363 1355 1345 1347
833.349976 1347 1334 1344 1340 1345 1331 1341 1334 1355 1345 1358 1370 1354 1348 1347 1352 1331
833.427979 1357 1342 1349 1332 1337 1328 1350 1339 1340 1341 1354 1344 1359 1354 1348 1352 1342
833.507019 1346 1348 1343 1344 1340 1340 1342 1341 1336 1345 1354 1343 1347 1363 1350 1349 1345
833.585022 1355 1333 1333 1332 1338 1327 1336 1342 1335 1344 1346 1363 1356 1344 1356 1346 1345
833.663025 1349 1334 1341 1341 1341 1326 1341 1342 1358 1350 1345 1346 1350 1356 1355 1334 1343
833.742004 1350 1345 1328 1338 1331 1333 1320 1339 1337 1342 1339 1353 1352 1351 1361 1359 1351
833.820007 1361 1331 1339 1347 1340 1333 1332 1342 1333 1344 1354 1364 1354 1358 1357 1342 1340
833.89801 1346 1349 1346 1332 1337 1336 1333 1331 1342 1343 1353 1351 1361 1351 1347 1341 1352
833.97699 1347 1337 1345 1341 1343 1340 1339 1343 1341 1340 1349 1345 1351 1344 1354 1345 1343
834.054993 1350 1355 1334 1337 1332 1336 1348 1349 1342 1350 1355 1352 1361 1352 1347 1345 1340
834.132996 1350 1358 1344 1330 1339 1341 1341 1345 1346 1355 1341 1358 1354 1353 1351 1352 1350
834.210999 1347 1349 1343 1333 1337 1342 1331 1334 1348 1357 1362 1347 1352 1345 1343 1353 1342
834.289978 1349 1336 1344 1339 1339 1336 1336 1349 1333 1354 1352 1346 1357 1363 1356 1346 1346
834.367981 1345 1350 1346 1338 1336 1324 1341 1338 1341 1343 1352 1349 1354 1356 1349 1346 1339
834.445984 1354 1336 1343 1331 1342 1340 1337 1350 1339 1349 1346 1341 1356 1360 1346 1341 1346
834.525024 1344 1352 1339 1334 1329 1332 1327 1336 1337 1349 1363 1347 1355 1356 1340 1356 1342
834.603027 1343 1349 1340 1346 1331 1340 1339 1354 1352 1340 1356 1353 1346 1358 1359 1353 1346
834.68103 1341 1339 1341 1341 1338 1339 1334 1337 1346 1343 1353 1347 1347 1353 1345 1345 1338
834.76001 1346 1343 1341 1334 1336 1337 1338 1340 1346 1348 1346 1349 1348 1345 1353 1353 1346
834.838013 1348 1342 1348 1339 1339 1339 1341 1341 1346 1337 1346 1343 1348 1354 1349 1345 1340
834.916016 1351 1354 1347 1331 1335 1335 1342 1340 1337 1342 1346 1361 1341 1348 1360 1355 1339
834.994995 1350 1339 1344 1337 1341 1330 1336 1335 1340 1346 1352 1346 1351 1364 1350 1346 1339
835.072998 1344 1357 1335 1335 1337 1331 1330 1340 1346 1351 1344 1349 1350 1338 1343 1339 1336
835.151001 1346 1343 1344 1342 1348 1334 1333 1341 1348 1349 1336 1357 1358 1364 1340 1335 1346
835.229004 1341 1342 1332 1339 1331 1336 1329 1339 1338 1346 1351 1350 1345 1350 1352 1342 1343
835.307983 1340 1338 1340 1332 1334 1335 1330 1333 1340 1347 1344 1354 1351 1353 1349 1352 1351
835.385986 1351 1341 1340 1333 1341 1331 1333 1333 1353 1344 1352 1357 1357 1356 1353 1346 1332
835.463989 1337 1342 1339 1338 1345 1325 1328 1347 1339 1336 1351 1344 1356 1350 1335 1342 1341
835.54303 1350 1339 1333 1339 1337 1325 1340 1335 1352 1335 1355 1340 1360 1357 1346 1346 1342
835.620972 1346 1333 1336 1342 1342 1339 1334 1343 1341 1348 1341 1350 1353 1337 1350 1353 1346
835.698975 1350 1333 1337 1344 1329 1328 1333 1347 1341 1357 1353 1348 1354 1361 1349 1350 1344
835.778015 1353 1335 1343 1338 1328 1335 1337 1342 1336 1346 1358 1339 1361 1356 1350 1348 1345
835.856018 1339 1343 1338 1333 1341 1333 1340 1341 1340 1353 1344 1354 1355 1355 1344 1346 1348
835.934021 1353 1352 1337 1330 1335 1337 1332 1332 1345 1341 1352 1349 1346 1350 1354 1351 1344
836.012024 1350 1346 1339 1333 1336 1329 1332 1332 1343 1352 1351 1355 1345 1356 1356 1349 1341
836.091003 1344 1343 1345 1337 1341 1334 1344 1334 1345 1339 1352 1343 1351 1349 1354 1334 1331
836.169006 1342 1333 1343 1335 1331 1329 1340 1341 1339 1351 1350 1341 1342 1343 1338 1351 1343
836.247009 1352 1349 1338 1346 1327 1324 1338 1346 1340 1354 1347 1346 1358 1343 1346 1359 1349
836.325989 1341 1331 1338 1328 1333 1333 1327 1337 1331 1351 1347 1346 1353 1348 1350 1349 1344
836.403992 1340 1339 1337 1335 1334 1327 1337 1338 1344 1348 1346 1340 1349 1349 1346 1338 1344
836.481995 1341 1341 1335 1328 1339 1336 1328 1330 1344 1349 1347 1353 1347 1348 1350 1346 1341
836.559998 1340 1351 1342 1328 1328 1342 1333 1336 1335 1342 1339 1353 1359 1361 1345 1339 1336
836.638977 1342 1357 1338 1343 1336 1335 1343 1335 1343 1344 1362 1352 1358 1355 1353 1337 1351
836.71698 1339 1338 1346 1327 1330 1330 1333 1352 1345 1349 1344 1358 1351 1363 1346 1349 1347
836.794983 1342 1346 1336 1332 1328 1330 1336 1345 1342 1347 1345 1354 1352 1360 1349 1348 1357
836.872986 1344 1345 1345 1342 1330 1327 1330 1351 1333 1339 1350 1346 1357 1348 1354 1342 1342
836.952026 1351 1341 1354 1344 1336 1331 1336 1334 1346 1352 1361 1352 1349 1344 1342 1351 1349
837.030029 1355 1346 1329 1341 1332 1340 1344 1337 1353 1355 1349 1363 1355 1342 1349 1358 1340
837.107971 1350 1347 1343 1342 1339 1338 1331 1332 1338 1338 1357 1347 1350 1355 1342 1350 1346
837.187012 1346 1344 1344 1330 1341 1335 1331 1351 1341 1343 1349 1349 1351 1350 1356 1350 1345
837.265015 1352 1336 1338 1344 1336 1341 1333 1342 1353 1347 1349 1350 1360 1351 1352 1340 1349
837.343018 1345 1357 1345 1340 1337 1342 1337 1344 1354 1348 1357 1359 1365 1346 1344 1351 1351
837.421021 1337 1340 1336 1349 1328 1341 1332 1340 1356 1345 1358 1344 1360 1354 1359 1354 1347
837.5 1347 1340 1348 1332 1333 1335 1341 1337 1345 1347 1353 1354 1362 1364 1350 1356 1349
837.578003 1347 1359 1356 1341 1336 1336 1345 1339 1338 1357 1356 1364 1356 1360 1355 1343 1353
837.656006 1344 1342 1352 1340 1333 1338 1338 1344 1351 1348 1357 1348 1350 1353 1350 1346 1339
837.734009 1354 1352 1347 1332 1346 1338 1341 1337 1343 1363 1352 1354 1349 1360 1355 1348 1352
837.812988 1351 1350 1347 1338 1342 1342 1335 1341 1350 1353 1359 1361 1363 1356 1351 1342 1360
837.890991 1352 1341 1339 1339 1337 1349 1340 1337 1348 1340 1354 1357 1360 1344 1358 1356 1353
837.968994 1352 1341 1345 1346 1333 1332 1338 1349 1347 1359 1344 1361 1353 1358 1356 1343 1340
838.047974 1349 1352 1340 1341 1332 1329 1340 1351 1359 1354 1354 1356 1365 1355 1349 1355 1346
838.125977 1340 1338 1340 1346 1343 1340 1341 1345 1344 1346 1358 1354 1352 1366 1364 1345 1350
838.203979 1350 1338 1340 1351 1340 1334 1350 1348 1350 1356 1368 1366 1357 1362 1354 1350 1341
838.281982 1354 1339 1356 1344 1347 1352 1347 1343 1356 1352 1364 1356 1368 1360 1356 1355 1345
838.361023 1357 1346 1349 1349 1340 1350 1337 1350 1357 1351 1365 1360 1368 1343 1355 1349 1352
838.439026 1353 1346 1343 1346 1332 1340 1343 1350 1355 1358 1356 1356 1368 1357 1355 1342 1357
838.517029 1348 1355 1353 1338 1335 1346 1342 1344 1350 1364 1357 1358 1360 1363 1348 1354 1352
838.594971 1349 1340 1343 1341 1344 1343 1351 1361 1350 1350 1365 1352 1364 1357 1362 1353 1356
838.674011 1354 1352 1350 1338 1353 1343 1342 1351 1368 1365 1372 1356 1366 1362 1365 1360 1348
838.752014 1356 1348 1349 1338 1353 1346 1356 1347 1357 1357 1363 1369 1367 1369 1354 1347 1346
838.830017 1357 1358 1350 1353 1347 1346 1352 1341 1351 1363 1369 1375 1367 1356 1358 1353 1354
838.90802 1357 1357 1348 1343 1346 1351 1358 1356 1367 1363 1369 1365 1367 1360 1361 1351 1351
838.987 1348 1352 1348 1336 1339 1345 1349 1340 1357 1366 1369 1365 1368 1359 1362 1354 1346
839.065002 1353 1359 1353 1352 1357 1359 1349 1363 1361 1367 1352 1374 1365 1370 1363 1366 1349
839.143005 1369 1362 1349 1351 1341 1355 1343 1370 1360 1361 1370 1375 1367 1371 1362 1363 1345
839.221008 1359 1350 1345 1356 1339 1351 1355 1359 1362 1364 1379 1362 1361 1373 1372 1359 1356
839.299988 1365 1356 1354 1350 1358 1355 1355 1350 1370 1363 1369 1355 1369 1377 1371 1362 1348
839.377991 1368 1357 1348 1365 1351 1346 1359 1351 1354 1361 1370 1375 1375 1363 1361 1355 1356
839.455994 1347 1349 1360 1343 1354 1341 1353 1362 1364 1371 1377 1371 1373 1364 1360 1355 1361
839.533997 1359 1365 1347 1346 1339 1347 1359 1369 1362 1370 1376 1374 1373 1389 1370 1357 1355
839.612976 1361 1353 1343 1359 1353 1349 1358 1367 1370 1376 1373 1374 1369 1369 1364 1359 1352
839.690979 1368 1344 1352 1350 1358 1362 1349 1362 1367 1368 1365 1364 1380 1378 1365 1367 1358
839.768982 1358 1361 1362 1356 1346 1350 1359 1363 1370 1360 1367 1377 1372 1380 1374 1357 1368
839.846985 1375 1365 1346 1356 1355 1355 1367 1370 1375 1377 1379 1381 1377 1373 1382 1365 1362
839.926025 1368 1367 1355 1342 1347 1338 1367 1364 1367 1369 1380 1367 1379 1375 1362 1373 1360
840.004028 1359 1363 1353 1360 1356 1365 1355 1371 1370 1385 1378 1397 1383 1373 1361 1366 1364
840.08197 1354 1362 1355 1347 1352 1362 1360 1374 1374 1367 1388 1386 1385 1381 1375 1378 1366
840.159973 1368 1367 1365 1353 1360 1361 1360 1372 1376 1382 1391 1388 1380 1380 1372 1381 1361
840.239014 1368 1371 1355 1364 1366 1355 1366 1371 1372 1378 1385 1385 1369 1392 1375 1383 1370
840.317017 1371 1369 1365 1351 1366 1366 1363 1370 1376 1380 1392 1387 1393 1383 1371 1370 1367
840.39502 1370 1366 1361 1365 1354 1361 1365 1371 1380 1382 1392 1381 1396 1382 1382 1363 1368
840.473022 1376 1361 1357 1359 1357 1360 1365 1369 1381 1388 1378 1395 1381 1390 1376 1377 1372
840.551025 1367 1371 1361 1371 1362 1358 1374 1365 1370 1378 1392 1390 1383 1383 1376 1374 1366
840.630005 1381 1372 1360 1368 1355 1367 1366 1369 1381 1387 1393 1395 1385 1393 1376 1370 1363
840.708008 1368 1371 1364 1373 1370 1360 1357 1358 1379 1381 1388 1393 1396 1388 1388 1382 1378
840.786011 1375 1357 1363 1372 1354 1357 1377 1375 1385 1391 1393 1384 1383 1387 1386 1383 1377
840.864014 1372 1375 1371 1363 1362 1361 1360 1388 1382 1382 1408 1399 1389 1383 1400 1377 1374
840.942993 1361 1363 1369 1370 1367 1357 1370 1356 1396 1382 1396 1391 1388 1387 1386 1371 1376
841.020996 1371 1374 1374 1363 1372 1371 1371 1376 1380 1388 1390 1398 1404 1388 1384 1374 1369
841.098999 1376 1373 1372 1366 1375 1361 1369 1377 1385 1399 1395 1397 1397 1387 1377 1383 1362
841.177002 1372 1376 1375 1378 1369 1374 1368 1375 1372 1388 1390 1397 1394 1384 1393 1391 1371
841.255981 1371 1383 1363 1369 1369 1360 1373 1382 1400 1395 1397 1395 1393 1388 1371 1387 1369
841.333984 1379 1374 1377 1369 1364 1370 1372 1381 1392 1395 1404 1407 1394 1385 1382 1388 1366
841.411987 1376 1369 1367 1375 1360 1377 1384 1376 1381 1394 1405 1399 1392 1401 1390 1381 1375
841.48999 1381 1371 1374 1376 1359 1363 1370 1379 1382 1397 1395 1391 1390 1388 1385 1383 1375
841.567993 1379 1382 1368 1366 1358 1377 1381 1387 1385 1392 1390 1400 1397 1401 1384 1387 1370
841.646973 1383 1368 1374 1373 1361 1363 1371 1374 1388 1397 1390 1394 1387 1384 1380 1375 1386
841.724976 1380 1369 1361 1368 1371 1368 1375 1381 1386 1389 1387 1386 1391 1396 1393 1379 1374
841.802979 1371 1368 1372 1372 1370 1374 1362 1380 1388 1382 1397 1404 1389 1393 1398 1379 1370
841.880981 1367 1380 1365 1365 1370 1383 1369 1371 1389 1397 1389 1394 1382 1398 1382 1374 1375
841.960022 1376 1371 1376 1365 1362 1364 1371 1377 1389 1403 1381 1397 1395 1384 1395 1387 1380
842.038025 1384 1378 1375 1377 1368 1369 1369 1381 1386 1385 1394 1399 1405 1388 1387 1389 1377
842.116028 1376 1376 1361 1382 1363 1373 1368 1373 1378 1395 1396 1389 1399 1381 1392 1374 1385
842.19397 1381 1373 1368 1361 1370 1354 1375 1369 1369 1401 1395 1399 1393 1386 1389 1377 1369
842.271973 1367 1374 1370 1378 1360 1373 1369 1380 1390 1398 1393 1400 1397 1392 1389 1384 1370
842.351013 1372 1374 1379 1359 1357 1366 1378 1386 1376 1390 1397 1400 1395 1393 1382 1387 1374
842.429016 1374 1375 1367 1363 1366 1365 1359 1361 1387 1400 1395 1403 1389 1397 1381 1375 1364
842.507019 1376 1370 1369 1375 1360 1366 1367 1381 1386 1382 1404 1391 1393 1389 1386 1384 1379
842.585022 1369 1364 1373 1360 1369 1371 1375 1370 1383 1394 1405 1394 1396 1399 1389 1381 1371
842.663025 1388 1373 1372 1357 1357 1354 1370 1377 1386 1394 1378 1395 1397 1382 1378 1382 1375
842.742004 1377 1375 1348 1366 1364 1364 1363 1388 1393 1396 1399 1388 1391 1398 1390 1386 1380
842.820007 1374 1356 1381 1364 1365 1371 1362 1383 1398 1392 1404 1393 1394 1401 1381 1374 1375
842.89801 1376 1377 1368 1364 1360 1371 1366 1374 1387 1387 1403 1397 1387 1386 1382 1366 1380
842.976013 1379 1371 1362 1380 1367 1372 1366 1381 1380 1393 1392 1404 1391 1397 1390 1371 1370
843.054016 1370 1381 1359 1360 1358 1372 1356 1378 1375 1380 1390 1406 1389 1390 1389 1374 1377
843.132996 1374 1389 1372 1362 1364 1355 1362 1368 1379 1387 1397 1392 1384 1399 1382 1383 1366
843.210999 1377 1365 1356 1368 1364 1365 1372 1361 1376 1397 1395 1384 1389 1399 1392 1366 1376
843.289001 1367 1366 1365 1368 1369 1373 1375 1373 1377 1373 1397 1396 1390 1394 1373 1380 1379
843.367004 1380 1364 1358 1368 1357 1364 1385 1380 1364 1386 1383 1375 1382 1395 1390 1369 1369
843.445007 1375 1367 1364 1366 1370 1368 1365 1375 1376 1376 1392 1387 1399 1397 1398 1384 1379
843.523987 1368 1367 1365 1367 1357 1359 1366 1367 1380 1376 1402 1383 1377 1386 1383 1375 1372
843.60199 1371 1376 1369 1356 1361 1369 1370 1377 1364 1388 1390 1384 1393 1380 1385 1389 1372
843.679993 1365 1371 1364 1354 1362 1370 1369 1374 1375 1389 1392 1382 1378 1389 1392 1385 1381
843.757996 1379 1374 1375 1358 1366 1365 1358 1363 1376 1394 1386 1389 1391 1382 1382 1379 1376
843.835999 1366 1363 1364 1364 1362 1362 1350 1378 1374 1378 1388 1385 1385 1392 1385 1376 1360
843.914978 1379 1364 1352 1371 1371 1357 1360 1363 1378 1389 1386 1391 1393 1381 1384 1376 1366
843.992981 1366 1369 1357 1352 1352 1370 1364 1360 1387 1376 1385 1399 1402 1385 1391 1377 1385
844.070984 1380 1371 1360 1363 1353 1360 1361 1382 1380 1376 1393 1384 1391 1394 1384 1373 1368
844.148987 1384 1359 1384 1351 1363 1358 1370 1367 1392 1376 1389 1385 1398 1377 1385 1378 1371
844.22699 1370 1370 1348 1362 1345 1361 1364 1383 1377 1384 1397 1388 1389 1391 1377 1382 1366
844.30603 1365 1366 1369 1363 1370 1356 1366 1360 1368 1382 1393 1387 1389 1405 1375 1380 1379
844.383972 1373 1375 1360 1357 1369 1362 1355 1377 1373 1389 1389 1388 1383 1375 1383 1365 1366
844.461975 1369 1367 1352 1357 1357 1358 1365 1375 1375 1390 1390 1398 1381 1386 1379 1382 1359
844.539978 1369 1363 1366 1366 1362 1363 1358 1381 1382 1374 1398 1390 1396 1383 1385 1373 1372
844.617981 1362 1369 1361 1359 1355 1366 1355 1363 1384 1374 1400 1376 1390 1377 1381 1373 1375
844.695984 1373 1375 1361 1360 1347 1371 1354 1358 1374 1388 1389 1387 1393 1384 1381 1380 1371
844.775024 1389 1371 1363 1363 1369 1358 1363 1363 1382 1388 1392 1383 1380 1380 1379 1371 1371
844.853027 1356 1363 1372 1356 1351 1357 1357 1368 1381 1383 1384 1385 1385 1384 1376 1369 1373
844.93103 1381 1357 1372 1361 1355 1358 1375 1365 1359 1386 1383 1386 1376 1382 1378 1379 1361
845.008972 1368 1356 1344 1351 1364 1350 1362 1368 1366 1387 1379 1387 1391 1385 1374 1385 1371
845.086975 1373 1367 1368 1358 1365 1353 1354 1364 1378 1371 1384 1389 1388 1383 1376 1378 1386
845.166016 1371 1355 1354 1368 1360 1355 1361 1373 1374 1369 1370 1379 1398 1390 1370 1374 1371
845.244019 1374 1371 1368 1358 1357 1356 1363 1366 1377 1380 1387 1389 1379 1385 1378 1378 1366
845.322021 1356 1373 1353 1344 1365 1357 1358 1365 1369 1383 1383 1390 1378 1383 1375 1385 1378
845.400024 1377 1370 1360 1350 1365 1356 1354 1367 1372 1376 1389 1390 1387 1386 1389 1377 1366
845.478027 1373 1365 1365 1351 1350 1351 1363 1370 1368 1382 1381 1382 1386 1396 1386 1379 1369
845.55603 1367 1364 1358 1362 1368 1359 1355 1366 1369 1373 1375 1386 1388 1378 1369 1378 1369
845.63501 1370 1367 1363 1366 1343 1354 1355 1361 1365 1400 1386 1392 1396 1383 1371 1385 1369
845.713013 1372 1377 1365 1357 1349 1350 1357 1356 1372 1375 1391 1378 1385 1373 1378 1373 1369
845.791016 1370 1367 1353 1348 1347 1354 1362 1371 1369 1374 1381 1376 1388 1389 1378 1369 1375
845.869019 1368 1361 1375 1356 1352 1355 1360 1362 1375 1378 1377 1382 1391 1396 1376 1380 1380
845.947021 1379 1358 1371 1367 1364 1356 1358 1363 1369 1384 1375 1376 1379 1387 1382 1363 1360
846.025024 1374 1358 1352 1372 1356 1368 1360 1358 1365 1382 1384 1403 1388 1372 1377 1388 1367
846.104004 1364 1368 1355 1362 1367 1350 1357 1363 1368 1378 1390 1378 1388 1385 1376 1370 1362
846.182007 1367 1379 1359 1364 1354 1357 1366 1362 1367 1368 1377 1383 1388 1376 1381 1383 1373
846.26001 1365 1370 1361 1362 1352 1356 1350 1373 1355 1372 1389 1385 1378 1383 1381 1369 1372
846.338013 1364 1365 1355 1367 1365 1352 1351 1368 1379 1369 1380 1381 1389 1388 1388 1374 1367
846.416016 1379 1370 1360 1367 1370 1354 1368 1368 1376 1378 1390 1392 1378 1385 1384 1364 1365
846.494019 1380 1351 1359 1358 1343 1355 1354 1363 1374 1393 1375 1394 1391 1396 1382 1369 1364
846.572998 1371 1358 1358 1347 1356 1364 1360 1369 1377 1375 1370 1378 1382 1380 1369 1376 1360
846.651001 1376 1362 1371 1363 1357 1339 1361 1366 1374 1377 1379 1393 1384 1388 1378 1378 1373
846.729004 1375 1373 1349 1344 1346 1356 1369 1361 1376 1390 1388 1389 1387 1387 1381 1382 1366
846.807007 1381 1368 1372 1355 1349 1352 1355 1368 1381 1378 1382 1372 1378 1377 1381 1385 1370
846.88501 1375 1376 1357 1357 1356 1353 1350 1363 1363 1379 1387 1393 1389 1391 1377 1375 1368
846.963013 1374 1362 1364 1349 1342 1354 1352 1370 1367 1389 1381 1384 1397 1381 1392 1368 1364
847.041016 1370 1375 1365 1362 1354 1357 1351 1360 1377 1397 1390 1393 1385 1389 1380 1374 1368
847.119995 1373 1372 1360 1360 1353 1356 1350 1367 1373 1373 1401 1387 1383 1399 1383 1369 1365
847.197998 1373 1366 1361 1355 1361 1363 1347 1370 1361 1384 1386 1383 1390 1383 1382 1374 1376
847.276001 1372 1352 1366 1353 1343 1355 1358 1353 1367 1374 1379 1377 1382 1382 1386 1383 1369
847.354004 1369 1361 1354 1363 1350 1365 1361 1377 1377 1376 1378 1394 1387 1384 1383 1366 1364
847.432007 1370 1362 1362 1363 1364 1352 1357 1362 1380 1369 1372 1384 1388 1380 1381 1384 1367
847.51001 1366 1366 1358 1361 1344 1359 1371 1367 1375 1370 1394 1387 1379 1372 1386 1380 1369
847.588989 1380 1365 1375 1359 1357 1354 1358 1358 1367 1389 1385 1386 1389 1385 1389 1371 1362
847.666992 1361 1372 1357 1355 1348 1355 1366 1369 1365 1381 1385 1391 1390 1387 1376 1370 1374
847.744995 1372 1360 1363 1367 1357 1350 1358 1367 1372 1372 1381 1405 1395 1390 1368 1368 1373
847.822998 1377 1373 1360 1354 1361 1354 1352 1357 1368 1377 1377 1380 1398 1384 1395 1371 1358
847.901001 1370 1379 1360 1360 1357 1351 1351 1364 1376 1374 1376 1392 1395 1383 1373 1377 1363
847.979004 1371 1361 1354 1358 1351 1357 1363 1367 1387 1379 1378 1389 1374 1381 1373 1371 1377
848.057007 1367 1373 1372 1358 1357 1354 1351 1369 1364 1378 1376 1392 1386 1377 1385 1379 1371
848.13501 1371 1371 1377 1355 1341 1358 1366 1373 1372 1379 1384 1384 1385 1383 1371 1369 1362
848.213989 1371 1373 1364 1351 1362 1349 1360 1357 1374 1383 1389 1395 1386 1385 1374 1381 1366
848.291992 1374 1370 1368 1364 1365 1357 1356 1367 1370 1380 1382 1385 1384 1385 1366 1378 1365
848.369995 1377 1361 1359 1361 1360 1350 1358 1362 1369 1380 1378 1386 1392 1390 1385 1386 1368
848.447998 1374 1364 1349 1351 1363 1359 1352 1356 1361 1387 1389 1378 1392 1383 1382 1374 1371
848.526001 1367 1375 1366 1352 1350 1355 1355 1372 1381 1379 1380 1378 1389 1390 1384 1373 1376
848.604004 1373 1378 1361 1361 1363 1354 1354 1351 1369 1364 1388 1387 1386 1384 1375 1376 1369
848.682007 1358 1380 1365 1353 1344 1355 1352 1354 1361 1387 1388 1377 1390 1385 1376 1365 1370
848.76001 1364 1379 1377 1358 1362 1352 1345 1377 1376 1382 1388 1380 1383 1379 1369 1387 1367
848.838989 1364 1368 1351 1367 1357 1358 1349 1368 1368 1372 1376 1393 1377 1387 1380 1383 1368
848.916992 1377 1375 1356 1360 1364 1348 1351 1364 1381 1376 1382 1386 1376 1379 1390 1379 1382
848.994995 1371 1359 1366 1361 1345 1354 1364 1373 1368 1367 1375 1373 1392 1376 1380 1369 1371
849.072998 1385 1371 1367 1364 1365 1360 1351 1364 1368 1374 1391 1386 1393 1388 1387 1384 1373
849.151001 1371 1364 1365 1369 1354 1350 1357 1360 1368 1372 1388 1376 1388 1395 1382 1373 1374
849.229004 1369 1365 1371 1358 1344 1354 1358 1358 1385 1377 1392 1389 1374 1375 1375 1375 1374
849.307007 1376 1364 1370 1363 1350 1348 1368 1369 1379 1384 1378 1386 1382 1380 1396 1384 1371
849.38501 1376 1375 1373 1365 1352 1364 1360 1370 1362 1368 1390 1396 1392 1384 1382 1378 1366
849.463989 1377 1362 1371 1357 1353 1347 1356 1361 1366 1379 1397 1392 1397 1397 1371 1385 1369
849.541992 1377 1377 1366 1361 1352 1351 1365 1367 1376 1386 1380 1379 1385 1394 1381 1367 1363
849.619995 1373 1367 1362 1353 1360 1360 1361 1366 1369 1383 1384 1389 1390 1388 1387 1370 1378
849.697998 1366 1372 1363 1356 1363 1359 1350 1366 1372 1377 1384 1396 1404 1378 1378 1378 1365
849.776001 1373 1375 1366 1358 1356 1352 1351 1356 1372 1394 1386 1390 1386 1384 1390 1383 1376
849.854004 1384 1367 1368 1365 1360 1354 1351 1361 1369 1386 1381 1386 1391 1381 1391 1372 1376
849.932007 1379 1366 1364 1360 1354 1355 1359 1350 1367 1383 1384 1385 1397 1382 1374 1374 1375
850.01001 1387 1358 1370 1364 1361 1351 1352 1367 1370 1371 1388 1387 1397 1388 1375 1377 1363
850.088989 1376 1369 1375 1365 1355 1360 1349 1364 1371 1387 1395 1382 1392 1397 1388 1386 1360
850.166992 1382 1371 1363 1357 1362 1361 1360 1361 1374 1385 1389 1395 1389 1389 1379 1377 1363
850.244995 1367 1367 1369 1357 1366 1357 1354 1367 1373 1388 1383 1398 1388 1393 1383 1385 1382
850.322998 1375 1385 1371 1358 1361 1354 1356 1370 1375 1384 1386 1381 1391 1390 1377 1375 1374
850.401001 1367 1370 1367 1357 1366 1348 1352 1359 1372 1378 1387 1384 1397 1387 1375 1388 1374
850.479004 1371 1369 1371 1358 1354 1362 1360 1366 1368 1368 1394 1402 1406 1383 1380 1375 1378
850.557007 1378 1368 1365 1366 1350 1358 1360 1374 1368 1379 1396 1384 1386 1376 1385 1388 1383
850.63501 1380 1368 1370 1368 1355 1365 1359 1362 1375 1379 1388 1384 1389 1378 1389 1375 1365
850.713013 1365 1364 1373 1366 1354 1356 1367 1347 1379 1393 1384 1388 1386 1381 1392 1376 1368
850.791992 1377 1363 1359 1351 1359 1352 1358 1363 1378 1393 1378 1373 1386 1393 1378 1379 1364
850.869995 1382 1366 1366 1348 1351 1347 1346 1367 1383 1383 1383 1389 1378 1385 1388 1373 1374
850.947998 1379 1388 1364 1356 1344 1356 1359 1369 1378 1373 1377 1386 1396 1382 1384 1371 1377
851.026001 1365 1360 1368 1367 1358 1364 1354 1365 1373 1380 1389 1391 1398 1390 1384 1374 1377
851.104004 1380 1368 1362 1370 1357 1365 1366 1369 1362 1377 1391 1383 1379 1377 1393 1379 1371
851.182007 1375 1379 1365 1358 1360 1347 1367 1371 1376 1373 1393 1380 1385 1381 1380 1382 1386
851.26001 1379 1376 1362 1351 1337 1349 1352 1367 1373 1383 1384 1379 1387 1391 1389 1373 1373
851.338013 1371 1366 1365 1362 1361 1356 1355 1367 1374 1372 1376 1388 1393 1387 1392 1378 1372
851.416016 1373 1380 1367 1357 1365 1359 1365 1372 1381 1384 1386 1389 1390 1380 1378 1383 1371
851.494019 1380 1374 1371 1371 1362 1348 1366 1368 1367 1385 1394 1384 1383 1386 1381 1388 1380
851.572998 1374 1380 1367 1357 1353 1355 1358 1372 1368 1357 1376 1387 1378 1382 1386 1376 1361
851.651001 1370 1369 1367 1366 1369 1350 1358 1366 1366 1369 1382 1382 1386 1390 1387 1360 1381
851.729004 1372 1363 1351 1359 1358 1359 1358 1357 1372 1375 1387 1391 1388 1394 1390 1376 1372
851.807007 1383 1384 1364 1354 1363 1351 1354 1373 1381 1385 1389 1386 1380 1376 1382 1367 1377
851.88501 1371 1371 1367 1369 1369 1369 1350 1360 1386 1370 1396 1395 1382 1379 1377 1380 1373
851.963013 1367 1372 1373 1352 1365 1353 1373 1358 1383 1382 1394 1401 1403 1387 1389 1379 1369
852.041016 1382 1369 1355 1362 1349 1364 1357 1369 1376 1389 1399 1404 1394 1382 1399 1376 1376
852.119019 1377 1373 1365 1355 1353 1358 1359 1362 1373 1387 1385 1386 1403 1394 1377 1374 1361
852.197021 1380 1372 1373 1358 1361 1362 1363 1361 1368 1382 1387 1382 1377 1396 1387 1387 1373
852.275024 1384 1358 1376 1362 1359 1363 1352 1360 1374 1386 1392 1387 1379 1387 1390 1370 1375
852.353027 1386 1374 1357 1361 1361 1354 1364 1363 1369 1376 1391 1384 1388 1391 1386 1383 1376
852.43103 1366 1368 1371 1364 1345 1350 1361 1364 1371 1368 1387 1388 1392 1382 1392 1370 1378
852.51001 1376 1375 1377 1363 1369 1363 1358 1364 1364 1377 1386 1390 1382 1392 1376 1390 1366
852.588013 1368 1370 1358 1359 1357 1355 1350 1364 1377 1386 1387 1383 1391 1382 1374 1373 1370
852.666016 1372 1362 1380 1355 1356 1365 1359 1364 1377 1384 1387 1381 1394 1388 1380 1381 1374
852.744019 1370 1368 1358 1347 1359 1359 1356 1355 1370 1373 1387 1390 1388 1392 1389 1376 1370
852.822021 1366 1377 1359 1357 1354 1356 1358 1364 1386 1376 1386 1397 1368 1382 1383 1385 1376
852.900024 1377 1374 1357 1358 1359 1353 1358 1369 1368 1384 1389 1393 1394 1401 1390 1373 1382
852.978027 1378 1363 1370 1367 1361 1376 1355 1376 1388 1377 1380 1389 1380 1390 1392 1372 1367
853.05603 1375 1361 1363 1368 1368 1357 1367 1375 1384 1386 1387 1404 1388 1387 1392 1387 1375
853.133972 1384 1377 1369 1357 1360 1346 1370 1354 1378 1379 1375 1385 1382 1384 1395 1381 1370
853.211975 1384 1376 1381 1371 1364 1352 1352 1358 1376 1393 1388 1383 1384 1380 1392 1382 1380
853.289978 1382 1385 1366 1354 1361 1345 1346 1364 1370 1382 1389 1377 1395 1401 1387 1377 1372
853.367981 1385 1380 1366 1359 1359 1361 1364 1361 1361 1374 1389 1385 1393 1394 1395 1386 1375
853.445984 1373 1369 1366 1367 1359 1362 1360 1359 1385 1390 1398 1391 1398 1391 1379 1383 1378
853.523987 1389 1371 1367 1351 1358 1362 1360 1365 1375 1379 1393 1389 1391 1384 1389 1388 1382
853.60199 1377 1363 1369 1360 1357 1359 1364 1375 1372 1373 1394 1385 1386 1392 1392 1369 1381
853.68103 1378 1389 1370 1354 1353 1355 1348 1363 1367 1383 1391 1395 1391 1381 1391 1382 1378
853.758972 1367 1367 1370 1355 1351 1355 1366 1366 1373 1382 1387 1397 1387 1403 1379 1389 1373
853.836975 1379 1373 1363 1365 1360 1358 1367 1365 1386 1386 1384 1381 1387 1389 1384 1377 1361
853.914978 1372 1373 1372 1363 1365 1356 1365 1366 1367 1381 1395 1402 1399 1405 1384 1381 1368
853.992981 1381 1377 1379 1360 1364 1349 1349 1378 1372 1383 1388 1398 1384 1396 1386 1380 1383
854.070984 1378 1375 1358 1367 1356 1365 1359 1361 1374 1369 1394 1374 1387 1392 1376 1377 1374
854.148987 1374 1379 1374 1366 1356 1358 1363 1368 1370 1377 1379 1379 1392 1386 1387 1386 1384
854.22699 1383 1376 1382 1371 1368 1355 1355 1372 1369 1373 1382 1389 1379 1386 1387 1383 1381
854.304993 1369 1370 1370 1365 1356 1362 1367 1363 1364 1389 1385 1395 1394 1395 1396 1379 1372
854.382996 1391 1382 1368 1357 1360 1352 1355 1367 1385 1391 1389 1373 1408 1391 1399 1399 1373
854.460999 1369 1369 1354 1364 1360 1363 1351 1353 1371 1387 1390 1398 1381 1386 1381 1389 1384
854.539001 1385 1368 1364 1366 1360 1360 1359 1360 1367 1380 1376 1390 1400 1384 1388 1392 1382
854.617004 1375 1380 1368 1369 1358 1358 1356 1365 1373 1390 1382 1407 1392 1389 1383 1380 1382
854.695007 1374 1375 1371 1374 1365 1352 1356 1361 1365 1383 1369 1394 1395 1380 1385 1383 1384
854.77301 1373 1376 1359 1360 1358 1359 1360 1362 1375 1387 1378 1387 1403 1378 1385 1377 1382
854.851013 1382 1375 1380 1366 1363 1354 1359 1369 1382 1375 1385 1398 1396 1394 1385 1395 1370
854.929016 1376 1382 1348 1362 1355 1359 1361 1359 1364 1371 1398 1383 1393 1394 1398 1379 1370
855.007019 1364 1365 1372 1356 1359 1354 1370 1373 1365 1383 1382 1395 1388 1397 1392 1387 1368
855.085999 1373 1385 1369 1362 1361 1363 1358 1367 1381 1379 1395 1384 1389 1387 1388 1381 1370
855.164001 1383 1375 1374 1358 1367 1357 1366 1360 1374 1364 1388 1387 1396 1389 1383 1387 1385
855.242004 1381 1372 1370 1367 1359 1368 1363 1372 1376 1382 1390 1396 1388 1384 1379 1386 1392
855.320007 1379 1378 1361 1369 1366 1356 1362 1367 1373 1374 1386 1380 1396 1397 1386 1368 1387
855.39801 1373 1389 1372 1358 1366 1364 1363 1375 1377 1387 1392 1393 1378 1385 1395 1383 1373
855.476013 1377 1374 1362 1361 1364 1360 1366 1367 1361 1379 1390 1388 1391 1389 1390 1378 1374
855.554016 1380 1374 1364 1364 1357 1361 1362 1367 1370 1383 1388 1390 1393 1397 1385 1381 1379
855.632019 1391 1381 1369 1359 1352 1352 1351 1357 1367 1377 1383 1392 1393 1382 1396 1376 1378
855.710022 1366 1376 1374 1352 1365 1352 1366 1359 1376 1395 1397 1392 1401 1386 1389 1386 1384
855.788025 1376 1378 1370 1359 1362 1348 1367 1364 1380 1382 1390 1400 1398 1398 1380 1377 1382
855.866028 1372 1367 1364 1371 1369 1351 1364 1376 1372 1380 1383 1391 1397 1385 1379 1377 1389
855.94397 1382 1373 1368 1358 1360 1362 1368 1356 1365 1385 1404 1394 1388 1400 1373 1384 1374
856.021973 1374 1376 1358 1364 1353 1359 1352 1371 1385 1379 1391 1397 1380 1395 1387 1392 1377
856.099976 1386 1373 1374 1364 1362 1350 1362 1374 1384 1368 1401 1391 1392 1392 1387 1389 1376
856.177979 1382 1373 1366 1356 1362 1358 1355 1367 1379 1401 1384 1387 1405 1394 1386 1398 1364
856.255981 1382 1377 1383 1365 1346 1364 1374 1371 1393 1383 1406 1389 1391 1382 1376 1370 1385
856.333984 1384 1377 1367 1360 1356 1359 1362 1370 1380 1376 1385 1398 1405 1381 1391 1378 1389
856.411987 1372 1371 1373 1362 1358 1366 1363 1367 1366 1383 1370 1405 1393 1414 1393 1382 1378
856.48999 1372 1372 1373 1361 1368 1354 1368 1372 1366 1381 1382 1393 1393 1395 1381 1369 1381
856.567993 1388 1367 1375 1354 1366 1369 1350 1361 1376 1386 1394 1386 1385 1386 1410 1386 1374
856.645996 1380 1372 1359 1362 1344 1373 1365 1358 1374 1375 1382 1397 1397 1396 1391 1395 1379
856.723999 1369 1363 1369 1364 1360 1353 1348 1362 1378 1383 1392 1389 1400 1389 1391 1378 1373
856.802002 1384 1371 1367 1361 1353 1362 1361 1361 1371 1387 1388 1387 1394 1386 1393 1380 1371
856.880005 1384 1385 1366 1364 1349 1368 1356 1363 1383 1379 1388 1394 1390 1377 1393 1385 1366
856.958008 1378 1377 1374 1361 1360 1360 1351 1366 1381 1368 1389 1398 1395 1381 1395 1377 1370
857.036011 1378 1369 1361 1371 1362 1359 1355 1368 1377 1390 1383 1402 1382 1386 1381 1378 1384
857.114014 1384 1379 1375 1352 1356 1368 1368 1364 1375 1388 1388 1406 1390 1390 1389 1386 1386
857.192017 1389 1390 1367 1365 1353 1361 1365 1359 1373 1387 1388 1384 1389 1403 1386 1390 1376
857.27002 1386 1375 1367 1365 1357 1359 1357 1365 1379 1368 1390 1390 1385 1384 1389 1378 1381
857.348022 1365 1373 1355 1366 1361 1358 1368 1372 1373 1376 1390 1384 1397 1384 1390 1379 1371
857.426025 1393 1371 1355 1356 1364 1363 1345 1365 1373 1382 1396 1388 1394 1396 1396 1388 1380
857.504028 1377 1368 1385 1364 1358 1364 1356 1366 1373 1376 1386 1392 1395 1389 1376 1380 1372
857.58197 1373 1383 1378 1355 1357 1351 1356 1374 1368 1392 1387 1383 1383 1400 1396 1389 1380
857.659973 1389 1362 1363 1377 1361 1351 1350 1358 1377 1381 1391 1391 1391 1394 1374 1374 1378
857.737976 1384 1372 1364 1355 1362 1351 1357 1366 1376 1386 1400 1383 1403 1405 1373 1385 1360
857.815979 1382 1382 1375 1359 1357 1351 1348 1370 1382 1384 1398 1379 1400 1409 1398 1381 1370
857.893982 1386 1385 1371 1361 1367 1359 1357 1358 1372 1387 1394 1394 1393 1396 1388 1385 1383
857.971985 1381 1371 1377 1368 1365 1354 1356 1364 1371 1374 1392 1393 1391 1393 1379 1381 1386
858.049988 1380 1376 1371 1372 1364 1362 1347 1376 1384 1368 1385 1388 1396 1386 1401 1379 1381
858.127991 1381 1370 1378 1372 1354 1361 1359 1349 1374 1378 1386 1394 1399 1382 1391 1380 1382
858.205994 1379 1369 1359 1361 1361 1361 1368 1363 1378 1384 1395 1390 1380 1398 1385 1395 1378
858.283997 1378 1364 1382 1365 1361 1367 1356 1371 1374 1382 1400 1386 1397 1400 1387 1384 1375
858.362 1377 1376 1371 1370 1359 1350 1358 1362 1377 1381 1389 1391 1394 1386 1388 1384 1372
858.440002 1388 1378 1371 1360 1363 1355 1358 1348 1366 1377 1376 1404 1392 1382 1389 1379 1366
858.518005 1375 1362 1366 1368 1359 1352 1360 1363 1379 1373 1379 1387 1399 1388 1386 1375 1384
858.596008 1368 1367 1362 1356 1357 1349 1355 1354 1367 1374 1376 1391 1394 1384 1392 1371 1372
858.674011 1381 1375 1370 1371 1362 1353 1348 1370 1373 1380 1388 1395 1393 1390 1392 1394 1373
858.752014 1371 1379 1364 1363 1357 1358 1347 1368 1379 1386 1391 1391 1391 1392 1395 1373 1376
858.830017 1385 1370 1361 1366 1353 1360 1359 1359 1372 1374 1379 1393 1399 1383 1389 1387 1380
858.90802 1369 1372 1369 1370 1357 1364 1364 1366 1369 1379 1387 1405 1400 1386 1380 1388 1371
858.986023 1378 1383 1378 1367 1365 1363 1364 1365 1381 1380 1394 1389 1399 1391 1383 1380 1374
859.064026 1377 1377 1376 1367 1353 1362 1362 1355 1377 1381 1397 1391 1396 1404 1383 1393 1377
859.142029 1373 1377 1361 1358 1358 1356 1345 1356 1372 1384 1393 1393 1385 1389 1392 1395 1392
859.219971 1381 1373 1366 1370 1365 1368 1364 1371 1367 1377 1372 1390 1394 1385 1385 1393 1377
859.297974 1371 1376 1363 1369 1362 1366 1365 1370 1367 1379 1373 1386 1403 1383 1393 1379 1377
859.375977 1377 1373 1374 1360 1360 1364 1356 1355 1359 1378 1387 1386 1393 1388 1384 1399 1370
859.453979 1374 1382 1365 1366 1377 1355 1359 1370 1377 1386 1384 1397 1402 1376 1390 1389 1376
859.531982 1383 1378 1358 1371 1361 1360 1371 1368 1377 1380 1379 1391 1393 1387 1381 1383 1379
859.609985 1377 1373 1370 1368 1363 1362 1355 1365 1370 1385 1386 1392 1394 1368 1392 1385 1374
859.687988 1379 1376 1361 1368 1358 1354 1361 1369 1373 1385 1386 1384 1398 1402 1378 1380 1382
859.765991 1379 1373 1363 1360 1365 1364 1356 1364 1367 1378 1401 1394 1389 1389 1382 1388 1389
859.843994 1371 1383 1363 1356 1366 1365 1357 1351 1362 1380 1385 1395 1389 1394 1389 1388 1373
859.921997 1373 1374 1369 1372 1362 1352 1354 1364 1376 1381 1387 1382 1387 1384 1374 1389 1374
860 1378 1366 1378 1364 1366 1357 1361 1364 1370 1379 1400 1387 1397 1379 1382 1380 1375
860.078003 1377 1363 1359 1364 1360 1347 1349 1374 1373 1381 1381 1394 1388 1396 1385 1384 1372
860.156006 1371 1373 1366 1361 1360 1359 1356 1370 1383 1382 1381 1406 1377 1392 1404 1398 1369
860.234009 1373 1385 1373 1370 1368 1356 1359 1367 1371 1392 1387 1384 1376 1396 1388 1382 1366
860.312012 1378 1377 1366 1361 1354 1354 1358 1373 1371 1376 1387 1390 1394 1390 1386 1377 1385
860.390015 1380 1369 1367 1370 1359 1366 1362 1369 1375 1382 1387 1396 1397 1395 1382 1390 1378
860.468018 1380 1376 1363 1366 1348 1344 1362 1361 1370 1382 1377 1388 1389 1395 1386 1380 1371
860.546021 1365 1377 1361 1368 1357 1351 1362 1371 1374 1378 1386 1393 1389 1395 1389 1371 1384
860.624023 1374 1374 1366 1361 1370 1354 1354 1359 1359 1376 1385 1377 1398 1381 1391 1381 1381
860.702026 1370 1369 1375 1361 1358 1351 1360 1369 1376 1373 1383 1398 1382 1381 1389 1369 1375
860.780029 1387 1378 1373 1361 1362 1353 1352 1359 1369 1377 1386 1382 1397 1389 1391 1375 1379
860.857971 1374 1380 1377 1356 1357 1353 1350 1364 1373 1384 1396 1400 1395 1382 1383 1375 1376
860.935974 1368 1372 1370 1359 1365 1355 1356 1358 1355 1376 1377 1382 1393 1381 1388 1392 1380
861.013977 1376 1360 1365 1358 1361 1358 1368 1363 1368 1372 1383 1381 1380 1385 1388 1386 1367
861.091003 1374 1384 1369 1363 1354 1362 1359 1354 1369 1372 1381 1381 1390 1389 1386 1380 1384
861.169006 1382 1367 1373 1361 1357 1355 1364 1354 1366 1373 1390 1400 1386 1381 1385 1384 1376
861.247009 1379 1354 1370 1360 1358 1349 1356 1369 1377 1374 1383 1380 1384 1391 1391 1378 1376
861.325012 1378 1377 1366 1370 1361 1348 1358 1361 1375 1373 1378 1388 1392 1377 1394 1379 1370
861.403015 1363 1371 1367 1366 1351 1357 1359 1372 1359 1373 1388 1372 1385 1382 1390 1381 1372
861.481018 1394 1361 1357 1355 1363 1363 1355 1368 1369 1384 1382 1395 1386 1391 1385 1379 1381
861.559021 1372 1371 1370 1370 1347 1355 1344 1367 1368 1382 1382 1370 1392 1387 1388 1368 1370
861.637024 1378 1372 1377 1364 1358 1349 1352 1360 1379 1385 1385 1382 1381 1407 1384 1377 1378
861.715027 1378 1371 1371 1362 1359 1350 1368 1366 1374 1359 1390 1374 1398 1393 1389 1388 1383
861.79303 1373 1374 1367 1363 1343 1360 1350 1378 1385 1375 1378 1375 1384 1398 1383 1376 1363
861.870972 1383 1382 1364 1365 1348 1357 1350 1361 1371 1377 1381 1396 1389 1379 1399 1374 1373
861.948975 1371 1371 1368 1360 1366 1349 1355 1362 1368 1364 1388 1388 1387 1385 1399 1389 1380
862.026978 1375 1372 1371 1364 1359 1357 1353 1363 1366 1371 1387 1384 1389 1393 1382 1371 1390
862.10498 1373 1377 1366 1369 1355 1353 1350 1361 1372 1393 1397 1393 1396 1382 1384 1374 1374
862.182983 1370 1365 1375 1372 1367 1352 1355 1370 1375 1375 1386 1381 1388 1399 1375 1380 1378
862.260986 1382 1377 1362 1359 1363 1354 1357 1362 1368 1384 1393 1395 1388 1390 1390 1373 1373
862.338989 1374 1371 1379 1354 1364 1350 1362 1364 1366 1377 1378 1389 1383 1382 1379 1387 1365
862.416992 1383 1364 1367 1361 1356 1348 1348 1368 1373 1375 1384 1382 1401 1385 1381 1385 1380
862.494995 1376 1377 1361 1364 1351 1361 1354 1363 1369 1369 1387 1389 1401 1389 1388 1387 1364
862.572998 1377 1383 1358 1363 1357 1353 1352 1359 1369 1382 1386 1390 1385 1375 1389 1381 1379
862.650024 1377 1372 1363 1367 1353 1356 1360 1364 1362 1374 1389 1377 1372 1394 1384 1373 1374
862.728027 1366 1374 1366 1367 1351 1360 1359 1354 1365 1369 1387 1384 1392 1385 1384 1383 1372
862.80603 1368 1372 1361 1349 1376 1359 1350 1355 1366 1358 1375 1390 1392 1378 1388 1372 1374
862.883972 1366 1365 1356 1356 1348 1343 1342 1349 1377 1378 1376 1389 1392 1386 1397 1382 1381
862.961975 1378 1367 1361 1361 1351 1360 1350 1357 1359 1386 1376 1391 1392 1391 1383 1391 1377
863.039978 1377 1374 1369 1364 1352 1352 1358 1357 1378 1377 1385 1396 1383 1396 1396 1390 1371
863.117981 1384 1378 1367 1358 1362 1352 1346 1353 1377 1377 1386 1376 1379 1376 1388 1383 1381
863.195984 1376 1376 1356 1357 1352 1357 1346 1364 1358 1385 1376 1380 1383 1383 1371 1378 1369
863.273987 1387 1372 1374 1364 1354 1353 1355 1346 1364 1375 1387 1389 1381 1384 1383 1378 1373
863.35199 1379 1384 1375 1354 1360 1359 1355 1365 1375 1367 1380 1390 1393 1390 1386 1364 1370
863.429993 1373 1362 1349 1351 1347 1355 1351 1360 1380 1365 1371 1389 1380 1393 1382 1380 1372
863.507996 1374 1367 1364 1361 1358 1355 1349 1354 1375 1378 1382 1390 1391 1369 1385 1387 1372
863.585999 1378 1371 1375 1366 1351 1358 1357 1365 1360 1371 1387 1385 1393 1387 1394 1377 1367
863.663025 1383 1375 1370 1350 1353 1363 1346 1361 1361 1376 1375 1393 1382 1386 1377 1385 1380
863.741028 1368 1370 1365 1371 1349 1350 1357 1369 1374 1364 1380 1383 1380 1371 1379 1365 1386
863.81897 1376 1375 1369 1356 1358 1344 1360 1351 1369 1366 1379 1379 1388 1383 1380 1382 1361
863.896973 1363 1369 1354 1359 1355 1352 1345 1355 1359 1375 1369 1388 1393 1382 1381 1386 1375
863.974976 1374 1375 1378 1353 1355 1350 1358 1364 1381 1377 1384 1373 1396 1373 1370 1375 1387
864.052979 1375 1368 1356 1368 1349 1350 1348 1364 1352 1372 1383 1394 1384 1387 1378 1377 1364
864.130981 1385 1368 1360 1360 1352 1355 1352 1359 1363 1375 1388 1392 1383 1390 1374 1389 1372
864.208984 1368 1375 1356 1367 1362 1355 1347 1368 1365 1374 1372 1382 1384 1361 1377 1390 1376
864.286987 1378 1376 1365 1348 1340 1358 1354 1352 1365 1365 1365 1370 1375 1384 1371 1381 1378
864.36499 1374 1373 1354 1365 1350 1352 1346 1357 1364 1376 1376 1385 1377 1387 1395 1376 1376
864.442993 1363 1370 1362 1364 1353 1350 1354 1366 1357 1371 1378 1387 1379 1384 1394 1373 1369
864.520996 1363 1369 1360 1361 1353 1354 1349 1349 1369 1368 1362 1377 1393 1378 1378 1375 1372
864.598022 1385 1369 1364 1355 1347 1352 1358 1359 1371 1369 1369 1373 1379 1381 1375 1378 1373
864.676025 1362 1365 1361 1356 1346 1354 1350 1351 1373 1377 1390 1391 1382 1381 1375 1384 1367
864.754028 1387 1370 1368 1358 1353 1358 1349 1353 1355 1376 1379 1380 1381 1372 1376 1379 1358
864.83197 1379 1370 1378 1359 1355 1347 1353 1364 1358 1379 1380 1385 1376 1385 1380 1380 1375
864.909973 1374 1367 1363 1364 1355 1351 1358 1369 1362 1369 1378 1389 1379 1381 1382 1372 1363
864.987976 1371 1371 1373 1348 1360 1351 1357 1357 1361 1370 1374 1395 1389 1390 1384 1368 1365
865.065979 1380 1373 1368 1361 1360 1347 1352 1366 1359 1365 1380 1379 1377 1397 1371 1359 1362
865.143982 1367 1362 1353 1360 1351 1358 1351 1366 1362 1371 1373 1385 1375 1388 1373 1383 1368
865.221985 1372 1371 1368 1354 1359 1355 1340 1362 1371 1367 1378 1373 1387 1373 1376 1373 1368
865.299011 1380 1373 1363 1361 1353 1343 1341 1357 1364 1376 1378 1381 1381 1389 1375 1380 1362
865.377014 1356 1373 1363 1358 1343 1343 1352 1358 1372 1372 1382 1373 1385 1381 1371 1374 1364
865.455017 1373 1370 1366 1357 1347 1349 1350 1353 1360 1368 1375 1382 1393 1372 1381 1365 1372
865.53302 1358 1364 1349 1363 1349 1357 1342 1358 1370 1373 1382 1377 1381 1382 1379 1384 1366
865.611023 1367 1362 1349 1358 1354 1359 1336 1351 1379 1375 1376 1397 1376 1393 1373 1379 1368
865.689026 1354 1371 1358 1351 1359 1340 1353 1351 1348 1365 1387 1372 1375 1372 1378 1368 1370
865.767029 1374 1359 1359 1361 1368 1353 1345 1353 1372 1373 1378 1375 1385 1391 1379 1368 1379
865.844971 1360 1368 1361 1357 1346 1360 1345 1360 1359 1376 1387 1378 1386 1373 1367 1370 1372
865.922974 1371 1373 1363 1355 1347 1346 1351 1356 1352 1366 1377 1375 1382 1372 1382 1365 1365
866 1366 1358 1368 1353 1351 1346 1348 1357 1361 1365 1384 1380 1359 1376 1376 1372 1373
866.078003 1361 1370 1359 1368 1344 1336 1355 1340 1375 1368 1373 1378 1372 1381 1380 1369 1359
866.156006 1365 1364 1361 1355 1355 1348 1351 1347 1368 1368 1378 1387 1381 1378 1364 1365 1377
866.234009 1355 1373 1365 1345 1361 1348 1346 1352 1367 1375 1381 1377 1378 1388 1369 1373 1364
866.312012 1364 1368 1353 1353 1350 1345 1337 1350 1387 1374 1380 1379 1383 1371 1368 1372 1364
866.390015 1363 1364 1365 1361 1360 1346 1349 1358 1365 1362 1372 1374 1384 1379 1369 1374 1373
866.468018 1366 1370 1357 1350 1346 1357 1357 1356 1365 1373 1371 1373 1378 1380 1381 1386 1360
866.546021 1373 1360 1357 1354 1350 1344 1339 1365 1359 1364 1377 1391 1374 1377 1371 1378 1366
866.624023 1371 1357 1365 1368 1340 1339 1354 1353 1361 1365 1385 1371 1379 1374 1379 1365 1371
866.700989 1362 1372 1356 1361 1345 1336 1342 1369 1375 1377 1374 1380 1387 1373 1372 1371 1372
866.778992 1366 1371 1361 1352 1355 1348 1338 1361 1360 1370 1375 1378 1377 1377 1366 1373 1364
866.856995 1368 1366 1367 1363 1349 1359 1344 1354 1361 1367 1376 1383 1383 1375 1364 1370 1368
866.934998 1355 1354 1366 1361 1337 1357 1335 1359 1355 1367 1378 1375 1381 1366 1374 1369 1354
867.013 1366 1366 1360 1348 1347 1338 1345 1348 1355 1356 1377 1369 1377 1373 1375 1363 1360
867.091003 1370 1354 1367 1355 1351 1346 1343 1370 1367 1364 1370 1370 1389 1369 1376 1357 1355
867.169006 1374 1363 1351 1357 1344 1339 1354 1355 1365 1365 1366 1366 1379 1373 1366 1374 1361
867.247009 1364 1360 1364 1343 1360 1345 1345 1344 1357 1370 1373 1376 1372 1380 1370 1362 1354
867.323975 1365 1356 1358 1348 1349 1353 1359 1355 1352 1364 1373 1376 1368 1375 1382 1366 1359
867.401978 1368 1363 1359 1343 1346 1349 1333 1356 1352 1364 1377 1376 1366 1372 1378 1378 1358
867.47998 1375 1360 1363 1353 1348 1351 1348 1350 1354 1357 1378 1389 1390 1375 1371 1365 1374
867.557983 1362 1368 1357 1348 1353 1344 1349 1360 1353 1364 1375 1379 1375 1378 1373 1367 1355
867.635986 1367 1369 1368 1354 1349 1351 1349 1350 1359 1372 1374 1385 1375 1367 1367 1367 1352
867.713989 1375 1352 1354 1346 1357 1350 1357 1350 1360 1364 1378 1382 1384 1386 1369 1368 1358
867.791992 1359 1372 1346 1353 1348 1337 1345 1346 1361 1364 1374 1380 1360 1375 1368 1370 1366
867.869019 1362 1361 1361 1358 1351 1348 1347 1352 1363 1378 1362 1373 1382 1372 1362 1373 1358
867.947021 1351 1369 1353 1348 1341 1345 1345 1354 1352 1367 1366 1372 1381 1375 1367 1366 1360
868.025024 1369 1360 1349 1352 1347 1346 1339 1349 1364 1372 1371 1366 1370 1370 1373 1370 1362
868.103027 1372 1364 1346 1353 1345 1355 1353 1353 1343 1355 1373 1375 1379 1379 1364 1367 1365
868.18103 1355 1369 1344 1346 1342 1339 1334 1344 1359 1373 1365 1373 1381 1372 1374 1363 1364
868.258972 1364 1361 1353 1351 1345 1352 1342 1357 1362 1366 1379 1367 1379 1369 1378 1364 1353
868.335999 1369 1368 1353 1350 1342 1342 1337 1355 1363 1369 1365 1381 1373 1382 1369 1369 1364
868.414001 1364 1366 1359 1364 1344 1348 1351 1349 1358 1352 1375 1374 1373 1364 1375 1373 1362
868.492004 1355 1364 1361 1366 1349 1351 1341 1345 1361 1356 1358 1367 1383 1365 1365 1370 1349
868.570007 1359 1347 1358 1356 1350 1344 1351 1345 1361 1364 1376 1364 1369 1367 1362 1372 1366
868.64801 1356 1360 1355 1346 1342 1347 1347 1357 1358 1354 1363 1378 1375 1372 1365 1380 1356
868.726013 1360 1373 1341 1355 1337 1339 1345 1351 1348 1361 1357 1361 1362 1377 1363 1369 1349
868.804016 1359 1355 1343 1339 1347 1336 1354 1347 1358 1371 1381 1373 1368 1367 1371 1364 1367
868.880981 1359 1362 1358 1347 1352 1346 1338 1355 1358 1367 1385 1369 1375 1368 1365 1357 1372
868.958984 1366 1360 1354 1349 1344 1352 1339 1330 1356 1367 1369 1377 1371 1368 1365 1362 1368
869.036987 1363 1368 1347 1351 1345 1343 1354 1342 1364 1364 1370 1378 1359 1364 1361 1367 1364
869.11499 1364 1367 1353 1348 1330 1348 1343 1354 1360 1366 1366 1363 1376 1381 1367 1363 1348
869.192993 1370 1366 1351 1357 1339 1336 1342 1348 1360 1353 1370 1368 1359 1373 1373 1359 1349
869.270996 1365 1354 1351 1347 1347 1339 1343 1347 1346 1356 1368 1368 1365 1366 1362 1356 1365
869.348022 1362 1357 1355 1348 1345 1351 1336 1348 1357 1361 1379 1370 1375 1370 1362 1357 1364
869.426025 1364 1364 1355 1343 1347 1348 1332 1349 1352 1365 1372 1382 1370 1360 1373 1366 1356
869.504028 1362 1359 1351 1354 1345 1348 1339 1345 1347 1364 1361 1362 1372 1370 1367 1359 1364
869.58197 1362 1369 1344 1350 1346 1343 1334 1349 1355 1355 1373 1371 1358 1371 1360 1358 1364
869.659973 1364 1345 1335 1343 1343 1350 1339 1348 1352 1357 1367 1373 1373 1379 1368 1371 1361
869.737976 1363 1365 1348 1344 1344 1350 1347 1359 1353 1367 1372 1361 1369 1369 1379 1360 1356
869.815002 1362 1352 1343 1348 1353 1333 1337 1340 1356 1369 1364 1371 1380 1365 1367 1364 1363
869.893005 1355 1355 1349 1353 1352 1336 1334 1344 1366 1349 1363 1364 1361 1358 1351 1349 1363
869.971008 1353 1356 1350 1347 1339 1333 1341 1337 1337 1360 1367 1372 1358 1361 1370 1361 1347
870.049011 1362 1351 1346 1357 1334 1352 1340 1341 1360 1361 1371 1366 1366 1357 1372 1372 1353
870.127014 1357 1355 1361 1350 1346 1342 1341 1336 1358 1370 1361 1361 1375 1366 1364 1374 1361
870.205017 1353 1368 1344 1347 1339 1350 1330 1350 1352 1354 1377 1374 1368 1356 1367 1360 1355
870.281982 1355 1354 1344 1349 1344 1332 1353 1344 1345 1361 1359 1363 1363 1370 1368 1360 1357
870.359985 1371 1359 1345 1347 1345 1340 1357 1344 1368 1368 1362 1363 1370 1368 1359 1358 1362
870.437988 1361 1360 1341 1349 1332 1338 1347 1344 1345 1352 1367 1374 1369 1359 1369 1367 1361
870.515991 1354 1351 1352 1348 1334 1332 1339 1338 1352 1352 1364 1358 1365 1366 1363 1362 1351
870.593994 1351 1357 1340 1347 1353 1351 1339 1345 1346 1358 1364 1365 1366 1366 1364 1353 1360
870.671021 1355 1349 1353 1362 1340 1337 1337 1340 1360 1347 1369 1373 1370 1359 1354 1353 1364
870.749023 1357 1352 1344 1341 1344 1343 1345 1342 1341 1365 1358 1363 1360 1371 1360 1359 1361
870.827026 1355 1350 1357 1350 1356 1337 1344 1341 1352 1365 1375 1364 1366 1362 1370 1364 1354
870.905029 1354 1351 1351 1350 1340 1332 1334 1348 1352 1359 1357 1358 1364 1355 1365 1361 1366
870.982971 1366 1359 1345 1350 1351 1342 1334 1339 1352 1361 1361 1366 1362 1381 1353 1346 1361
871.059998 1354 1350 1340 1346 1359 1343 1327 1355 1351 1355 1366 1363 1366 1364 1371 1361 1363
871.138 1358 1350 1347 1346 1344 1336 1331 1347 1357 1358 1370 1378 1368 1364 1363 1359 1364
871.216003 1353 1347 1342 1354 1337 1339 1339 1346 1342 1352 1362 1363 1370 1371 1367 1366 1367
871.294006 1359 1354 1356 1345 1338 1340 1333 1351 1352 1349 1359 1357 1366 1363 1365 1376 1348
871.372009 1372 1354 1359 1346 1333 1346 1339 1346 1355 1358 1366 1368 1370 1365 1360 1359 1349
871.448975 1361 1335 1343 1343 1342 1344 1346 1334 1363 1362 1375 1377 1375 1378 1366 1355 1350
871.526978 1360 1352 1346 1349 1335 1343 1343 1332 1347 1353 1368 1361 1370 1352 1376 1360 1349
871.60498 1350 1360 1360 1340 1331 1342 1339 1355 1350 1356 1362 1370 1370 1370 1371 1362 1352
871.682983 1349 1350 1357 1348 1341 1344 1332 1334 1345 1347 1363 1355 1368 1366 1365 1356 1366
871.760986 1354 1354 1354 1337 1340 1332 1346 1350 1354 1358 1366 1353 1364 1375 1366 1355 1364
871.838013 1357 1345 1348 1344 1347 1337 1341 1340 1345 1364 1363 1355 1366 1358 1357 1351 1359
871.916016 1361 1352 1356 1353 1342 1346 1331 1345 1353 1355 1356 1357 1362 1365 1362 1363 1366
871.994019 1347 1343 1343 1342 1339 1340 1335 1344 1366 1352 1371 1374 1385 1375 1367 1343 1358
872.072021 1368 1349 1349 1341 1332 1343 1334 1355 1343 1351 1370 1367 1379 1355 1364 1358 1352
872.150024 1366 1349 1344 1350 1335 1345 1330 1343 1350 1353 1355 1370 1374 1364 1350 1362 1348
872.22699 1351 1358 1346 1343 1348 1345 1333 1337 1357 1356 1366 1363 1357 1364 1362 1358 1351
872.304993 1355 1346 1352 1350 1340 1343 1331 1335 1353 1359 1354 1362 1362 1365 1367 1366 1367
872.382996 1361 1354 1344 1345 1353 1337 1331 1335 1349 1354 1373 1370 1362 1354 1356 1357 1349
872.460999 1351 1351 1344 1352 1351 1341 1337 1334 1348 1364 1359 1373 1369 1358 1361 1351 1352
872.539001 1361 1344 1343 1347 1342 1335 1348 1357 1341 1351 1368 1366 1364 1367 1372 1362 1351
872.616028 1358 1343 1339 1346 1339 1343 1339 1345 1350 1354 1370 1367 1364 1361 1362 1347 1368
872.69397 1346 1353 1341 1358 1343 1323 1329 1346 1343 1345 1368 1368 1369 1358 1357 1361 1357
872.771973 1353 1340 1340 1355 1343 1340 1331 1348 1352 1353 1359 1362 1351 1354 1369 1364 1356
872.849976 1368 1358 1348 1339 1335 1340 1336 1343 1356 1353 1370 1358 1367 1371 1357 1362 1358
872.927002 1364 1350 1339 1350 1344 1337 1337 1342 1344 1357 1358 1369 1355 1372 1364 1365 1347
873.005005 1349 1357 1342 1347 1340 1341 1340 1340 1344 1365 1362 1365 1371 1361 1367 1355 1349
873.083008 1351 1353 1354 1338 1344 1337 1346 1347 1342 1356 1351 1352 1358 1364 1360 1344 1348
873.161011 1348 1353 1352 1342 1349 1331 1340 1335 1353 1362 1357 1359 1363 1368 1365 1352 1346
873.239014 1358 1347 1350 1341 1337 1342 1338 1348 1352 1363 1357 1364 1360 1358 1354 1348 1349
873.315979 1351 1355 1354 1342 1336 1330 1337 1345 1351 1349 1355 1367 1364 1357 1370 1353 1353
873.393982 1341 1353 1344 1342 1340 1339 1330 1344 1350 1352 1366 1363 1360 1364 1368 1347 1353
873.471985 1349 1351 1357 1337 1338 1344 1340 1347 1335 1356 1349 1370 1365 1354 1353 1359 1345
873.549988 1350 1345 1347 1343 1340 1335 1343 1340 1353 1347 1362 1356 1365 1354 1364 1355 1342
873.627014 1367 1343 1337 1349 1345 1335 1336 1336 1348 1361 1366 1364 1364 1364 1366 1347 1355
873.705017 1359 1359 1351 1341 1332 1341 1335 1338 1350 1354 1365 1352 1370 1371 1364 1364 1350
873.78302 1351 1345 1349 1335 1348 1336 1329 1344 1345 1366 1356 1363 1363 1350 1345 1363 1342
873.861023 1343 1345 1350 1337 1341 1342 1335 1350 1347 1357 1360 1361 1365 1360 1357 1351 1352
873.937988 1344 1363 1347 1337 1335 1335 1337 1332 1341 1349 1360 1357 1355 1353 1359 1360 1353
874.015991 1351 1341 1338 1331 1329 1343 1329 1342 1331 1355 1351 1361 1355 1361 1359 1368 1351
874.093994 1360 1351 1346 1340 1336 1338 1339 1341 1352 1366 1355 1357 1358 1357 1351 1340 1363
874.171997 1358 1355 1346 1345 1342 1331 1341 1340 1355 1363 1359 1362 1359 1359 1363 1352 1350
874.249023 1352 1357 1349 1342 1332 1341 1340 1343 1341 1356 1352 1355 1360 1356 1351 1356 1353
874.327026 1353 1349 1343 1352 1341 1333 1333 1346 1350 1356 1368 1367 1358 1369 1355 1353 1353
874.405029 1348 1352 1343 1335 1326 1335 1338 1342 1347 1352 1356 1363 1366 1345 1368 1349 1353
874.482971 1356 1338 1347 1349 1329 1345 1329 1339 1342 1352 1355 1349 1354 1365 1362 1351 1353
874.559998 1366 1346 1349 1345 1329 1344 1335 1342 1354 1356 1358 1354 1369 1349 1359 1364 1361
874.638 1344 1359 1348 1339 1333 1345 1336 1342 1347 1353 1357 1352 1362 1375 1351 1367 1358
874.716003 1346 1351 1356 1327 1337 1339 1336 1334 1352 1351 1345 1356 1366 1373 1356 1345 1354
874.794006 1351 1352 1337 1332 1348 1328 1334 1339 1352 1354 1374 1358 1372 1367 1354 1345 1351
874.870972 1347 1341 1347 1342 1330 1340 1335 1331 1337 1341 1357 1364 1360 1367 1358 1344 1351
874.948975 1341 1353 1332 1343 1339 1335 1329 1345 1345 1356 1354 1358 1361 1356 1368 1358 1350
875.026978 1346 1353 1354 1351 1336 1338 1330 1346 1341 1349 1351 1365 1365 1355 1355 1352 1339
875.10498 1352 1352 1346 1337 1335 1345 1334 1338 1355 1352 1357 1352 1364 1362 1357 1351 1343
875.182007 1356 1355 1340 1333 1335 1331 1339 1346 1352 1356 1355 1354 1356 1360 1361 1352 1343
875.26001 1356 1351 1341 1330 1334 1324 1331 1343 1341 1360 1353 1352 1357 1356 1353 1359 1356
875.338013 1354 1347 1350 1334 1332 1327 1337 1333 1343 1346 1354 1373 1360 1356 1351 1347 1343
875.416016 1338 1327 1333 1343 1333 1343 1330 1335 1348 1349 1358 1356 1361 1363 1369 1352 1350
875.492981 1352 1342 1335 1334 1336 1339 1327 1338 1338 1344 1354 1365 1352 1366 1352 1366 1350
875.570984 1356 1348 1341 1341 1339 1329 1334 1338 1351 1346 1355 1365 1365 1349 1354 1356 1361
875.648987 1342 1342 1340 1342 1342 1337 1332 1345 1342 1364 1358 1359 1357 1355 1352 1354 1349
875.72699 1359 1351 1344 1326 1336 1332 1337 1333 1345 1352 1357 1358 1355 1359 1361 1353 1350
875.804016 1356 1340 1342 1345 1334 1334 1332 1333 1348 1342 1351 1357 1356 1350 1356 1348 1355
875.882019 1349 1349 1340 1333 1337 1334 1336 1340 1361 1348 1341 1358 1363 1349 1349 1355 1346
875.960022 1364 1340 1340 1348 1342 1327 1330 1347 1335 1352 1358 1367 1353 1352 1354 1361 1347
876.036987 1356 1349 1350 1345 1343 1333 1332 1344 1346 1351 1356 1352 1361 1352 1351 1356 1353
876.11499 1351 1346 1346 1339 1337 1334 1331 1348 1351 1360 1365 1359 1361 1364 1354 1367 1337
876.192993 1348 1351 1329 1340 1326 1327 1330 1341 1347 1345 1352 1344 1363 1353 1349 1360 1346
876.270996 1344 1349 1338 1339 1335 1336 1322 1347 1344 1355 1358 1363 1358 1356 1346 1360 1348
876.348022 1350 1346 1350 1345 1333 1331 1338 1340 1348 1348 1355 1365 1360 1359 1361 1356 1353
876.426025 1349 1339 1345 1330 1332 1339 1335 1339 1350 1348 1356 1358 1356 1351 1357 1349 1346
876.504028 1352 1350 1344 1334 1331 1332 1331 1346 1339 1341 1353 1361 1360 1354 1347 1350 1344
876.58197 1360 1352 1332 1341 1334 1326 1332 1340 1345 1347 1353 1358 1367 1350 1348 1346 1338
876.658997 1354 1343 1351 1337 1338 1331 1338 1340 1342 1340 1358 1350 1362 1364 1361 1346 1355
876.737 1347 1345 1340 1343 1331 1325 1329 1335 1345 1354 1352 1359 1359 1366 1356 1353 1352
876.815002 1350 1342 1341 1334 1334 1330 1328 1330 1339 1344 1353 1356 1359 1346 1353 1347 1347
876.892029 1363 1350 1338 1334 1336 1339 1338 1337 1359 1357 1356 1354 1350 1356 1348 1352 1341
876.969971 1340 1340 1341 1342 1342 1329 1329 1336 1342 1349 1358 1357 1362 1356 1356 1352 1345
877.047974 1353 1343 1345 1332 1327 1347 1335 1342 1339 1351 1349 1353 1360 1352 1356 1350 1351
877.125977 1346 1345 1350 1340 1339 1331 1336 1333 1350 1351 1351 1366 1359 1344 1362 1351 1349
877.203003 1351 1348 1332 1347 1334 1335 1328 1336 1344 1350 1359 1359 1361 1356 1356 1350 1353
877.281006 1352 1335 1335 1336 1325 1330 1331 1342 1341 1343 1349 1358 1359 1360 1346 1341 1338
877.359009 1346 1340 1344 1353 1334 1336 1336 1326 1333 1349 1366 1358 1357 1350 1348 1350 1354
877.435974 1346 1343 1345 1334 1328 1335 1334 1335 1338 1352 1361 1354 1349 1349 1345 1351 1337
877.513977 1349 1344 1336 1339 1331 1339 1327 1330 1345 1346 1357 1340 1359 1359 1357 1345 1335
877.59198 1354 1354 1344 1338 1345 1331 1324 1340 1334 1346 1345 1357 1361 1347 1365 1356 1344
877.669006 1353 1334 1350 1335 1332 1338 1333 1345 1351 1344 1349 1358 1350 1365 1354 1345 1347
877.747009 1344 1349 1337 1344 1331 1335 1336 1345 1342 1345 1351 1368 1360 1353 1350 1350 1354
877.825012 1339 1350 1341 1346 1330 1335 1339 1337 1346 1346 1347 1355 1360 1360 1356 1344 1345
877.903015 1341 1351 1341 1334 1329 1332 1329 1330 1343 1347 1358 1348 1368 1359 1359 1343 1342
877.97998 1344 1337 1334 1335 1337 1345 1326 1335 1339 1344 1355 1359 1347 1350 1353 1346 1349
878.057983 1344 1351 1342 1339 1347 1323 1328 1344 1347 1348 1349 1358 1358 1348 1359 1356 1360
878.135986 1337 1342 1352 1333 1327 1340 1329 1342 1346 1355 1350 1361 1353 1360 1361 1354 1352
878.213013 1344 1352 1336 1341 1344 1333 1332 1335 1340 1346 1347 1343 1347 1352 1350 1343 1361
878.291016 1342 1353 1340 1333 1344 1335 1332 1347 1345 1348 1365 1350 1358 1354 1348 1355 1346
878.369019 1337 1346 1341 1337 1331 1337 1326 1334 1327 1341 1355 1350 1341 1356 1350 1349 1345
878.445984 1346 1346 1349 1347 1324 1332 1329 1336 1349 1348 1356 1345 1361 1353 1347 1350 1353
878.523987 1342 1348 1330 1340 1328 1336 1336 1336 1340 1348 1348 1357 1360 1354 1349 1347 1337
878.60199 1337 1331 1340 1336 1332 1333 1343 1344 1355 1342 1354 1355 1358 1357 1356 1338 1347
878.679016 1341 1342 1335 1337 1329 1326 1322 1337 1336 1353 1357 1349 1356 1350 1351 1345 1349
878.757019 1346 1336 1333 1340 1324 1333 1338 1324 1347 1347 1348 1342 1351 1352 1349 1349 1340
878.835022 1340 1339 1331 1331 1333 1326 1322 1335 1334 1356 1348 1352 1361 1344 1347 1354 1348
878.911987 1352 1348 1337 1331 1330 1331 1320 1334 1339 1340 1343 1346 1345 1341 1350 1349 1340
878.98999 1352 1338 1326 1329 1328 1321 1336 1324 1344 1349 1357 1356 1354 1339 1348 1350 1337
879.067993 1346 1335 1340 1336 1334 1328 1338 1338 1338 1351 1354 1367 1352 1358 1348 1345 1339
879.145996 1348 1349 1333 1330 1326 1334 1319 1335 1342 1339 1353 1353 1352 1349 1353 1344 1359
879.223022 1340 1334 1344 1335 1337 1333 1330 1326 1337 1350 1350 1342 1359 1351 1349 1348 1341
879.301025 1336 1336 1335 1339 1338 1331 1324 1333 1335 1350 1354 1351 1354 1355 1344 1352 1342
879.379028 1352 1340 1346 1335 1333 1326 1322 1330 1343 1340 1361 1353 1352 1356 1345 1341 1350
879.455994 1347 1343 1330 1334 1326 1330 1325 1339 1345 1340 1340 1365 1348 1354 1352 1351 1349
879.533997 1333 1341 1340 1328 1337 1323 1328 1324 1343 1342 1346 1355 1358 1351 1344 1354 1339
879.612 1344 1346 1337 1349 1334 1328 1330 1334 1345 1339 1344 1351 1351 1364 1350 1349 1347
879.689026 1343 1344 1326 1342 1331 1323 1328 1327 1347 1346 1344 1350 1354 1348 1344 1347 1339
879.767029 1348 1344 1339 1338 1333 1335 1327 1334 1334 1352 1351 1354 1359 1349 1355 1342 1342
879.844971 1344 1339 1333 1327 1326 1326 1323 1327 1342 1354 1351 1357 1347 1339 1344 1351 1347
879.921997 1344 1331 1330 1336 1325 1335 1324 1340 1349 1347 1351 1360 1351 1351 1346 1351 1341
880 1339 1330 1331 1335 1328 1330 1335 1331 1330 1345 1345 1342 1352 1345 1348 1348 1342
880.078003 1342 1340 1340 1329 1329 1325 1327 1333 1340 1343 1353 1341 1353 1346 1340 1338 1352
880.155029 1342 1335 1341 1336 1336 1321 1324 1335 1340 1352 1350 1351 1345 1346 1344 1335 1347
880.232971 1343 1337 1333 1335 1342 1328 1334 1332 1343 1341 1349 1355 1350 1342 1344 1345 1334
880.309998 1340 1342 1330 1333 1338 1329 1331 1342 1347 1335 1353 1344 1346 1341 1346 1343 1349
880.388 1351 1339 1342 1339 1322 1330 1314 1332 1336 1351 1342 1354 1346 1345 1338 1343 1336
880.466003 1346 1338 1343 1333 1332 1339 1332 1332 1337 1351 1345 1345 1355 1359 1349 1346 1351
880.54303 1348 1336 1338 1339 1335 1323 1331 1324 1336 1347 1346 1355 1351 1352 1351 1349 1341
880.620972 1342 1353 1333 1340 1327 1334 1342 1318 1340 1348 1346 1355 1347 1350 1366 1340 1338
880.698975 1348 1349 1336 1327 1340 1326 1320 1329 1341 1348 1337 1353 1355 1345 1357 1346 1332
880.776001 1350 1346 1340 1335 1330 1328 1335 1326 1353 1335 1338 1344 1345 1335 1347 1345 1342
880.854004 1338 1340 1338 1351 1326 1322 1325 1340 1338 1348 1353 1338 1356 1342 1355 1348 1346
880.932007 1336 1332 1341 1323 1330 1330 1322 1333 1332 1344 1344 1338 1358 1347 1343 1340 1336
881.008972 1341 1336 1346 1336 1327 1335 1326 1334 1336 1343 1350 1340 1336 1342 1340 1346 1337
881.086975 1345 1353 1327 1327 1335 1323 1326 1330 1331 1343 1355 1341 1341 1340 1348 1343 1334
881.164978 1336 1331 1328 1324 1320 1330 1315 1340 1337 1340 1346 1352 1353 1347 1350 1343 1358
881.242004 1343 1340 1329 1330 1327 1340 1332 1338 1344 1344 1345 1343 1353 1358 1351 1343 1332
881.320007 1340 1326 1342 1332 1332 1333 1325 1336 1332 1342 1353 1352 1336 1339 1346 1343 1355
881.39801 1341 1343 1343 1335 1328 1320 1331 1332 1333 1348 1352 1355 1350 1348 1346 1344 1340
881.474976 1350 1338 1327 1323 1334 1330 1326 1330 1336 1336 1345 1347 1358 1348 1354 1336 1346
881.552979 1341 1334 1340 1337 1328 1330 1322 1336 1341 1336 1340 1342 1348 1353 1351 1339 1338
881.630005 1345 1346 1328 1329 1333 1333 1339 1322 1335 1342 1342 1335 1355 1337 1342 1337 1342
881.708008 1343 1351 1336 1341 1328 1326 1332 1336 1340 1344 1343 1342 1345 1353 1357 1340 1332
881.786011 1332 1337 1340 1339 1335 1330 1327 1333 1332 1340 1348 1354 1349 1352 1345 1345 1332
881.862976 1339 1339 1336 1332 1319 1328 1327 1332 1343 1336 1344 1353 1349 1334 1345 1347 1343
881.940979 1331 1333 1327 1329 1324 1328 1325 1336 1340 1335 1357 1337 1343 1346 1349 1347 1334
882.018982 1337 1336 1340 1329 1333 1335 1329 1338 1332 1341 1357 1345 1341 1354 1353 1342 1339
882.096008 1340 1339 1333 1323 1340 1329 1325 1325 1340 1338 1333 1344 1347 1343 1349 1331 1336
882.174011 1338 1336 1334 1333 1325 1331 1330 1329 1333 1349 1341 1349 1355 1342 1350 1337 1336
882.250977 1348 1335 1344 1325 1322 1333 1334 1328 1338 1345 1350 1352 1346 1346 1350 1346 1340
882.328979 1344 1333 1345 1337 1331 1331 1327 1340 1333 1340 1346 1347 1341 1343 1344 1342 1336
882.406982 1342 1333 1339 1327 1322 1329 1333 1333 1338 1340 1340 1344 1347 1354 1337 1355 1342
882.484009 1333 1336 1335 1331 1330 1332 1320 1336 1341 1336 1361 1344 1344 1345 1348 1338 1342
882.562012 1330 1334 1334 1339 1334 1329 1319 1333 1340 1336 1358 1358 1355 1345 1338 1352 1341
882.640015 1338 1338 1327 1337 1333 1326 1333 1334 1334 1336 1348 1345 1351 1350 1358 1344 1343
882.71698 1342 1336 1329 1337 1326 1332 1328 1331 1338 1338 1348 1352 1343 1345 1334 1339 1341
882.794983 1331 1349 1336 1342 1316 1321 1324 1334 1344 1336 1350 1345 1353 1341 1351 1344 1343
882.872009 1342 1331 1332 1327 1325 1338 1326 1334 1326 1347 1350 1333 1357 1346 1344 1333 1341
882.950012 1343 1345 1337 1334 1334 1322 1329 1332 1330 1344 1339 1342 1356 1346 1337 1345 1337
883.028015 1328 1337 1338 1331 1333 1335 1318 1332 1331 1340 1343 1362 1353 1345 1354 1334 1331
883.10498 1341 1327 1331 1337 1315 1325 1334 1326 1334 1344 1345 1346 1341 1345 1349 1336 1340
883.182983 1346 1339 1338 1335 1331 1322 1323 1318 1327 1351 1341 1363 1349 1347 1343 1334 1343
883.26001 1349 1328 1325 1335 1326 1331 1324 1329 1333 1339 1344 1344 1339 1344 1337 1345 1335
883.338013 1341 1340 1336 1336 1325 1331 1330 1331 1341 1344 1337 1345 1349 1342 1331 1350 1335
883.416016 1342 1345 1330 1318 1325 1322 1319 1326 1333 1334 1347 1339 1349 1355 1340 1341 1345
883.492981 1336 1341 1332 1342 1327 1325 1323 1339 1331 1330 1354 1346 1351 1347 1336 1330 1334
883.570984 1347 1331 1345 1343 1333 1323 1326 1346 1335 1345 1342 1331 1348 1353 1340 1342 1345
883.64801 1333 1336 1341 1328 1330 1326 1323 1334 1339 1342 1348 1349 1338 1347 1343 1338 1337
883.726013 1340 1344 1345 1325 1325 1331 1321 1331 1331 1333 1346 1351 1342 1344 1344 1336 1336
883.804016 1348 1341 1344 1323 1325 1332 1334 1333 1343 1336 1346 1341 1346 1338 1343 1347 1334
883.880981 1340 1341 1332 1320 1332 1324 1319 1329 1335 1337 1337 1346 1340 1341 1346 1343 1338
883.958984 1333 1325 1344 1326 1333 1331 1324 1323 1337 1348 1343 1341 1337 1343 1342 1334 1338
884.036011 1341 1334 1338 1329 1320 1334 1332 1325 1339 1344 1345 1345 1346 1341 1329 1344 1333
884.114014 1339 1325 1332 1333 1336 1333 1325 1334 1329 1343 1356 1342 1357 1352 1345 1346 1338
884.192017 1328 1323 1331 1336 1318 1333 1323 1333 1327 1335 1351 1348 1349 1344 1344 1346 1337
884.268982 1334 1353 1324 1338 1332 1333 1319 1331 1329 1338 1345 1330 1331 1350 1337 1332 1334
884.346985 1346 1344 1329 1323 1321 1325 1325 1338 1329 1331 1339 1351 1342 1350 1343 1339 1328
884.424011 1342 1337 1340 1335 1317 1321 1327 1327 1330 1335 1344 1354 1350 1336 1338 1333 1334
884.502014 1331 1334 1336 1336 1326 1328 1326 1333 1323 1336 1345 1341 1354 1346 1338 1341 1339
884.580017 1335 1327 1327 1344 1322 1325 1323 1323 1348 1349 1346 1342 1350 1333 1347 1328 1336
884.656982 1339 1337 1330 1325 1325 1328 1321 1331 1336 1336 1358 1348 1342 1342 1344 1338 1330
884.734985 1329 1339 1331 1331 1330 1326 1325 1323 1326 1330 1346 1345 1345 1352 1341 1337 1325
884.812012 1338 1339 1339 1317 1325 1321 1329 1335 1329 1331 1341 1350 1350 1337 1341 1339 1333
884.890015 1331 1345 1323 1323 1325 1324 1316 1334 1336 1343 1337 1347 1339 1342 1327 1329 1334
884.96698 1326 1338 1335 1320 1330 1321 1322 1322 1339 1339 1351 1345 1345 1344 1337 1328 1333
885.044983 1328 1336 1324 1318 1327 1322 1323 1331 1336 1339 1334 1342 1340 1337 1336 1333 1337
885.122986 1337 1330 1338 1324 1334 1327 1322 1330 1340 1329 1330 1334 1328 1338 1342 1340 1329
885.200012 1343 1329 1324 1322 1314 1335 1324 1330 1341 1345 1342 1336 1333 1345 1354 1339 1343
885.278015 1337 1339 1322 1329 1331 1326 1316 1337 1336 1331 1343 1345 1355 1350 1343 1336 1333
885.35498 1328 1328 1332 1321 1311 1325 1313 1319 1338 1331 1347 1341 1345 1346 1337 1333 1338
885.432983 1335 1328 1327 1333 1321 1319 1314 1319 1336 1334 1329 1336 1342 1349 1344 1326 1335
885.51001 1336 1337 1334 1322 1324 1319 1323 1322 1337 1341 1336 1342 1338 1346 1339 1342 1332
885.588013 1336 1337 1332 1326 1319 1329 1332 1321 1337 1328 1347 1335 1344 1336 1340 1331 1325
885.666016 1336 1332 1328 1326 1328 1318 1329 1323 1338 1339 1339 1335 1357 1346 1332 1337 1334
885.742981 1337 1337 1319 1325 1325 1326 1324 1320 1334 1329 1337 1332 1338 1341 1327 1333 1332
885.820984 1341 1328 1335 1321 1327 1328 1316 1326 1329 1341 1326 1340 1333 1342 1338 1333 1332
885.89801 1330 1338 1328 1329 1319 1327 1320 1330 1330 1330 1335 1340 1331 1339 1344 1333 1339
885.976013 1331 1339 1327 1332 1324 1321 1318 1314 1335 1341 1349 1341 1339 1342 1339 1341 1328
886.052979 1328 1339 1325 1328 1331 1324 1325 1325 1328 1339 1351 1344 1341 1338 1345 1334 1335
886.130981 1338 1330 1332 1317 1320 1315 1331 1337 1335 1330 1341 1324 1325 1345 1336 1334 1327
886.208008 1335 1332 1321 1331 1329 1320 1318 1323 1334 1334 1341 1349 1337 1328 1337 1337 1338
886.286011 1329 1332 1327 1335 1320 1325 1323 1322 1324 1338 1330 1340 1345 1342 1349 1350 1331
886.364014 1340 1330 1337 1321 1323 1326 1323 1326 1334 1344 1337 1340 1338 1340 1330 1337 1339
886.440979 1326 1339 1328 1328 1329 1327 1318 1321 1327 1334 1346 1343 1351 1342 1345 1331 1332
886.518982 1342 1332 1329 1326 1331 1321 1319 1331 1334 1333 1339 1337 1339 1334 1336 1338 1328
886.596008 1345 1338 1322 1320 1335 1317 1319 1328 1327 1334 1338 1339 1341 1336 1345 1331 1334
886.674011 1330 1330 1335 1322 1330 1318 1319 1329 1327 1323 1330 1342 1343 1332 1335 1335 1329
886.750977 1326 1332 1337 1321 1321 1321 1319 1319 1333 1332 1337 1335 1341 1341 1342 1331 1330
886.828979 1322 1335 1327 1328 1324 1318 1313 1320 1327 1334 1340 1345 1345 1330 1348 1330 1333
886.906006 1339 1331 1334 1320 1332 1319 1315 1330 1324 1321 1341 1331 1349 1333 1337 1330 1331
886.984009 1326 1332 1329 1340 1319 1321 1324 1328 1343 1332 1332 1346 1339 1327 1345 1330 1331
887.060974 1329 1333 1335 1328 1325 1325 1320 1314 1330 1325 1351 1337 1336 1340 1334 1330 1329
887.138977 1336 1331 1327 1320 1325 1324 1320 1317 1325 1329 1340 1350 1338 1338 1331 1328 1343
887.21698 1333 1328 1328 1320 1326 1331 1318 1318 1327 1333 1337 1330 1348 1345 1339 1334 1333
887.294006 1333 1332 1317 1321 1320 1316 1326 1320 1324 1325 1336 1342 1340 1328 1332 1337 1330
887.372009 1331 1334 1328 1331 1324 1324 1314 1325 1334 1332 1328 1332 1347 1336 1346 1335 1327
887.448975 1331 1334 1331 1331 1329 1322 1314 1326 1321 1329 1334 1341 1330 1346 1335 1329 1331
887.526978 1337 1332 1331 1328 1324 1325 1317 1319 1342 1331 1329 1331 1343 1341 1330 1337 1333
887.604004 1340 1326 1327 1337 1323 1328 1317 1330 1329 1325 1336 1330 1334 1330 1328 1333 1327
887.682007 1332 1326 1329 1324 1325 1318 1316 1326 1331 1333 1330 1342 1340 1345 1338 1336 1340
887.758972 1336 1320 1321 1320 1314 1332 1323 1320 1328 1328 1341 1337 1345 1336 1328 1338 1325
887.836975 1325 1316 1322 1324 1322 1329 1319 1320 1329 1336 1341 1335 1341 1340 1339 1325 1338
887.914001 1331 1329 1324 1319 1327 1325 1316 1328 1332 1328 1345 1334 1340 1341 1338 1329 1333
887.992004 1336 1321 1333 1323 1323 1318 1322 1316 1325 1326 1329 1330 1333 1327 1338 1327 1327
888.06897 1328 1322 1334 1321 1330 1315 1315 1326 1327 1328 1327 1330 1348 1335 1334 1328 1335
888.146973 1335 1334 1329 1319 1321 1323 1318 1316 1325 1334 1334 1331 1329 1328 1329 1329 1332
888.223999 1326 1328 1327 1327 1317 1314 1313 1325 1327 1331 1328 1343 1338 1328 1323 1324 1321
888.302002 1322 1336 1318 1326 1328 1320 1317 1321 1326 1331 1332 1339 1345 1331 1328 1330 1327
888.379028 1324 1330 1323 1328 1326 1322 1317 1326 1327 1331 1330 1340 1338 1334 1338 1331 1335
888.45697 1326 1333 1319 1324 1325 1318 1327 1329 1318 1330 1342 1337 1338 1332 1337 1331 1328
888.533997 1330 1326 1324 1327 1324 1317 1315 1325 1332 1322 1331 1338 1341 1331 1331 1342 1329
888.612 1325 1323 1323 1322 1319 1322 1313 1326 1330 1323 1335 1329 1330 1337 1329 1340 1323
888.690002 1332 1341 1328 1327 1328 1317 1322 1317 1322 1333 1338 1334 1330 1328 1327 1323 1332
888.767029 1327 1328 1317 1315 1322 1317 1313 1317 1329 1326 1332 1339 1335 1327 1327 1327 1333
888.843994 1325 1328 1320 1325 1315 1326 1312 1316 1334 1330 1333 1333 1337 1332 1336 1328 1327
888.921997 1323 1336 1324 1319 1322 1318 1314 1325 1333 1327 1335 1325 1335 1326 1337 1329 1319
889 1323 1335 1318 1322 1317 1317 1315 1317 1327 1321 1326 1332 1334 1325 1336 1328 1326
889.077026 1328 1323 1319 1320 1321 1321 1311 1320 1322 1332 1331 1325 1330 1338 1337 1325 1322
889.155029 1316 1325 1320 1318 1315 1334 1324 1325 1326 1326 1335 1328 1337 1341 1333 1334 1333
889.231995 1326 1322 1318 1320 1318 1314 1319 1323 1324 1333 1336 1332 1333 1337 1335 1331 1328
889.309998 1332 1330 1321 1323 1324 1317 1319 1324 1330 1330 1330 1331 1347 1330 1335 1334 1326
889.387024 1334 1324 1330 1312 1315 1325 1324 1316 1329 1318 1334 1343 1325 1335 1325 1325 1325
889.465027 1331 1317 1324 1322 1312 1319 1314 1313 1329 1334 1330 1335 1329 1336 1325 1322 1319
889.541992 1325 1331 1330 1320 1312 1318 1320 1320 1321 1331 1334 1332 1322 1329 1328 1321 1334
889.619995 1323 1320 1316 1333 1320 1310 1317 1322 1329 1327 1331 1334 1325 1333 1334 1333 1330
889.697021 1333 1336 1326 1313 1313 1316 1318 1328 1320 1337 1326 1342 1334 1331 1326 1334 1327
889.773987 1316 1324 1328 1318 1318 1322 1312 1317 1318 1325 1329 1326 1342 1338 1329 1326 1328
889.85199 1330 1324 1327 1320 1324 1317 1323 1317 1319 1325 1327 1330 1333 1326 1321 1328 1320
889.929993 1328 1331 1314 1316 1318 1323 1316 1318 1324 1331 1332 1327 1330 1326 1322 1330 1325
890.007019 1326 1328 1312 1320 1320 1313 1319 1317 1321 1327 1327 1332 1335 1324 1322 1320 1322
890.083984 1327 1320 1324 1318 1318 1316 1319 1316 1328 1322 1329 1335 1336 1335 1322 1334 1323
890.161987 1324 1322 1316 1321 1323 1320 1321 1317 1326 1318 1319 1330 1320 1328 1320 1322 1326
890.239014 1326 1323 1319 1322 1324 1321 1322 1324 1320 1327 1331 1337 1337 1326 1326 1335 1324
890.317017 1320 1326 1319 1315 1325 1315 1319 1323 1323 1334 1334 1326 1329 1329 1328 1323 1317
890.393982 1323 1322 1318 1316 1321 1317 1322 1332 1321 1327 1334 1334 1340 1330 1325 1335 1326
890.471985 1318 1325 1326 1305 1317 1314 1315 1315 1320 1327 1331 1317 1319 1333 1319 1321 1326
890.549011 1321 1329 1320 1319 1305 1316 1318 1316 1329 1322 1335 1326 1342 1324 1326 1321 1318
890.627014 1318 1316 1329 1323 1323 1315 1309 1323 1325 1330 1326 1323 1338 1334 1324 1334 1320
890.703979 1315 1330 1322 1326 1312 1312 1318 1321 1314 1325 1326 1327 1320 1326 1332 1328 1330
890.781982 1329 1320 1327 1320 1319 1308 1313 1314 1318 1323 1333 1345 1325 1335 1323 1316 1323
890.859009 1317 1325 1317 1319 1309 1319 1321 1325 1323 1322 1327 1326 1331 1324 1329 1318 1328
890.937012 1326 1320 1328 1313 1324 1322 1316 1323 1314 1323 1333 1327 1333 1328 1324 1333 1329
891.013977 1320 1318 1317 1325 1318 1307 1318 1316 1327 1321 1330 1330 1327 1327 1324 1327 1323
891.09198 1332 1315 1319 1319 1323 1322 1302 1319 1327 1333 1327 1331 1327 1323 1344 1327 1311
891.169006 1321 1327 1327 1329 1317 1316 1325 1325 1328 1321 1325 1327 1335 1323 1326 1319 1320
891.247009 1327 1329 1316 1310 1315 1319 1313 1319 1319 1334 1332 1328 1328 1324 1330 1333 1322
891.323975 1325 1326 1319 1319 1312 1306 1316 1308 1325 1322 1330 1318 1327 1328 1318 1320 1328
891.401001 1337 1326 1313 1313 1319 1307 1310 1321 1324 1320 1337 1330 1329 1337 1321 1320 1325
891.479004 1319 1319 1327 1314 1312 1309 1318 1319 1322 1331 1334 1329 1326 1332 1320 1330 1321
891.55603 1316 1323 1315 1315 1318 1314 1311 1321 1313 1324 1326 1322 1325 1321 1327 1320 1327
891.633972 1325 1323 1321 1318 1312 1315 1321 1316 1324 1327 1329 1326 1321 1322 1326 1320 1328
891.710999 1325 1319 1310 1316 1310 1315 1301 1309 1327 1321 1322 1325 1330 1329 1329 1319 1320
891.789001 1316 1330 1320 1321 1321 1308 1316 1315 1321 1324 1320 1319 1322 1322 1323 1328 1324
891.866028 1314 1326 1328 1326 1318 1313 1320 1319 1320 1320 1329 1329 1328 1314 1329 1319 1329
891.94397 1321 1329 1314 1307 1306 1310 1306 1314 1329 1322 1330 1319 1329 1319 1327 1321 1310
892.020996 1321 1318 1313 1315 1303 1321 1315 1323 1314 1325 1320 1326 1326 1324 1322 1321 1317
892.098999 1319 1315 1316 1320 1310 1326 1312 1313 1325 1326 1321 1335 1322 1323 1320 1323 1311
892.176025 1330 1329 1324 1324 1312 1323 1309 1309 1318 1322 1322 1326 1328 1325 1328 1328 1326
892.252991 1329 1316 1317 1318 1325 1316 1307 1317 1322 1319 1325 1329 1323 1323 1319 1326 1327
892.330994 1326 1322 1322 1317 1319 1308 1310 1322 1311 1320 1332 1341 1325 1333 1332 1320 1310
892.40802 1323 1315 1320 1306 1313 1320 1312 1322 1312 1327 1325 1322 1318 1330 1328 1315 1330
892.486023 1312 1318 1322 1321 1321 1308 1313 1324 1316 1324 1329 1321 1318 1324 1326 1325 1322
892.562988 1318 1326 1322 1312 1320 1318 1308 1317 1326 1324 1326 1322 1328 1329 1328 1324 1323
892.640991 1322 1320 1319 1322 1310 1309 1319 1311 1325 1325 1314 1329 1329 1320 1324 1330 1326
892.718018 1326 1323 1322 1322 1314 1319 1312 1316 1317 1323 1325 1324 1323 1325 1333 1320 1323
892.796021 1310 1314 1321 1320 1317 1310 1309 1321 1324 1321 1322 1321 1329 1327 1328 1322 1320
892.872986 1317 1323 1321 1325 1312 1318 1310 1312 1311 1320 1332 1334 1331 1323 1321 1322 1326
892.950012 1327 1324 1318 1312 1319 1320 1311 1316 1313 1325 1320 1321 1325 1329 1321 1315 1324
893.028015 1328 1320 1318 1322 1317 1313 1310 1315 1323 1325 1319 1320 1328 1326 1321 1322 1316
893.10498 1333 1326 1319 1313 1308 1317 1312 1313 1313 1322 1319 1323 1320 1330 1320 1330 1319
893.182983 1325 1320 1321 1322 1312 1315 1317 1315 1328 1321 1330 1329 1325 1321 1319 1315 1315
893.26001 1320 1321 1316 1322 1312 1317 1312 1320 1312 1324 1323 1323 1328 1325 1324 1311 1338
893.338013 1329 1319 1313 1314 1314 1315 1315 1310 1323 1323 1326 1325 1318 1332 1327 1325 1317
893.414978 1321 1323 1311 1322 1313 1319 1311 1317 1312 1318 1327 1323 1331 1327 1325 1316 1310
893.492004 1324 1315 1321 1314 1320 1319 1311 1306 1314 1329 1320 1327 1322 1322 1323 1325 1313
893.570007 1325 1310 1324 1306 1319 1319 1311 1318 1315 1315 1328 1323 1329 1331 1324 1315 1320
893.646973 1328 1330 1316 1329 1317 1314 1314 1314 1318 1327 1329 1322 1332 1325 1323 1319 1322
893.724976 1319 1320 1318 1318 1313 1317 1309 1316 1325 1322 1323 1330 1321 1324 1317 1327 1307
893.802002 1330 1314 1321 1307 1311 1308 1308 1320 1314 1316 1322 1317 1328 1328 1317 1328 1314
893.880005 1314 1316 1311 1314 1309 1315 1311 1319 1317 1319 1315 1319 1320 1322 1326 1319 1322
893.95697 1321 1325 1307 1310 1317 1315 1316 1311 1321 1319 1321 1331 1325 1320 1319 1323 1318
894.033997 1318 1312 1320 1314 1321 1313 1303 1314 1314 1324 1324 1319 1317 1327 1325 1313 1318
894.112 1312 1326 1322 1313 1310 1318 1312 1309 1313 1321 1322 1321 1327 1313 1310 1330 1314
894.189026 1317 1311 1311 1307 1307 1321 1313 1316 1328 1324 1317 1327 1324 1320 1315 1317 1316
894.267029 1325 1317 1325 1311 1322 1315 1309 1316 1319 1308 1328 1324 1319 1327 1315 1321 1310
894.343994 1316 1313 1319 1315 1318 1314 1309 1313 1333 1311 1323 1325 1324 1325 1310 1318 1313
894.421021 1323 1308 1319 1310 1316 1307 1305 1316 1322 1314 1321 1324 1330 1318 1325 1317 1324
894.499023 1317 1310 1324 1313 1314 1314 1311 1310 1322 1306 1324 1321 1321 1326 1321 1318 1321
894.575989 1319 1312 1311 1322 1321 1310 1309 1318 1328 1326 1313 1320 1334 1332 1318 1312 1322
894.653992 1326 1316 1316 1310 1304 1305 1312 1307 1326 1322 1319 1319 1322 1326 1332 1320 1314
894.731018 1308 1316 1306 1324 1309 1315 1314 1316 1320 1319 1324 1317 1321 1322 1321 1323 1315
894.807983 1312 1316 1318 1318 1317 1317 1309 1313 1316 1309 1322 1328 1315 1325 1325 1314 1322
894.885986 1310 1321 1316 1317 1314 1313 1310 1317 1330 1322 1316 1319 1320 1320 1319 1319 1317
894.963013 1316 1319 1314 1320 1315 1314 1309 1318 1315 1318 1317 1318 1313 1321 1320 1319 1309
895.041016 1315 1319 1305 1311 1313 1314 1310 1318 1303 1321 1323 1313 1327 1321 1327 1323 1328
895.117981 1314 1318 1314 1308 1321 1315 1310 1316 1325 1313 1330 1319 1319 1324 1316 1316 1321
895.195007 1320 1311 1310 1320 1308 1309 1298 1310 1309 1316 1322 1316 1325 1317 1327 1315 1314
895.27301 1313 1319 1312 1316 1313 1314 1310 1310 1317 1322 1317 1317 1324 1322 1313 1322 1320
895.349976 1314 1318 1316 1314 1317 1317 1306 1314 1313 1322 1317 1313 1320 1322 1315 1318 1316
895.427979 1315 1317 1327 1318 1317 1310 1313 1308 1320 1323 1320 1322 1324 1328 1319 1311 1318
895.505005 1318 1325 1318 1315 1311 1320 1310 1320 1308 1319 1322 1325 1317 1315 1330 1314 1316
895.58197 1317 1311 1315 1315 1308 1309 1301 1312 1311 1322 1323 1312 1328 1319 1324 1323 1306
895.659973 1318 1306 1320 1313 1307 1314 1305 1312 1311 1323 1324 1316 1325 1322 1328 1323 1323
895.737 1317 1318 1318 1317 1322 1312 1317 1317 1313 1318 1315 1321 1317 1324 1319 1320 1312
895.815002 1316 1315 1313 1320 1317 1313 1308 1314 1316 1323 1319 1326 1325 1317 1310 1319 1312
895.892029 1314 1318 1316 1317 1309 1315 1309 1318 1316 1313 1307 1320 1321 1323 1316 1315 1307
895.968994 1314 1318 1317 1308 1312 1313 1308 1313 1319 1316 1318 1316 1329 1323 1315 1318 1325
896.046997 1319 1312 1315 1307 1318 1312 1309 1304 1308 1316 1319 1318 1325 1324 1317 1323 1319
896.124023 1310 1319 1316 1314 1311 1306 1317 1314 1315 1319 1321 1327 1319 1315 1321 1315 1313
896.200989 1321 1316 1315 1319 1316 1311 1310 1309 1313 1318 1316 1313 1331 1328 1321 1316 1321
896.278992 1319 1316 1318 1316 1307 1312 1308 1308 1307 1322 1319 1324 1319 1309 1315 1327 1304
896.356018 1318 1321 1317 1310 1315 1312 1318 1315 1316 1318 1318 1324 1317 1321 1323 1316 1319
896.434021 1319 1324 1312 1310 1309 1313 1307 1320 1310 1318 1323 1327 1317 1320 1318 1323 1318
896.510986 1317 1313 1326 1312 1311 1309 1304 1310 1307 1314 1329 1321 1309 1323 1320 1317 1315
896.588013 1318 1317 1313 1309 1312 1308 1303 1309 1313 1321 1321 1304 1324 1319 1323 1316 1311
896.666016 1313 1309 1315 1308 1312 1313 1306 1317 1309 1315 1319 1317 1319 1320 1319 1316 1316
896.742981 1311 1316 1316 1317 1313 1307 1305 1308 1311 1325 1314 1318 1321 1319 1324 1316 1313
896.820007 1311 1312 1317 1304 1321 1314 1305 1305 1311 1316 1316 1315 1319 1319 1322 1320 1304
896.89801 1312 1317 1323 1314 1314 1310 1309 1308 1311 1321 1317 1322 1324 1320 1314 1314 1317
896.974976 1315 1320 1314 1312 1312 1316 1310 1311 1312 1316 1314 1323 1313 1320 1317 1317 1319
897.052002 1311 1312 1317 1307 1311 1307 1306 1321 1310 1311 1319 1320 1325 1321 1322 1324 1322
897.130005 1313 1313 1312 1314 1305 1309 1306 1318 1326 1317 1323 1320 1315 1316 1315 1318 1308
897.20697 1315 1323 1309 1314 1306 1309 1306 1316 1312 1320 1326 1321 1319 1326 1315 1322 1319
897.283997 1316 1316 1309 1306 1309 1303 1314 1305 1313 1314 1315 1312 1321 1318 1321 1315 1305
897.362 1317 1320 1317 1316 1306 1312 1309 1303 1314 1319 1315 1320 1312 1323 1320 1312 1312
897.439026 1328 1317 1315 1315 1306 1311 1300 1315 1311 1310 1319 1324 1324 1308 1313 1309 1320
897.517029 1318 1312 1306 1314 1315 1315 1304 1298 1317 1310 1316 1323 1322 1317 1305 1311 1316
897.593994 1321 1309 1315 1308 1304 1311 1304 1315 1318 1314 1311 1307 1312 1314 1322 1311 1314
897.671021 1316 1318 1316 1314 1310 1310 1300 1308 1311 1309 1321 1305 1317 1309 1317 1312 1317
897.749023 1311 1313 1309 1311 1312 1312 1305 1314 1306 1313 1320 1315 1307 1318 1316 1313 1315
897.825989 1309 1316 1315 1318 1303 1303 1312 1310 1318 1314 1325 1321 1312 1321 1322 1322 1311
897.903015 1318 1312 1315 1310 1312 1305 1303 1310 1310 1322 1317 1322 1319 1312 1318 1313 1314
897.981018 1321 1309 1313 1311 1306 1307 1307 1314 1316 1314 1321 1319 1319 1319 1319 1323 1316
898.057983 1320 1307 1313 1311 1319 1311 1311 1312 1305 1312 1313 1318 1315 1327 1303 1315 1322
898.13501 1313 1312 1307 1302 1318 1314 1306 1323 1308 1315 1317 1318 1323 1311 1315 1310 1310
898.213013 1315 1314 1312 1312 1308 1306 1301 1305 1316 1315 1316 1311 1320 1314 1317 1314 1305
898.289978 1317 1314 1311 1314 1309 1301 1301 1305 1307 1312 1322 1312 1315 1319 1317 1316 1313
898.367004 1315 1322 1317 1312 1308 1305 1304 1311 1308 1312 1326 1316 1311 1318 1317 1316 1315
898.445007 1315 1316 1313 1319 1305 1313 1303 1315 1312 1320 1319 1314 1313 1316 1307 1308 1314
898.521973 1312 1321 1313 1315 1312 1315 1304 1309 1313 1319 1307 1316 1316 1322 1316 1314 1317
898.598999 1318 1319 1304 1313 1308 1311 1308 1316 1311 1311 1316 1318 1311 1316 1316 1320 1308
898.677002 1317 1304 1309 1312 1310 1303 1296 1319 1313 1306 1310 1312 1320 1316 1321 1313 1309
898.754028 1313 1316 1307 1313 1315 1306 1311 1310 1308 1317 1323 1311 1317 1315 1314 1313 1309
898.830994 1322 1311 1307 1314 1310 1307 1310 1303 1314 1317 1327 1318 1315 1310 1316 1318 1313
898.908997 1323 1306 1315 1320 1312 1311 1312 1302 1304 1311 1312 1317 1318 1316 1316 1316 1304
898.986023 1316 1315 1314 1316 1314 1307 1301 1307 1306 1317 1318 1309 1317 1316 1314 1319 1307
899.062988 1314 1308 1323 1316 1306 1305 1310 1313 1315 1314 1315 1315 1323 1324 1323 1320 1313
899.140991 1311 1326 1310 1314 1311 1310 1310 1304 1313 1315 1321 1318 1322 1311 1311 1306 1319
899.218018 1322 1312 1309 1314 1303 1310 1313 1314 1307 1313 1321 1317 1321 1307 1318 1315 1308
899.294983 1307 1314 1317 1305 1309 1308 1302 1311 1317 1312 1319 1315 1313 1319 1321 1319 1317
899.372009 1313 1321 1305 1305 1307 1309 1302 1313 1311 1315 1313 1315 1313 1310 1317 1314 1315
899.450012 1311 1317 1309 1310 1309 1309 1303 1311 1309 1314 1319 1316 1318 1312 1322 1317 1310
899.526978 1310 1317 1319 1314 1313 1305 1299 1307 1318 1310 1307 1318 1312 1316 1308 1306 1311
899.604004 1321 1317 1312 1316 1312 1300 1308 1306 1312 1318 1313 1316 1308 1307 1313 1316 1312
899.682007 1309 1314 1307 1316 1308 1306 1302 1300 1318 1306 1314 1317 1315 1312 1316 1309 1310
899.758972 1315 1313 1317 1317 1306 1310 1303 1308 1308 1315 1319 1310 1310 1318 1311 1305 1318
