0 5.625 11.25 16.875 22.5 28.125 33.75 39.375 45 50.625 56.25 61.875 67.5 73.125 78.75 84.375 90
820.02301 1333 1337 1334 1339 1331 1344 1350 1335 1340 1336 1338 1333 1330 1339 1333 1330 1341
820.10199 1344 1343 1331 1326 1345 1336 1339 1339 1335 1340 1338 1338 1337 1335 1326 1338 1329
820.179993 1345 1334 1335 1330 1336 1344 1339 1335 1334 1327 1327 1330 1321 1334 1333 1335 1333
820.258972 1332 1325 1333 1337 1337 1347 1340 1334 1328 1332 1339 1328 1335 1335 1341 1324 1339
820.336975 1332 1336 1321 1331 1344 1339 1342 1337 1330 1334 1333 1326 1334 1317 1321 1332 1336
820.416016 1337 1329 1340 1342 1333 1336 1344 1346 1359 1333 1333 1325 1326 1327 1333 1338 1337
820.494019 1342 1335 1342 1333 1342 1326 1333 1341 1336 1336 1334 1332 1343 1333 1339 1333 1329
820.572998 1335 1340 1334 1332 1324 1341 1342 1331 1331 1338 1334 1340 1336 1336 1337 1334 1332
820.651001 1339 1338 1342 1337 1337 1331 1345 1335 1343 1338 1339 1323 1344 1329 1332 1340 1337
820.72998 1335 1343 1335 1336 1334 1336 1344 1339 1327 1335 1327 1336 1328 1330 1342 1339 1329
820.807983 1339 1325 1337 1335 1341 1343 1333 1333 1334 1336 1338 1339 1338 1325 1329 1329 1326
820.885986 1345 1326 1339 1331 1334 1326 1340 1350 1337 1334 1340 1345 1327 1334 1346 1328 1321
820.965027 1339 1340 1341 1340 1345 1329 1342 1348 1343 1334 1343 1337 1327 1341 1340 1335 1338
821.04303 1342 1344 1331 1343 1333 1352 1332 1332 1342 1339 1327 1325 1331 1331 1327 1328 1336
821.122009 1348 1341 1350 1336 1350 1354 1336 1339 1336 1338 1334 1334 1339 1333 1334 1333 1327
821.200012 1338 1340 1335 1344 1333 1344 1338 1333 1326 1340 1336 1337 1339 1330 1328 1327 1329
821.278992 1347 1338 1346 1339 1344 1344 1340 1349 1342 1333 1331 1325 1340 1342 1334 1346 1332
821.356995 1330 1347 1341 1340 1341 1339 1343 1337 1336 1346 1333 1342 1341 1327 1348 1335 1339
821.435974 1348 1343 1338 1340 1336 1336 1339 1338 1333 1336 1336 1337 1336 1343 1341 1338 1335
821.513977 1345 1347 1342 1340 1339 1339 1349 1339 1339 1340 1337 1332 1339 1343 1336 1328 1333
821.593018 1343 1341 1342 1332 1348 1338 1330 1335 1341 1345 1334 1335 1332 1339 1334 1330 1334
821.671021 1340 1334 1340 1337 1338 1338 1339 1339 1337 1338 1338 1330 1335 1337 1340 1338 1344
821.749023 1337 1334 1341 1353 1332 1336 1343 1340 1342 1340 1339 1346 1339 1341 1334 1328 1333
821.828003 1339 1340 1343 1339 1343 1345 1348 1335 1348 1342 1335 1336 1337 1341 1326 1331 1339
821.906006 1336 1354 1345 1340 1338 1339 1342 1341 1345 1341 1345 1337 1337 1332 1327 1331 1342
821.984985 1338 1333 1343 1344 1347 1352 1351 1338 1346 1344 1334 1337 1336 1335 1340 1332 1339
822.062988 1343 1334 1334 1335 1345 1339 1338 1338 1350 1339 1341 1333 1339 1344 1339 1336 1338
822.142029 1330 1338 1332 1334 1342 1343 1342 1343 1339 1344 1332 1337 1330 1337 1328 1326 1325
822.219971 1347 1346 1346 1344 1343 1342 1341 1334 1339 1344 1332 1331 1339 1335 1342 1340 1338
822.299011 1335 1341 1347 1342 1339 1352 1348 1343 1349 1327 1337 1328 1340 1331 1330 1337 1337
822.377014 1342 1341 1332 1333 1339 1343 1343 1339 1339 1342 1345 1341 1331 1342 1339 1333 1334
822.455017 1347 1340 1332 1338 1338 1335 1340 1333 1343 1355 1344 1338 1336 1348 1343 1338 1341
822.533997 1343 1343 1343 1336 1329 1345 1337 1340 1342 1340 1331 1344 1349 1342 1334 1341 1336
822.612 1351 1344 1342 1336 1331 1353 1342 1343 1336 1342 1342 1341 1341 1336 1332 1328 1334
822.690979 1345 1340 1325 1339 1342 1343 1343 1352 1326 1340 1344 1330 1342 1328 1333 1338 1337
822.768982 1345 1331 1340 1334 1337 1344 1348 1344 1332 1332 1333 1339 1335 1334 1334 1330 1326
822.848022 1331 1334 1338 1339 1342 1351 1345 1352 1338 1341 1334 1340 1328 1335 1345 1347 1342
822.926025 1340 1348 1330 1338 1335 1351 1346 1343 1342 1343 1329 1343 1333 1339 1338 1332 1329
823.004028 1343 1339 1338 1336 1349 1345 1337 1345 1347 1348 1351 1349 1331 1336 1331 1329 1336
823.083008 1339 1336 1343 1333 1336 1356 1357 1347 1342 1335 1344 1331 1341 1345 1346 1331 1345
823.161011 1341 1343 1339 1336 1343 1340 1348 1342 1330 1344 1344 1338 1343 1334 1341 1340 1336
823.23999 1337 1350 1344 1339 1340 1346 1337 1351 1344 1335 1337 1347 1331 1342 1331 1327 1327
823.317993 1346 1347 1352 1338 1343 1339 1345 1350 1329 1347 1350 1340 1344 1336 1342 1350 1334
823.396973 1342 1340 1353 1344 1347 1355 1340 1355 1343 1337 1339 1342 1335 1336 1340 1340 1336
823.474976 1331 1345 1339 1335 1343 1336 1354 1332 1339 1336 1343 1343 1343 1345 1346 1338 1334
823.552979 1339 1339 1346 1345 1344 1339 1340 1340 1348 1347 1336 1336 1335 1340 1336 1343 1330
823.632019 1339 1340 1330 1339 1332 1337 1343 1349 1345 1347 1328 1342 1354 1342 1335 1333 1328
823.710022 1356 1346 1345 1338 1352 1355 1351 1337 1345 1349 1338 1336 1341 1341 1334 1336 1353
823.789001 1338 1347 1342 1339 1357 1352 1349 1338 1345 1332 1336 1344 1340 1349 1331 1340 1337
823.867004 1355 1343 1340 1345 1352 1348 1334 1348 1344 1351 1348 1352 1344 1341 1342 1324 1331
823.945984 1338 1346 1344 1336 1355 1343 1345 1337 1344 1339 1348 1344 1360 1342 1335 1347 1337
824.023987 1342 1342 1339 1334 1340 1346 1341 1334 1345 1349 1341 1340 1352 1349 1342 1335 1336
824.10199 1335 1339 1345 1350 1344 1354 1346 1346 1346 1342 1341 1333 1344 1348 1336 1339 1344
824.18103 1345 1335 1350 1338 1337 1356 1345 1343 1343 1338 1341 1342 1342 1343 1330 1339 1339
824.258972 1359 1346 1346 1340 1344 1350 1341 1344 1343 1336 1327 1352 1337 1342 1339 1339 1353
824.338013 1348 1336 1346 1343 1338 1354 1351 1346 1340 1345 1339 1346 1330 1336 1332 1344 1336
824.416016 1351 1340 1346 1342 1355 1352 1362 1347 1347 1344 1344 1339 1331 1334 1346 1340 1344
824.494995 1344 1346 1341 1350 1345 1349 1355 1339 1347 1350 1330 1343 1341 1342 1346 1343 1334
824.572998 1343 1341 1339 1340 1346 1351 1345 1350 1345 1343 1350 1336 1334 1341 1348 1335 1335
824.651001 1354 1349 1332 1345 1344 1354 1344 1332 1350 1338 1343 1341 1336 1341 1341 1342 1336
824.72998 1352 1351 1343 1342 1355 1357 1346 1352 1345 1341 1341 1339 1331 1349 1331 1338 1338
824.807983 1336 1341 1347 1344 1347 1341 1344 1343 1346 1350 1347 1344 1344 1335 1345 1345 1347
824.887024 1344 1349 1343 1350 1346 1340 1350 1345 1350 1335 1341 1340 1339 1341 1343 1337 1339
824.965027 1338 1345 1338 1349 1348 1356 1344 1337 1339 1341 1337 1337 1344 1345 1348 1342 1336
825.04303 1347 1347 1344 1337 1345 1346 1348 1341 1346 1340 1341 1347 1343 1336 1344 1333 1344
825.122009 1349 1341 1342 1344 1343 1344 1347 1356 1353 1348 1342 1340 1342 1339 1339 1353 1335
825.200012 1345 1343 1346 1339 1349 1336 1341 1345 1337 1337 1337 1330 1337 1347 1342 1329 1337
825.278992 1340 1339 1337 1339 1355 1341 1354 1346 1349 1338 1343 1340 1338 1341 1331 1337 1350
825.356995 1348 1335 1343 1335 1353 1333 1343 1347 1351 1354 1331 1346 1350 1346 1333 1341 1348
825.434998 1352 1343 1351 1346 1329 1356 1338 1344 1350 1340 1343 1339 1343 1340 1334 1344 1331
825.513977 1340 1332 1354 1345 1346 1354 1335 1346 1341 1343 1344 1341 1337 1343 1341 1336 1347
825.59198 1358 1348 1346 1346 1357 1341 1342 1353 1341 1347 1345 1342 1333 1343 1342 1339 1339
825.671021 1334 1332 1337 1341 1341 1350 1349 1352 1347 1339 1354 1338 1350 1341 1336 1339 1331
825.749023 1331 1346 1344 1344 1349 1349 1345 1355 1345 1341 1351 1349 1341 1347 1340 1334 1349
825.827026 1342 1338 1337 1355 1339 1351 1341 1343 1345 1347 1333 1344 1348 1344 1328 1338 1345
825.906006 1342 1351 1349 1340 1341 1338 1351 1341 1349 1334 1345 1347 1348 1344 1339 1336 1335
825.984009 1333 1340 1343 1344 1350 1338 1343 1363 1342 1352 1346 1350 1347 1341 1345 1340 1342
826.062988 1350 1338 1352 1342 1338 1344 1343 1353 1349 1352 1354 1349 1341 1350 1333 1339 1330
826.140991 1346 1345 1345 1340 1351 1347 1341 1348 1346 1344 1343 1343 1336 1350 1350 1349 1341
826.218994 1346 1344 1335 1344 1341 1351 1334 1345 1336 1343 1341 1335 1345 1344 1336 1342 1335
826.297974 1349 1348 1339 1345 1350 1354 1351 1339 1337 1340 1351 1347 1351 1349 1344 1348 1336
826.375977 1347 1338 1345 1341 1343 1354 1345 1341 1342 1346 1350 1348 1343 1342 1348 1343 1348
826.455017 1346 1345 1343 1348 1345 1353 1346 1362 1348 1356 1329 1338 1338 1358 1349 1333 1333
826.53302 1344 1348 1345 1348 1348 1365 1341 1346 1343 1335 1338 1348 1345 1344 1342 1343 1344
826.611023 1346 1349 1355 1348 1348 1348 1355 1359 1348 1335 1347 1346 1347 1345 1343 1343 1352
826.690002 1345 1342 1337 1346 1350 1354 1346 1348 1341 1334 1343 1345 1340 1356 1344 1342 1341
826.768005 1340 1349 1346 1340 1359 1343 1349 1346 1349 1356 1344 1339 1354 1343 1348 1352 1343
826.846985 1350 1342 1341 1346 1347 1355 1348 1343 1343 1343 1359 1348 1342 1339 1345 1331 1347
826.924988 1348 1346 1359 1337 1339 1359 1354 1359 1354 1346 1350 1349 1347 1352 1346 1340 1341
827.002991 1350 1351 1352 1349 1347 1356 1346 1355 1353 1341 1348 1352 1333 1345 1341 1352 1340
827.08197 1352 1333 1340 1350 1356 1350 1346 1349 1341 1356 1353 1354 1354 1340 1344 1352 1337
827.159973 1355 1355 1353 1349 1348 1348 1338 1356 1340 1360 1345 1345 1354 1347 1359 1344 1336
827.239014 1347 1349 1349 1354 1356 1344 1351 1350 1344 1351 1359 1346 1351 1338 1343 1341 1344
827.317017 1346 1347 1350 1342 1355 1350 1355 1358 1340 1357 1354 1352 1344 1345 1343 1351 1346
827.39502 1336 1350 1339 1345 1343 1350 1346 1355 1350 1341 1342 1343 1351 1330 1348 1341 1339
827.473999 1346 1349 1348 1348 1339 1348 1360 1342 1345 1350 1342 1351 1345 1349 1353 1349 1344
827.552002 1349 1353 1351 1348 1344 1344 1357 1361 1354 1342 1353 1354 1357 1346 1351 1349 1347
827.630005 1350 1354 1353 1351 1353 1362 1361 1345 1355 1358 1354 1344 1348 1341 1351 1353 1344
827.708984 1357 1353 1351 1353 1357 1357 1363 1356 1353 1368 1353 1342 1359 1349 1342 1344 1347
827.786987 1353 1346 1358 1346 1358 1362 1349 1357 1354 1354 1347 1362 1354 1351 1353 1347 1356
827.866028 1361 1347 1359 1345 1353 1361 1357 1344 1364 1361 1353 1350 1350 1352 1350 1342 1345
827.94397 1356 1354 1347 1348 1352 1357 1347 1357 1356 1359 1357 1354 1358 1341 1358 1354 1341
828.021973 1360 1341 1353 1337 1354 1363 1355 1354 1353 1349 1345 1342 1355 1359 1348 1364 1355
828.101013 1361 1349 1355 1351 1351 1358 1359 1355 1356 1358 1349 1357 1359 1356 1344 1352 1351
828.179016 1348 1346 1355 1355 1352 1359 1360 1351 1342 1363 1351 1339 1360 1356 1359 1353 1352
828.257996 1351 1357 1364 1367 1358 1368 1359 1361 1362 1357 1359 1348 1356 1359 1355 1350 1357
828.335999 1356 1353 1355 1354 1356 1368 1363 1358 1366 1359 1362 1362 1360 1346 1360 1367 1349
828.414001 1364 1367 1359 1344 1352 1364 1373 1362 1369 1353 1358 1359 1362 1353 1361 1357 1352
828.492981 1356 1363 1352 1357 1345 1375 1368 1354 1351 1355 1349 1362 1354 1353 1351 1358 1360
828.570984 1364 1355 1369 1362 1362 1357 1359 1354 1366 1362 1350 1355 1358 1360 1355 1353 1351
828.648987 1353 1355 1355 1360 1354 1362 1364 1349 1352 1358 1351 1361 1353 1360 1346 1356 1358
828.728027 1347 1364 1354 1361 1363 1356 1365 1364 1365 1359 1355 1363 1358 1357 1346 1352 1353
828.80603 1356 1365 1364 1368 1355 1346 1360 1373 1349 1360 1364 1363 1365 1366 1359 1345 1356
828.883972 1360 1352 1361 1361 1359 1350 1365 1356 1351 1359 1359 1360 1361 1361 1360 1340 1364
828.963013 1368 1358 1349 1357 1352 1353 1361 1363 1361 1370 1358 1360 1371 1359 1360 1345 1360
829.041016 1358 1353 1357 1370 1380 1364 1373 1362 1365 1363 1355 1353 1366 1359 1360 1355 1361
829.119995 1378 1361 1364 1365 1363 1360 1373 1367 1360 1362 1366 1365 1371 1354 1369 1354 1357
829.197998 1356 1351 1360 1371 1357 1366 1364 1364 1355 1360 1369 1375 1358 1357 1360 1368 1368
829.276001 1363 1363 1365 1373 1367 1363 1360 1355 1366 1359 1379 1360 1359 1370 1363 1356 1368
829.35498 1368 1367 1367 1363 1366 1362 1361 1374 1372 1362 1369 1357 1355 1358 1360 1368 1364
829.432983 1356 1370 1355 1350 1351 1368 1364 1369 1358 1363 1369 1358 1355 1352 1358 1350 1353
829.510986 1360 1361 1371 1361 1371 1360 1360 1360 1362 1375 1375 1361 1366 1367 1362 1352 1354
829.590027 1366 1365 1374 1369 1360 1365 1365 1367 1369 1366 1369 1368 1368 1367 1359 1358 1359
829.66803 1371 1365 1385 1360 1361 1364 1367 1368 1371 1371 1364 1359 1365 1367 1371 1365 1362
829.745972 1366 1369 1362 1370 1358 1370 1376 1364 1370 1378 1370 1364 1377 1373 1362 1350 1360
829.825012 1355 1367 1358 1360 1358 1364 1367 1372 1363 1365 1364 1366 1360 1369 1364 1364 1358
829.903015 1372 1376 1366 1366 1360 1370 1372 1384 1360 1373 1369 1373 1382 1363 1365 1356 1364
829.981995 1366 1351 1374 1361 1364 1377 1371 1371 1364 1379 1364 1375 1370 1360 1356 1372 1369
830.059998 1372 1361 1371 1372 1364 1367 1366 1377 1375 1368 1369 1380 1368 1370 1352 1371 1366
830.138 1363 1376 1375 1363 1365 1365 1360 1368 1368 1363 1365 1368 1377 1362 1373 1371 1364
830.21698 1373 1358 1378 1364 1373 1373 1369 1388 1374 1385 1374 1363 1379 1364 1373 1365 1375
830.294983 1356 1360 1369 1364 1375 1369 1364 1372 1352 1376 1371 1380 1362 1372 1374 1364 1368
830.372986 1374 1371 1370 1368 1379 1370 1377 1370 1367 1382 1372 1369 1370 1371 1363 1358 1365
830.452026 1378 1381 1369 1363 1374 1362 1374 1376 1379 1371 1372 1361 1367 1367 1371 1356 1356
830.530029 1375 1372 1371 1360 1374 1371 1376 1376 1375 1370 1368 1371 1371 1370 1372 1367 1363
830.607971 1369 1372 1371 1366 1373 1374 1369 1380 1362 1371 1377 1361 1376 1361 1379 1367 1375
830.687012 1365 1364 1371 1369 1374 1372 1374 1375 1362 1369 1378 1363 1366 1365 1361 1373 1373
830.765015 1365 1368 1361 1367 1361 1369 1360 1391 1372 1367 1370 1382 1374 1359 1373 1361 1361
830.843018 1373 1357 1373 1370 1378 1373 1371 1374 1372 1375 1373 1357 1376 1382 1373 1368 1365
830.921997 1359 1372 1373 1375 1379 1373 1377 1373 1367 1381 1375 1373 1363 1362 1368 1370 1377
831 1376 1356 1362 1373 1364 1371 1371 1369 1366 1376 1378 1389 1368 1383 1378 1381 1368
831.078003 1362 1368 1363 1366 1363 1384 1373 1381 1370 1370 1373 1377 1375 1354 1373 1374 1352
831.156982 1370 1375 1374 1360 1366 1377 1379 1379 1367 1378 1377 1378 1357 1377 1367 1368 1360
831.234985 1377 1359 1366 1373 1353 1379 1372 1370 1376 1373 1373 1376 1376 1360 1362 1362 1357
831.312988 1374 1366 1375 1351 1365 1378 1381 1368 1371 1385 1377 1371 1373 1361 1376 1379 1368
831.392029 1381 1365 1363 1369 1368 1369 1379 1375 1376 1375 1379 1379 1367 1381 1371 1372 1367
831.469971 1380 1369 1364 1366 1375 1360 1378 1379 1370 1379 1370 1372 1371 1367 1371 1378 1368
831.549011 1367 1368 1380 1377 1376 1380 1372 1384 1374 1381 1374 1374 1365 1365 1371 1379 1369
831.627014 1366 1375 1379 1365 1372 1379 1368 1370 1371 1371 1378 1379 1379 1366 1369 1364 1370
831.705017 1369 1367 1375 1378 1367 1374 1371 1366 1375 1373 1376 1367 1368 1372 1362 1367 1364
831.783997 1376 1375 1370 1372 1365 1371 1374 1372 1372 1377 1363 1375 1374 1366 1362 1371 1367
831.862 1378 1374 1373 1363 1364 1375 1364 1382 1368 1375 1365 1373 1374 1375 1371 1379 1361
831.940002 1374 1365 1372 1362 1363 1363 1379 1381 1367 1371 1378 1371 1383 1374 1373 1364 1358
832.018005 1373 1364 1385 1369 1368 1368 1366 1372 1374 1384 1383 1380 1372 1385 1367 1370 1353
832.096985 1380 1371 1370 1359 1366 1377 1371 1370 1378 1379 1382 1379 1373 1368 1369 1362 1361
832.174988 1372 1373 1373 1362 1373 1380 1377 1370 1377 1390 1369 1382 1368 1375 1374 1363 1357
832.254028 1382 1368 1372 1374 1359 1377 1377 1385 1376 1373 1379 1370 1370 1367 1375 1370 1368
832.33197 1368 1374 1367 1380 1363 1375 1372 1381 1389 1378 1383 1369 1370 1375 1367 1363 1366
832.409973 1380 1366 1369 1358 1371 1375 1366 1368 1376 1379 1372 1369 1359 1371 1368 1363 1369
832.489014 1371 1369 1361 1378 1375 1381 1371 1382 1369 1381 1380 1385 1369 1372 1362 1352 1360
832.567017 1384 1366 1368 1374 1376 1367 1366 1367 1362 1381 1386 1374 1371 1383 1370 1373 1378
832.64502 1380 1376 1369 1372 1386 1366 1381 1371 1376 1371 1387 1377 1377 1375 1362 1372 1365
832.723999 1381 1362 1365 1372 1386 1369 1381 1372 1376 1377 1375 1371 1391 1375 1366 1369 1378
832.802002 1367 1373 1375 1363 1359 1361 1374 1377 1377 1371 1382 1374 1372 1371 1383 1361 1381
832.880005 1366 1369 1374 1367 1372 1369 1393 1378 1382 1369 1377 1372 1376 1364 1370 1362 1368
832.958008 1381 1376 1382 1377 1368 1388 1375 1381 1381 1370 1371 1390 1369 1378 1371 1358 1364
833.036987 1366 1370 1368 1370 1369 1366 1372 1374 1376 1371 1375 1377 1380 1372 1377 1373 1377
833.11499 1365 1368 1376 1380 1391 1371 1368 1386 1382 1380 1369 1365 1376 1377 1378 1369 1358
833.192993 1382 1374 1374 1374 1373 1370 1373 1371 1382 1377 1380 1363 1364 1382 1376 1369 1353
833.271973 1373 1381 1358 1366 1376 1374 1372 1382 1375 1382 1383 1378 1375 1377 1372 1368 1373
833.349976 1373 1372 1365 1371 1371 1371 1375 1381 1373 1374 1364 1377 1379 1362 1372 1370 1369
833.427979 1379 1374 1368 1367 1363 1369 1380 1366 1372 1389 1380 1388 1371 1382 1375 1359 1363
833.507019 1374 1365 1376 1371 1382 1366 1365 1372 1385 1373 1384 1383 1373 1373 1370 1370 1359
833.585022 1374 1374 1358 1359 1366 1367 1363 1385 1368 1389 1382 1374 1384 1368 1373 1371 1371
833.663025 1377 1373 1378 1376 1369 1375 1365 1374 1369 1376 1390 1372 1368 1381 1364 1359 1361
833.742004 1371 1374 1360 1369 1368 1371 1379 1374 1378 1378 1377 1369 1375 1382 1363 1363 1362
833.820007 1371 1371 1370 1368 1376 1382 1378 1380 1372 1387 1391 1376 1375 1381 1368 1373 1371
833.89801 1369 1369 1385 1371 1369 1377 1379 1378 1367 1376 1372 1375 1378 1370 1373 1373 1368
833.97699 1365 1371 1358 1364 1366 1367 1362 1374 1389 1369 1369 1371 1366 1377 1370 1382 1365
834.054993 1367 1367 1373 1376 1362 1377 1370 1377 1377 1377 1382 1369 1369 1374 1378 1365 1361
834.132996 1384 1376 1369 1368 1370 1375 1383 1379 1370 1381 1379 1364 1368 1372 1371 1365 1360
834.210999 1378 1369 1374 1370 1364 1382 1373 1372 1377 1378 1391 1375 1368 1382 1363 1358 1356
834.289978 1382 1373 1366 1367 1371 1366 1379 1381 1370 1378 1372 1371 1367 1370 1368 1368 1359
834.367981 1374 1374 1369 1372 1366 1377 1383 1377 1383 1367 1378 1372 1368 1375 1364 1364 1373
834.445984 1368 1369 1376 1379 1373 1369 1380 1376 1371 1384 1393 1373 1372 1369 1372 1365 1370
834.525024 1382 1379 1367 1370 1363 1374 1376 1380 1383 1376 1378 1376 1367 1377 1376 1379 1380
834.603027 1373 1374 1375 1366 1373 1386 1366 1378 1379 1377 1376 1377 1367 1368 1375 1364 1373
834.68103 1373 1374 1374 1373 1365 1377 1378 1382 1384 1379 1377 1374 1378 1385 1367 1366 1375
834.76001 1360 1374 1366 1372 1361 1365 1368 1375 1375 1383 1381 1373 1382 1372 1384 1358 1369
834.838013 1361 1370 1369 1376 1380 1370 1378 1370 1375 1372 1389 1376 1378 1357 1387 1382 1366
834.916016 1380 1365 1370 1365 1372 1378 1378 1376 1376 1371 1378 1378 1376 1375 1369 1360 1355
834.994995 1384 1369 1374 1372 1368 1372 1374 1378 1376 1382 1390 1370 1379 1375 1379 1379 1363
835.072998 1375 1373 1367 1382 1367 1372 1373 1370 1394 1383 1389 1371 1377 1377 1369 1382 1366
835.151001 1368 1380 1375 1362 1367 1374 1375 1382 1371 1378 1389 1382 1380 1381 1372 1373 1368
835.229004 1376 1381 1374 1378 1368 1377 1382 1382 1391 1382 1374 1373 1387 1384 1369 1360 1362
835.307983 1379 1378 1378 1369 1371 1373 1370 1381 1382 1386 1386 1391 1382 1371 1364 1356 1365
835.385986 1390 1375 1375 1377 1376 1369 1373 1380 1373 1373 1380 1383 1375 1376 1367 1367 1372
835.463989 1372 1373 1375 1367 1369 1371 1372 1375 1391 1372 1373 1377 1369 1377 1366 1385 1377
835.54303 1380 1372 1365 1363 1364 1371 1373 1383 1375 1377 1375 1380 1378 1374 1362 1376 1375
835.620972 1376 1377 1369 1373 1369 1371 1371 1385 1375 1390 1380 1373 1389 1380 1376 1364 1370
835.698975 1374 1370 1375 1368 1375 1370 1369 1377 1381 1391 1375 1377 1370 1385 1367 1367 1368
835.778015 1379 1379 1380 1385 1376 1371 1376 1367 1387 1391 1384 1377 1388 1365 1373 1370 1369
835.856018 1374 1375 1375 1366 1367 1369 1378 1369 1389 1383 1376 1376 1380 1369 1376 1370 1370
835.934021 1385 1366 1376 1362 1378 1369 1373 1400 1391 1384 1382 1367 1378 1384 1375 1356 1379
836.012024 1381 1367 1369 1386 1373 1374 1375 1374 1397 1386 1377 1367 1383 1363 1378 1361 1372
836.091003 1380 1372 1378 1380 1363 1378 1370 1380 1385 1388 1385 1372 1381 1380 1378 1378 1377
836.169006 1372 1382 1387 1372 1371 1372 1381 1381 1375 1380 1390 1372 1384 1361 1381 1370 1367
836.247009 1370 1369 1381 1386 1379 1370 1366 1382 1383 1383 1375 1370 1371 1377 1364 1378 1376
836.325989 1375 1377 1379 1368 1369 1384 1378 1382 1385 1384 1366 1383 1375 1388 1370 1375 1369
836.403992 1380 1372 1378 1392 1379 1378 1368 1385 1384 1373 1374 1381 1376 1380 1381 1369 1373
836.481995 1381 1393 1387 1367 1380 1376 1373 1371 1379 1380 1381 1390 1382 1390 1385 1378 1373
836.559998 1379 1373 1366 1377 1365 1372 1372 1386 1378 1387 1381 1382 1383 1377 1379 1373 1381
836.638977 1376 1371 1369 1380 1382 1372 1389 1386 1375 1379 1388 1383 1388 1378 1375 1371 1379
836.71698 1372 1370 1366 1377 1375 1388 1385 1386 1394 1392 1380 1379 1400 1383 1377 1384 1384
836.794983 1375 1370 1386 1376 1371 1383 1380 1381 1399 1381 1378 1393 1382 1375 1384 1390 1371
836.872986 1380 1380 1374 1385 1370 1390 1380 1382 1384 1383 1388 1391 1392 1385 1373 1381 1371
836.952026 1395 1382 1382 1380 1379 1372 1379 1383 1390 1400 1390 1392 1381 1384 1375 1367 1383
837.030029 1394 1391 1402 1379 1374 1384 1391 1379 1387 1395 1375 1397 1376 1380 1378 1386 1377
837.107971 1396 1398 1377 1377 1382 1374 1382 1390 1377 1373 1385 1384 1371 1386 1382 1373 1384
837.187012 1399 1391 1393 1377 1379 1370 1381 1376 1389 1387 1374 1388 1395 1393 1374 1381 1391
837.265015 1380 1389 1377 1382 1381 1377 1387 1385 1379 1388 1384 1389 1389 1382 1388 1385 1377
837.343018 1383 1383 1387 1379 1372 1381 1384 1379 1383 1387 1388 1405 1373 1390 1390 1385 1395
837.421021 1376 1395 1381 1388 1382 1384 1383 1382 1394 1390 1389 1395 1380 1386 1383 1382 1370
837.5 1393 1381 1385 1384 1373 1381 1371 1377 1377 1393 1393 1392 1397 1387 1390 1383 1379
837.578003 1395 1392 1386 1374 1385 1372 1384 1394 1387 1397 1392 1388 1398 1385 1384 1388 1379
837.656006 1383 1390 1397 1384 1387 1385 1389 1396 1391 1377 1397 1400 1396 1397 1397 1380 1402
837.734009 1398 1380 1384 1383 1389 1391 1384 1387 1385 1381 1396 1390 1388 1382 1397 1387 1398
837.812988 1390 1385 1379 1383 1398 1384 1382 1403 1389 1392 1396 1397 1391 1396 1388 1379 1386
837.890991 1394 1385 1386 1398 1390 1378 1384 1387 1392 1385 1396 1387 1382 1392 1382 1383 1379
837.968994 1400 1389 1394 1389 1398 1383 1384 1392 1391 1392 1399 1391 1399 1396 1390 1389 1381
838.047974 1406 1401 1396 1398 1393 1385 1384 1398 1387 1402 1396 1400 1384 1386 1379 1384 1393
838.125977 1399 1391 1385 1394 1385 1385 1390 1406 1387 1402 1399 1400 1396 1399 1401 1392 1394
838.203979 1398 1405 1394 1396 1388 1379 1390 1392 1387 1388 1391 1391 1383 1397 1397 1406 1396
838.281982 1399 1397 1405 1399 1379 1390 1388 1393 1393 1398 1403 1404 1404 1401 1397 1405 1386
838.361023 1399 1396 1394 1405 1397 1395 1385 1389 1403 1389 1386 1393 1388 1398 1402 1390 1396
838.439026 1397 1405 1406 1400 1386 1395 1391 1393 1391 1398 1392 1397 1399 1403 1408 1400 1401
838.517029 1400 1418 1398 1388 1383 1394 1392 1394 1391 1390 1406 1392 1396 1407 1404 1411 1400
838.594971 1414 1404 1414 1388 1403 1387 1392 1394 1399 1401 1402 1404 1416 1412 1404 1391 1405
838.674011 1396 1413 1411 1402 1393 1402 1402 1398 1395 1401 1417 1392 1415 1414 1400 1403 1416
838.752014 1420 1400 1405 1401 1409 1379 1405 1404 1390 1401 1394 1408 1413 1394 1403 1401 1404
838.830017 1418 1397 1403 1406 1388 1390 1387 1398 1402 1416 1418 1405 1421 1403 1405 1411 1408
838.90802 1410 1417 1411 1417 1395 1404 1400 1406 1402 1398 1412 1407 1414 1401 1404 1411 1407
838.987 1423 1412 1412 1389 1400 1413 1389 1415 1401 1397 1410 1414 1426 1412 1428 1427 1408
839.065002 1414 1402 1411 1407 1404 1400 1398 1411 1407 1399 1418 1403 1427 1404 1421 1409 1409
839.143005 1422 1417 1414 1407 1394 1397 1392 1409 1418 1420 1412 1413 1422 1422 1412 1428 1408
839.221008 1424 1418 1420 1416 1405 1409 1409 1409 1424 1401 1403 1427 1421 1428 1420 1411 1412
839.299988 1448 1422 1424 1421 1408 1403 1404 1400 1407 1421 1423 1413 1432 1425 1428 1426 1424
839.377991 1433 1431 1429 1421 1411 1396 1416 1409 1414 1407 1424 1422 1434 1424 1423 1430 1420
839.455994 1435 1436 1419 1419 1417 1420 1406 1415 1405 1424 1418 1432 1424 1431 1426 1431 1413
839.533997 1450 1432 1432 1418 1413 1406 1395 1420 1418 1426 1417 1415 1434 1437 1432 1445 1429
839.612976 1442 1430 1429 1412 1418 1418 1426 1431 1427 1434 1423 1431 1422 1426 1426 1423 1430
839.690979 1436 1425 1434 1434 1423 1424 1396 1427 1407 1421 1407 1424 1434 1446 1433 1435 1425
839.768982 1452 1444 1440 1429 1415 1423 1406 1431 1397 1425 1422 1413 1421 1433 1445 1451 1418
839.846985 1453 1456 1453 1431 1432 1429 1419 1418 1421 1438 1435 1439 1439 1442 1453 1438 1445
839.926025 1456 1441 1448 1456 1431 1439 1412 1427 1422 1429 1438 1440 1446 1438 1454 1441 1429
840.004028 1449 1453 1439 1447 1430 1419 1425 1428 1422 1433 1435 1441 1435 1455 1456 1437 1442
840.08197 1451 1447 1459 1437 1442 1427 1426 1422 1425 1456 1450 1445 1440 1457 1443 1445 1438
840.159973 1455 1453 1441 1427 1436 1421 1426 1434 1428 1437 1445 1447 1441 1446 1459 1445 1435
840.239014 1474 1460 1455 1442 1430 1414 1440 1426 1435 1430 1437 1455 1454 1450 1446 1460 1460
840.317017 1460 1450 1447 1439 1444 1424 1427 1428 1430 1443 1436 1450 1459 1447 1479 1461 1464
840.39502 1479 1456 1457 1451 1435 1433 1431 1424 1434 1450 1456 1453 1465 1478 1464 1463 1469
840.473022 1473 1454 1450 1450 1452 1431 1429 1441 1441 1453 1445 1462 1454 1462 1466 1474 1463
840.551025 1482 1469 1458 1446 1446 1444 1432 1437 1417 1450 1443 1445 1463 1478 1449 1481 1485
840.630005 1468 1471 1459 1446 1443 1438 1434 1442 1432 1435 1459 1463 1449 1480 1457 1466 1469
840.708008 1491 1477 1477 1452 1450 1441 1432 1447 1445 1447 1468 1459 1470 1487 1485 1466 1474
840.786011 1475 1479 1466 1454 1452 1453 1450 1437 1440 1459 1450 1457 1459 1468 1457 1487 1480
840.864014 1480 1482 1486 1467 1459 1445 1445 1440 1437 1452 1458 1451 1473 1485 1484 1485 1462
840.942993 1484 1485 1471 1468 1460 1446 1452 1436 1436 1448 1468 1464 1466 1476 1486 1494 1481
841.020996 1490 1483 1476 1476 1459 1452 1443 1453 1430 1442 1443 1461 1474 1487 1469 1492 1471
841.098999 1498 1484 1480 1457 1462 1449 1455 1435 1443 1455 1464 1472 1475 1495 1493 1482 1481
841.177002 1505 1488 1489 1470 1457 1443 1434 1451 1456 1451 1478 1465 1468 1476 1474 1487 1489
841.255981 1490 1491 1485 1450 1465 1466 1427 1458 1451 1476 1462 1470 1482 1485 1484 1492 1487
841.333984 1500 1490 1488 1467 1456 1457 1446 1446 1427 1462 1464 1481 1479 1486 1479 1492 1489
841.411987 1492 1498 1484 1480 1460 1442 1434 1440 1462 1454 1476 1474 1470 1479 1496 1505 1491
841.48999 1487 1487 1477 1482 1485 1445 1454 1448 1458 1461 1486 1469 1465 1504 1495 1482 1496
841.567993 1501 1497 1485 1482 1466 1448 1439 1446 1463 1455 1474 1474 1490 1498 1497 1490 1485
841.646973 1507 1486 1484 1467 1471 1459 1457 1435 1448 1454 1485 1490 1479 1487 1486 1502 1491
841.724976 1508 1483 1484 1490 1469 1457 1449 1460 1450 1478 1469 1488 1497 1484 1509 1479 1487
841.802979 1506 1476 1488 1475 1472 1474 1446 1453 1440 1468 1467 1490 1494 1483 1500 1501 1498
841.880981 1511 1493 1497 1478 1471 1454 1438 1454 1454 1470 1468 1483 1498 1492 1493 1500 1502
841.960022 1499 1496 1496 1498 1451 1455 1466 1448 1449 1469 1478 1475 1482 1486 1507 1498 1489
842.038025 1500 1502 1485 1479 1474 1469 1457 1467 1448 1480 1472 1499 1492 1494 1489 1497 1510
842.116028 1503 1502 1501 1480 1465 1474 1435 1470 1454 1451 1483 1493 1512 1489 1504 1509 1497
842.19397 1505 1502 1499 1480 1468 1458 1449 1454 1481 1473 1479 1486 1489 1495 1497 1482 1496
842.271973 1494 1484 1498 1479 1476 1480 1463 1461 1454 1478 1465 1478 1491 1495 1498 1491 1486
842.351013 1502 1488 1488 1488 1468 1455 1464 1454 1465 1478 1470 1486 1481 1506 1495 1500 1500
842.429016 1496 1486 1485 1485 1461 1461 1448 1464 1463 1463 1465 1486 1496 1480 1497 1496 1491
842.507019 1486 1496 1492 1473 1467 1442 1458 1460 1453 1456 1466 1490 1502 1511 1496 1507 1497
842.585022 1492 1487 1491 1492 1467 1457 1467 1450 1456 1456 1472 1465 1476 1499 1496 1499 1499
842.663025 1512 1494 1486 1479 1463 1458 1446 1455 1450 1455 1469 1483 1497 1496 1498 1491 1476
842.742004 1498 1506 1486 1480 1470 1454 1450 1463 1454 1458 1473 1474 1486 1502 1510 1479 1478
842.820007 1509 1498 1500 1465 1468 1461 1455 1453 1468 1484 1472 1468 1487 1496 1485 1503 1496
842.89801 1502 1492 1453 1482 1457 1455 1454 1459 1447 1452 1476 1492 1476 1493 1491 1493 1486
842.976013 1497 1514 1487 1474 1454 1452 1465 1447 1470 1468 1474 1480 1497 1497 1483 1477 1519
843.054016 1493 1489 1498 1482 1453 1440 1448 1448 1474 1477 1481 1474 1501 1475 1493 1494 1505
843.132996 1488 1478 1499 1491 1463 1467 1456 1445 1474 1472 1484 1468 1485 1493 1503 1495 1482
843.210999 1490 1475 1484 1475 1461 1462 1457 1458 1453 1459 1480 1476 1480 1503 1499 1470 1476
843.289001 1486 1470 1473 1478 1468 1462 1467 1452 1462 1455 1469 1467 1480 1489 1496 1486 1482
843.367004 1489 1474 1474 1466 1481 1470 1455 1462 1461 1477 1470 1485 1478 1492 1492 1490 1471
843.445007 1481 1487 1491 1475 1460 1453 1439 1468 1466 1469 1465 1469 1479 1492 1474 1485 1475
843.523987 1481 1480 1470 1481 1458 1459 1448 1463 1475 1473 1475 1481 1474 1489 1461 1488 1486
843.60199 1493 1486 1471 1480 1463 1460 1451 1451 1455 1471 1451 1489 1486 1495 1497 1483 1479
843.679993 1497 1497 1481 1474 1470 1465 1454 1448 1459 1487 1461 1470 1479 1489 1473 1502 1475
843.757996 1491 1476 1484 1475 1445 1451 1455 1466 1455 1463 1457 1480 1485 1501 1489 1489 1480
843.835999 1492 1484 1468 1480 1472 1460 1448 1466 1444 1466 1476 1471 1483 1473 1493 1484 1482
843.914978 1485 1474 1470 1475 1443 1450 1453 1460 1445 1465 1459 1480 1498 1484 1489 1492 1475
843.992981 1477 1485 1483 1453 1457 1451 1436 1462 1452 1474 1473 1469 1475 1485 1489 1487 1479
844.070984 1473 1487 1470 1465 1455 1451 1451 1452 1465 1468 1475 1481 1501 1487 1484 1468 1484
844.148987 1495 1468 1475 1475 1454 1454 1452 1455 1463 1463 1481 1477 1484 1492 1472 1473 1487
844.22699 1495 1482 1469 1484 1467 1452 1446 1457 1447 1463 1467 1469 1476 1478 1490 1475 1480
844.30603 1489 1479 1468 1464 1457 1459 1447 1454 1461 1456 1469 1471 1481 1494 1480 1476 1468
844.383972 1497 1485 1464 1471 1457 1441 1434 1452 1456 1447 1475 1467 1492 1502 1475 1464 1474
844.461975 1484 1488 1473 1460 1468 1462 1458 1458 1463 1474 1462 1467 1495 1482 1476 1485 1477
844.539978 1484 1487 1480 1459 1448 1457 1462 1446 1468 1475 1489 1464 1475 1484 1485 1483 1468
844.617981 1491 1490 1475 1473 1461 1453 1437 1457 1467 1470 1473 1481 1461 1483 1465 1474 1470
844.695984 1486 1474 1471 1469 1468 1451 1455 1451 1445 1462 1477 1474 1467 1474 1481 1485 1488
844.775024 1469 1468 1471 1471 1458 1475 1449 1457 1449 1454 1488 1465 1476 1459 1476 1463 1474
844.853027 1496 1481 1471 1473 1445 1450 1438 1457 1451 1450 1493 1477 1472 1464 1492 1478 1458
844.93103 1481 1482 1487 1470 1451 1443 1439 1450 1451 1474 1473 1467 1484 1480 1484 1459 1477
845.008972 1484 1453 1457 1454 1459 1460 1459 1453 1458 1462 1466 1467 1483 1472 1488 1458 1464
845.086975 1477 1470 1478 1473 1462 1454 1442 1446 1436 1464 1472 1466 1472 1467 1476 1476 1474
845.166016 1482 1472 1474 1467 1442 1445 1454 1462 1463 1466 1463 1464 1471 1474 1454 1464 1485
845.244019 1474 1467 1474 1464 1459 1454 1458 1448 1453 1454 1459 1481 1473 1476 1477 1461 1464
845.322021 1467 1485 1467 1472 1440 1440 1460 1467 1448 1451 1487 1462 1473 1457 1479 1475 1454
845.400024 1485 1473 1472 1463 1457 1454 1445 1457 1464 1463 1469 1475 1471 1478 1463 1463 1460
845.478027 1475 1480 1481 1457 1449 1453 1453 1455 1468 1478 1464 1477 1454 1481 1468 1452 1462
845.55603 1492 1473 1477 1453 1445 1467 1445 1465 1445 1458 1471 1470 1461 1474 1464 1481 1469
845.63501 1489 1488 1464 1450 1456 1446 1448 1455 1447 1453 1463 1475 1481 1471 1474 1467 1463
845.713013 1479 1471 1488 1462 1455 1454 1452 1446 1454 1464 1468 1472 1473 1489 1483 1466 1471
845.791016 1480 1470 1482 1463 1459 1453 1439 1457 1449 1469 1472 1477 1490 1486 1459 1475 1475
845.869019 1469 1490 1473 1470 1460 1456 1459 1457 1462 1459 1456 1471 1478 1470 1480 1463 1472
845.947021 1484 1485 1473 1458 1451 1456 1441 1454 1461 1470 1472 1464 1495 1469 1476 1464 1472
846.025024 1489 1473 1489 1469 1459 1443 1460 1454 1462 1458 1482 1487 1466 1478 1486 1482 1460
846.104004 1477 1465 1455 1463 1451 1452 1452 1474 1454 1466 1482 1488 1473 1487 1467 1477 1469
846.182007 1507 1473 1466 1439 1460 1456 1465 1457 1472 1482 1489 1473 1487 1476 1463 1475 1470
846.26001 1486 1467 1473 1466 1459 1457 1455 1469 1460 1450 1474 1483 1483 1477 1475 1467 1473
846.338013 1483 1478 1468 1461 1455 1458 1462 1472 1459 1474 1474 1485 1476 1477 1476 1475 1473
846.416016 1487 1478 1476 1466 1456 1455 1463 1476 1454 1467 1476 1471 1478 1483 1484 1459 1476
846.494019 1481 1480 1486 1470 1436 1435 1447 1463 1463 1469 1479 1482 1470 1481 1476 1474 1450
846.572998 1484 1477 1469 1464 1468 1452 1463 1467 1464 1455 1463 1474 1470 1475 1480 1458 1466
846.651001 1464 1479 1475 1453 1458 1463 1458 1464 1465 1460 1476 1471 1477 1477 1479 1474 1468
846.729004 1479 1474 1466 1449 1455 1451 1456 1475 1473 1478 1469 1485 1473 1499 1468 1474 1473
846.807007 1488 1457 1473 1469 1468 1451 1445 1459 1466 1462 1459 1482 1487 1479 1476 1471 1468
846.88501 1481 1456 1486 1468 1464 1460 1447 1471 1475 1469 1477 1478 1490 1489 1476 1467 1459
846.963013 1479 1482 1477 1465 1449 1460 1449 1460 1466 1473 1470 1479 1480 1465 1488 1478 1466
847.041016 1486 1482 1487 1442 1458 1467 1460 1453 1471 1466 1475 1495 1481 1489 1461 1475 1476
847.119995 1493 1469 1483 1469 1462 1452 1457 1471 1466 1465 1481 1482 1477 1475 1474 1478 1472
847.197998 1480 1473 1478 1450 1454 1447 1447 1455 1446 1475 1475 1494 1483 1492 1473 1474 1466
847.276001 1491 1463 1475 1457 1468 1439 1458 1475 1472 1484 1476 1496 1484 1497 1473 1486 1460
847.354004 1478 1473 1473 1470 1458 1448 1452 1468 1464 1479 1479 1483 1476 1486 1478 1466 1468
847.432007 1477 1475 1468 1466 1467 1466 1450 1469 1483 1475 1473 1481 1474 1474 1488 1456 1487
847.51001 1488 1464 1482 1459 1460 1453 1456 1461 1472 1460 1486 1477 1484 1486 1484 1461 1446
847.588989 1475 1475 1473 1467 1461 1463 1460 1456 1469 1475 1487 1522 1482 1480 1475 1483 1481
847.666992 1493 1474 1478 1456 1461 1472 1463 1451 1470 1471 1472 1486 1483 1492 1474 1464 1477
847.744995 1490 1483 1485 1461 1455 1453 1466 1458 1469 1471 1467 1471 1484 1490 1487 1481 1468
847.822998 1490 1484 1474 1468 1476 1455 1458 1460 1477 1483 1492 1487 1478 1496 1476 1480 1479
847.901001 1491 1476 1486 1470 1451 1457 1453 1466 1486 1474 1475 1485 1486 1484 1481 1486 1478
847.979004 1494 1486 1471 1472 1467 1467 1446 1462 1481 1486 1479 1486 1478 1494 1485 1483 1469
848.057007 1475 1488 1475 1469 1462 1484 1454 1473 1456 1485 1487 1478 1487 1480 1467 1483 1472
848.13501 1502 1486 1472 1479 1453 1459 1449 1462 1470 1471 1479 1493 1493 1482 1495 1481 1476
848.213989 1492 1479 1472 1478 1464 1445 1469 1464 1487 1488 1500 1488 1489 1476 1487 1487 1486
848.291992 1498 1485 1483 1475 1451 1457 1457 1479 1462 1470 1481 1476 1493 1481 1489 1482 1466
848.369995 1490 1491 1483 1474 1471 1465 1468 1475 1467 1480 1490 1484 1488 1494 1485 1487 1467
848.447998 1503 1488 1480 1471 1456 1455 1466 1478 1482 1487 1482 1496 1495 1484 1483 1475 1472
848.526001 1496 1491 1481 1470 1457 1467 1465 1468 1464 1476 1484 1486 1492 1482 1485 1488 1492
848.604004 1481 1477 1480 1475 1461 1452 1462 1474 1472 1484 1482 1494 1486 1483 1479 1485 1477
848.682007 1497 1481 1478 1472 1459 1469 1459 1474 1485 1507 1487 1496 1491 1490 1492 1494 1475
848.76001 1494 1490 1487 1467 1455 1487 1463 1469 1481 1486 1499 1502 1477 1480 1477 1489 1457
848.838989 1479 1485 1478 1466 1454 1459 1461 1482 1477 1492 1497 1500 1497 1494 1479 1488 1484
848.916992 1499 1465 1491 1475 1478 1479 1462 1479 1472 1486 1485 1499 1483 1488 1496 1484 1489
848.994995 1503 1483 1483 1466 1464 1465 1472 1476 1496 1478 1480 1490 1499 1492 1497 1489 1476
849.072998 1507 1482 1476 1486 1470 1466 1473 1454 1475 1489 1502 1488 1477 1490 1505 1492 1491
849.151001 1499 1475 1492 1480 1482 1463 1464 1480 1470 1476 1497 1498 1498 1495 1486 1479 1469
849.229004 1487 1498 1481 1476 1465 1483 1463 1468 1488 1494 1480 1477 1508 1481 1490 1497 1492
849.307007 1501 1498 1479 1477 1486 1476 1481 1483 1487 1498 1494 1509 1487 1480 1477 1489 1477
849.38501 1515 1486 1491 1486 1458 1472 1471 1483 1477 1497 1469 1492 1507 1492 1497 1493 1461
849.463989 1505 1478 1478 1481 1480 1472 1472 1463 1502 1499 1509 1502 1502 1515 1511 1483 1484
849.541992 1500 1489 1504 1486 1472 1464 1477 1471 1489 1497 1492 1496 1488 1477 1494 1495 1478
849.619995 1499 1481 1494 1468 1475 1484 1458 1485 1471 1498 1498 1504 1511 1506 1504 1481 1469
849.697998 1499 1488 1476 1476 1477 1471 1473 1477 1473 1496 1494 1498 1497 1486 1499 1492 1479
849.776001 1511 1504 1486 1470 1472 1461 1488 1486 1493 1489 1480 1495 1506 1480 1486 1502 1492
849.854004 1497 1484 1484 1486 1473 1467 1463 1478 1485 1501 1509 1515 1502 1502 1492 1481 1492
849.932007 1511 1504 1501 1474 1476 1479 1465 1490 1481 1506 1522 1488 1511 1497 1495 1498 1490
850.01001 1520 1482 1507 1503 1488 1478 1467 1475 1486 1496 1495 1509 1501 1496 1495 1479 1502
850.088989 1510 1487 1492 1490 1465 1466 1472 1487 1489 1489 1507 1518 1497 1489 1497 1497 1488
850.166992 1510 1491 1489 1485 1463 1494 1465 1492 1500 1503 1507 1501 1503 1511 1513 1491 1471
850.244995 1504 1504 1493 1491 1477 1468 1493 1479 1495 1507 1495 1517 1503 1494 1493 1503 1496
850.322998 1514 1492 1494 1471 1482 1466 1480 1495 1491 1508 1507 1486 1509 1502 1480 1488 1476
850.401001 1504 1490 1492 1482 1477 1489 1457 1499 1479 1498 1498 1500 1504 1517 1498 1508 1490
850.479004 1505 1479 1503 1498 1476 1470 1472 1501 1486 1496 1501 1498 1497 1524 1504 1508 1503
850.557007 1519 1494 1472 1504 1467 1478 1478 1475 1494 1504 1501 1522 1519 1502 1511 1495 1496
850.63501 1509 1495 1495 1490 1483 1466 1453 1495 1479 1486 1514 1512 1513 1518 1514 1487 1495
850.713013 1516 1508 1498 1490 1470 1476 1475 1485 1507 1503 1510 1511 1514 1517 1492 1513 1497
850.791992 1514 1511 1494 1485 1475 1489 1480 1484 1499 1499 1508 1498 1503 1512 1503 1502 1494
850.869995 1493 1505 1485 1492 1467 1496 1475 1500 1500 1502 1521 1500 1520 1513 1490 1513 1495
850.947998 1506 1489 1477 1491 1483 1475 1466 1487 1484 1502 1502 1517 1500 1505 1498 1499 1476
851.026001 1517 1506 1492 1479 1485 1479 1487 1478 1498 1498 1512 1505 1508 1497 1512 1481 1484
851.104004 1500 1501 1500 1503 1503 1475 1477 1492 1493 1506 1506 1514 1501 1503 1513 1494 1493
851.182007 1504 1502 1478 1487 1501 1483 1486 1482 1498 1507 1502 1510 1504 1521 1499 1496 1485
851.26001 1516 1501 1491 1473 1478 1481 1472 1474 1490 1511 1512 1518 1492 1503 1501 1513 1477
851.338013 1504 1510 1483 1480 1472 1472 1473 1484 1488 1502 1508 1517 1507 1512 1512 1490 1495
851.416016 1530 1503 1492 1493 1484 1478 1470 1482 1496 1499 1511 1516 1506 1501 1505 1486 1480
851.494019 1509 1496 1499 1486 1478 1467 1471 1494 1497 1507 1493 1515 1511 1514 1515 1493 1497
851.572998 1513 1500 1506 1488 1477 1473 1483 1493 1504 1503 1503 1504 1512 1504 1500 1505 1508
851.651001 1498 1503 1497 1491 1478 1469 1474 1496 1500 1511 1525 1518 1514 1503 1504 1493 1502
851.729004 1500 1498 1524 1492 1477 1476 1467 1499 1495 1506 1517 1500 1513 1509 1498 1495 1488
851.807007 1519 1511 1491 1505 1494 1482 1475 1497 1496 1502 1505 1521 1506 1497 1498 1521 1486
851.88501 1531 1503 1503 1499 1487 1497 1485 1504 1495 1506 1514 1515 1522 1497 1519 1513 1495
851.963013 1535 1506 1499 1489 1507 1478 1473 1502 1495 1505 1505 1532 1508 1525 1508 1494 1495
852.041016 1521 1509 1485 1482 1501 1485 1482 1493 1490 1512 1508 1503 1505 1519 1505 1494 1492
852.119019 1507 1498 1498 1473 1486 1498 1470 1491 1501 1501 1526 1509 1519 1498 1489 1509 1501
852.197021 1506 1494 1506 1503 1486 1473 1485 1500 1495 1506 1509 1494 1528 1513 1495 1504 1500
852.275024 1493 1490 1501 1487 1475 1490 1476 1490 1499 1509 1513 1515 1517 1502 1515 1507 1490
852.353027 1513 1492 1495 1476 1477 1473 1471 1490 1484 1505 1508 1513 1520 1516 1514 1508 1490
852.43103 1508 1496 1497 1491 1470 1476 1479 1492 1500 1512 1517 1526 1515 1499 1512 1511 1490
852.51001 1518 1509 1506 1481 1480 1479 1482 1491 1492 1521 1519 1534 1511 1509 1514 1499 1497
852.588013 1502 1505 1514 1492 1482 1477 1493 1504 1485 1513 1511 1517 1523 1523 1502 1500 1492
852.666016 1505 1516 1511 1494 1473 1482 1486 1496 1489 1501 1514 1510 1513 1515 1504 1488 1494
852.744019 1511 1493 1507 1492 1472 1509 1475 1501 1501 1516 1510 1520 1487 1505 1510 1502 1495
852.822021 1523 1500 1477 1498 1487 1486 1474 1497 1501 1506 1502 1531 1521 1521 1491 1487 1508
852.900024 1503 1499 1517 1476 1492 1477 1480 1490 1502 1507 1513 1510 1506 1497 1505 1508 1500
852.978027 1518 1508 1508 1504 1496 1487 1488 1503 1499 1515 1513 1507 1508 1520 1514 1511 1490
853.05603 1507 1520 1499 1490 1477 1491 1493 1494 1513 1509 1532 1526 1512 1524 1525 1519 1501
853.133972 1508 1500 1510 1486 1482 1483 1481 1511 1498 1514 1497 1527 1519 1517 1492 1510 1510
853.211975 1522 1504 1515 1486 1492 1468 1491 1492 1509 1507 1511 1514 1538 1527 1510 1525 1505
853.289978 1530 1503 1505 1496 1491 1476 1488 1499 1495 1503 1511 1531 1517 1528 1507 1490 1490
853.367981 1532 1499 1505 1479 1487 1489 1498 1489 1493 1516 1522 1516 1516 1519 1505 1511 1498
853.445984 1507 1513 1490 1472 1484 1471 1492 1509 1505 1499 1509 1521 1526 1524 1507 1513 1482
853.523987 1532 1512 1492 1486 1496 1493 1477 1503 1512 1523 1508 1525 1517 1520 1511 1517 1488
853.60199 1517 1508 1488 1483 1494 1477 1502 1496 1507 1508 1512 1533 1515 1522 1545 1496 1515
853.68103 1516 1522 1488 1501 1481 1474 1481 1503 1508 1513 1515 1530 1518 1515 1507 1488 1500
853.758972 1519 1516 1523 1486 1487 1466 1482 1493 1520 1508 1491 1513 1516 1516 1516 1500 1491
853.836975 1532 1505 1505 1499 1498 1493 1488 1501 1507 1509 1512 1540 1510 1518 1518 1500 1506
853.914978 1521 1517 1518 1481 1491 1487 1495 1512 1511 1510 1538 1532 1528 1507 1527 1520 1495
853.992981 1506 1500 1491 1490 1485 1494 1498 1499 1526 1524 1529 1518 1539 1526 1519 1510 1495
854.070984 1509 1495 1497 1495 1478 1488 1501 1505 1509 1515 1524 1517 1516 1512 1513 1507 1509
854.148987 1500 1508 1506 1497 1468 1486 1480 1509 1508 1509 1521 1508 1514 1522 1528 1499 1487
854.22699 1508 1515 1491 1491 1480 1486 1485 1509 1498 1515 1525 1509 1523 1521 1519 1502 1504
854.304993 1518 1502 1502 1480 1499 1483 1481 1506 1500 1521 1526 1528 1543 1520 1504 1510 1495
854.382996 1523 1516 1502 1488 1478 1482 1500 1508 1508 1504 1521 1511 1516 1530 1506 1514 1501
854.460999 1502 1497 1502 1496 1493 1487 1492 1508 1496 1527 1517 1519 1528 1514 1523 1507 1517
854.539001 1509 1511 1507 1508 1500 1479 1491 1504 1497 1512 1518 1505 1523 1531 1528 1509 1505
854.617004 1508 1505 1507 1499 1491 1492 1494 1525 1514 1514 1515 1520 1516 1519 1522 1507 1493
854.695007 1512 1506 1515 1500 1488 1494 1478 1491 1501 1516 1517 1528 1525 1530 1526 1511 1506
854.77301 1529 1514 1491 1503 1487 1476 1485 1497 1510 1523 1533 1526 1515 1531 1513 1523 1508
854.851013 1521 1501 1520 1493 1500 1488 1486 1518 1506 1517 1505 1516 1520 1513 1529 1522 1512
854.929016 1508 1495 1522 1512 1485 1490 1493 1500 1507 1519 1511 1537 1527 1527 1510 1513 1506
855.007019 1532 1499 1512 1491 1473 1489 1500 1517 1503 1516 1521 1518 1522 1532 1517 1523 1499
855.085999 1514 1505 1497 1500 1490 1481 1509 1513 1508 1506 1517 1515 1530 1539 1506 1505 1506
855.164001 1527 1512 1500 1488 1483 1495 1511 1509 1525 1538 1523 1538 1527 1524 1508 1513 1505
855.242004 1528 1516 1495 1488 1483 1506 1495 1514 1522 1508 1532 1518 1548 1509 1513 1521 1501
855.320007 1542 1496 1508 1498 1497 1504 1501 1516 1529 1518 1526 1538 1535 1525 1520 1523 1507
855.39801 1535 1512 1499 1506 1509 1492 1487 1512 1500 1511 1529 1536 1533 1534 1530 1502 1517
855.476013 1512 1519 1503 1496 1492 1482 1496 1500 1504 1510 1531 1531 1520 1509 1517 1511 1521
855.554016 1530 1520 1504 1494 1492 1481 1493 1505 1504 1520 1547 1518 1520 1537 1516 1524 1487
855.632019 1527 1501 1509 1514 1487 1492 1476 1511 1505 1521 1534 1523 1526 1534 1526 1506 1514
855.710022 1519 1515 1511 1517 1482 1473 1502 1529 1522 1520 1537 1552 1527 1531 1529 1532 1498
855.788025 1521 1522 1504 1494 1487 1493 1507 1501 1514 1524 1523 1534 1536 1538 1529 1517 1494
855.866028 1527 1523 1518 1503 1489 1491 1508 1521 1508 1517 1535 1519 1523 1520 1524 1506 1501
855.94397 1544 1503 1510 1493 1498 1481 1501 1511 1508 1510 1527 1528 1525 1531 1526 1512 1493
856.021973 1522 1518 1523 1502 1503 1487 1490 1503 1518 1523 1526 1525 1531 1540 1528 1511 1515
856.099976 1527 1536 1506 1496 1496 1492 1499 1512 1506 1521 1533 1549 1532 1537 1519 1515 1515
856.177979 1516 1538 1500 1514 1478 1485 1504 1520 1513 1522 1531 1543 1537 1513 1520 1528 1511
856.255981 1525 1527 1501 1491 1489 1503 1505 1502 1520 1520 1540 1541 1538 1526 1547 1510 1495
856.333984 1524 1532 1509 1510 1501 1473 1516 1506 1503 1514 1541 1524 1549 1530 1521 1526 1508
856.411987 1515 1511 1506 1497 1497 1491 1490 1515 1509 1523 1527 1531 1546 1530 1533 1539 1508
856.48999 1526 1530 1518 1497 1493 1482 1487 1517 1519 1514 1527 1548 1529 1544 1543 1514 1495
856.567993 1530 1520 1527 1503 1495 1483 1497 1500 1509 1533 1538 1522 1541 1526 1529 1510 1509
856.645996 1531 1514 1514 1504 1497 1499 1502 1512 1526 1524 1530 1551 1528 1548 1522 1509 1494
856.723999 1518 1520 1497 1487 1500 1500 1506 1508 1532 1541 1521 1521 1534 1503 1526 1514 1515
856.802002 1527 1510 1512 1506 1493 1502 1508 1528 1528 1519 1511 1530 1534 1527 1516 1515 1506
856.880005 1549 1536 1526 1515 1506 1503 1483 1496 1501 1529 1523 1555 1538 1521 1520 1524 1503
856.958008 1530 1519 1493 1494 1506 1500 1488 1500 1513 1528 1535 1529 1554 1539 1541 1529 1490
857.036011 1521 1498 1489 1499 1486 1485 1502 1513 1518 1534 1545 1547 1522 1540 1531 1519 1491
857.114014 1514 1512 1501 1515 1481 1513 1503 1510 1533 1537 1537 1518 1536 1537 1525 1522 1505
857.192017 1520 1537 1511 1507 1499 1490 1488 1524 1516 1513 1545 1526 1529 1536 1527 1521 1491
857.27002 1514 1512 1513 1506 1492 1499 1500 1513 1516 1535 1511 1532 1534 1521 1531 1493 1505
857.348022 1533 1517 1502 1509 1498 1504 1494 1529 1527 1531 1545 1530 1533 1546 1524 1527 1501
857.426025 1530 1509 1510 1500 1486 1502 1495 1523 1541 1517 1528 1529 1547 1525 1526 1534 1506
857.504028 1537 1518 1492 1516 1507 1484 1500 1523 1528 1514 1514 1532 1538 1532 1525 1531 1504
857.58197 1530 1507 1512 1505 1493 1495 1495 1512 1506 1531 1532 1540 1535 1546 1526 1515 1513
857.659973 1542 1498 1487 1503 1500 1517 1494 1510 1534 1520 1527 1536 1536 1519 1512 1516 1496
857.737976 1528 1498 1520 1492 1491 1484 1491 1502 1513 1502 1553 1542 1534 1540 1516 1507 1507
857.815979 1531 1511 1502 1492 1495 1503 1500 1515 1522 1540 1526 1529 1551 1515 1527 1496 1512
857.893982 1552 1513 1514 1520 1476 1506 1506 1519 1504 1535 1536 1554 1516 1543 1523 1522 1521
857.971985 1521 1513 1513 1494 1491 1494 1490 1511 1521 1537 1525 1541 1549 1518 1511 1510 1502
858.049988 1522 1504 1502 1499 1484 1486 1496 1512 1513 1514 1537 1538 1542 1536 1518 1525 1510
858.127991 1498 1510 1514 1513 1498 1507 1492 1518 1524 1518 1543 1532 1548 1524 1526 1519 1497
858.205994 1541 1511 1496 1502 1495 1496 1505 1517 1523 1534 1545 1535 1528 1538 1532 1521 1510
858.283997 1531 1505 1509 1501 1488 1501 1498 1522 1540 1529 1544 1523 1537 1526 1521 1527 1513
858.362 1556 1520 1501 1498 1487 1496 1494 1529 1521 1514 1547 1527 1541 1534 1519 1507 1498
858.440002 1506 1504 1499 1524 1507 1495 1498 1526 1519 1520 1541 1529 1542 1543 1521 1505 1507
858.518005 1520 1498 1516 1486 1500 1512 1506 1525 1513 1519 1532 1541 1533 1539 1530 1505 1512
858.596008 1519 1503 1516 1506 1487 1495 1496 1506 1530 1518 1527 1526 1522 1531 1517 1513 1513
858.674011 1529 1496 1513 1493 1511 1498 1504 1504 1525 1530 1515 1551 1541 1536 1540 1532 1504
858.752014 1516 1496 1522 1497 1503 1491 1487 1527 1524 1521 1545 1552 1546 1550 1532 1521 1503
858.830017 1537 1529 1506 1507 1502 1468 1490 1531 1517 1547 1533 1539 1533 1551 1529 1512 1504
858.90802 1533 1518 1512 1516 1504 1504 1491 1513 1528 1545 1535 1544 1546 1526 1519 1515 1512
858.986023 1541 1534 1513 1496 1496 1485 1501 1503 1538 1524 1550 1534 1547 1545 1519 1512 1527
859.064026 1523 1513 1514 1492 1500 1487 1504 1511 1513 1530 1535 1537 1529 1522 1539 1530 1493
859.142029 1507 1524 1519 1489 1488 1508 1493 1519 1525 1527 1540 1539 1540 1538 1539 1515 1514
859.219971 1516 1511 1516 1511 1501 1508 1483 1510 1520 1530 1533 1522 1530 1541 1518 1505 1498
859.297974 1523 1534 1517 1493 1496 1510 1501 1505 1535 1536 1529 1528 1543 1546 1531 1512 1503
859.375977 1528 1515 1502 1504 1496 1500 1498 1525 1524 1526 1549 1535 1530 1505 1537 1528 1499
859.453979 1514 1524 1512 1497 1506 1495 1513 1528 1527 1531 1541 1528 1538 1536 1519 1529 1508
859.531982 1527 1507 1510 1492 1489 1495 1501 1509 1516 1535 1534 1548 1526 1532 1533 1518 1505
859.609985 1530 1512 1508 1518 1490 1497 1500 1502 1515 1531 1534 1535 1554 1521 1529 1515 1504
859.687988 1538 1518 1515 1500 1500 1503 1491 1512 1535 1520 1541 1539 1530 1535 1535 1517 1504
859.765991 1519 1522 1515 1502 1499 1502 1508 1524 1509 1518 1543 1523 1531 1527 1525 1524 1517
859.843994 1523 1513 1514 1472 1490 1490 1507 1516 1521 1539 1539 1544 1550 1543 1511 1507 1505
859.921997 1523 1518 1506 1488 1496 1492 1522 1514 1505 1543 1534 1547 1531 1530 1523 1515 1516
860 1525 1517 1490 1498 1487 1498 1511 1522 1521 1530 1540 1536 1523 1527 1541 1522 1518
860.078003 1524 1506 1510 1517 1505 1488 1504 1527 1527 1529 1552 1530 1548 1516 1538 1529 1498
860.156006 1522 1492 1513 1507 1502 1509 1502 1518 1530 1538 1535 1531 1538 1543 1513 1522 1513
860.234009 1528 1504 1503 1497 1507 1493 1515 1516 1525 1525 1542 1538 1536 1519 1526 1518 1512
860.312012 1522 1507 1519 1498 1486 1502 1510 1522 1521 1524 1538 1528 1540 1540 1521 1525 1504
860.390015 1505 1507 1496 1497 1501 1491 1492 1531 1534 1542 1542 1538 1531 1522 1518 1524 1505
860.468018 1515 1518 1509 1510 1488 1482 1498 1506 1511 1527 1537 1526 1532 1539 1519 1524 1510
860.546021 1518 1520 1501 1492 1497 1485 1509 1513 1525 1547 1552 1535 1530 1538 1522 1507 1496
860.624023 1507 1513 1510 1499 1486 1486 1497 1535 1521 1537 1534 1537 1531 1529 1532 1509 1525
860.702026 1516 1525 1510 1503 1506 1482 1490 1521 1499 1531 1538 1534 1546 1516 1518 1522 1516
860.780029 1518 1509 1492 1504 1494 1488 1520 1519 1530 1529 1540 1522 1534 1529 1528 1518 1513
860.857971 1517 1499 1501 1501 1499 1495 1493 1530 1533 1545 1532 1552 1541 1525 1533 1509 1503
860.935974 1529 1508 1516 1489 1493 1506 1498 1524 1535 1541 1530 1547 1540 1532 1515 1525 1510
861.013977 1525 1519 1506 1498 1496 1512 1506 1522 1528 1541 1544 1541 1541 1546 1520 1522 1496
861.091003 1520 1490 1491 1488 1489 1502 1497 1519 1520 1535 1535 1544 1516 1531 1499 1521 1501
861.169006 1528 1517 1503 1502 1497 1498 1511 1510 1517 1549 1532 1550 1515 1540 1528 1516 1498
861.247009 1529 1495 1509 1499 1495 1495 1504 1509 1530 1533 1522 1548 1521 1541 1528 1505 1487
861.325012 1520 1518 1491 1506 1476 1495 1498 1509 1548 1551 1538 1530 1550 1523 1537 1513 1503
861.403015 1522 1500 1495 1488 1491 1497 1503 1520 1515 1533 1535 1536 1546 1517 1527 1505 1494
861.481018 1523 1512 1489 1489 1495 1487 1507 1522 1515 1534 1538 1527 1520 1525 1512 1519 1509
861.559021 1519 1507 1494 1498 1489 1505 1512 1505 1525 1536 1553 1534 1533 1537 1541 1509 1509
861.637024 1525 1523 1513 1494 1495 1501 1512 1530 1531 1543 1535 1549 1522 1553 1524 1510 1529
861.715027 1514 1523 1516 1488 1494 1495 1505 1521 1527 1534 1547 1559 1534 1530 1503 1503 1503
861.79303 1511 1523 1496 1499 1493 1503 1494 1518 1529 1524 1572 1549 1547 1538 1506 1500 1486
861.870972 1517 1518 1501 1517 1494 1492 1498 1522 1518 1525 1545 1525 1530 1528 1537 1511 1489
861.948975 1509 1513 1508 1499 1508 1489 1485 1516 1520 1535 1534 1549 1542 1510 1519 1526 1494
862.026978 1521 1505 1495 1498 1485 1492 1522 1509 1545 1534 1535 1522 1538 1545 1513 1521 1505
862.10498 1509 1509 1504 1500 1503 1503 1514 1520 1528 1528 1544 1536 1542 1531 1533 1501 1499
862.182983 1508 1511 1518 1509 1493 1510 1503 1517 1521 1512 1540 1525 1552 1537 1510 1514 1507
862.260986 1527 1515 1512 1499 1505 1503 1500 1539 1520 1546 1546 1534 1518 1533 1507 1509 1501
862.338989 1530 1501 1501 1516 1493 1491 1489 1517 1524 1541 1534 1542 1531 1542 1515 1504 1508
862.416992 1520 1515 1511 1500 1473 1494 1499 1524 1531 1538 1540 1559 1535 1537 1515 1515 1508
862.494995 1539 1499 1523 1499 1495 1496 1490 1519 1520 1519 1540 1545 1523 1527 1528 1511 1515
862.572998 1530 1515 1507 1484 1490 1500 1517 1511 1526 1543 1543 1541 1528 1538 1538 1493 1504
862.650024 1518 1509 1504 1500 1507 1493 1510 1523 1523 1529 1521 1542 1544 1540 1527 1515 1500
862.728027 1512 1495 1497 1492 1512 1510 1508 1512 1529 1539 1551 1555 1525 1536 1521 1514 1506
862.80603 1521 1514 1502 1506 1500 1491 1489 1515 1537 1543 1543 1548 1531 1545 1508 1500 1510
862.883972 1519 1499 1510 1506 1506 1496 1518 1511 1526 1522 1546 1533 1520 1539 1531 1507 1514
862.961975 1502 1516 1507 1500 1500 1504 1497 1520 1524 1531 1543 1536 1509 1525 1528 1531 1500
863.039978 1520 1515 1498 1490 1485 1484 1500 1515 1524 1530 1536 1539 1540 1533 1543 1494 1500
863.117981 1538 1524 1510 1491 1505 1492 1486 1522 1539 1544 1535 1537 1546 1544 1520 1521 1507
863.195984 1527 1524 1519 1498 1485 1490 1497 1525 1524 1539 1558 1528 1547 1525 1522 1500 1508
863.273987 1531 1502 1513 1509 1498 1493 1506 1517 1518 1533 1538 1541 1529 1519 1529 1514 1483
863.35199 1522 1516 1496 1501 1488 1485 1487 1512 1547 1526 1544 1539 1548 1522 1523 1518 1512
863.429993 1526 1517 1501 1492 1483 1496 1496 1509 1521 1546 1549 1539 1539 1530 1514 1523 1510
863.507996 1529 1501 1487 1513 1501 1496 1494 1527 1528 1540 1547 1523 1541 1544 1517 1492 1499
863.585999 1505 1503 1503 1496 1492 1510 1509 1519 1513 1538 1540 1524 1523 1532 1513 1518 1498
863.663025 1508 1506 1506 1508 1495 1488 1509 1528 1531 1517 1541 1547 1549 1523 1526 1514 1508
863.741028 1523 1510 1525 1484 1500 1508 1504 1509 1526 1520 1540 1544 1555 1513 1516 1510 1519
863.81897 1506 1493 1500 1490 1480 1496 1506 1505 1523 1525 1552 1515 1535 1524 1526 1502 1518
863.896973 1528 1493 1499 1485 1510 1485 1498 1518 1535 1532 1550 1568 1530 1536 1508 1505 1500
863.974976 1508 1508 1496 1488 1479 1506 1489 1516 1520 1518 1525 1547 1517 1533 1519 1530 1508
864.052979 1502 1510 1503 1498 1506 1504 1508 1502 1529 1521 1542 1529 1549 1526 1523 1513 1505
864.130981 1529 1491 1505 1497 1491 1508 1499 1512 1517 1534 1538 1532 1551 1532 1524 1520 1495
864.208984 1498 1500 1507 1484 1492 1506 1497 1509 1537 1525 1535 1534 1548 1534 1508 1509 1509
864.286987 1503 1510 1514 1491 1492 1509 1490 1515 1533 1527 1541 1537 1532 1525 1526 1504 1498
864.36499 1537 1501 1489 1492 1484 1502 1504 1511 1531 1530 1534 1548 1529 1529 1524 1514 1494
864.442993 1512 1500 1497 1485 1485 1494 1510 1515 1535 1524 1535 1551 1534 1538 1526 1501 1516
864.520996 1521 1499 1495 1479 1495 1498 1483 1517 1528 1515 1543 1537 1528 1541 1523 1505 1519
864.598022 1524 1494 1499 1484 1499 1475 1488 1504 1514 1544 1549 1537 1526 1517 1531 1502 1513
864.676025 1542 1501 1511 1489 1496 1490 1482 1508 1505 1537 1543 1522 1530 1533 1521 1503 1490
864.754028 1524 1515 1509 1493 1495 1482 1509 1507 1514 1520 1530 1537 1520 1523 1516 1522 1489
864.83197 1515 1492 1499 1492 1482 1494 1498 1516 1534 1528 1533 1529 1537 1529 1517 1506 1512
864.909973 1510 1506 1500 1507 1475 1496 1515 1527 1530 1527 1543 1535 1527 1515 1514 1518 1491
864.987976 1512 1495 1504 1498 1484 1479 1490 1506 1517 1526 1541 1518 1549 1529 1514 1516 1485
865.065979 1510 1510 1500 1492 1484 1490 1483 1513 1521 1515 1534 1532 1526 1506 1538 1520 1496
865.143982 1518 1497 1504 1494 1471 1481 1501 1526 1531 1525 1505 1527 1506 1517 1524 1493 1505
865.221985 1507 1510 1496 1480 1504 1498 1485 1506 1532 1532 1529 1530 1522 1538 1506 1497 1487
865.299011 1523 1505 1483 1494 1484 1505 1503 1504 1521 1545 1523 1532 1517 1492 1524 1512 1505
865.377014 1510 1499 1499 1489 1476 1479 1492 1503 1516 1527 1515 1534 1513 1510 1523 1500 1506
865.455017 1502 1514 1493 1483 1488 1494 1490 1513 1525 1523 1533 1524 1521 1514 1513 1502 1505
865.53302 1508 1487 1487 1501 1481 1488 1482 1507 1507 1525 1527 1545 1531 1542 1516 1505 1504
865.611023 1512 1502 1504 1502 1493 1487 1499 1501 1530 1520 1526 1529 1531 1523 1518 1504 1489
865.689026 1516 1492 1505 1489 1477 1500 1490 1506 1521 1532 1534 1533 1533 1514 1502 1509 1488
865.767029 1506 1488 1493 1483 1470 1488 1491 1506 1533 1512 1540 1525 1537 1530 1520 1503 1489
865.844971 1523 1488 1496 1491 1487 1472 1469 1505 1519 1529 1528 1525 1511 1509 1529 1504 1492
865.922974 1507 1497 1503 1494 1496 1492 1497 1520 1507 1520 1540 1531 1538 1521 1500 1503 1491
866 1526 1499 1496 1483 1475 1472 1484 1511 1538 1543 1520 1524 1551 1522 1512 1489 1502
866.078003 1492 1500 1489 1486 1472 1478 1487 1497 1532 1533 1518 1515 1529 1513 1522 1511 1489
866.156006 1517 1501 1497 1480 1473 1475 1503 1493 1530 1526 1525 1525 1535 1525 1520 1510 1496
866.234009 1489 1499 1484 1481 1495 1475 1486 1500 1511 1524 1527 1529 1523 1513 1484 1491 1490
866.312012 1499 1500 1486 1488 1475 1481 1500 1503 1508 1530 1517 1528 1512 1525 1517 1513 1487
866.390015 1497 1498 1493 1492 1490 1479 1501 1489 1518 1525 1537 1527 1510 1530 1505 1507 1474
866.468018 1499 1496 1493 1483 1471 1482 1500 1503 1508 1530 1519 1528 1510 1515 1502 1488 1516
866.546021 1512 1487 1487 1491 1485 1488 1499 1512 1528 1526 1504 1531 1515 1524 1503 1496 1502
866.624023 1505 1495 1485 1478 1486 1484 1480 1512 1515 1499 1525 1510 1518 1523 1501 1496 1475
866.700989 1510 1485 1494 1480 1490 1485 1488 1483 1517 1511 1538 1511 1524 1513 1517 1497 1489
866.778992 1496 1481 1496 1486 1479 1496 1476 1500 1511 1513 1526 1523 1515 1525 1513 1488 1485
866.856995 1501 1482 1480 1478 1478 1470 1478 1519 1518 1519 1522 1517 1515 1529 1493 1510 1470
866.934998 1492 1503 1472 1482 1488 1491 1477 1480 1514 1513 1515 1531 1522 1519 1496 1509 1478
867.013 1495 1490 1495 1477 1469 1487 1471 1499 1501 1505 1532 1524 1537 1497 1505 1494 1481
867.091003 1494 1489 1480 1475 1484 1478 1488 1498 1510 1515 1521 1519 1518 1511 1506 1494 1492
867.169006 1506 1500 1496 1488 1482 1489 1473 1490 1507 1520 1507 1520 1515 1499 1493 1502 1490
867.247009 1489 1497 1518 1488 1482 1475 1475 1504 1496 1490 1507 1522 1511 1523 1492 1486 1495
867.323975 1492 1494 1481 1466 1487 1480 1486 1521 1495 1524 1515 1515 1508 1517 1504 1488 1498
867.401978 1489 1477 1468 1493 1470 1474 1485 1499 1492 1505 1519 1523 1514 1518 1501 1476 1478
867.47998 1505 1490 1499 1469 1474 1478 1488 1499 1496 1507 1514 1524 1497 1509 1500 1509 1489
867.557983 1501 1482 1479 1511 1488 1487 1479 1489 1498 1493 1504 1504 1592 1499 1508 1491 1490
867.635986 1510 1497 1477 1476 1480 1450 1482 1501 1500 1524 1513 1520 4697 1525 1493 1489 1482
867.713989 1504 1472 1478 1494 1457 1484 1477 1501 1497 1503 1499 1504 1907 1491 1486 1496 1478
867.791992 1504 1482 1485 1477 1484 1476 1489 1499 1503 1498 1509 1530 1538 1513 1501 1486 1497
867.869019 1508 1472 1493 1472 1474 1467 1494 1495 1506 1506 1490 1510 1517 1501 1482 1470 1472
867.947021 1505 1491 1461 1470 1479 1463 1469 1492 1502 1510 1496 1529 1498 1503 1510 1501 1480
868.025024 1495 1506 1504 1473 1466 1461 1468 1492 1510 1496 1512 1520 1508 1507 1499 1486 1479
868.103027 1503 1480 1474 1487 1474 1472 1477 1491 1501 1503 1524 1523 1511 1521 1490 1485 1491
868.18103 1507 1486 1491 1464 1480 1467 1481 1485 1502 1498 1525 1522 1507 1492 1512 1507 1486
868.258972 1496 1485 1471 1485 1475 1475 1480 1497 1492 1506 1509 1530 1507 1509 1500 1482 1473
868.335999 1495 1480 1483 1487 1466 1477 1467 1490 1497 1508 1509 1507 1510 1493 1503 1483 1479
868.414001 1488 1479 1492 1484 1470 1474 1464 1483 1499 1513 1518 1526 1499 1512 1493 1494 1489
868.492004 1499 1486 1485 1485 1473 1469 1476 1511 1497 1500 1509 1507 1535 1498 1501 1488 1484
868.570007 1494 1478 1472 1466 1473 1462 1471 1492 1505 1509 1506 1501 1520 1498 1503 1478 1491
868.64801 1482 1482 1485 1491 1467 1452 1460 1472 1498 1517 1508 1505 1500 1492 1482 1486 1487
868.726013 1490 1484 1475 1471 1464 1477 1457 1484 1506 1501 1516 1518 1507 1502 1498 1489 1478
868.804016 1490 1479 1465 1469 1470 1480 1476 1481 1499 1512 1499 1524 1502 1502 1486 1488 1475
868.880981 1498 1456 1472 1463 1455 1478 1480 1501 1485 1508 1513 1515 1510 1511 1501 1486 1482
868.958984 1478 1495 1485 1462 1456 1464 1465 1467 1511 1499 1518 1492 1499 1517 1488 1476 1484
869.036987 1500 1466 1485 1475 1468 1469 1478 1486 1491 1511 1499 1495 1503 1490 1498 1486 1483
869.11499 1487 1495 1475 1483 1471 1485 1470 1470 1488 1495 1503 1498 1485 1509 1488 1471 1497
869.192993 1500 1481 1470 1463 1467 1454 1471 1486 1487 1496 1495 1497 1500 1502 1489 1483 1486
869.270996 1483 1489 1470 1463 1467 1459 1479 1492 1503 1504 1514 1500 1516 1496 1499 1473 1475
869.348022 1486 1463 1484 1475 1460 1473 1471 1489 1490 1484 1499 1508 1503 1507 1498 1489 1492
869.426025 1505 1480 1467 1479 1461 1459 1473 1487 1497 1531 1491 1510 1486 1499 1483 1495 1479
869.504028 1493 1470 1474 1459 1466 1461 1477 1489 1487 1495 1507 1505 1493 1502 1505 1481 1461
869.58197 1508 1478 1471 1463 1472 1467 1461 1480 1492 1498 1502 1505 1493 1481 1484 1478 1475
869.659973 1499 1468 1465 1468 1465 1467 1470 1486 1469 1497 1516 1495 1487 1492 1491 1471 1475
869.737976 1495 1487 1466 1475 1456 1467 1463 1475 1507 1484 1503 1499 1498 1507 1491 1490 1479
869.815002 1464 1477 1476 1487 1473 1472 1466 1486 1503 1505 1493 1514 1495 1494 1493 1466 1475
869.893005 1489 1497 1476 1475 1467 1454 1456 1472 1475 1505 1505 1499 1507 1495 1493 1483 1473
869.971008 1479 1464 1465 1461 1462 1474 1477 1483 1496 1508 1510 1489 1511 1496 1498 1480 1474
870.049011 1490 1470 1470 1474 1464 1474 1464 1477 1480 1491 1493 1512 1500 1503 1484 1467 1458
870.127014 1484 1484 1483 1469 1464 1447 1471 1486 1496 1507 1508 1503 1488 1505 1495 1490 1496
870.205017 1507 1471 1464 1476 1473 1476 1469 1483 1467 1492 1504 1501 1480 1489 1484 1476 1482
870.281982 1477 1480 1474 1479 1461 1458 1471 1479 1489 1473 1506 1489 1483 1490 1481 1487 1474
870.359985 1496 1478 1466 1456 1460 1458 1475 1493 1493 1483 1506 1506 1495 1487 1496 1480 1455
870.437988 1480 1474 1486 1453 1464 1457 1471 1473 1468 1482 1491 1500 1492 1487 1480 1462 1464
870.515991 1478 1476 1473 1472 1465 1454 1464 1479 1486 1499 1498 1503 1506 1497 1478 1476 1479
870.593994 1479 1475 1483 1455 1458 1458 1465 1487 1482 1474 1498 1500 1502 1489 1502 1482 1474
870.671021 1477 1479 1473 1479 1464 1457 1451 1488 1474 1479 1499 1499 1504 1494 1489 1483 1487
870.749023 1493 1474 1463 1453 1477 1467 1464 1466 1470 1490 1484 1496 1509 1491 1485 1479 1472
870.827026 1494 1465 1464 1463 1459 1455 1458 1472 1470 1487 1509 1495 1471 1489 1493 1477 1475
870.905029 1482 1479 1462 1471 1455 1459 1452 1467 1484 1494 1513 1482 1495 1491 1500 1477 1473
870.982971 1477 1470 1471 1463 1453 1450 1456 1485 1481 1475 1483 1501 1488 1483 1468 1484 1475
871.059998 1477 1464 1481 1467 1457 1458 1450 1492 1493 1491 1475 1491 1478 1493 1486 1499 1469
871.138 1485 1475 1470 1470 1471 1448 1456 1477 1487 1480 1496 1499 1500 1479 1483 1480 1462
871.216003 1478 1465 1473 1469 1456 1475 1454 1487 1476 1494 1490 1489 1501 1490 1500 1477 1493
871.294006 1473 1450 1471 1469 1460 1440 1472 1475 1474 1493 1495 1504 1490 1491 1487 1478 1470
871.372009 1483 1487 1470 1471 1442 1438 1448 1480 1485 1495 1486 1492 1478 1479 1484 1472 1473
871.448975 1475 1478 1460 1464 1458 1455 1470 1478 1482 1475 1494 1503 1498 1474 1482 1464 1479
871.526978 1479 1484 1473 1446 1461 1453 1466 1480 1475 1485 1509 1500 1490 1491 1478 1482 1474
871.60498 1490 1465 1468 1455 1468 1460 1464 1473 1504 1503 1500 1494 1499 1490 1480 1462 1446
871.682983 1465 1475 1467 1460 1462 1444 1451 1471 1483 1488 1498 1497 1509 1485 1479 1474 1469
871.760986 1476 1467 1483 1467 1448 1469 1468 1481 1475 1496 1478 1501 1489 1484 1483 1483 1484
871.838013 1468 1461 1460 1459 1457 1455 1465 1465 1477 1480 1499 1488 1502 1497 1487 1479 1460
871.916016 1498 1466 1464 1460 1468 1460 1447 1477 1486 1491 1477 1489 1482 1485 1489 1478 1476
871.994019 1479 1478 1468 1461 1455 1454 1465 1478 1476 1497 1480 1499 1480 1499 1488 1485 1467
872.072021 1486 1466 1452 1443 1462 1446 1462 1473 1484 1497 1488 1490 1487 1489 1475 1476 1454
872.150024 1473 1461 1474 1466 1449 1450 1446 1469 1479 1489 1472 1488 1490 1484 1479 1475 1469
872.22699 1500 1464 1477 1458 1447 1448 1460 1472 1462 1470 1488 1490 1512 1497 1472 1467 1469
872.304993 1479 1454 1476 1454 1451 1465 1434 1472 1475 1485 1495 1494 1476 1506 1477 1491 1475
872.382996 1470 1466 1463 1452 1453 1465 1460 1470 1477 1481 1496 1481 1490 1498 1491 1483 1468
872.460999 1487 1455 1475 1469 1479 1457 1461 1483 1473 1478 1482 1496 1489 1492 1473 1479 1464
872.539001 1479 1463 1463 1468 1458 1459 1452 1457 1473 1493 1488 1513 1480 1496 1474 1488 1458
872.616028 1476 1472 1464 1461 1474 1456 1458 1476 1457 1484 1482 1484 1481 1483 1472 1468 1468
872.69397 1472 1466 1460 1461 1456 1446 1451 1461 1476 1489 1487 1475 1505 1492 1474 1475 1447
872.771973 1469 1469 1468 1457 1457 1453 1468 1447 1481 1485 1494 1492 1478 1488 1469 1468 1456
872.849976 1491 1469 1465 1467 1449 1436 1452 1468 1478 1488 1492 1491 1486 1485 1490 1463 1454
872.927002 1463 1482 1471 1450 1452 1451 1451 1467 1480 1478 1472 1489 1490 1493 1480 1460 1477
873.005005 1480 1485 1462 1448 1458 1458 1456 1457 1463 1484 1498 1487 1480 1494 1478 1460 1472
873.083008 1478 1467 1469 1453 1456 1458 1435 1475 1467 1485 1484 1485 1470 1471 1471 1474 1458
873.161011 1484 1458 1475 1473 1463 1448 1465 1472 1481 1490 1498 1492 1482 1484 1477 1471 1462
873.239014 1490 1456 1467 1447 1455 1459 1454 1487 1491 1487 1478 1493 1496 1475 1478 1460 1465
873.315979 1471 1465 1474 1448 1462 1450 1466 1466 1473 1490 1473 1497 1481 1486 1472 1463 1474
873.393982 1481 1468 1452 1452 1450 1449 1461 1462 1490 1485 1479 1480 1488 1480 1479 1465 1463
873.471985 1483 1465 1465 1457 1463 1447 1452 1473 1481 1471 1482 1479 1486 1488 1493 1466 1443
873.549988 1463 1474 1468 1429 1454 1459 1457 1482 1472 1481 1480 1478 1481 1495 1484 1486 1468
873.627014 1460 1467 1465 1440 1457 1450 1447 1469 1476 1474 1470 1478 1467 1483 1468 1484 1467
873.705017 1473 1469 1448 1469 1444 1444 1454 1459 1458 1473 1494 1462 1494 1478 1469 1466 1479
873.78302 1496 1469 1460 1458 1444 1460 1460 1462 1473 1467 1481 1482 1488 1483 1482 1477 1472
873.861023 1468 1452 1477 1459 1446 1457 1456 1473 1457 1469 1473 1481 1475 1511 1467 1476 1448
873.937988 1479 1465 1446 1450 1457 1445 1455 1476 1467 1492 1490 1485 1485 1478 1484 1475 1442
874.015991 1477 1461 1455 1466 1446 1446 1445 1464 1474 1471 1479 1485 1465 1489 1480 1458 1449
874.093994 1466 1474 1462 1456 1438 1436 1457 1459 1465 1479 1487 1478 1491 1471 1475 1453 1454
874.171997 1488 1480 1468 1462 1443 1441 1457 1463 1474 1471 1492 1483 1475 1478 1474 1463 1439
874.249023 1469 1458 1473 1455 1456 1454 1464 1469 1482 1466 1496 1474 1503 1490 1488 1473 1464
874.327026 1482 1457 1474 1447 1453 1457 1453 1469 1470 1479 1481 1483 1488 1477 1471 1467 1465
874.405029 1472 1450 1449 1446 1448 1449 1453 1458 1466 1466 1482 1487 1490 1477 1477 1461 1467
874.482971 1481 1465 1469 1457 1442 1440 1456 1469 1472 1484 1488 1477 1486 1485 1472 1468 1468
874.559998 1465 1470 1462 1447 1450 1454 1452 1469 1475 1491 1486 1473 1491 1462 1464 1471 1464
874.638 1477 1449 1454 1459 1450 1448 1447 1470 1471 1496 1481 1469 1481 1468 1474 1483 1463
874.716003 1476 1470 1462 1454 1449 1444 1441 1458 1465 1483 1475 1483 1484 1480 1458 1462 1466
874.794006 1459 1460 1458 1452 1455 1440 1451 1469 1468 1491 1468 1485 1470 1487 1462 1468 1462
874.870972 1472 1456 1461 1455 1449 1441 1453 1473 1464 1485 1480 1495 1487 1485 1473 1472 1454
874.948975 1474 1468 1476 1446 1448 1436 1460 1458 1460 1471 1491 1473 1487 1491 1494 1476 1471
875.026978 1470 1467 1458 1446 1445 1444 1443 1446 1456 1474 1485 1500 1476 1472 1475 1458 1451
875.10498 1485 1452 1450 1457 1450 1443 1441 1461 1451 1487 1473 1478 1487 1469 1472 1475 1458
875.182007 1460 1456 1451 1453 1441 1443 1456 1445 1467 1466 1484 1476 1473 1500 1472 1472 1460
875.26001 1454 1456 1453 1448 1444 1447 1443 1449 1460 1474 1471 1486 1477 1468 1464 1465 1454
875.338013 1465 1471 1453 1454 1424 1438 1461 1456 1472 1476 1461 1466 1481 1481 1470 1461 1463
875.416016 1476 1458 1440 1445 1445 1447 1443 1451 1474 1474 1483 1482 1468 1474 1471 1472 1447
875.492981 1485 1465 1460 1430 1452 1446 1455 1454 1455 1470 1476 1489 1474 1472 1480 1489 1458
875.570984 1475 1452 1458 1457 1454 1452 1438 1451 1466 1475 1475 1478 1475 1486 1487 1463 1452
875.648987 1478 1456 1463 1461 1442 1433 1450 1453 1459 1480 1477 1484 1465 1480 1468 1467 1468
875.72699 1458 1459 1455 1450 1446 1456 1444 1464 1472 1473 1481 1470 1488 1468 1463 1451 1450
875.804016 1490 1459 1456 1440 1468 1447 1449 1453 1464 1476 1479 1482 1479 1465 1464 1477 1473
875.882019 1471 1457 1453 1448 1448 1449 1430 1448 1466 1464 1479 1473 1483 1472 1468 1474 1460
875.960022 1469 1468 1454 1432 1441 1434 1438 1460 1460 1461 1465 1489 1471 1471 1461 1477 1446
876.036987 1474 1459 1439 1443 1449 1435 1437 1466 1466 1475 1476 1481 1461 1476 1463 1454 1443
876.11499 1461 1452 1451 1443 1448 1436 1448 1453 1460 1472 1471 1497 1483 1478 1467 1451 1470
876.192993 1465 1451 1445 1447 1449 1443 1448 1445 1474 1477 1486 1457 1489 1485 1502 1464 1474
876.270996 1459 1466 1464 1449 1439 1438 1441 1461 1474 1476 1477 1481 1476 1476 1460 1457 1449
876.348022 1462 1449 1445 1454 1435 1441 1454 1447 1460 1485 1477 1486 1487 1462 1482 1455 1465
876.426025 1475 1454 1462 1439 1430 1451 1450 1449 1470 1477 1482 1469 1471 1474 1488 1469 1448
876.504028 1447 1463 1464 1454 1438 1443 1449 1464 1478 1472 1479 1480 1481 1484 1475 1458 1447
876.58197 1458 1449 1457 1446 1447 1444 1451 1465 1445 1459 1467 1488 1473 1460 1487 1450 1445
876.658997 1472 1448 1444 1464 1454 1442 1444 1464 1475 1473 1467 1482 1464 1474 1459 1471 1441
876.737 1459 1453 1456 1444 1437 1436 1443 1464 1470 1475 1465 1481 1461 1474 1467 1471 1454
876.815002 1472 1465 1466 1445 1444 1439 1437 1467 1455 1471 1473 1479 1478 1460 1469 1467 1463
876.892029 1463 1453 1462 1460 1439 1433 1436 1451 1463 1451 1461 1473 1478 1475 1467 1460 1447
876.969971 1463 1458 1455 1449 1454 1429 1442 1463 1463 1465 1467 1469 1467 1470 1450 1486 1435
877.047974 1451 1442 1458 1444 1444 1436 1448 1465 1469 1452 1468 1478 1469 1460 1467 1445 1455
877.125977 1461 1465 1443 1444 1440 1434 1439 1459 1471 1452 1458 1478 1461 1474 1451 1450 1442
877.203003 1468 1459 1459 1448 1452 1434 1431 1454 1461 1473 1458 1464 1476 1476 1464 1451 1451
877.281006 1466 1452 1458 1450 1433 1447 1421 1459 1456 1463 1473 1460 1464 1464 1455 1471 1447
877.359009 1458 1456 1436 1450 1443 1448 1444 1460 1463 1480 1476 1451 1473 1477 1442 1460 1435
877.435974 1448 1436 1451 1447 1437 1429 1443 1459 1466 1475 1468 1465 1460 1460 1467 1451 1465
877.513977 1467 1437 1448 1460 1430 1441 1444 1450 1459 1458 1482 1471 1485 1461 1467 1458 1444
877.59198 1473 1456 1453 1448 1450 1431 1429 1456 1455 1466 1483 1480 1462 1470 1462 1454 1456
877.669006 1463 1452 1468 1443 1435 1434 1438 1454 1458 1483 1481 1475 1476 1463 1469 1454 1442
877.747009 1466 1444 1470 1447 1437 1434 1431 1464 1456 1444 1451 1457 1477 1479 1469 1464 1445
877.825012 1469 1451 1453 1435 1437 1443 1433 1448 1457 1464 1462 1470 1471 1476 1451 1448 1457
877.903015 1439 1465 1451 1449 1440 1434 1445 1454 1447 1472 1481 1465 1472 1464 1457 1449 1445
877.97998 1462 1450 1458 1437 1436 1440 1434 1462 1452 1459 1479 1467 1472 1471 1453 1461 1438
878.057983 1437 1453 1460 1437 1430 1441 1428 1456 1449 1462 1477 1472 1452 1468 1459 1462 1449
878.135986 1455 1451 1439 1454 1423 1438 1424 1440 1454 1452 1473 1474 1468 1475 1445 1453 1454
878.213013 1466 1452 1432 1448 1435 1429 1434 1450 1466 1472 1461 1472 1489 1467 1458 1459 1453
878.291016 1460 1444 1452 1457 1423 1438 1435 1455 1458 1474 1464 1466 1470 1472 1452 1436 1451
878.369019 1450 1448 1441 1442 1421 1425 1443 1465 1473 1468 1481 1473 1459 1471 1469 1460 1451
878.445984 1461 1451 1455 1436 1441 1444 1427 1440 1460 1464 1465 1455 1471 1444 1460 1462 1449
878.523987 1446 1437 1434 1447 1431 1436 1430 1450 1448 1466 1465 1461 1457 1469 1473 1451 1447
878.60199 1447 1440 1460 1439 1445 1444 1430 1451 1449 1453 1470 1465 1478 1463 1459 1459 1450
878.679016 1467 1455 1440 1447 1427 1435 1443 1457 1457 1466 1481 1472 1464 1469 1463 1450 1449
878.757019 1456 1450 1445 1452 1443 1443 1439 1459 1450 1470 1462 1462 1471 1460 1444 1448 1460
878.835022 1479 1457 1449 1438 1444 1447 1429 1443 1455 1467 1452 1456 1462 1455 1448 1459 1452
878.911987 1463 1440 1452 1448 1427 1427 1458 1455 1440 1461 1457 1457 1469 1461 1463 1464 1460
878.98999 1455 1434 1440 1444 1433 1445 1445 1461 1451 1456 1463 1483 1465 1467 1443 1458 1463
879.067993 1451 1445 1442 1429 1431 1423 1428 1440 1449 1456 1458 1474 1458 1469 1453 1446 1447
879.145996 1455 1448 1448 1436 1439 1434 1432 1448 1457 1462 1466 1472 1480 1468 1463 1450 1458
879.223022 1448 1460 1445 1432 1431 1432 1434 1462 1437 1474 1468 1462 1472 1460 1469 1463 1461
879.301025 1463 1440 1453 1450 1444 1437 1418 1449 1482 1477 1468 1474 1477 1470 1472 1459 1453
879.379028 1460 1452 1441 1451 1434 1437 1422 1446 1441 1459 1463 1482 1466 1466 1450 1456 1437
879.455994 1457 1446 1441 1430 1439 1429 1431 1452 1462 1454 1461 1464 1462 1457 1484 1444 1450
879.533997 1449 1441 1458 1449 1429 1418 1423 1448 1462 1471 1478 1464 1474 1445 1457 1450 1447
879.612 1467 1435 1460 1453 1433 1433 1426 1443 1443 1456 1444 1458 1449 1457 1458 1448 1450
879.689026 1458 1437 1457 1442 1423 1426 1441 1451 1461 1456 1455 1459 1470 1458 1471 1438 1434
879.767029 1457 1435 1457 1421 1422 1442 1443 1446 1451 1459 1466 1465 1455 1472 1463 1437 1434
879.844971 1453 1465 1447 1437 1434 1429 1445 1444 1458 1454 1451 1461 1455 1469 1467 1455 1435
879.921997 1435 1452 1447 1432 1425 1412 1420 1452 1452 1457 1466 1455 1457 1476 1463 1439 1454
880 1471 1433 1438 1434 1447 1444 1428 1457 1443 1458 1473 1477 1463 1463 1455 1456 1442
880.078003 1459 1465 1445 1440 1433 1421 1423 1440 1445 1455 1460 1462 1459 1458 1459 1457 1455
880.155029 1460 1443 1441 1444 1433 1432 1437 1457 1454 1456 1479 1466 1455 1464 1455 1452 1457
880.232971 1428 1444 1440 1429 1429 1424 1433 1449 1449 1447 1446 1456 1453 1473 1454 1444 1431
880.309998 1457 1445 1445 1436 1440 1423 1427 1444 1440 1459 1469 1457 1472 1477 1445 1452 1435
880.388 1454 1442 1454 1436 1431 1430 1425 1456 1455 1453 1458 1466 1463 1466 1459 1455 1437
880.466003 1469 1438 1439 1440 1445 1436 1435 1450 1457 1452 1460 1474 1464 1460 1444 1436 1445
880.54303 1442 1445 1449 1441 1433 1449 1434 1453 1452 1455 1446 1452 1457 1452 1449 1450 1445
880.620972 1437 1446 1461 1431 1425 1434 1433 1454 1460 1447 1461 1463 1461 1468 1459 1455 1448
880.698975 1463 1428 1430 1444 1431 1429 1435 1451 1459 1469 1460 1462 1463 1459 1450 1437 1434
880.776001 1452 1442 1449 1429 1422 1454 1439 1444 1444 1457 1462 1467 1448 1479 1448 1450 1430
880.854004 1441 1452 1431 1437 1425 1422 1424 1441 1439 1465 1459 1450 1458 1450 1455 1440 1437
880.932007 1432 1435 1449 1438 1422 1423 1422 1443 1446 1456 1458 1446 1454 1463 1461 1464 1451
881.008972 1455 1437 1454 1440 1437 1423 1435 1438 1433 1449 1468 1459 1461 1459 1466 1444 1443
881.086975 1442 1443 1439 1443 1428 1439 1439 1449 1453 1452 1466 1468 1466 1452 1446 1445 1440
881.164978 1443 1443 1444 1449 1434 1437 1434 1445 1446 1446 1447 1467 1466 1455 1439 1430 1452
881.242004 1460 1449 1443 1436 1432 1420 1429 1449 1445 1458 1462 1449 1442 1457 1456 1439 1442
881.320007 1442 1444 1433 1445 1414 1423 1429 1435 1441 1469 1456 1463 1465 1458 1467 1439 1433
881.39801 1448 1453 1428 1432 1429 1425 1440 1443 1461 1468 1452 1454 1463 1462 1439 1445 1443
881.474976 1459 1441 1429 1427 1422 1434 1431 1437 1433 1451 1466 1465 1483 1460 1463 1444 1442
881.552979 1442 1434 1438 1433 1416 1437 1415 1436 1449 1451 1458 1454 1446 1459 1454 1459 1441
881.630005 1457 1445 1438 1415 1435 1422 1426 1449 1444 1448 1468 1469 1447 1455 1433 1454 1434
881.708008 1465 1438 1436 1431 1435 1444 1451 1441 1446 1458 1467 1471 1459 1456 1449 1456 1433
881.786011 1447 1425 1434 1456 1435 1418 1431 1449 1445 1468 1439 1470 1454 1449 1446 1457 1455
881.862976 1447 1443 1446 1422 1426 1427 1427 1435 1433 1450 1451 1458 1443 1450 1463 1445 1438
881.940979 1446 1444 1434 1439 1440 1422 1441 1422 1451 1459 1456 1487 1467 1452 1465 1451 1436
882.018982 1444 1456 1433 1427 1429 1427 1428 1427 1445 1455 1463 1469 1451 1457 1433 1453 1433
882.096008 1457 1440 1440 1440 1441 1419 1419 1451 1427 1449 1458 1461 1468 1445 1452 1439 1432
882.174011 1443 1434 1429 1426 1419 1419 1437 1448 1449 1459 1448 1463 1447 1446 1440 1442 1427
882.250977 1448 1442 1449 1428 1428 1424 1435 1430 1453 1456 1466 1459 1452 1445 1450 1442 1437
882.328979 1453 1453 1441 1442 1435 1425 1429 1431 1443 1443 1469 1464 1450 1455 1457 1444 1441
882.406982 1447 1447 1449 1443 1425 1436 1414 1439 1434 1456 1467 1453 1479 1462 1459 1429 1459
882.484009 1437 1434 1449 1425 1429 1434 1437 1426 1441 1457 1466 1451 1451 1452 1452 1438 1430
882.562012 1435 1446 1442 1429 1427 1423 1426 1425 1444 1445 1459 1453 1468 1461 1456 1449 1455
882.640015 1457 1438 1442 1427 1426 1427 1438 1439 1441 1456 1468 1459 1452 1464 1447 1441 1442
882.71698 1450 1434 1439 1428 1445 1425 1436 1445 1443 1434 1455 1455 1457 1444 1446 1451 1434
882.794983 1444 1448 1429 1427 1422 1414 1414 1439 1450 1450 1453 1465 1461 1455 1472 1436 1437
882.872009 1450 1433 1428 1417 1426 1414 1444 1437 1455 1455 1457 1438 1455 1457 1446 1453 1437
882.950012 1441 1432 1443 1449 1436 1428 1426 1429 1450 1441 1453 1458 1453 1440 1459 1445 1444
883.028015 1440 1446 1443 1419 1450 1410 1439 1435 1442 1442 1463 1449 1450 1446 1461 1453 1429
883.10498 1453 1445 1432 1451 1424 1432 1420 1438 1434 1457 1442 1456 1452 1467 1452 1450 1441
883.182983 1453 1442 1434 1428 1429 1424 1434 1435 1431 1445 1474 1466 1454 1460 1446 1442 1434
883.26001 1442 1434 1447 1444 1418 1418 1419 1431 1424 1442 1460 1449 1467 1449 1447 1443 1436
883.338013 1446 1444 1443 1427 1430 1426 1423 1436 1439 1475 1445 1454 1459 1459 1441 1440 1448
883.416016 1440 1429 1440 1432 1430 1420 1419 1438 1442 1433 1464 1444 1447 1458 1463 1431 1426
883.492981 1455 1437 1434 1430 1417 1427 1430 1438 1432 1481 1449 1460 1468 1456 1442 1439 1453
883.570984 1444 1430 1427 1436 1437 1423 1420 1421 1438 1445 1460 1455 1463 1463 1450 1469 1428
883.64801 1427 1448 1433 1428 1411 1425 1421 1442 1444 1442 1450 1455 1455 1461 1447 1438 1436
883.726013 1436 1445 1448 1432 1427 1423 1424 1434 1444 1448 1452 1455 1448 1456 1444 1443 1441
883.804016 1444 1436 1441 1430 1422 1417 1429 1425 1450 1442 1449 1451 1445 1441 1453 1449 1452
883.880981 1441 1441 1445 1418 1424 1428 1437 1427 1435 1455 1447 1464 1452 1449 1449 1452 1432
883.958984 1446 1436 1445 1421 1424 1426 1429 1440 1443 1440 1449 1455 1458 1467 1452 1434 1436
884.036011 1458 1444 1426 1419 1411 1431 1419 1440 1425 1439 1464 1460 1452 1457 1449 1432 1416
884.114014 1463 1431 1429 1425 1428 1417 1427 1442 1438 1448 1453 1440 1457 1456 1438 1454 1432
884.192017 1441 1447 1442 1419 1422 1419 1429 1431 1432 1436 1453 1441 1454 1457 1450 1461 1438
884.268982 1437 1438 1415 1440 1420 1427 1418 1433 1445 1434 1463 1437 1441 1441 1441 1434 1451
884.346985 1443 1451 1414 1432 1426 1433 1424 1442 1428 1439 1436 1441 1456 1456 1456 1442 1425
884.424011 1451 1442 1437 1424 1412 1430 1418 1428 1439 1439 1451 1437 1449 1453 1444 1439 1426
884.502014 1459 1440 1417 1430 1423 1409 1414 1420 1424 1436 1449 1437 1445 1447 1458 1431 1410
884.580017 1441 1441 1425 1410 1415 1433 1426 1449 1438 1439 1456 1455 1448 1443 1449 1444 1424
884.656982 1447 1425 1427 1420 1423 1424 1431 1429 1440 1447 1453 1459 1451 1446 1448 1439 1425
884.734985 1438 1442 1428 1430 1412 1413 1411 1433 1445 1443 1447 1457 1454 1455 1460 1432 1437
884.812012 1437 1424 1435 1420 1407 1426 1413 1416 1430 1447 1451 1444 1445 1439 1443 1436 1437
884.890015 1436 1441 1429 1427 1427 1424 1425 1426 1441 1442 1448 1456 1459 1451 1441 1417 1426
884.96698 1443 1432 1439 1427 1424 1420 1422 1417 1440 1443 1455 1447 1454 1448 1452 1430 1426
885.044983 1438 1426 1423 1423 1429 1420 1418 1436 1444 1442 1445 1435 1453 1434 1435 1441 1424
885.122986 1443 1436 1431 1434 1402 1428 1415 1426 1433 1440 1433 1451 1455 1445 1432 1440 1421
885.200012 1436 1442 1437 1412 1416 1406 1405 1433 1430 1451 1440 1457 1455 1450 1454 1427 1428
885.278015 1434 1433 1441 1415 1437 1420 1423 1433 1426 1446 1434 1453 1459 1442 1459 1443 1425
885.35498 1442 1432 1424 1428 1413 1406 1419 1438 1434 1445 1448 1454 1452 1453 1457 1437 1444
885.432983 1443 1445 1441 1428 1405 1434 1426 1427 1436 1443 1441 1462 1450 1454 1446 1432 1429
885.51001 1434 1425 1443 1423 1425 1416 1416 1427 1437 1444 1439 1457 1445 1451 1438 1444 1426
885.588013 1440 1426 1435 1433 1407 1411 1425 1437 1432 1449 1445 1444 1456 1438 1445 1447 1421
885.666016 1441 1445 1437 1422 1421 1432 1413 1429 1437 1441 1445 1445 1445 1439 1448 1437 1440
885.742981 1441 1432 1432 1414 1424 1422 1413 1416 1432 1443 1437 1439 1438 1443 1446 1425 1427
885.820984 1431 1428 1437 1421 1406 1407 1407 1427 1427 1445 1442 1461 1446 1445 1451 1443 1433
885.89801 1442 1422 1440 1418 1420 1413 1423 1430 1445 1446 1444 1444 1446 1432 1436 1438 1444
885.976013 1447 1439 1418 1429 1416 1420 1417 1434 1437 1438 1442 1450 1434 1450 1441 1432 1424
886.052979 1436 1417 1424 1430 1419 1426 1426 1441 1430 1455 1448 1430 1448 1444 1430 1439 1431
886.130981 1442 1442 1427 1420 1417 1419 1417 1435 1441 1446 1444 1431 1440 1442 1439 1431 1410
886.208008 1445 1431 1429 1426 1419 1423 1407 1422 1443 1447 1452 1456 1453 1446 1453 1435 1408
886.286011 1436 1433 1428 1429 1420 1419 1439 1435 1430 1434 1444 1435 1446 1453 1442 1436 1419
886.364014 1440 1437 1433 1426 1422 1417 1420 1422 1428 1447 1445 1452 1435 1438 1448 1436 1436
886.440979 1440 1428 1412 1405 1407 1424 1413 1425 1433 1421 1461 1426 1439 1450 1440 1449 1427
886.518982 1435 1423 1435 1416 1414 1418 1414 1423 1427 1436 1456 1437 1444 1445 1436 1428 1423
886.596008 1446 1425 1425 1414 1419 1417 1420 1429 1433 1442 1442 1427 1440 1442 1434 1438 1421
886.674011 1418 1425 1437 1417 1414 1396 1405 1425 1430 1438 1442 1455 1434 1443 1428 1436 1415
886.750977 1442 1427 1428 1421 1415 1413 1408 1416 1433 1442 1441 1446 1431 1435 1432 1435 1428
886.828979 1433 1442 1432 1422 1427 1420 1418 1431 1423 1435 1444 1446 1437 1434 1444 1418 1422
886.906006 1430 1416 1435 1411 1407 1424 1404 1431 1431 1454 1438 1432 1436 1451 1438 1414 1419
886.984009 1440 1414 1421 1412 1414 1407 1411 1448 1425 1434 1441 1428 1444 1444 1421 1436 1416
887.060974 1422 1428 1434 1430 1417 1410 1424 1433 1422 1437 1451 1444 1423 1441 1437 1429 1435
887.138977 1436 1415 1419 1431 1419 1412 1415 1431 1425 1431 1426 1441 1450 1417 1447 1431 1428
887.21698 1430 1425 1427 1412 1415 1408 1421 1413 1418 1444 1445 1433 1435 1428 1445 1427 1423
887.294006 1436 1426 1421 1425 1410 1416 1419 1435 1422 1433 1441 1443 1449 1431 1438 1430 1419
887.372009 1437 1425 1421 1422 1399 1413 1414 1423 1416 1437 1437 1440 1448 1447 1444 1428 1422
887.448975 1444 1430 1413 1419 1413 1413 1400 1428 1433 1436 1427 1434 1445 1449 1441 1428 1415
887.526978 1441 1423 1427 1425 1422 1400 1423 1434 1424 1434 1437 1451 1430 1428 1434 1437 1432
887.604004 1428 1426 1425 1420 1409 1414 1424 1434 1437 1444 1426 1444 1449 1442 1425 1433 1423
887.682007 1434 1418 1422 1418 1413 1409 1405 1418 1429 1417 1443 1432 1440 1441 1431 1417 1414
887.758972 1413 1422 1433 1427 1427 1411 1411 1429 1420 1434 1452 1446 1447 1436 1421 1425 1433
887.836975 1430 1426 1414 1422 1427 1412 1399 1426 1422 1424 1449 1451 1441 1443 1426 1424 1412
887.914001 1434 1423 1416 1427 1416 1406 1411 1423 1430 1428 1435 1427 1427 1444 1428 1433 1421
887.992004 1438 1421 1422 1425 1422 1410 1413 1417 1445 1436 1443 1432 1434 1425 1431 1427 1430
888.06897 1425 1409 1411 1409 1404 1409 1408 1417 1418 1428 1417 1428 1437 1444 1437 1428 1412
888.146973 1446 1412 1428 1415 1394 1423 1410 1421 1423 1443 1438 1444 1431 1437 1422 1432 1427
888.223999 1433 1427 1416 1411 1400 1405 1420 1419 1420 1423 1423 1451 1437 1438 1430 1419 1404
888.302002 1420 1419 1426 1415 1428 1413 1411 1427 1422 1436 1446 1434 1446 1427 1430 1425 1426
888.379028 1434 1421 1418 1413 1410 1404 1437 1411 1431 1434 1427 1433 1423 1443 1425 1435 1419
888.45697 1444 1420 1429 1412 1418 1411 1412 1428 1417 1421 1432 1432 1438 1430 1430 1426 1407
888.533997 1435 1409 1419 1412 1418 1399 1408 1403 1420 1437 1420 1432 1436 1433 1434 1426 1421
888.612 1417 1423 1421 1407 1401 1395 1421 1416 1423 1428 1443 1429 1445 1440 1440 1425 1418
888.690002 1424 1426 1414 1402 1406 1408 1396 1418 1414 1428 1424 1439 1428 1426 1440 1422 1407
888.767029 1429 1420 1416 1414 1411 1410 1409 1411 1427 1429 1422 1429 1426 1450 1429 1420 1416
888.843994 1426 1420 1419 1415 1398 1391 1413 1412 1423 1419 1431 1428 1437 1420 1434 1441 1421
888.921997 1425 1425 1423 1422 1403 1404 1409 1411 1423 1435 1433 1424 1439 1437 1429 1419 1416
889 1417 1429 1413 1412 1403 1401 1410 1406 1416 1440 1422 1425 1436 1435 1414 1422 1413
889.077026 1429 1418 1425 1401 1406 1390 1408 1416 1416 1439 1410 1426 1436 1421 1441 1420 1413
889.155029 1421 1420 1422 1401 1407 1397 1396 1407 1405 1439 1430 1432 1428 1429 1401 1425 1426
889.231995 1425 1423 1416 1403 1406 1403 1406 1420 1415 1425 1437 1434 1425 1434 1428 1401 1423
889.309998 1412 1414 1409 1409 1412 1410 1400 1434 1412 1420 1429 1419 1444 1440 1433 1401 1416
889.387024 1420 1411 1415 1400 1400 1407 1408 1410 1415 1420 1420 1432 1426 1417 1420 1416 1409
889.465027 1423 1421 1422 1409 1394 1412 1410 1402 1400 1425 1417 1426 1436 1418 1420 1416 1415
889.541992 1436 1415 1402 1397 1403 1397 1405 1407 1427 1432 1431 1437 1417 1442 1416 1411 1418
889.619995 1424 1409 1434 1398 1405 1404 1389 1404 1416 1416 1429 1422 1422 1424 1427 1422 1418
889.697021 1421 1428 1417 1424 1401 1398 1386 1411 1412 1419 1422 1422 1441 1418 1419 1419 1414
889.773987 1418 1399 1403 1410 1420 1396 1404 1389 1415 1427 1424 1434 1421 1439 1412 1421 1408
889.85199 1414 1418 1412 1406 1403 1404 1399 1421 1414 1419 1407 1421 1440 1414 1435 1420 1415
889.929993 1424 1414 1418 1408 1403 1401 1394 1401 1419 1418 1406 1425 1423 1425 1431 1415 1414
890.007019 1407 1413 1403 1404 1404 1413 1398 1420 1409 1415 1420 1420 1435 1419 1415 1413 1418
890.083984 1419 1407 1410 1417 1393 1386 1406 1404 1413 1429 1426 1427 1433 1417 1408 1414 1400
890.161987 1419 1412 1411 1400 1411 1403 1408 1418 1407 1415 1426 1421 1426 1428 1415 1404 1412
890.239014 1415 1400 1407 1405 1399 1403 1400 1418 1416 1427 1425 1428 1416 1419 1412 1421 1413
890.317017 1430 1411 1405 1399 1395 1412 1396 1411 1395 1416 1425 1426 1408 1416 1422 1410 1404
890.393982 1412 1421 1411 1399 1399 1400 1403 1403 1411 1429 1416 1427 1425 1409 1421 1420 1401
890.471985 1429 1412 1418 1403 1399 1398 1405 1406 1406 1422 1405 1428 1434 1418 1417 1400 1415
890.549011 1412 1403 1420 1402 1402 1409 1390 1402 1407 1418 1414 1414 1426 1424 1412 1422 1412
890.627014 1418 1412 1413 1404 1389 1388 1393 1410 1418 1415 1436 1430 1416 1431 1416 1405 1407
890.703979 1422 1413 1413 1411 1414 1406 1394 1404 1419 1411 1424 1412 1444 1417 1425 1415 1422
890.781982 1423 1403 1407 1405 1381 1384 1399 1412 1408 1417 1412 1436 1422 1416 1414 1418 1403
890.859009 1413 1413 1413 1403 1413 1389 1405 1410 1415 1418 1432 1425 1421 1429 1411 1406 1407
890.937012 1409 1422 1412 1404 1400 1401 1403 1412 1413 1417 1420 1419 1423 1409 1413 1418 1411
891.013977 1409 1415 1401 1401 1393 1397 1406 1407 1412 1415 1415 1421 1426 1419 1414 1411 1411
891.09198 1418 1418 1398 1393 1397 1387 1397 1413 1402 1423 1409 1432 1414 1413 1417 1408 1413
891.169006 1404 1405 1416 1406 1384 1400 1395 1404 1402 1419 1411 1413 1402 1409 1402 1405 1407
891.247009 1412 1390 1406 1409 1391 1410 1405 1399 1390 1422 1416 1421 1416 1401 1420 1414 1410
891.323975 1408 1408 1397 1411 1383 1401 1396 1410 1416 1416 1431 1427 1426 1423 1411 1400 1411
891.401001 1412 1411 1402 1392 1390 1400 1402 1414 1401 1428 1411 1417 1418 1424 1429 1402 1402
891.479004 1412 1402 1414 1410 1397 1390 1406 1401 1408 1414 1426 1404 1421 1401 1420 1400 1416
891.55603 1413 1393 1412 1395 1391 1414 1390 1401 1411 1413 1406 1419 1425 1432 1409 1419 1405
891.633972 1415 1408 1405 1399 1393 1399 1390 1409 1415 1423 1421 1420 1435 1410 1420 1404 1398
891.710999 1434 1381 1418 1403 1399 1395 1407 1410 1403 1406 1429 1415 1420 1406 1415 1419 1412
891.789001 1417 1406 1406 1404 1390 1397 1395 1401 1413 1407 1406 1405 1433 1413 1407 1413 1388
891.866028 1412 1417 1404 1403 1389 1393 1396 1388 1408 1417 1406 1424 1415 1409 1421 1410 1399
891.94397 1419 1399 1407 1391 1390 1397 1389 1402 1404 1410 1419 1422 1414 1412 1424 1419 1402
892.020996 1425 1408 1410 1405 1393 1401 1395 1408 1409 1414 1440 1430 1420 1418 1427 1403 1403
892.098999 1404 1402 1405 1395 1390 1393 1383 1403 1415 1425 1432 1425 1415 1403 1404 1412 1410
892.176025 1411 1402 1396 1394 1410 1399 1396 1395 1425 1409 1415 1411 1419 1410 1417 1401 1407
892.252991 1407 1401 1403 1393 1388 1381 1394 1407 1409 1399 1417 1418 1416 1430 1391 1406 1398
892.330994 1424 1409 1397 1397 1388 1394 1401 1400 1408 1406 1427 1419 1419 1417 1403 1408 1404
892.40802 1401 1401 1400 1397 1393 1402 1397 1418 1412 1398 1422 1423 1412 1417 1412 1406 1407
892.486023 1412 1406 1408 1411 1393 1386 1392 1405 1414 1401 1421 1417 1415 1421 1403 1411 1394
892.562988 1408 1402 1421 1394 1397 1384 1384 1402 1393 1415 1405 1416 1420 1422 1408 1409 1401
892.640991 1413 1398 1407 1396 1393 1367 1383 1394 1399 1404 1407 1423 1413 1421 1408 1395 1406
892.718018 1413 1396 1401 1401 1385 1382 1396 1396 1409 1401 1405 1420 1414 1420 1414 1391 1396
892.796021 1404 1399 1390 1396 1397 1391 1384 1395 1403 1409 1407 1423 1411 1411 1425 1409 1389
892.872986 1414 1406 1410 1407 1399 1394 1391 1401 1399 1413 1407 1425 1422 1397 1424 1409 1406
892.950012 1413 1407 1398 1397 1392 1402 1408 1395 1408 1411 1410 1423 1401 1416 1422 1420 1400
893.028015 1415 1396 1394 1395 1389 1387 1394 1402 1406 1400 1422 1422 1420 1412 1420 1397 1405
893.10498 1407 1411 1399 1394 1398 1405 1388 1402 1407 1419 1401 1412 1414 1421 1409 1417 1398
893.182983 1406 1412 1406 1390 1396 1395 1387 1399 1408 1404 1400 1412 1410 1423 1405 1396 1399
893.26001 1415 1405 1403 1391 1390 1393 1385 1398 1402 1399 1411 1401 1415 1392 1407 1413 1406
893.338013 1419 1407 1401 1382 1387 1382 1382 1402 1405 1402 1409 1410 1406 1414 1406 1403 1403
893.414978 1407 1407 1405 1388 1401 1382 1393 1394 1393 1402 1409 1422 1414 1416 1410 1402 1397
893.492004 1413 1397 1397 1402 1397 1373 1400 1402 1406 1407 1402 1413 1411 1412 1411 1411 1413
893.570007 1412 1407 1409 1407 1393 1379 1395 1385 1398 1396 1408 1399 1410 1411 1398 1411 1398
893.646973 1414 1398 1387 1394 1381 1381 1372 1381 1400 1404 1395 1409 1408 1407 1400 1398 1382
893.724976 1409 1401 1388 1398 1397 1382 1386 1396 1405 1409 1405 1426 1400 1409 1394 1407 1392
893.802002 1402 1409 1391 1395 1389 1382 1389 1396 1403 1408 1413 1421 1414 1423 1403 1399 1411
893.880005 1408 1388 1382 1386 1394 1385 1382 1400 1403 1385 1412 1401 1408 1403 1403 1393 1396
893.95697 1414 1412 1395 1392 1370 1384 1385 1394 1381 1399 1403 1417 1413 1411 1412 1400 1406
894.033997 1407 1395 1401 1387 1386 1392 1397 1398 1406 1399 1405 1411 1398 1405 1416 1403 1400
894.112 1396 1390 1397 1390 1378 1380 1389 1395 1397 1391 1409 1400 1412 1404 1400 1405 1400
894.189026 1389 1397 1408 1378 1398 1374 1389 1393 1398 1399 1414 1405 1408 1421 1395 1394 1397
894.267029 1394 1399 1398 1400 1385 1383 1373 1390 1384 1400 1419 1406 1413 1399 1406 1387 1396
894.343994 1409 1393 1396 1395 1381 1380 1387 1402 1393 1421 1404 1414 1414 1390 1408 1400 1385
894.421021 1394 1394 1401 1396 1387 1389 1388 1390 1404 1391 1418 1406 1412 1425 1402 1409 1399
894.499023 1392 1399 1384 1390 1386 1371 1382 1393 1397 1398 1412 1412 1422 1407 1405 1388 1390
894.575989 1408 1401 1398 1377 1381 1376 1389 1393 1396 1404 1395 1413 1405 1409 1392 1396 1383
894.653992 1406 1386 1396 1392 1388 1381 1386 1394 1414 1390 1411 1399 1409 1406 1409 1401 1383
894.731018 1407 1408 1401 1379 1384 1383 1396 1390 1410 1401 1408 1404 1396 1414 1404 1399 1389
894.807983 1387 1392 1392 1390 1372 1378 1394 1399 1383 1407 1412 1407 1406 1404 1412 1397 1389
894.885986 1396 1387 1381 1394 1393 1387 1383 1383 1401 1406 1412 1405 1404 1397 1401 1404 1396
894.963013 1399 1398 1393 1394 1385 1383 1390 1394 1389 1400 1412 1421 1405 1399 1397 1398 1392
895.041016 1393 1399 1400 1384 1381 1383 1371 1389 1398 1403 1409 1406 1398 1417 1408 1393 1393
895.117981 1411 1395 1389 1383 1391 1375 1388 1393 1393 1402 1416 1403 1417 1388 1406 1401 1382
895.195007 1395 1387 1390 1388 1396 1399 1396 1393 1384 1404 1401 1404 1410 1394 1389 1390 1399
895.27301 1399 1398 1386 1393 1383 1390 1381 1388 1402 1406 1409 1404 1415 1397 1383 1389 1386
895.349976 1405 1387 1385 1392 1399 1378 1380 1384 1396 1397 1401 1410 1402 1407 1400 1392 1392
895.427979 1388 1387 1377 1384 1373 1379 1385 1397 1394 1401 1392 1405 1401 1402 1404 1387 1387
895.505005 1406 1399 1397 1383 1372 1372 1377 1389 1393 1384 1402 1395 1394 1397 1393 1392 1392
895.58197 1395 1397 1384 1393 1384 1379 1383 1385 1386 1388 1403 1399 1405 1408 1393 1394 1391
895.659973 1392 1391 1381 1387 1378 1385 1380 1392 1399 1387 1395 1411 1399 1404 1384 1399 1379
895.737 1396 1392 1386 1385 1374 1376 1381 1393 1409 1413 1409 1410 1409 1404 1402 1398 1382
895.815002 1399 1392 1379 1376 1390 1382 1372 1377 1398 1396 1398 1389 1400 1403 1398 1388 1395
895.892029 1411 1398 1397 1378 1382 1385 1376 1389 1390 1398 1403 1398 1395 1396 1389 1385 1389
895.968994 1404 1388 1384 1380 1383 1374 1385 1387 1398 1400 1397 1405 1387 1405 1399 1391 1392
896.046997 1396 1388 1387 1380 1384 1375 1383 1388 1391 1398 1398 1403 1397 1404 1396 1386 1374
896.124023 1392 1400 1394 1392 1374 1380 1388 1392 1388 1388 1407 1404 1392 1382 1406 1403 1399
896.200989 1400 1398 1384 1376 1376 1380 1379 1383 1389 1393 1393 1406 1407 1404 1401 1401 1395
896.278992 1391 1395 1377 1386 1369 1388 1381 1382 1393 1395 1395 1400 1399 1406 1398 1387 1379
896.356018 1388 1390 1394 1397 1376 1381 1373 1386 1386 1393 1400 1400 1397 1402 1398 1386 1383
896.434021 1397 1396 1384 1378 1382 1378 1376 1393 1391 1397 1412 1397 1392 1399 1409 1401 1392
896.510986 1393 1404 1388 1385 1384 1375 1376 1387 1388 1394 1391 1394 1393 1389 1385 1389 1381
896.588013 1403 1385 1384 1380 1371 1364 1382 1394 1386 1387 1409 1416 1393 1394 1394 1388 1396
896.666016 1402 1390 1388 1386 1388 1385 1380 1398 1389 1389 1409 1387 1406 1391 1396 1382 1385
896.742981 1401 1393 1372 1383 1375 1385 1385 1385 1387 1384 1408 1412 1406 1400 1381 1390 1388
896.820007 1391 1399 1374 1385 1375 1375 1374 1382 1373 1399 1392 1394 1393 1402 1396 1400 1381
896.89801 1397 1394 1386 1385 1377 1386 1374 1393 1393 1397 1398 1397 1406 1390 1382 1384 1389
896.974976 1394 1403 1387 1383 1370 1378 1377 1383 1396 1391 1395 1395 1409 1404 1390 1386 1385
897.052002 1405 1384 1386 1383 1381 1367 1374 1376 1390 1401 1392 1391 1390 1390 1389 1386 1389
897.130005 1390 1380 1386 1380 1386 1374 1375 1382 1397 1391 1392 1408 1404 1392 1400 1398 1386
897.20697 1404 1390 1389 1379 1366 1383 1375 1382 1388 1395 1403 1400 1391 1400 1395 1379 1397
897.283997 1394 1393 1388 1384 1383 1378 1383 1381 1404 1388 1407 1397 1404 1397 1387 1380 1394
897.362 1393 1396 1379 1379 1381 1376 1377 1387 1377 1389 1391 1402 1405 1388 1391 1378 1384
897.439026 1390 1386 1378 1380 1373 1371 1381 1388 1373 1393 1398 1403 1400 1401 1391 1397 1373
897.517029 1392 1386 1381 1389 1377 1370 1374 1382 1384 1397 1395 1390 1387 1390 1384 1401 1382
897.593994 1400 1382 1378 1381 1372 1364 1369 1379 1385 1396 1395 1393 1394 1391 1399 1384 1380
897.671021 1394 1389 1385 1379 1374 1379 1364 1383 1379 1392 1393 1399 1392 1398 1388 1388 1384
897.749023 1403 1374 1380 1368 1366 1375 1372 1371 1379 1403 1402 1396 1388 1395 1386 1393 1380
897.825989 1385 1380 1378 1381 1376 1372 1370 1380 1391 1396 1390 1396 1394 1405 1391 1388 1390
897.903015 1383 1401 1384 1381 1369 1365 1381 1386 1391 1390 1397 1396 1401 1382 1385 1383 1388
897.981018 1393 1383 1383 1369 1365 1389 1371 1390 1393 1401 1394 1402 1380 1382 1391 1390 1377
898.057983 1396 1378 1373 1375 1384 1380 1371 1380 1389 1392 1388 1388 1387 1397 1385 1388 1388
898.13501 1395 1390 1381 1377 1375 1377 1374 1382 1383 1397 1396 1391 1389 1389 1396 1382 1383
898.213013 1391 1383 1383 1384 1380 1375 1362 1375 1386 1375 1395 1392 1382 1397 1385 1382 1380
898.289978 1405 1384 1373 1374 1371 1366 1368 1390 1387 1386 1392 1390 1380 1393 1396 1381 1388
898.367004 1388 1386 1363 1383 1373 1372 1389 1375 1389 1392 1397 1388 1383 1395 1396 1379 1384
898.445007 1404 1381 1384 1377 1371 1362 1371 1376 1384 1393 1392 1392 1398 1389 1386 1384 1382
898.521973 1384 1388 1378 1382 1371 1363 1377 1377 1387 1396 1402 1400 1396 1392 1386 1384 1377
898.598999 1391 1370 1382 1373 1367 1365 1379 1384 1393 1385 1385 1393 1381 1397 1392 1386 1375
898.677002 1381 1386 1379 1380 1369 1379 1366 1381 1386 1381 1399 1398 1386 1386 1399 1388 1378
898.754028 1392 1386 1377 1372 1373 1375 1376 1378 1384 1379 1395 1388 1379 1389 1386 1389 1402
898.830994 1381 1379 1371 1374 1373 1368 1369 1372 1381 1393 1383 1400 1396 1396 1381 1391 1378
898.908997 1390 1378 1385 1371 1370 1362 1367 1392 1380 1382 1387 1396 1387 1381 1395 1376 1379
898.986023 1380 1385 1395 1383 1369 1373 1373 1394 1383 1381 1373 1390 1390 1390 1390 1388 1385
899.062988 1383 1390 1375 1375 1374 1365 1355 1388 1373 1386 1388 1395 1394 1389 1382 1372 1378
899.140991 1387 1370 1371 1377 1368 1362 1358 1376 1387 1389 1389 1383 1384 1390 1389 1380 1378
899.218018 1389 1387 1380 1364 1377 1378 1370 1380 1377 1393 1387 1396 1379 1387 1385 1374 1384
899.294983 1391 1377 1378 1374 1368 1378 1365 1376 1383 1381 1394 1411 1387 1382 1383 1374 1394
899.372009 1382 1373 1385 1365 1369 1367 1366 1391 1374 1393 1394 1395 1389 1381 1393 1377 1374
899.450012 1377 1386 1382 1382 1371 1368 1370 1380 1391 1381 1391 1397 1390 1393 1374 1387 1371
899.526978 1389 1375 1374 1380 1374 1374 1361 1372 1375 1377 1391 1392 1387 1390 1382 1376 1380
899.604004 1387 1379 1382 1377 1373 1375 1362 1401 1384 1382 1383 1384 1387 1382 1380 1370 1385
899.682007 1388 1378 1380 1366 1372 1370 1367 1380 1367 1395 1399 1381 1380 1383 1381 1387 1378
899.758972 1388 1380 1389 1368 1375 1363 1374 1377 1389 1378 1380 1393 1403 1397 1393 1385 1384
