0 5.625 11.25 16.875 22.5 28.125 33.75 39.375 45 50.625 56.25 61.875 67.5 73.125 78.75 84.375 90
820.02301 1348 1331 1338 1329 1333 1338 1329 1335 1336 1331 1336 1336 1337 1345 1325 1338 1335
820.10199 1343 1335 1327 1341 1324 1341 1329 1338 1337 1318 1336 1338 1331 1334 1337 1327 1320
820.179993 1339 1326 1349 1327 1337 1340 1345 1332 1342 1339 1335 1334 1342 1333 1338 1340 1332
820.258972 1337 1350 1329 1331 1327 1332 1334 1334 1335 1332 1345 1337 1337 1340 1337 1330 1323
820.336975 1338 1342 1331 1332 1329 1337 1343 1340 1342 1334 1331 1333 1339 1341 1329 1333 1324
820.416016 1336 1336 1337 1330 1333 1330 1336 1331 1348 1331 1332 1332 1336 1342 1335 1325 1327
820.494019 1348 1335 1330 1331 1323 1336 1339 1344 1338 1341 1345 1339 1334 1345 1341 1331 1330
820.572998 1344 1334 1327 1333 1323 1342 1332 1340 1331 1345 1338 1332 1329 1349 1328 1321 1331
820.651001 1330 1332 1328 1326 1326 1341 1326 1340 1346 1334 1344 1346 1331 1327 1339 1328 1327
820.72998 1338 1340 1341 1342 1334 1341 1336 1326 1334 1334 1328 1330 1346 1329 1332 1331 1330
820.807983 1335 1338 1336 1328 1340 1343 1350 1336 1336 1334 1327 1327 1343 1327 1333 1335 1334
820.885986 1334 1335 1331 1324 1327 1348 1343 1342 1333 1339 1335 1347 1337 1337 1338 1330 1328
820.965027 1338 1343 1334 1323 1326 1345 1330 1325 1335 1348 1337 1339 1341 1336 1344 1337 1329
821.04303 1327 1337 1331 1332 1329 1333 1328 1323 1329 1327 1337 1333 1331 1328 1331 1324 1320
821.122009 1333 1331 1332 1332 1348 1325 1342 1328 1348 1340 1335 1333 1339 1335 1330 1329 1331
821.200012 1332 1342 1339 1335 1333 1341 1333 1331 1327 1332 1326 1340 1344 1349 1343 1337 1334
821.278992 1335 1326 1334 1341 1328 1334 1334 1337 1334 1336 1330 1336 1340 1342 1325 1330 1336
821.356995 1332 1331 1345 1329 1332 1333 1339 1337 1332 1338 1344 1333 1325 1331 1336 1331 1334
821.435974 1339 1342 1328 1326 1334 1346 1338 1337 1327 1345 1335 1337 1329 1339 1336 1327 1333
821.513977 1340 1328 1333 1330 1325 1335 1333 1335 1334 1338 1339 1340 1341 1346 1340 1330 1329
821.593018 1328 1338 1321 1330 1341 1344 1337 1332 1333 1332 1331 1338 1329 1336 1345 1327 1331
821.671021 1339 1339 1327 1329 1327 1334 1334 1343 1335 1337 1335 1340 1333 1333 1328 1325 1345
821.749023 1335 1342 1336 1344 1333 1333 1347 1336 1336 1347 1334 1327 1333 1332 1331 1336 1341
821.828003 1338 1331 1338 1336 1337 1332 1336 1342 1337 1338 1342 1341 1341 1328 1337 1334 1330
821.906006 1347 1333 1344 1333 1340 1338 1342 1329 1332 1327 1344 1344 1335 1343 1352 1330 1334
821.984985 1329 1340 1327 1327 1344 1334 1338 1333 1328 1336 1334 1351 1342 1344 1341 1333 1340
822.062988 1336 1336 1342 1336 1333 1344 1326 1338 1332 1343 1325 1341 1340 1331 1339 1330 1341
822.142029 1336 1331 1331 1334 1339 1333 1329 1327 1340 1331 1326 1332 1343 1337 1320 1327 1343
822.219971 1334 1338 1333 1341 1330 1344 1336 1329 1323 1328 1333 1340 1327 1333 1322 1332 1333
822.299011 1338 1329 1341 1326 1330 1340 1348 1333 1336 1332 1342 1332 1336 1338 1329 1328 1347
822.377014 1345 1343 1335 1335 1330 1341 1335 1332 1348 1335 1333 1332 1326 1338 1331 1333 1335
822.455017 1333 1337 1337 1329 1332 1337 1342 1331 1337 1340 1329 1333 1347 1333 1330 1336 1326
822.533997 1336 1329 1346 1326 1323 1340 1333 1340 1333 1325 1343 1343 1336 1335 1330 1338 1329
822.612 1344 1335 1334 1337 1342 1344 1336 1326 1344 1334 1336 1333 1336 1338 1344 1333 1322
822.690979 1340 1337 1336 1336 1332 1345 1336 1347 1334 1338 1337 1339 1337 1322 1337 1330 1336
822.768982 1338 1338 1336 1329 1334 1333 1341 1338 1331 1343 1338 1343 1341 1338 1339 1327 1332
822.848022 1335 1332 1339 1328 1327 1342 1339 1339 1337 1336 1334 1343 1340 1341 1332 1332 1330
822.926025 1345 1331 1337 1327 1335 1343 1327 1342 1344 1336 1340 1327 1334 1335 1339 1341 1325
823.004028 1338 1331 1341 1331 1332 1344 1338 1329 1339 1333 1338 1335 1339 1335 1336 1324 1341
823.083008 1340 1337 1347 1321 1343 1339 1333 1341 1343 1336 1345 1349 1338 1329 1338 1329 1330
823.161011 1348 1332 1331 1325 1338 1328 1338 1343 1339 1337 1336 1331 1338 1341 1334 1332 1331
823.23999 1340 1338 1335 1349 1327 1338 1345 1335 1334 1337 1335 1342 1339 1335 1337 1336 1330
823.317993 1341 1341 1340 1325 1337 1336 1327 1334 1329 1337 1334 1339 1333 1330 1348 1342 1337
823.396973 1352 1338 1336 1320 1337 1333 1333 1347 1336 1337 1336 1336 1342 1338 1347 1332 1320
823.474976 1342 1326 1338 1325 1332 1343 1334 1346 1335 1340 1343 1341 1334 1329 1333 1343 1332
823.552979 1342 1345 1335 1337 1338 1340 1339 1338 1335 1348 1338 1338 1337 1337 1335 1331 1333
823.632019 1343 1332 1342 1328 1334 1334 1340 1329 1337 1337 1337 1336 1345 1338 1330 1337 1336
823.710022 1351 1333 1339 1340 1335 1335 1330 1341 1341 1333 1340 1332 1340 1341 1333 1331 1324
823.789001 1334 1341 1329 1336 1344 1335 1348 1333 1335 1331 1333 1339 1337 1344 1338 1325 1335
823.867004 1336 1341 1352 1332 1331 1333 1339 1335 1344 1341 1346 1346 1341 1345 1328 1334 1326
823.945984 1342 1334 1327 1332 1337 1339 1337 1344 1342 1339 1342 1341 1350 1329 1331 1340 1339
824.023987 1345 1343 1340 1342 1327 1332 1332 1332 1337 1341 1333 1339 1330 1348 1335 1339 1330
824.10199 1341 1335 1342 1337 1333 1341 1331 1335 1334 1333 1352 1338 1337 1348 1342 1334 1331
824.18103 1340 1342 1333 1330 1332 1339 1331 1335 1335 1338 1331 1341 1338 1331 1333 1331 1343
824.258972 1345 1345 1342 1339 1344 1346 1346 1333 1334 1337 1347 1334 1334 1340 1327 1322 1329
824.338013 1343 1349 1333 1333 1342 1330 1333 1339 1337 1340 1346 1340 1341 1339 1345 1346 1335
824.416016 1335 1331 1341 1329 1329 1336 1345 1336 1334 1342 1335 1348 1344 1341 1333 1345 1335
824.494995 1341 1342 1340 1334 1335 1334 1343 1334 1338 1335 1330 1337 1331 1345 1344 1328 1328
824.572998 1337 1335 1341 1333 1329 1334 1338 1346 1342 1332 1338 1350 1340 1335 1335 1341 1337
824.651001 1343 1341 1333 1334 1334 1338 1342 1334 1338 1338 1331 1334 1344 1344 1339 1337 1337
824.72998 1347 1345 1348 1346 1342 1338 1337 1329 1327 1343 1341 1336 1340 1348 1338 1335 1333
824.807983 1348 1342 1337 1329 1338 1328 1335 1329 1339 1342 1334 1329 1331 1331 1342 1324 1322
824.887024 1345 1335 1333 1334 1339 1336 1331 1336 1336 1335 1342 1335 1346 1342 1352 1342 1326
824.965027 1336 1342 1346 1334 1335 1340 1342 1335 1337 1346 1338 1344 1346 1340 1334 1332 1335
825.04303 1344 1344 1332 1343 1333 1347 1323 1337 1334 1329 1334 1340 1331 1334 1351 1335 1330
825.122009 1351 1342 1340 1332 1330 1334 1337 1341 1335 1350 1338 1342 1337 1333 1336 1331 1334
825.200012 1338 1337 1350 1330 1340 1339 1337 1329 1328 1337 1342 1333 1342 1341 1336 1347 1334
825.278992 1345 1351 1333 1331 1340 1341 1345 1348 1339 1343 1340 1339 1341 1346 1337 1341 1323
825.356995 1341 1349 1338 1336 1336 1325 1333 1349 1338 1330 1345 1337 1338 1332 1327 1339 1326
825.434998 1354 1333 1341 1348 1338 1346 1348 1336 1341 1333 1339 1341 1341 1340 1335 1338 1334
825.513977 1345 1329 1345 1336 1339 1335 1337 1342 1346 1337 1328 1346 1344 1330 1346 1343 1337
825.59198 1346 1346 1348 1339 1336 1351 1334 1341 1335 1349 1332 1337 1337 1341 1349 1333 1333
825.671021 1357 1336 1342 1330 1337 1336 1336 1346 1336 1334 1342 1332 1348 1344 1345 1347 1336
825.749023 1341 1339 1337 1335 1335 1340 1331 1344 1339 1350 1333 1349 1344 1346 1347 1339 1325
825.827026 1339 1341 1336 1336 1332 1334 1345 1329 1340 1341 1337 1338 1338 1329 1342 1343 1337
825.906006 1338 1356 1322 1336 1335 1326 1346 1343 1345 1334 1335 1339 1329 1340 1337 1333 1329
825.984009 1345 1346 1341 1334 1326 1333 1339 1333 1336 1342 1348 1338 1345 1332 1350 1329 1335
826.062988 1358 1341 1326 1323 1337 1342 1332 1345 1340 1338 1350 1336 1342 1339 1334 1336 1336
826.140991 1349 1338 1340 1335 1343 1336 1335 1349 1344 1343 1332 1340 1340 1339 1335 1340 1335
826.218994 1352 1341 1338 1337 1337 1336 1342 1343 1333 1340 1342 1332 1341 1347 1337 1334 1331
826.297974 1348 1337 1343 1332 1338 1335 1335 1332 1346 1338 1339 1335 1334 1345 1333 1339 1325
826.375977 1344 1343 1334 1345 1347 1342 1344 1342 1334 1341 1334 1342 1351 1344 1335 1337 1337
826.455017 1348 1341 1345 1334 1339 1341 1343 1337 1343 1342 1344 1343 1349 1345 1352 1330 1342
826.53302 1359 1339 1337 1336 1333 1334 1344 1336 1342 1348 1344 1341 1344 1342 1339 1329 1340
826.611023 1348 1350 1337 1342 1332 1342 1343 1329 1341 1338 1338 1345 1346 1341 1346 1335 1334
826.690002 1349 1336 1346 1336 1332 1345 1337 1330 1340 1337 1344 1341 1340 1337 1354 1341 1333
826.768005 1341 1338 1339 1330 1338 1344 1342 1330 1329 1338 1350 1341 1346 1344 1347 1342 1334
826.846985 1344 1343 1344 1335 1334 1336 1335 1342 1338 1346 1346 1342 1339 1338 1345 1334 1343
826.924988 1340 1353 1337 1353 1337 1352 1357 1336 1344 1338 1347 1348 1345 1345 1351 1342 1334
827.002991 1334 1352 1342 1335 1339 1352 1348 1338 1340 1338 1338 1341 1337 1344 1344 1331 1345
827.08197 1350 1354 1335 1329 1337 1349 1343 1339 1349 1342 1337 1349 1339 1349 1334 1340 1336
827.159973 1351 1341 1334 1333 1335 1335 1345 1353 1353 1340 1342 1340 1343 1344 1336 1339 1343
827.239014 1344 1348 1340 1332 1343 1339 1337 1345 1335 1344 1345 1349 1339 1347 1347 1342 1333
827.317017 1349 1335 1337 1337 1339 1346 1345 1327 1339 1343 1343 1337 1335 1340 1348 1350 1337
827.39502 1345 1347 1355 1337 1341 1337 1339 1353 1345 1346 1346 1352 1350 1333 1342 1335 1339
827.473999 1345 1350 1335 1346 1343 1334 1340 1336 1346 1340 1346 1350 1344 1351 1359 1341 1340
827.552002 1356 1350 1337 1340 1342 1342 1335 1342 1343 1354 1337 1343 1348 1351 1344 1337 1330
827.630005 1348 1347 1348 1342 1336 1338 1336 1333 1334 1346 1335 1351 1344 1353 1351 1339 1343
827.708984 1355 1340 1337 1340 1339 1343 1338 1349 1345 1350 1348 1338 1354 1348 1334 1343 1341
827.786987 1353 1347 1341 1348 1344 1342 1350 1334 1340 1342 1355 1363 1347 1349 1347 1351 1350
827.866028 1350 1350 1346 1345 1340 1341 1339 1341 1337 1352 1348 1341 1354 1344 1345 1336 1342
827.94397 1355 1350 1347 1338 1341 1330 1345 1344 1351 1348 1357 1349 1349 1345 1353 1341 1348
828.021973 1345 1343 1341 1340 1340 1350 1358 1341 1349 1335 1351 1343 1339 1337 1334 1354 1340
828.101013 1347 1326 1347 1345 1342 1335 1332 1338 1347 1345 1355 1360 1346 1344 1341 1342 1335
828.179016 1349 1344 1337 1334 1333 1332 1349 1342 1338 1345 1350 1348 1347 1355 1343 1340 1346
828.257996 1357 1345 1351 1337 1341 1348 1344 1342 1343 1350 1344 1355 1356 1345 1351 1346 1345
828.335999 1347 1344 1340 1348 1347 1339 1339 1338 1336 1344 1357 1343 1355 1362 1337 1358 1334
828.414001 1353 1344 1349 1342 1338 1350 1343 1353 1348 1352 1343 1338 1345 1350 1347 1347 1340
828.492981 1357 1341 1339 1342 1350 1341 1348 1350 1337 1345 1346 1353 1346 1341 1338 1338 1349
828.570984 1362 1353 1345 1345 1346 1348 1341 1338 1345 1341 1343 1344 1349 1351 1352 1349 1331
828.648987 1350 1351 1341 1340 1362 1343 1352 1353 1350 1354 1351 1349 1362 1347 1357 1344 1344
828.728027 1358 1347 1352 1340 1354 1349 1344 1343 1357 1351 1353 1339 1349 1343 1341 1338 1348
828.80603 1340 1332 1344 1345 1353 1341 1332 1344 1339 1338 1354 1355 1353 1350 1353 1358 1343
828.883972 1350 1356 1351 1342 1354 1346 1351 1346 1343 1353 1340 1352 1347 1361 1350 1354 1344
828.963013 1362 1367 1356 1347 1344 1347 1350 1356 1341 1348 1351 1351 1356 1355 1364 1357 1351
829.041016 1355 1348 1344 1335 1335 1354 1350 1345 1347 1352 1353 1355 1342 1363 1358 1349 1348
829.119995 1359 1351 1348 1351 1352 1369 1341 1355 1355 1359 1360 1364 1346 1362 1354 1348 1342
829.197998 1356 1360 1343 1351 1342 1346 1348 1353 1352 1350 1352 1348 1351 1352 1349 1352 1345
829.276001 1365 1355 1351 1331 1339 1334 1334 1346 1357 1350 1367 1354 1357 1364 1346 1353 1338
829.35498 1354 1346 1344 1342 1344 1338 1343 1337 1350 1352 1357 1350 1352 1359 1354 1351 1342
829.432983 1365 1343 1355 1341 1343 1337 1349 1339 1346 1358 1360 1355 1352 1362 1346 1348 1345
829.510986 1354 1353 1338 1342 1340 1348 1342 1359 1345 1336 1351 1359 1364 1350 1355 1357 1340
829.590027 1360 1354 1350 1350 1351 1353 1348 1351 1347 1352 1357 1350 1358 1345 1354 1350 1342
829.66803 1364 1359 1352 1350 1344 1343 1346 1350 1343 1352 1360 1360 1349 1358 1351 1349 1348
829.745972 1363 1351 1347 1352 1345 1354 1343 1359 1348 1357 1349 1373 1354 1349 1357 1346 1344
829.825012 1355 1342 1353 1346 1339 1347 1349 1348 1361 1365 1348 1345 1359 1349 1361 1349 1353
829.903015 1358 1354 1344 1355 1349 1365 1363 1346 1351 1355 1368 1350 1347 1360 1349 1354 1340
829.981995 1350 1348 1347 1353 1351 1346 1349 1357 1345 1352 1355 1360 1352 1358 1355 1355 1351
830.059998 1372 1359 1336 1346 1342 1354 1364 1351 1352 1343 1360 1359 1357 1353 1357 1355 1347
830.138 1359 1348 1354 1345 1350 1352 1353 1346 1343 1350 1350 1361 1368 1364 1350 1362 1358
830.21698 1380 1357 1348 1349 1350 1351 1351 1361 1355 1355 1356 1363 1360 1361 1343 1363 1345
830.294983 1365 1364 1355 1349 1342 1369 1359 1353 1360 1352 1355 1366 1368 1355 1374 1347 1349
830.372986 1352 1369 1354 1352 1341 1347 1361 1356 1354 1350 1359 1362 1352 1359 1359 1345 1352
830.452026 1358 1358 1353 1358 1342 1354 1355 1343 1352 1351 1359 1357 1363 1362 1366 1353 1351
830.530029 1359 1358 1361 1343 1351 1366 1362 1346 1358 1350 1352 1361 1358 1359 1348 1354 1352
830.607971 1362 1366 1353 1354 1347 1343 1356 1356 1351 1356 1359 1363 1360 1368 1345 1353 1351
830.687012 1364 1352 1355 1356 1353 1347 1355 1351 1352 1348 1358 1357 1360 1352 1357 1361 1343
830.765015 1362 1356 1348 1349 1351 1361 1348 1353 1355 1362 1360 1362 1363 1355 1344 1346 1352
830.843018 1361 1365 1359 1357 1349 1353 1349 1350 1353 1345 1362 1355 1354 1352 1357 1353 1359
830.921997 1365 1362 1357 1352 1351 1352 1353 1351 1341 1351 1346 1356 1373 1358 1360 1353 1355
831 1365 1360 1355 1341 1351 1349 1355 1335 1354 1364 1361 1349 1369 1361 1350 1352 1352
831.078003 1358 1362 1349 1355 1346 1342 1351 1358 1353 1360 1356 1359 1365 1371 1348 1355 1343
831.156982 1377 1352 1354 1349 1354 1351 1354 1346 1352 1355 1347 1355 1357 1373 1363 1356 1349
831.234985 1364 1360 1364 1349 1360 1360 1351 1343 1352 1358 1357 1351 1361 1372 1364 1360 1347
831.312988 1351 1356 1364 1353 1347 1356 1348 1341 1357 1358 1358 1356 1364 1361 1355 1370 1352
831.392029 1371 1372 1353 1353 1353 1353 1353 1355 1355 1357 1368 1364 1362 1361 1359 1352 1354
831.469971 1357 1361 1349 1360 1343 1353 1347 1361 1349 1359 1358 1356 1362 1353 1355 1362 1353
831.549011 1374 1376 1346 1349 1338 1351 1348 1352 1359 1360 1372 1362 1363 1349 1353 1360 1352
831.627014 1367 1358 1353 1354 1349 1343 1352 1353 1356 1356 1370 1370 1371 1361 1357 1352 1348
831.705017 1374 1361 1358 1353 1342 1353 1361 1352 1356 1358 1359 1362 1362 1363 1356 1350 1352
831.783997 1369 1352 1365 1344 1338 1355 1356 1359 1352 1355 1358 1365 1354 1359 1357 1352 1356
831.862 1374 1364 1357 1353 1345 1345 1367 1346 1355 1357 1362 1350 1369 1351 1362 1363 1362
831.940002 1363 1354 1368 1343 1363 1352 1352 1349 1354 1352 1364 1373 1361 1361 1356 1361 1352
832.018005 1369 1350 1362 1358 1347 1348 1354 1361 1365 1358 1369 1357 1365 1360 1364 1353 1368
832.096985 1361 1357 1351 1352 1362 1356 1362 1355 1358 1367 1359 1351 1360 1353 1366 1366 1358
832.174988 1358 1359 1352 1347 1349 1359 1353 1356 1354 1352 1353 1354 1353 1361 1356 1355 1358
832.254028 1365 1363 1361 1345 1346 1350 1361 1364 1351 1354 1363 1368 1375 1374 1355 1363 1354
832.33197 1362 1355 1352 1356 1348 1351 1346 1353 1363 1351 1361 1352 1360 1368 1349 1362 1347
832.409973 1373 1362 1363 1351 1351 1344 1343 1359 1358 1362 1360 1373 1363 1368 1355 1366 1355
832.489014 1365 1362 1363 1343 1356 1350 1359 1353 1355 1358 1356 1371 1366 1359 1369 1350 1366
832.567017 1370 1364 1358 1355 1356 1348 1359 1353 1357 1370 1367 1360 1363 1376 1358 1366 1366
832.64502 1354 1353 1363 1359 1348 1354 1347 1346 1364 1367 1366 1363 1368 1368 1366 1355 1352
832.723999 1367 1365 1351 1354 1342 1354 1351 1356 1360 1363 1359 1371 1371 1381 1363 1364 1362
832.802002 1370 1358 1360 1354 1354 1359 1343 1365 1364 1347 1364 1374 1358 1366 1365 1353 1359
832.880005 1371 1361 1350 1350 1342 1357 1344 1364 1357 1365 1353 1371 1347 1362 1363 1358 1358
832.958008 1373 1362 1360 1357 1339 1345 1360 1362 1347 1363 1362 1368 1369 1365 1361 1358 1358
833.036987 1373 1362 1362 1350 1353 1352 1357 1355 1357 1357 1366 1364 1361 1365 1370 1361 1356
833.11499 1378 1360 1358 1355 1359 1343 1359 1347 1357 1347 1363 1355 1355 1365 1378 1361 1343
833.192993 1365 1351 1357 1352 1345 1354 1354 1356 1350 1368 1363 1360 1370 1377 1359 1361 1349
833.271973 1374 1370 1358 1356 1347 1347 1355 1359 1358 1367 1362 1358 1368 1367 1349 1362 1351
833.349976 1364 1362 1354 1350 1357 1354 1348 1364 1373 1360 1356 1373 1361 1362 1367 1352 1347
833.427979 1367 1351 1357 1348 1359 1359 1348 1366 1365 1366 1365 1362 1367 1364 1357 1361 1341
833.507019 1370 1349 1360 1340 1342 1356 1350 1352 1362 1354 1371 1364 1367 1370 1363 1362 1355
833.585022 1374 1357 1355 1347 1352 1349 1356 1357 1365 1354 1363 1357 1365 1366 1354 1360 1350
833.663025 1368 1353 1354 1358 1344 1347 1352 1366 1352 1358 1364 1368 1366 1360 1359 1353 1356
833.742004 1365 1356 1346 1357 1349 1347 1360 1355 1354 1360 1360 1354 1368 1363 1348 1358 1356
833.820007 1367 1361 1351 1352 1356 1348 1355 1364 1362 1352 1355 1363 1376 1365 1363 1362 1359
833.89801 1363 1359 1358 1348 1359 1358 1356 1360 1347 1355 1366 1364 1366 1358 1368 1352 1352
833.97699 1369 1360 1356 1345 1356 1353 1354 1355 1355 1360 1369 1364 1354 1362 1364 1366 1346
834.054993 1366 1360 1350 1355 1346 1351 1351 1347 1366 1352 1366 1375 1373 1357 1357 1363 1366
834.132996 1376 1353 1354 1346 1343 1347 1368 1354 1354 1365 1371 1374 1355 1370 1355 1359 1352
834.210999 1369 1362 1365 1345 1349 1353 1358 1353 1356 1357 1367 1367 1367 1371 1358 1361 1358
834.289978 1373 1364 1346 1351 1349 1355 1349 1351 1355 1381 1355 1360 1373 1379 1358 1360 1359
834.367981 1374 1353 1363 1346 1340 1340 1346 1365 1360 1371 1358 1370 1356 1359 1360 1365 1351
834.445984 1363 1361 1354 1353 1346 1357 1352 1361 1361 1360 1362 1362 1365 1370 1367 1361 1355
834.525024 1372 1361 1359 1366 1361 1351 1359 1354 1356 1369 1367 1365 1358 1361 1358 1354 1351
834.603027 1370 1369 1366 1359 1346 1346 1351 1356 1362 1357 1354 1359 1361 1369 1360 1355 1345
834.68103 1368 1364 1361 1364 1348 1351 1357 1351 1357 1367 1357 1356 1371 1364 1363 1361 1362
834.76001 1361 1364 1358 1348 1350 1352 1346 1362 1355 1365 1364 1368 1374 1366 1360 1359 1362
834.838013 1369 1363 1359 1350 1346 1356 1347 1361 1353 1362 1362 1360 1361 1359 1364 1342 1343
834.916016 1372 1358 1353 1362 1346 1351 1357 1353 1364 1364 1358 1370 1374 1367 1366 1355 1353
834.994995 1365 1359 1365 1349 1359 1358 1360 1358 1367 1363 1366 1366 1360 1361 1372 1357 1350
835.072998 1373 1354 1362 1356 1344 1360 1344 1354 1362 1358 1363 1352 1357 1369 1362 1352 1359
835.151001 1369 1363 1362 1350 1349 1354 1347 1349 1355 1369 1357 1374 1360 1365 1350 1359 1351
835.229004 1359 1367 1353 1359 1353 1356 1359 1346 1362 1367 1367 1357 1363 1371 1370 1360 1350
835.307983 1377 1351 1348 1351 1354 1350 1351 1357 1360 1369 1369 1366 1367 1370 1346 1358 1344
835.385986 1381 1363 1366 1360 1340 1353 1352 1354 1354 1361 1368 1360 1366 1376 1372 1358 1351
835.463989 1369 1361 1371 1353 1346 1355 1354 1350 1344 1372 1358 1369 1364 1368 1367 1366 1348
835.54303 1369 1372 1367 1360 1356 1362 1350 1357 1357 1361 1358 1368 1367 1382 1360 1362 1362
835.620972 1373 1361 1356 1350 1354 1351 1359 1354 1370 1367 1369 1370 1361 1376 1359 1352 1351
835.698975 1370 1368 1357 1354 1352 1358 1345 1360 1361 1361 1361 1376 1353 1351 1360 1361 1353
835.778015 1379 1369 1355 1350 1349 1358 1350 1367 1359 1361 1367 1360 1367 1371 1369 1362 1357
835.856018 1368 1371 1363 1350 1348 1348 1367 1357 1367 1359 1370 1370 1376 1358 1362 1357 1356
835.934021 1367 1363 1358 1356 1357 1355 1357 1354 1358 1369 1387 1364 1374 1377 1347 1366 1357
836.012024 1369 1366 1359 1353 1356 1358 1351 1356 1347 1359 1365 1369 1370 1375 1371 1361 1352
836.091003 1380 1367 1356 1353 1358 1352 1346 1351 1363 1364 1373 1351 1363 1366 1360 1365 1351
836.169006 1378 1365 1363 1347 1357 1352 1362 1367 1362 1375 1369 1365 1371 1364 1370 1358 1357
836.247009 1378 1361 1351 1353 1351 1356 1359 1370 1349 1367 1368 1370 1363 1380 1369 1369 1358
836.325989 1380 1368 1360 1362 1347 1359 1350 1351 1355 1368 1373 1382 1370 1382 1376 1353 1356
836.403992 1364 1364 1355 1360 1334 1335 1356 1360 1354 1366 1369 1370 1383 1368 1357 1361 1361
836.481995 1372 1366 1366 1360 1352 1345 1361 1350 1360 1355 1361 1368 1373 1378 1366 1360 1363
836.559998 1388 1366 1351 1360 1348 1355 1352 1373 1357 1359 1369 1374 1372 1369 1362 1365 1347
836.638977 1362 1368 1364 1354 1362 1357 1354 1363 1363 1368 1374 1368 1370 1367 1369 1360 1357
836.71698 1372 1371 1349 1359 1354 1362 1350 1356 1371 1350 1367 1370 1363 1365 1352 1358 1363
836.794983 1364 1373 1360 1355 1356 1359 1360 1363 1360 1366 1366 1374 1373 1355 1369 1374 1351
836.872986 1362 1376 1358 1364 1354 1358 1362 1355 1361 1379 1370 1367 1367 1371 1362 1364 1353
836.952026 1375 1358 1361 1348 1345 1355 1355 1365 1361 1354 1355 1365 1368 1365 1362 1354 1355
837.030029 1381 1355 1360 1354 1358 1354 1355 1361 1369 1369 1375 1367 1360 1370 1370 1382 1371
837.107971 1381 1366 1365 1360 1354 1359 1345 1356 1354 1370 1377 1371 1380 1373 1362 1364 1369
837.187012 1367 1369 1357 1358 1361 1365 1351 1377 1356 1367 1373 1371 1372 1370 1369 1369 1365
837.265015 1387 1363 1360 1361 1359 1342 1359 1360 1379 1364 1364 1374 1363 1367 1358 1366 1361
837.343018 1365 1374 1353 1355 1347 1349 1362 1361 1369 1376 1374 1378 1378 1383 1356 1361 1366
837.421021 1376 1372 1363 1362 1345 1354 1352 1371 1374 1385 1371 1368 1363 1370 1375 1355 1354
837.5 1372 1364 1367 1365 1368 1360 1365 1358 1360 1365 1371 1375 1370 1380 1373 1370 1361
837.578003 1381 1368 1363 1365 1353 1362 1356 1367 1371 1366 1380 1376 1363 1374 1369 1362 1361
837.656006 1377 1371 1368 1369 1368 1356 1360 1360 1376 1369 1367 1377 1382 1375 1385 1377 1362
837.734009 1399 1359 1364 1365 1350 1362 1361 1370 1370 1369 1365 1371 1366 1374 1367 1373 1366
837.812988 1374 1370 1363 1358 1358 1358 1358 1371 1369 1363 1371 1384 1381 1383 1379 1366 1358
837.890991 1386 1377 1367 1372 1366 1352 1361 1370 1369 1377 1377 1368 1383 1371 1387 1369 1354
837.968994 1383 1372 1374 1359 1354 1364 1371 1370 1368 1367 1389 1372 1373 1383 1371 1374 1367
838.047974 1387 1362 1365 1368 1368 1355 1366 1359 1374 1380 1375 1386 1377 1371 1366 1363 1370
838.125977 1388 1380 1372 1369 1344 1379 1372 1360 1368 1372 1367 1379 1375 1379 1378 1367 1355
838.203979 1377 1372 1366 1367 1353 1360 1363 1362 1366 1374 1372 1390 1378 1381 1363 1377 1357
838.281982 1380 1368 1370 1371 1364 1365 1363 1366 1382 1367 1377 1372 1383 1376 1371 1372 1370
838.361023 1380 1378 1361 1356 1359 1362 1363 1370 1368 1377 1381 1374 1388 1375 1390 1370 1355
838.439026 1388 1370 1363 1363 1352 1358 1362 1364 1368 1367 1378 1390 1378 1388 1380 1371 1374
838.517029 1380 1377 1378 1374 1358 1375 1357 1387 1374 1380 1381 1389 1387 1373 1372 1374 1370
838.594971 1396 1369 1380 1358 1356 1365 1375 1361 1368 1377 1388 1390 1390 1386 1391 1372 1376
838.674011 1385 1386 1370 1372 1368 1364 1370 1370 1383 1372 1382 1385 1395 1389 1380 1368 1370
838.752014 1402 1382 1369 1368 1359 1366 1364 1371 1380 1378 1374 1379 1377 1383 1383 1375 1363
838.830017 1380 1392 1375 1373 1357 1361 1372 1379 1390 1376 1378 1386 1397 1390 1373 1390 1368
838.90802 1383 1374 1390 1380 1377 1359 1359 1377 1370 1377 1388 1388 1389 1387 1386 1379 1357
838.987 1392 1388 1366 1378 1368 1361 1369 1377 1379 1380 1390 1388 1384 1390 1382 1375 1371
839.065002 1397 1375 1383 1368 1371 1362 1387 1380 1389 1380 1389 1383 1391 1392 1375 1380 1382
839.143005 1392 1384 1378 1375 1360 1371 1372 1373 1381 1381 1398 1389 1388 1387 1394 1388 1380
839.221008 1397 1384 1374 1374 1369 1358 1367 1374 1373 1377 1390 1384 1389 1388 1389 1370 1375
839.299988 1393 1384 1385 1374 1368 1369 1371 1385 1377 1391 1399 1396 1386 1411 1379 1380 1370
839.377991 1413 1397 1386 1377 1372 1371 1378 1367 1377 1383 1389 1399 1400 1398 1374 1379 1376
839.455994 1397 1396 1377 1366 1377 1371 1374 1394 1388 1384 1396 1397 1396 1396 1383 1370 1375
839.533997 1398 1390 1379 1371 1363 1369 1390 1389 1385 1388 1404 1399 1386 1397 1389 1397 1388
839.612976 1400 1384 1388 1384 1377 1375 1380 1384 1402 1381 1393 1390 1383 1386 1397 1392 1387
839.690979 1414 1394 1379 1372 1369 1369 1362 1388 1379 1394 1385 1398 1399 1405 1391 1371 1364
839.768982 1398 1381 1384 1385 1368 1366 1377 1381 1391 1396 1391 1400 1403 1399 1380 1382 1387
839.846985 1411 1399 1383 1380 1375 1375 1374 1395 1395 1394 1395 1406 1399 1386 1403 1407 1373
839.926025 1399 1387 1397 1378 1372 1382 1375 1387 1393 1390 1401 1402 1405 1397 1406 1389 1393
840.004028 1400 1400 1401 1375 1379 1381 1374 1384 1393 1395 1396 1398 1410 1420 1409 1391 1390
840.08197 1410 1400 1381 1385 1375 1379 1387 1397 1395 1395 1395 1406 1405 1411 1405 1388 1384
840.159973 1406 1394 1379 1384 1374 1391 1383 1384 1393 1401 1396 1410 1395 1412 1403 1403 1383
840.239014 1421 1408 1400 1389 1383 1377 1377 1393 1405 1403 1403 1402 1397 1415 1414 1399 1392
840.317017 1417 1400 1391 1381 1392 1400 1375 1384 1398 1408 1409 1406 1423 1407 1414 1397 1397
840.39502 1404 1394 1398 1394 1386 1392 1380 1381 1393 1406 1401 1422 1419 1415 1396 1417 1397
840.473022 1420 1405 1401 1381 1386 1375 1389 1392 1411 1386 1390 1417 1405 1403 1415 1394 1393
840.551025 1423 1401 1395 1393 1387 1388 1394 1382 1421 1408 1410 1410 1413 1416 1394 1411 1394
840.630005 1415 1399 1399 1392 1370 1382 1370 1398 1413 1403 1408 1417 1415 1406 1411 1400 1393
840.708008 1424 1395 1414 1386 1390 1394 1392 1391 1394 1415 1417 1408 1411 1407 1415 1412 1395
840.786011 1409 1407 1408 1385 1387 1387 1384 1394 1400 1418 1414 1420 1413 1420 1413 1403 1390
840.864014 1421 1414 1408 1399 1390 1390 1391 1392 1406 1413 1413 1413 1428 1425 1425 1402 1398
840.942993 1428 1414 1399 1381 1381 1395 1383 1406 1398 1408 1414 1420 1413 1411 1417 1416 1398
841.020996 1426 1410 1407 1391 1392 1382 1383 1410 1414 1398 1429 1425 1413 1431 1409 1422 1405
841.098999 1414 1422 1406 1395 1392 1390 1389 1402 1413 1414 1429 1423 1421 1435 1408 1416 1407
841.177002 1420 1412 1400 1401 1399 1396 1383 1409 1414 1413 1413 1429 1422 1419 1416 1393 1401
841.255981 1422 1408 1411 1382 1390 1384 1393 1408 1413 1392 1428 1420 1422 1429 1420 1424 1423
841.333984 1420 1415 1404 1401 1386 1391 1400 1398 1397 1409 1423 1426 1422 1429 1407 1417 1415
841.411987 1427 1412 1405 1406 1395 1398 1407 1397 1419 1404 1417 1418 1437 1418 1418 1408 1408
841.48999 1441 1413 1405 1389 1393 1385 1400 1403 1406 1414 1420 1438 1429 1425 1409 1422 1412
841.567993 1428 1418 1400 1393 1379 1411 1402 1414 1414 1416 1424 1424 1412 1427 1420 1404 1402
841.646973 1427 1421 1402 1403 1383 1399 1410 1411 1414 1421 1423 1428 1441 1422 1430 1415 1399
841.724976 1437 1427 1410 1395 1392 1394 1392 1398 1417 1416 1425 1445 1428 1428 1421 1410 1404
841.802979 1427 1413 1407 1412 1390 1394 1407 1409 1429 1409 1427 1427 1435 1430 1426 1403 1421
841.880981 1429 1418 1405 1397 1402 1401 1404 1400 1410 1415 1435 1420 1434 1430 1414 1411 1401
841.960022 1439 1417 1422 1401 1402 1412 1401 1408 1412 1431 1423 1419 1421 1436 1416 1421 1409
842.038025 1436 1412 1410 1392 1405 1406 1396 1424 1425 1415 1417 1420 1429 1422 1419 1422 1403
842.116028 1417 1417 1411 1402 1401 1387 1403 1423 1409 1410 1417 1424 1435 1435 1414 1424 1411
842.19397 1423 1420 1401 1404 1404 1398 1410 1402 1423 1417 1423 1431 1428 1430 1426 1413 1415
842.271973 1441 1421 1417 1393 1387 1393 1401 1408 1419 1432 1422 1443 1425 1428 1420 1410 1396
842.351013 1422 1423 1406 1391 1390 1395 1390 1405 1410 1418 1423 1420 1434 1416 1420 1405 1412
842.429016 1435 1410 1407 1403 1410 1400 1395 1408 1409 1422 1417 1424 1432 1436 1420 1415 1404
842.507019 1439 1426 1421 1384 1393 1403 1401 1403 1412 1422 1421 1435 1431 1423 1422 1426 1415
842.585022 1433 1429 1406 1399 1395 1388 1402 1408 1411 1428 1423 1431 1435 1421 1422 1419 1410
842.663025 1452 1420 1414 1400 1396 1397 1394 1410 1415 1421 1426 1445 1425 1440 1417 1413 1404
842.742004 1451 1417 1402 1400 1385 1393 1383 1408 1423 1419 1422 1441 1425 1424 1422 1412 1417
842.820007 1433 1419 1406 1395 1395 1401 1390 1404 1409 1426 1427 1420 1416 1418 1430 1418 1397
842.89801 1436 1432 1415 1402 1379 1396 1403 1400 1409 1424 1426 1416 1419 1437 1410 1417 1405
842.976013 1428 1419 1402 1407 1383 1399 1396 1419 1413 1420 1424 1429 1428 1430 1411 1415 1411
843.054016 1441 1406 1402 1397 1394 1385 1397 1410 1421 1417 1425 1427 1421 1425 1425 1414 1414
843.132996 1435 1411 1392 1390 1404 1394 1395 1405 1408 1421 1423 1417 1410 1423 1418 1424 1413
843.210999 1431 1422 1404 1400 1395 1391 1400 1418 1406 1399 1434 1442 1424 1426 1428 1403 1403
843.289001 1408 1421 1416 1405 1390 1389 1400 1414 1418 1411 1433 1424 1410 1436 1422 1408 1403
843.367004 1425 1416 1415 1395 1399 1394 1397 1395 1413 1429 1421 1436 1429 1427 1428 1422 1392
843.445007 1423 1420 1405 1413 1398 1389 1403 1413 1407 1431 1422 1424 1406 1420 1420 1409 1398
843.523987 1430 1412 1411 1396 1388 1386 1406 1410 1404 1425 1418 1422 1436 1435 1413 1403 1402
843.60199 1416 1423 1399 1399 1395 1388 1395 1402 1411 1422 1411 1416 1428 1433 1415 1403 1417
843.679993 1421 1413 1422 1406 1387 1403 1403 1410 1425 1406 1416 1415 1429 1426 1418 1407 1398
843.757996 1431 1418 1402 1382 1383 1392 1406 1409 1423 1411 1417 1432 1427 1418 1409 1417 1410
843.835999 1432 1401 1412 1399 1389 1388 1406 1404 1418 1410 1423 1430 1427 1422 1419 1409 1414
843.914978 1432 1414 1407 1394 1392 1391 1393 1398 1419 1424 1429 1427 1421 1414 1425 1413 1397
843.992981 1429 1413 1401 1394 1388 1394 1410 1411 1401 1408 1419 1431 1427 1427 1421 1398 1400
844.070984 1433 1414 1401 1399 1398 1396 1392 1406 1410 1415 1420 1428 1427 1423 1428 1409 1400
844.148987 1440 1416 1420 1400 1382 1385 1408 1407 1408 1424 1432 1416 1419 1428 1417 1412 1391
844.22699 1439 1412 1416 1393 1402 1398 1386 1404 1414 1409 1416 1420 1423 1419 1430 1419 1413
844.30603 1436 1419 1418 1386 1391 1388 1403 1402 1419 1411 1435 1426 1417 1417 1422 1412 1382
844.383972 1435 1426 1415 1393 1387 1393 1388 1401 1405 1425 1425 1419 1413 1411 1415 1416 1399
844.461975 1418 1419 1398 1398 1389 1390 1393 1410 1398 1419 1425 1443 1420 1430 1425 1418 1394
844.539978 1430 1415 1393 1405 1402 1393 1404 1400 1408 1417 1410 1422 1421 1438 1420 1415 1406
844.617981 1437 1420 1410 1403 1407 1396 1401 1402 1410 1418 1432 1428 1425 1426 1407 1403 1424
844.695984 1448 1418 1400 1409 1390 1404 1397 1407 1413 1413 1409 1433 1410 1416 1430 1418 1411
844.775024 1438 1411 1415 1395 1401 1399 1397 1399 1407 1428 1405 1430 1421 1431 1413 1406 1409
844.853027 1445 1407 1408 1401 1386 1398 1407 1408 1413 1413 1420 1429 1436 1413 1417 1402 1406
844.93103 1434 1408 1406 1391 1392 1402 1404 1404 1409 1406 1434 1421 1419 1442 1428 1427 1405
845.008972 1416 1421 1400 1397 1401 1390 1393 1414 1417 1414 1423 1423 1425 1424 1423 1407 1407
845.086975 1421 1418 1417 1400 1385 1391 1398 1412 1407 1403 1429 1438 1429 1428 1422 1418 1391
845.166016 1436 1420 1403 1409 1387 1390 1403 1417 1419 1422 1416 1431 1440 1414 1415 1414 1416
845.244019 1430 1416 1393 1396 1382 1393 1397 1408 1417 1423 1424 1425 1430 1427 1398 1404 1406
845.322021 1436 1410 1408 1406 1402 1401 1393 1418 1424 1421 1414 1423 1421 1419 1418 1405 1401
845.400024 1426 1410 1406 1392 1400 1392 1384 1412 1402 1421 1424 1423 1416 1427 1417 1409 1405
845.478027 1428 1396 1408 1397 1399 1397 1389 1403 1414 1424 1418 1422 1438 1431 1427 1419 1398
845.55603 1427 1407 1408 1396 1393 1392 1402 1396 1421 1403 1427 1434 1420 1422 1420 1406 1398
845.63501 1431 1408 1416 1385 1393 1391 1402 1406 1414 1414 1419 1424 1426 1422 1412 1411 1405
845.713013 1437 1426 1405 1394 1398 1387 1389 1416 1411 1415 1425 1421 1425 1438 1421 1418 1410
845.791016 1433 1419 1418 1399 1397 1394 1390 1399 1404 1420 1408 1438 1435 1417 1421 1416 1396
845.869019 1430 1413 1425 1389 1392 1394 1401 1409 1412 1412 1427 1423 1407 1430 1420 1428 1404
845.947021 1438 1423 1400 1398 1385 1395 1390 1413 1405 1414 1407 1434 1422 1432 1427 1398 1405
846.025024 1440 1410 1400 1404 1393 1404 1392 1417 1425 1421 1428 1410 1419 1417 1425 1414 1399
846.104004 1437 1400 1403 1406 1401 1409 1397 1412 1415 1420 1430 1421 1430 1427 1417 1418 1408
846.182007 1424 1406 1397 1387 1385 1399 1397 1407 1406 1416 1419 1434 1429 1432 1422 1416 1402
846.26001 1434 1413 1411 1399 1394 1391 1397 1402 1410 1405 1425 1427 1423 1428 1424 1407 1402
846.338013 1430 1417 1406 1412 1398 1386 1404 1394 1405 1422 1422 1416 1415 1424 1425 1416 1400
846.416016 1426 1420 1403 1395 1386 1391 1392 1407 1415 1403 1424 1427 1414 1431 1411 1408 1397
846.494019 1419 1421 1420 1394 1392 1399 1395 1412 1416 1408 1432 1413 1416 1424 1430 1406 1399
846.572998 1440 1422 1406 1398 1404 1386 1410 1408 1424 1423 1420 1423 1431 1436 1413 1416 1395
846.651001 1434 1414 1395 1408 1392 1397 1400 1415 1414 1418 1418 1446 1423 1413 1413 1412 1411
846.729004 1442 1422 1409 1404 1380 1390 1401 1416 1424 1411 1426 1445 1439 1440 1422 1414 1400
846.807007 1427 1424 1420 1407 1393 1389 1406 1402 1403 1421 1430 1437 1414 1408 1416 1414 1405
846.88501 1443 1415 1405 1398 1403 1396 1403 1409 1418 1425 1430 1433 1415 1421 1420 1422 1414
846.963013 1453 1404 1411 1398 1407 1392 1395 1409 1408 1415 1430 1411 1417 1432 1422 1408 1403
847.041016 1428 1423 1400 1378 1390 1402 1400 1406 1411 1416 1423 1423 1412 1421 1426 1416 1414
847.119995 1442 1416 1415 1402 1390 1411 1389 1415 1410 1416 1424 1425 1419 1411 1438 1421 1412
847.197998 1434 1422 1413 1383 1389 1397 1401 1402 1422 1402 1416 1446 1431 1421 1412 1415 1399
847.276001 1435 1425 1414 1407 1392 1397 1409 1412 1407 1419 1428 1423 1430 1426 1427 1419 1421
847.354004 1427 1419 1416 1404 1381 1392 1405 1407 1407 1421 1425 1426 1413 1418 1409 1423 1418
847.432007 1431 1427 1401 1401 1401 1392 1401 1412 1416 1413 1425 1432 1425 1429 1420 1410 1407
847.51001 1440 1415 1408 1404 1386 1401 1411 1413 1419 1416 1413 1430 1422 1434 1425 1411 1410
847.588989 1430 1402 1414 1395 1397 1388 1391 1412 1428 1418 1427 1449 1427 1413 1430 1401 1410
847.666992 1436 1422 1414 1397 1392 1395 1409 1404 1418 1421 1427 1437 1430 1435 1415 1411 1410
847.744995 1435 1428 1416 1407 1393 1390 1396 1408 1406 1425 1422 1418 1413 1417 1428 1415 1402
847.822998 1441 1417 1413 1406 1399 1409 1395 1413 1403 1420 1417 1439 1419 1424 1420 1405 1415
847.901001 1432 1429 1411 1389 1400 1391 1394 1407 1423 1420 1424 1436 1414 1431 1424 1426 1390
847.979004 1432 1422 1415 1415 1397 1395 1404 1407 1412 1431 1428 1415 1429 1428 1413 1413 1407
848.057007 1443 1429 1417 1404 1397 1396 1404 1407 1408 1431 1442 1441 1435 1423 1428 1410 1416
848.13501 1431 1412 1417 1406 1409 1408 1391 1409 1418 1423 1430 1437 1438 1432 1418 1408 1405
848.213989 1439 1429 1397 1408 1378 1398 1406 1400 1414 1420 1422 1426 1434 1443 1424 1416 1421
848.291992 1449 1428 1404 1389 1391 1391 1399 1410 1425 1427 1437 1440 1424 1432 1406 1420 1403
848.369995 1454 1429 1423 1396 1389 1392 1401 1411 1415 1417 1424 1416 1424 1435 1410 1404 1402
848.447998 1435 1436 1404 1406 1401 1396 1410 1425 1411 1429 1428 1419 1438 1420 1437 1424 1409
848.526001 1440 1419 1423 1415 1405 1392 1402 1406 1419 1420 1427 1438 1435 1437 1418 1416 1407
848.604004 1445 1416 1411 1407 1411 1399 1400 1400 1429 1431 1431 1432 1431 1424 1443 1411 1414
848.682007 1447 1432 1414 1401 1401 1405 1405 1402 1409 1412 1436 1430 1429 1423 1419 1416 1418
848.76001 1458 1425 1417 1402 1394 1396 1401 1417 1420 1433 1434 1430 1441 1428 1432 1411 1403
848.838989 1444 1421 1425 1402 1399 1387 1410 1403 1414 1417 1421 1449 1438 1440 1421 1417 1408
848.916992 1438 1429 1408 1402 1397 1399 1401 1406 1418 1425 1423 1435 1418 1442 1427 1422 1419
848.994995 1446 1432 1413 1403 1387 1404 1401 1407 1413 1430 1419 1429 1421 1423 1425 1409 1406
849.072998 1439 1430 1419 1402 1401 1410 1407 1410 1422 1415 1437 1437 1417 1437 1423 1426 1391
849.151001 1443 1422 1419 1403 1396 1401 1409 1408 1413 1427 1427 1427 1433 1431 1433 1409 1407
849.229004 1443 1425 1422 1411 1397 1402 1404 1420 1431 1416 1437 1449 1448 1438 1422 1406 1408
849.307007 1444 1426 1417 1396 1402 1396 1415 1433 1411 1445 1432 1432 1422 1437 1415 1424 1415
849.38501 1440 1420 1419 1411 1419 1395 1398 1410 1424 1415 1431 1434 1427 1424 1418 1426 1410
849.463989 1449 1418 1437 1407 1403 1395 1397 1410 1414 1425 1419 1438 1440 1437 1434 1409 1406
849.541992 1445 1421 1420 1414 1411 1419 1405 1410 1424 1420 1423 1441 1431 1426 1430 1406 1411
849.619995 1440 1421 1423 1400 1406 1407 1391 1418 1429 1428 1426 1430 1440 1441 1418 1439 1413
849.697998 1461 1428 1418 1411 1395 1400 1419 1421 1416 1446 1421 1441 1426 1447 1412 1432 1410
849.776001 1454 1417 1424 1401 1401 1400 1408 1412 1443 1437 1448 1446 1438 1434 1425 1430 1413
849.854004 1449 1433 1407 1400 1405 1399 1402 1426 1415 1432 1444 1449 1428 1436 1428 1412 1423
849.932007 1454 1428 1420 1395 1404 1395 1402 1400 1419 1421 1441 1440 1442 1438 1431 1425 1423
850.01001 1447 1431 1420 1395 1398 1400 1413 1420 1429 1443 1430 1452 1439 1439 1446 1416 1424
850.088989 1444 1431 1427 1408 1405 1402 1408 1421 1427 1436 1431 1435 1435 1427 1429 1427 1410
850.166992 1445 1428 1417 1410 1399 1397 1410 1415 1428 1434 1436 1450 1427 1445 1424 1423 1421
850.244995 1451 1425 1432 1407 1416 1399 1391 1419 1428 1425 1432 1433 1438 1443 1425 1434 1412
850.322998 1451 1439 1427 1405 1394 1400 1404 1415 1422 1436 1418 1442 1464 1435 1431 1429 1412
850.401001 1447 1432 1432 1399 1397 1409 1402 1429 1429 1445 1439 1455 1443 1448 1420 1424 1416
850.479004 1451 1437 1419 1410 1396 1406 1417 1425 1424 1431 1439 1442 1448 1444 1433 1442 1420
850.557007 1448 1431 1418 1421 1399 1403 1406 1432 1412 1433 1437 1433 1439 1439 1422 1417 1412
850.63501 1448 1426 1434 1415 1394 1404 1416 1417 1426 1433 1448 1447 1442 1438 1443 1418 1417
850.713013 1446 1446 1421 1413 1407 1405 1407 1423 1419 1426 1436 1433 1454 1438 1430 1432 1413
850.791992 1444 1438 1406 1409 1415 1398 1405 1419 1417 1432 1445 1433 1446 1453 1444 1413 1432
850.869995 1449 1429 1409 1413 1413 1398 1400 1420 1439 1420 1444 1439 1442 1438 1443 1417 1411
850.947998 1446 1442 1438 1414 1410 1397 1408 1431 1438 1429 1431 1429 1445 1451 1424 1425 1423
851.026001 1463 1432 1426 1406 1411 1404 1409 1426 1422 1441 1438 1444 1443 1437 1425 1411 1416
851.104004 1439 1453 1411 1414 1405 1399 1405 1419 1423 1430 1424 1449 1434 1434 1440 1424 1426
851.182007 1464 1430 1420 1409 1405 1401 1412 1407 1439 1441 1428 1438 1430 1438 1445 1413 1406
851.26001 1453 1439 1434 1405 1409 1407 1408 1411 1423 1437 1431 1456 1442 1448 1421 1429 1411
851.338013 1452 1430 1423 1399 1412 1406 1407 1418 1413 1424 1431 1445 1437 1439 1452 1434 1420
851.416016 1445 1445 1422 1420 1403 1402 1415 1430 1431 1408 1433 1438 1436 1434 1434 1434 1413
851.494019 1452 1433 1411 1406 1411 1411 1399 1422 1430 1428 1431 1430 1433 1439 1448 1432 1427
851.572998 1466 1443 1415 1425 1405 1412 1408 1414 1437 1427 1442 1447 1458 1452 1430 1412 1410
851.651001 1457 1435 1416 1409 1409 1406 1405 1429 1437 1435 1436 1443 1445 1441 1438 1441 1417
851.729004 1448 1429 1425 1417 1422 1407 1398 1417 1421 1436 1427 1447 1443 1451 1427 1417 1433
851.807007 1470 1435 1431 1406 1413 1402 1409 1413 1435 1433 1442 1453 1436 1445 1451 1425 1412
851.88501 1440 1426 1428 1424 1401 1402 1408 1416 1426 1444 1430 1441 1438 1438 1441 1431 1422
851.963013 1440 1438 1428 1415 1413 1418 1429 1419 1427 1439 1436 1438 1450 1431 1438 1426 1408
852.041016 1467 1435 1425 1411 1405 1412 1410 1420 1422 1434 1448 1455 1445 1432 1429 1423 1414
852.119019 1464 1421 1428 1421 1399 1410 1411 1432 1435 1427 1425 1442 1432 1431 1437 1428 1405
852.197021 1458 1455 1430 1422 1414 1402 1417 1419 1443 1433 1434 1440 1438 1446 1442 1419 1420
852.275024 1468 1442 1418 1430 1408 1408 1413 1424 1427 1430 1444 1450 1451 1450 1445 1424 1422
852.353027 1459 1434 1417 1421 1407 1423 1411 1417 1418 1434 1451 1439 1453 1434 1420 1445 1423
852.43103 1452 1429 1432 1418 1410 1407 1412 1417 1429 1434 1445 1451 1440 1446 1441 1428 1406
852.51001 1455 1423 1434 1425 1414 1408 1411 1425 1448 1438 1447 1444 1441 1432 1439 1434 1424
852.588013 1458 1437 1422 1429 1404 1406 1395 1419 1429 1434 1440 1440 1437 1445 1434 1450 1429
852.666016 1466 1440 1415 1416 1411 1415 1410 1417 1434 1435 1453 1447 1440 1440 1440 1430 1419
852.744019 1459 1454 1415 1419 1409 1408 1397 1428 1425 1431 1429 1442 1434 1456 1417 1418 1422
852.822021 1475 1439 1421 1414 1410 1409 1413 1422 1430 1439 1449 1441 1441 1459 1432 1423 1428
852.900024 1462 1432 1439 1418 1398 1407 1407 1419 1428 1432 1444 1435 1438 1450 1439 1424 1429
852.978027 1461 1442 1419 1420 1397 1412 1413 1429 1423 1430 1419 1439 1446 1458 1436 1429 1406
853.05603 1460 1446 1422 1417 1420 1403 1404 1430 1422 1436 1457 1446 1444 1446 1444 1434 1421
853.133972 1467 1447 1439 1425 1425 1406 1407 1415 1436 1421 1446 1450 1446 1433 1430 1444 1429
853.211975 1460 1431 1440 1418 1402 1404 1414 1407 1432 1431 1440 1439 1440 1452 1440 1429 1429
853.289978 1443 1437 1433 1422 1400 1410 1414 1419 1426 1429 1441 1446 1430 1457 1440 1435 1420
853.367981 1461 1452 1422 1419 1408 1406 1396 1422 1424 1449 1451 1440 1441 1446 1446 1436 1426
853.445984 1456 1449 1415 1394 1399 1418 1410 1423 1441 1434 1442 1443 1440 1443 1445 1436 1432
853.523987 1467 1440 1410 1420 1408 1413 1420 1420 1434 1445 1440 1446 1452 1450 1445 1429 1422
853.60199 1471 1433 1440 1419 1394 1421 1409 1418 1445 1432 1440 1446 1452 1439 1430 1435 1425
853.68103 1461 1459 1421 1428 1418 1406 1414 1421 1412 1450 1449 1456 1440 1451 1442 1440 1414
853.758972 1455 1445 1431 1416 1409 1413 1422 1421 1425 1437 1427 1453 1445 1447 1441 1440 1428
853.836975 1462 1433 1438 1436 1404 1408 1413 1423 1442 1456 1452 1449 1435 1448 1437 1425 1426
853.914978 1461 1446 1422 1426 1404 1414 1408 1421 1443 1443 1451 1462 1441 1446 1440 1429 1419
853.992981 1458 1432 1428 1402 1411 1413 1409 1418 1434 1431 1454 1452 1449 1447 1447 1430 1438
854.070984 1464 1445 1429 1417 1397 1419 1425 1433 1441 1439 1461 1448 1452 1443 1432 1411 1423
854.148987 1460 1445 1435 1429 1419 1416 1419 1422 1443 1449 1435 1449 1447 1450 1451 1436 1419
854.22699 1462 1441 1447 1426 1420 1405 1410 1418 1423 1420 1435 1443 1435 1455 1426 1429 1436
854.304993 1456 1443 1433 1412 1406 1410 1413 1426 1434 1441 1439 1441 1446 1453 1448 1435 1446
854.382996 1476 1446 1429 1424 1394 1413 1412 1422 1440 1445 1443 1443 1447 1449 1460 1431 1423
854.460999 1470 1466 1438 1403 1404 1409 1424 1432 1445 1444 1451 1443 1443 1442 1446 1428 1427
854.539001 1470 1437 1433 1416 1409 1408 1414 1431 1426 1431 1447 1429 1463 1453 1454 1429 1415
854.617004 1461 1441 1430 1416 1418 1406 1421 1440 1432 1444 1448 1461 1436 1468 1435 1434 1434
854.695007 1461 1441 1439 1393 1416 1417 1420 1427 1434 1430 1451 1458 1452 1432 1439 1422 1416
854.77301 1475 1452 1431 1415 1411 1412 1430 1434 1439 1426 1451 1453 1443 1453 1463 1433 1423
854.851013 1476 1436 1421 1409 1419 1420 1416 1432 1434 1428 1427 1450 1443 1440 1438 1446 1431
854.929016 1473 1438 1436 1423 1427 1407 1410 1428 1438 1444 1454 1460 1445 1444 1443 1434 1440
855.007019 1485 1442 1439 1432 1412 1423 1422 1425 1432 1452 1443 1461 1429 1440 1444 1426 1448
855.085999 1464 1447 1430 1420 1419 1412 1405 1430 1442 1428 1443 1450 1457 1444 1436 1423 1421
855.164001 1464 1439 1454 1419 1420 1419 1412 1435 1429 1430 1447 1450 1450 1441 1453 1442 1434
855.242004 1476 1448 1434 1424 1420 1412 1426 1416 1451 1457 1460 1462 1464 1435 1446 1437 1432
855.320007 1474 1460 1436 1420 1408 1413 1423 1429 1420 1454 1455 1453 1468 1452 1446 1431 1433
855.39801 1468 1446 1427 1432 1417 1413 1414 1430 1423 1446 1456 1449 1448 1453 1451 1432 1430
855.476013 1471 1444 1439 1418 1420 1411 1416 1440 1447 1436 1450 1455 1455 1459 1441 1447 1431
855.554016 1469 1446 1424 1424 1408 1421 1409 1423 1436 1440 1448 1452 1449 1459 1439 1440 1431
855.632019 1468 1447 1433 1430 1423 1413 1411 1428 1427 1452 1454 1444 1454 1449 1457 1430 1434
855.710022 1458 1447 1440 1414 1421 1413 1406 1430 1435 1457 1468 1446 1466 1459 1454 1459 1420
855.788025 1465 1460 1440 1423 1412 1406 1422 1437 1445 1450 1450 1446 1458 1459 1450 1452 1434
855.866028 1463 1447 1430 1422 1403 1411 1419 1437 1445 1433 1437 1442 1456 1461 1426 1459 1431
855.94397 1467 1445 1433 1420 1417 1401 1419 1434 1432 1447 1441 1457 1446 1472 1438 1445 1437
856.021973 1474 1440 1451 1414 1419 1422 1405 1435 1442 1439 1435 1450 1458 1455 1451 1448 1426
856.099976 1467 1449 1428 1430 1418 1414 1421 1415 1442 1433 1447 1458 1453 1467 1459 1441 1434
856.177979 1477 1442 1434 1421 1416 1409 1412 1430 1447 1442 1464 1451 1453 1459 1455 1444 1422
856.255981 1455 1451 1427 1426 1426 1409 1430 1433 1438 1419 1435 1445 1450 1457 1453 1430 1433
856.333984 1471 1435 1440 1413 1419 1404 1427 1424 1430 1452 1467 1468 1449 1453 1456 1438 1450
856.411987 1472 1453 1437 1411 1416 1421 1424 1424 1427 1437 1435 1457 1462 1459 1457 1441 1426
856.48999 1479 1451 1431 1417 1416 1412 1415 1425 1434 1452 1460 1449 1455 1451 1454 1440 1423
856.567993 1475 1442 1438 1413 1411 1402 1418 1428 1443 1454 1449 1451 1475 1449 1439 1437 1426
856.645996 1479 1461 1438 1415 1419 1427 1414 1424 1444 1445 1460 1447 1459 1463 1452 1447 1428
856.723999 1476 1457 1450 1430 1432 1415 1420 1427 1434 1447 1452 1454 1462 1469 1446 1429 1426
856.802002 1468 1458 1430 1418 1421 1413 1418 1423 1454 1456 1455 1435 1455 1448 1456 1440 1432
856.880005 1473 1444 1435 1414 1416 1412 1421 1457 1440 1427 1448 1449 1463 1464 1438 1434 1428
856.958008 1466 1448 1449 1439 1415 1422 1412 1428 1444 1448 1442 1455 1461 1474 1439 1438 1427
857.036011 1477 1445 1433 1419 1414 1425 1418 1433 1437 1436 1455 1461 1455 1452 1443 1427 1426
857.114014 1466 1454 1437 1431 1416 1417 1413 1420 1443 1452 1432 1447 1448 1459 1453 1449 1437
857.192017 1473 1448 1436 1405 1419 1411 1413 1426 1435 1439 1463 1466 1446 1447 1459 1445 1424
857.27002 1457 1458 1444 1437 1413 1415 1426 1431 1441 1442 1443 1432 1466 1447 1450 1447 1430
857.348022 1481 1442 1430 1432 1425 1432 1427 1429 1441 1452 1439 1451 1450 1454 1447 1426 1429
857.426025 1479 1453 1451 1433 1420 1427 1413 1426 1427 1434 1441 1450 1455 1462 1458 1452 1430
857.504028 1463 1450 1432 1426 1412 1424 1406 1430 1427 1436 1450 1456 1443 1449 1457 1447 1436
857.58197 1478 1452 1454 1432 1412 1417 1429 1421 1440 1432 1447 1450 1455 1462 1450 1442 1434
857.659973 1462 1461 1430 1437 1421 1411 1435 1433 1420 1434 1452 1455 1444 1471 1456 1433 1430
857.737976 1489 1442 1433 1417 1410 1427 1426 1436 1444 1453 1441 1451 1461 1459 1441 1456 1441
857.815979 1471 1451 1444 1417 1416 1425 1431 1438 1427 1442 1452 1450 1455 1447 1446 1436 1445
857.893982 1480 1440 1452 1435 1412 1412 1419 1438 1451 1448 1437 1453 1451 1441 1448 1440 1430
857.971985 1483 1473 1450 1418 1408 1416 1423 1423 1440 1454 1447 1445 1466 1457 1449 1450 1429
858.049988 1464 1456 1435 1418 1415 1420 1426 1427 1427 1460 1460 1461 1472 1452 1437 1439 1436
858.127991 1459 1437 1457 1437 1417 1428 1421 1416 1439 1433 1445 1451 1451 1451 1445 1442 1438
858.205994 1473 1447 1446 1432 1405 1426 1418 1425 1428 1433 1448 1471 1467 1444 1458 1428 1414
858.283997 1462 1460 1436 1422 1427 1424 1413 1438 1443 1422 1468 1452 1461 1457 1457 1436 1422
858.362 1489 1451 1451 1417 1427 1419 1427 1430 1439 1436 1459 1469 1461 1473 1457 1442 1433
858.440002 1475 1457 1438 1431 1420 1410 1427 1429 1435 1439 1448 1458 1460 1467 1445 1435 1423
858.518005 1463 1449 1435 1436 1409 1420 1428 1427 1448 1431 1450 1456 1456 1446 1436 1444 1435
858.596008 1467 1443 1443 1407 1410 1411 1409 1429 1439 1436 1441 1446 1442 1451 1441 1425 1425
858.674011 1482 1447 1439 1416 1429 1400 1418 1440 1431 1442 1437 1448 1451 1470 1449 1445 1423
858.752014 1472 1464 1434 1429 1413 1423 1414 1436 1456 1440 1446 1453 1441 1462 1439 1451 1427
858.830017 1467 1456 1443 1420 1420 1417 1428 1426 1433 1444 1464 1461 1452 1466 1458 1439 1433
858.90802 1478 1451 1443 1441 1420 1413 1425 1424 1426 1455 1454 1461 1452 1459 1453 1449 1442
858.986023 1466 1459 1443 1418 1425 1405 1424 1426 1449 1437 1444 1456 1464 1462 1440 1443 1442
859.064026 1481 1436 1436 1427 1423 1407 1416 1440 1451 1438 1463 1452 1458 1469 1457 1436 1426
859.142029 1462 1459 1439 1428 1408 1409 1433 1427 1446 1428 1447 1449 1451 1465 1462 1441 1432
859.219971 1475 1454 1434 1422 1412 1414 1418 1416 1418 1462 1454 1455 1460 1467 1442 1440 1437
859.297974 1478 1444 1445 1425 1416 1409 1412 1422 1435 1439 1463 1466 1451 1471 1450 1447 1436
859.375977 1481 1457 1430 1415 1417 1422 1430 1436 1435 1437 1449 1458 1458 1463 1455 1444 1430
859.453979 1470 1461 1445 1430 1422 1420 1425 1415 1457 1427 1473 1454 1463 1472 1444 1452 1431
859.531982 1465 1456 1444 1432 1430 1408 1418 1428 1435 1433 1455 1466 1454 1455 1457 1441 1443
859.609985 1481 1462 1441 1433 1423 1417 1425 1435 1430 1445 1435 1446 1458 1463 1456 1450 1431
859.687988 1483 1459 1436 1422 1421 1411 1420 1444 1439 1450 1456 1467 1449 1456 1447 1457 1418
859.765991 1493 1448 1438 1433 1420 1413 1418 1439 1440 1439 1460 1466 1467 1445 1447 1442 1424
859.843994 1466 1452 1453 1421 1395 1411 1424 1410 1438 1454 1457 1464 1465 1445 1471 1438 1425
859.921997 1484 1454 1436 1422 1422 1413 1426 1433 1437 1438 1446 1466 1463 1456 1449 1433 1429
860 1474 1431 1449 1424 1421 1412 1423 1430 1430 1438 1444 1479 1445 1456 1450 1435 1429
860.078003 1471 1472 1436 1430 1443 1408 1419 1439 1450 1444 1455 1455 1455 1448 1447 1442 1440
860.156006 1467 1464 1450 1437 1416 1414 1430 1414 1441 1433 1460 1461 1451 1458 1451 1433 1426
860.234009 1477 1462 1424 1426 1433 1411 1418 1417 1449 1439 1443 1456 1452 1451 1426 1449 1431
860.312012 1469 1457 1434 1432 1421 1404 1410 1424 1441 1444 1457 1460 1467 1457 1454 1446 1441
860.390015 1479 1445 1437 1431 1433 1424 1424 1433 1433 1445 1458 1430 1455 1473 1452 1440 1434
860.468018 1460 1462 1417 1433 1424 1435 1426 1421 1425 1457 1455 1458 1456 1458 1459 1442 1446
860.546021 1490 1465 1449 1441 1413 1414 1420 1437 1433 1436 1450 1479 1461 1459 1444 1444 1430
860.624023 1491 1444 1449 1430 1426 1404 1425 1442 1438 1430 1452 1471 1457 1448 1456 1446 1446
860.702026 1483 1448 1445 1424 1422 1418 1415 1445 1446 1446 1463 1477 1457 1464 1452 1455 1428
860.780029 1478 1458 1448 1422 1421 1418 1429 1418 1444 1445 1460 1467 1458 1459 1445 1432 1441
860.857971 1481 1458 1435 1421 1419 1431 1422 1426 1453 1450 1458 1456 1456 1462 1451 1442 1438
860.935974 1463 1453 1438 1435 1413 1419 1435 1437 1446 1440 1447 1472 1452 1456 1455 1444 1431
861.013977 1470 1450 1448 1425 1424 1419 1415 1432 1451 1438 1449 1455 1459 1466 1451 1447 1429
861.091003 1480 1451 1435 1437 1412 1417 1423 1420 1450 1443 1458 1448 1452 1454 1461 1437 1439
861.169006 1479 1459 1441 1441 1415 1417 1431 1442 1441 1452 1447 1452 1463 1457 1442 1450 1432
861.247009 1493 1469 1439 1429 1424 1418 1425 1447 1447 1447 1454 1461 1455 1456 1446 1446 1437
861.325012 1469 1454 1456 1423 1419 1415 1438 1436 1428 1443 1450 1462 1463 1469 1455 1438 1438
861.403015 1490 1451 1437 1427 1422 1430 1419 1430 1443 1444 1450 1472 1461 1459 1456 1433 1435
861.481018 1476 1450 1435 1428 1417 1427 1418 1423 1448 1452 1453 1466 1477 1457 1457 1443 1425
861.559021 1483 1446 1434 1435 1428 1413 1424 1421 1438 1435 1456 1459 1474 1431 1466 1447 1419
861.637024 1502 1436 1435 1419 1417 1410 1426 1434 1444 1445 1453 1454 1453 1468 1464 1441 1424
861.715027 1466 1463 1442 1423 1426 1426 1423 1433 1454 1455 1447 1467 1460 1462 1467 1447 1423
861.79303 1480 1458 1443 1436 1423 1431 1415 1422 1444 1426 1456 1459 1449 1458 1455 1458 1435
861.870972 1479 1449 1454 1436 1423 1410 1434 1426 1440 1425 1440 1464 1463 1455 1461 1431 1434
861.948975 1472 1452 1433 1439 1411 1420 1430 1425 1443 1452 1449 1461 1453 1460 1440 1455 1424
862.026978 1467 1449 1433 1425 1419 1411 1426 1443 1442 1432 1451 1457 1434 1453 1457 1437 1429
862.10498 1489 1455 1444 1434 1414 1405 1427 1421 1428 1443 1449 1452 1463 1452 1461 1454 1425
862.182983 1482 1456 1437 1432 1420 1412 1427 1424 1434 1442 1456 1473 1459 1464 1464 1437 1435
862.260986 1474 1470 1454 1429 1417 1426 1427 1436 1441 1439 1454 1457 1454 1459 1437 1429 1431
862.338989 1487 1449 1449 1434 1420 1424 1431 1433 1443 1445 1454 1472 1447 1465 1461 1458 1419
862.416992 1486 1463 1443 1412 1420 1409 1421 1443 1452 1443 1449 1455 1449 1465 1451 1428 1428
862.494995 1491 1443 1439 1430 1416 1420 1438 1421 1449 1442 1449 1449 1465 1454 1464 1438 1437
862.572998 1481 1433 1445 1422 1428 1413 1411 1434 1443 1443 1439 1465 1468 1462 1450 1426 1435
862.650024 1483 1470 1440 1429 1423 1426 1428 1428 1433 1435 1449 1447 1445 1448 1457 1442 1439
862.728027 1495 1468 1441 1432 1413 1411 1409 1432 1442 1452 1460 1458 1473 1458 1435 1444 1431
862.80603 1475 1463 1445 1438 1409 1413 1414 1419 1429 1451 1451 1449 1453 1460 1477 1449 1427
862.883972 1478 1458 1459 1441 1424 1408 1432 1427 1433 1433 1449 1454 1454 1457 1464 1439 1434
862.961975 1478 1460 1454 1442 1418 1426 1417 1445 1444 1439 1453 1473 1449 1449 1452 1448 1442
863.039978 1491 1463 1451 1445 1426 1410 1419 1448 1429 1449 1449 1446 1454 1457 1457 1453 1424
863.117981 1476 1466 1434 1432 1411 1426 1415 1425 1445 1466 1455 1461 1460 1446 1443 1426 1449
863.195984 1460 1450 1439 1446 1416 1415 1420 1424 1445 1453 1451 1440 1439 1439 1452 1453 1438
863.273987 1506 1455 1452 1426 1408 1417 1424 1425 1444 1450 1462 1459 1459 1465 1441 1456 1432
863.35199 1482 1443 1447 1435 1424 1419 1419 1439 1445 1448 1453 1452 1450 1448 1433 1448 1431
863.429993 1481 1446 1442 1433 1412 1418 1415 1435 1435 1431 1450 1453 1437 1465 1457 1436 1424
863.507996 1472 1464 1447 1440 1415 1419 1408 1438 1444 1442 1439 1456 1464 1468 1440 1441 1453
863.585999 1468 1444 1436 1430 1414 1413 1424 1442 1428 1446 1450 1453 1443 1462 1459 1445 1420
863.663025 1484 1458 1453 1429 1420 1413 1413 1429 1442 1433 1453 1446 1442 1461 1453 1436 1426
863.741028 1469 1445 1439 1437 1420 1419 1410 1429 1420 1439 1449 1454 1449 1462 1462 1447 1433
863.81897 1487 1461 1456 1441 1419 1401 1411 1431 1446 1444 1453 1450 1456 1450 1447 1439 1436
863.896973 1486 1436 1446 1431 1421 1430 1416 1420 1442 1449 1442 1451 1453 1461 1453 1433 1439
863.974976 1459 1475 1450 1431 1424 1410 1415 1424 1419 1451 1458 1450 1448 1463 1457 1446 1432
864.052979 1495 1441 1438 1420 1413 1406 1418 1430 1436 1439 1456 1435 1462 1468 1432 1450 1426
864.130981 1498 1463 1446 1428 1421 1412 1421 1428 1429 1438 1461 1454 1471 1450 1456 1430 1431
864.208984 1472 1458 1451 1432 1416 1418 1420 1441 1441 1439 1439 1457 1460 1449 1454 1451 1428
864.286987 1474 1465 1452 1425 1432 1422 1416 1417 1437 1436 1447 1452 1441 1456 1447 1440 1440
864.36499 1470 1456 1437 1422 1422 1425 1419 1445 1429 1453 1456 1448 1451 1454 1448 1439 1426
864.442993 1481 1462 1431 1422 1410 1414 1426 1422 1442 1464 1452 1463 1461 1465 1446 1448 1435
864.520996 1467 1452 1464 1445 1417 1416 1420 1439 1438 1452 1431 1453 1451 1456 1441 1443 1433
864.598022 1464 1443 1436 1427 1419 1404 1432 1437 1435 1432 1452 1436 1449 1446 1436 1425 1433
864.676025 1474 1437 1433 1433 1425 1420 1400 1430 1447 1448 1450 1449 1455 1453 1464 1439 1422
864.754028 1478 1463 1436 1444 1409 1401 1413 1429 1444 1446 1439 1452 1456 1450 1459 1426 1449
864.83197 1487 1447 1443 1425 1422 1420 1416 1420 1425 1453 1458 1466 1448 1460 1442 1431 1431
864.909973 1474 1453 1435 1420 1415 1415 1423 1437 1429 1439 1457 1457 1449 1456 1451 1437 1427
864.987976 1472 1482 1439 1436 1418 1407 1419 1438 1420 1433 1438 1450 1432 1468 1444 1441 1432
865.065979 1480 1444 1431 1442 1419 1408 1424 1431 1437 1441 1455 1457 1467 1476 1459 1428 1429
865.143982 1462 1461 1447 1423 1427 1417 1407 1420 1443 1435 1456 1454 1446 1465 1435 1436 1431
865.221985 1470 1464 1435 1414 1414 1419 1409 1426 1425 1440 1452 1441 1456 1457 1449 1444 1420
865.299011 1479 1446 1441 1437 1418 1407 1419 1424 1433 1440 1443 1445 1456 1447 1452 1444 1427
865.377014 1470 1442 1434 1417 1423 1408 1412 1439 1420 1428 1457 1449 1458 1454 1439 1438 1435
865.455017 1489 1460 1430 1420 1422 1416 1413 1414 1419 1434 1444 1453 1460 1453 1447 1437 1424
865.53302 1489 1459 1448 1433 1410 1428 1425 1430 1445 1446 1441 1449 1456 1467 1461 1437 1443
865.611023 1502 1460 1443 1427 1425 1424 1409 1421 1432 1446 1441 1444 1447 1445 1454 1436 1421
865.689026 1464 1470 1426 1434 1428 1404 1431 1429 1442 1440 1455 1447 1453 1449 1458 1451 1426
865.767029 1474 1450 1444 1429 1418 1421 1406 1414 1427 1439 1447 1456 1453 1452 1455 1427 1440
865.844971 1453 1448 1438 1425 1427 1415 1415 1434 1432 1441 1436 1454 1453 1454 1464 1445 1429
865.922974 1485 1451 1423 1423 1408 1409 1409 1436 1437 1440 1457 1430 1450 1457 1441 1434 1420
866 1466 1460 1444 1436 1417 1403 1410 1425 1434 1445 1441 1441 1461 1447 1445 1445 1433
866.078003 1470 1465 1445 1422 1426 1407 1420 1417 1436 1439 1433 1448 1442 1454 1449 1454 1436
866.156006 1474 1452 1443 1418 1417 1427 1410 1427 1446 1444 1446 1437 1445 1445 1441 1440 1432
866.234009 1469 1452 1436 1425 1418 1424 1419 1427 1430 1436 1450 1444 1442 1449 1449 1425 1442
866.312012 1471 1434 1443 1430 1416 1411 1411 1425 1431 1457 1446 1455 1443 1444 1444 1440 1430
866.390015 1472 1460 1425 1431 1424 1405 1410 1415 1440 1434 1445 1450 1464 1444 1446 1418 1429
866.468018 1466 1442 1436 1431 1422 1414 1415 1426 1431 1435 1440 1461 1449 1442 1438 1442 1421
866.546021 1459 1447 1435 1422 1423 1404 1419 1431 1442 1443 1444 1444 1445 1444 1446 1437 1424
866.624023 1468 1449 1442 1417 1413 1409 1412 1422 1422 1437 1440 1453 1435 1460 1457 1448 1417
866.700989 1457 1443 1430 1423 1415 1412 1418 1434 1421 1450 1432 1460 1446 1441 1441 1435 1432
866.778992 1479 1449 1439 1434 1407 1416 1406 1428 1430 1437 1449 1435 1449 1436 1435 1431 1422
866.856995 1478 1439 1435 1422 1412 1405 1406 1426 1433 1453 1448 1450 1440 1455 1443 1441 1420
866.934998 1470 1438 1442 1430 1430 1409 1407 1435 1426 1422 1449 1452 1448 1453 1438 1436 1418
867.013 1472 1458 1429 1415 1410 1419 1407 1420 1424 1445 1435 1459 1452 1451 1453 1439 1424
867.091003 1475 1451 1430 1415 1430 1412 1406 1419 1425 1424 1436 1450 1437 1435 1453 1442 1438
867.169006 1485 1438 1448 1417 1415 1422 1414 1418 1428 1425 1439 1440 1449 1443 1435 1438 1433
867.247009 1462 1461 1437 1423 1413 1405 1414 1412 1429 1432 1446 1462 1429 1450 1443 1436 1410
867.323975 1472 1462 1439 1432 1421 1413 1417 1420 1426 1424 1444 1442 1450 1456 1442 1447 1426
867.401978 1473 1438 1418 1420 1418 1409 1422 1414 1433 1423 1436 1444 1438 1435 1448 1429 1436
867.47998 1477 1426 1430 1423 1418 1396 1417 1417 1422 1440 1444 1449 1452 1443 1452 1436 1424
867.557983 1466 1448 1445 1418 1414 1409 1399 1424 1433 1437 1426 1441 1442 1448 1438 1434 1417
867.635986 1480 1452 1433 1414 1421 1410 1408 1409 1423 1420 1440 1437 1457 1441 1441 1435 1431
867.713989 1488 1444 1425 1423 1411 1411 1403 1419 1437 1428 1441 1453 1451 1445 1436 1451 1420
867.791992 1464 1459 1430 1427 1408 1430 1410 1417 1434 1436 1432 1434 1453 1444 1443 1439 1411
867.869019 1481 1434 1435 1409 1419 1400 1406 1424 1428 1432 1434 1451 1438 1436 1444 1431 1433
867.947021 1485 1450 1430 1425 1401 1400 1412 1419 1425 1420 1438 1451 1432 1448 1444 1437 1429
868.025024 1467 1454 1433 1422 1408 1406 1414 1422 1434 1430 1444 1446 1457 1454 1427 1445 1417
868.103027 1479 1448 1445 1418 1426 1407 1404 1411 1438 1420 1429 1459 1441 1460 1433 1436 1425
868.18103 1485 1449 1446 1422 1406 1413 1402 1417 1413 1423 1426 1436 1446 1438 1454 1422 1417
868.258972 1467 1445 1426 1420 1427 1411 1426 1412 1421 1419 1434 1443 1442 1442 1436 1444 1429
868.335999 1458 1442 1424 1426 1417 1403 1407 1407 1428 1457 1427 1453 1436 1443 1443 1431 1417
868.414001 1465 1433 1420 1422 1416 1406 1407 1438 1429 1435 1438 1431 1440 1444 1444 1433 1424
868.492004 1459 1442 1423 1421 1412 1410 1412 1413 1431 1440 1437 1443 1445 1445 1441 1439 1423
868.570007 1462 1447 1433 1414 1419 1407 1428 1411 1421 1417 1432 1438 1440 1439 1441 1427 1427
868.64801 1477 1446 1443 1422 1410 1401 1395 1417 1426 1428 1435 1433 1442 1446 1432 1424 1414
868.726013 1465 1439 1440 1424 1413 1408 1411 1424 1433 1414 1448 1446 1431 1460 1444 1421 1422
868.804016 1482 1434 1435 1419 1406 1392 1399 1409 1423 1421 1432 1428 1432 1451 1432 1423 1423
868.880981 1468 1434 1448 1421 1411 1410 1417 1421 1430 1436 1443 1444 1425 1443 1432 1422 1414
868.958984 1450 1447 1433 1417 1411 1411 1400 1427 1432 1431 1432 1441 1430 1454 1435 1416 1416
869.036987 1459 1449 1425 1422 1412 1404 1414 1422 1421 1425 1445 1445 1436 1447 1444 1424 1421
869.11499 1473 1446 1437 1423 1405 1409 1409 1425 1426 1425 1435 1425 1442 1449 1438 1420 1431
869.192993 1478 1443 1414 1422 1415 1403 1408 1412 1427 1428 1435 1446 1445 1439 1443 1435 1423
869.270996 1464 1449 1436 1413 1406 1413 1405 1414 1409 1425 1432 1431 1433 1440 1435 1422 1420
869.348022 1464 1459 1440 1414 1394 1403 1399 1417 1424 1426 1440 1420 1452 1459 1441 1443 1424
869.426025 1467 1437 1430 1415 1408 1400 1414 1428 1416 1432 1426 1450 1424 1433 1446 1424 1413
869.504028 1471 1446 1426 1414 1417 1406 1411 1418 1421 1417 1429 1440 1430 1428 1446 1428 1417
869.58197 1447 1444 1427 1421 1406 1408 1399 1410 1419 1423 1428 1434 1441 1436 1430 1423 1428
869.659973 1472 1433 1428 1417 1398 1403 1406 1416 1425 1425 1438 1439 1418 1445 1428 1423 1425
869.737976 1455 1448 1434 1427 1410 1405 1404 1425 1419 1414 1435 1435 1464 1448 1431 1422 1410
869.815002 1472 1444 1424 1411 1412 1409 1402 1421 1429 1419 1442 1432 1448 1439 1429 1430 1415
869.893005 1469 1453 1433 1424 1408 1407 1398 1406 1411 1432 1438 1425 1432 1455 1432 1434 1424
869.971008 1466 1435 1421 1418 1416 1396 1395 1422 1431 1431 1423 1442 1429 1444 1427 1443 1426
870.049011 1466 1451 1433 1406 1404 1406 1406 1406 1421 1431 1418 1426 1427 1432 1433 1419 1410
870.127014 1476 1429 1430 1413 1415 1399 1400 1405 1416 1427 1438 1438 1430 1440 1433 1424 1414
870.205017 1466 1437 1430 1425 1408 1410 1415 1411 1415 1417 1434 1436 1428 1438 1437 1432 1419
870.281982 1454 1435 1435 1415 1412 1397 1406 1417 1412 1420 1439 1442 1426 1443 1439 1417 1424
870.359985 1461 1426 1415 1408 1394 1405 1394 1414 1421 1417 1430 1430 1443 1453 1431 1424 1412
870.437988 1464 1446 1430 1421 1404 1396 1400 1415 1432 1414 1415 1432 1432 1435 1431 1426 1407
870.515991 1471 1437 1426 1396 1402 1407 1416 1421 1424 1421 1416 1430 1431 1440 1440 1428 1418
870.593994 1461 1438 1419 1407 1406 1401 1395 1422 1413 1429 1438 1439 1431 1437 1424 1425 1413
870.671021 1444 1432 1426 1416 1410 1384 1405 1414 1417 1426 1425 1427 1424 1430 1430 1422 1421
870.749023 1468 1452 1433 1411 1413 1393 1398 1412 1408 1417 1426 1429 1436 1436 1435 1430 1419
870.827026 1468 1444 1434 1418 1397 1417 1403 1410 1429 1422 1432 1424 1421 1438 1426 1420 1414
870.905029 1462 1442 1433 1415 1402 1407 1399 1399 1428 1416 1423 1433 1429 1450 1427 1418 1420
870.982971 1465 1449 1444 1411 1401 1401 1397 1403 1423 1422 1426 1443 1426 1446 1435 1434 1410
871.059998 1461 1436 1428 1422 1410 1402 1408 1409 1430 1412 1436 1438 1447 1428 1438 1422 1426
871.138 1461 1436 1435 1409 1411 1403 1415 1417 1411 1431 1432 1448 1426 1444 1442 1421 1408
871.216003 1457 1435 1423 1424 1412 1402 1398 1418 1421 1438 1437 1423 1429 1432 1423 1426 1417
871.294006 1449 1435 1431 1416 1399 1404 1400 1405 1416 1409 1428 1431 1448 1429 1438 1434 1415
871.372009 1455 1433 1423 1423 1413 1403 1397 1413 1412 1422 1436 1425 1419 1439 1425 1417 1413
871.448975 1462 1435 1422 1410 1410 1393 1402 1420 1413 1426 1430 1430 1423 1439 1426 1429 1408
871.526978 1460 1438 1424 1416 1391 1393 1410 1411 1427 1422 1435 1436 1422 1425 1434 1440 1427
871.60498 1475 1433 1423 1415 1417 1404 1407 1430 1433 1414 1437 1423 1423 1443 1430 1412 1413
871.682983 1455 1440 1425 1412 1406 1390 1390 1415 1421 1409 1419 1427 1436 1432 1448 1425 1405
871.760986 1446 1447 1418 1411 1402 1400 1404 1426 1418 1409 1433 1429 1439 1414 1438 1430 1412
871.838013 1467 1442 1434 1404 1405 1400 1386 1412 1403 1420 1431 1421 1437 1451 1433 1427 1423
871.916016 1467 1435 1418 1412 1400 1405 1404 1401 1420 1426 1429 1423 1422 1435 1436 1419 1414
871.994019 1446 1433 1434 1422 1406 1402 1396 1430 1414 1425 1427 1427 1436 1437 1439 1431 1424
872.072021 1482 1445 1422 1408 1403 1392 1390 1420 1432 1418 1431 1425 1424 1433 1437 1423 1415
872.150024 1462 1431 1431 1413 1397 1407 1393 1402 1422 1422 1419 1435 1425 1433 1407 1431 1408
872.22699 1465 1427 1423 1413 1409 1398 1389 1418 1414 1423 1424 1421 1410 1427 1430 1426 1405
872.304993 1436 1444 1427 1413 1400 1412 1400 1420 1425 1418 1439 1435 1429 1437 1438 1428 1419
872.382996 1454 1430 1428 1406 1423 1396 1403 1408 1407 1428 1420 1422 1429 1432 1435 1428 1400
872.460999 1467 1437 1432 1423 1394 1401 1403 1406 1420 1412 1436 1433 1433 1437 1435 1422 1404
872.539001 1442 1441 1419 1407 1400 1406 1394 1414 1407 1417 1431 1423 1424 1430 1418 1414 1406
872.616028 1453 1434 1425 1404 1411 1397 1403 1404 1402 1420 1416 1441 1421 1437 1436 1434 1404
872.69397 1448 1427 1417 1413 1407 1405 1399 1409 1412 1412 1412 1421 1432 1445 1444 1419 1408
872.771973 1451 1437 1445 1413 1409 1400 1404 1414 1427 1411 1435 1430 1438 1439 1441 1418 1414
872.849976 1445 1427 1434 1415 1406 1387 1392 1417 1410 1421 1431 1420 1440 1427 1429 1412 1424
872.927002 1445 1429 1431 1410 1404 1400 1399 1409 1414 1419 1425 1430 1451 1431 1435 1441 1402
873.005005 1456 1428 1421 1411 1396 1398 1396 1406 1405 1415 1433 1414 1417 1449 1423 1419 1425
873.083008 1444 1435 1422 1420 1387 1394 1405 1411 1405 1408 1426 1440 1431 1438 1420 1427 1402
873.161011 1463 1439 1423 1415 1398 1385 1399 1412 1410 1419 1434 1422 1431 1436 1419 1426 1406
873.239014 1445 1435 1422 1408 1406 1386 1402 1421 1418 1422 1433 1429 1442 1442 1423 1408 1417
873.315979 1447 1439 1426 1402 1408 1404 1392 1395 1419 1437 1430 1433 1433 1443 1441 1426 1423
873.393982 1445 1444 1422 1405 1394 1400 1395 1405 1410 1430 1430 1431 1421 1441 1436 1416 1410
873.471985 1447 1425 1424 1414 1395 1391 1393 1417 1412 1427 1416 1421 1440 1428 1429 1422 1421
873.549988 1451 1432 1427 1407 1402 1400 1397 1408 1407 1410 1431 1426 1438 1443 1422 1419 1422
873.627014 1457 1433 1424 1406 1400 1391 1391 1409 1418 1416 1432 1437 1422 1437 1431 1426 1415
873.705017 1454 1424 1433 1421 1391 1405 1409 1410 1415 1421 1422 1425 1432 1434 1408 1410 1415
873.78302 1475 1453 1419 1407 1391 1400 1394 1416 1407 1416 1421 1434 1435 1445 1431 1426 1417
873.861023 1474 1429 1420 1414 1399 1393 1392 1415 1405 1417 1432 1420 1434 1439 1445 1415 1425
873.937988 1445 1433 1423 1402 1410 1390 1384 1419 1413 1410 1437 1434 1429 1435 1416 1422 1409
874.015991 1468 1451 1426 1409 1401 1388 1392 1398 1421 1418 1435 1416 1429 1429 1424 1425 1415
874.093994 1437 1421 1420 1403 1401 1387 1400 1407 1411 1407 1416 1411 1417 1428 1423 1412 1414
874.171997 1445 1437 1440 1409 1409 1400 1391 1420 1410 1424 1424 1420 1447 1427 1424 1418 1402
874.249023 1446 1428 1431 1416 1403 1400 1404 1405 1410 1421 1408 1429 1435 1438 1424 1408 1415
874.327026 1475 1453 1433 1402 1387 1391 1402 1418 1405 1421 1417 1430 1416 1428 1423 1410 1401
874.405029 1457 1438 1431 1412 1403 1404 1383 1420 1418 1428 1425 1423 1421 1423 1417 1435 1389
874.482971 1447 1429 1419 1412 1396 1389 1410 1405 1420 1419 1421 1424 1420 1423 1428 1433 1396
874.559998 1448 1440 1421 1431 1396 1392 1390 1428 1408 1409 1421 1425 1420 1431 1429 1431 1420
874.638 1459 1427 1424 1398 1404 1388 1404 1400 1410 1411 1423 1437 1423 1431 1425 1440 1422
874.716003 1456 1433 1424 1415 1402 1406 1396 1414 1428 1426 1423 1428 1430 1438 1424 1425 1408
874.794006 1443 1437 1421 1414 1398 1398 1400 1403 1411 1411 1402 1433 1422 1441 1435 1432 1419
874.870972 1444 1445 1417 1407 1391 1396 1392 1426 1413 1406 1418 1412 1412 1431 1417 1431 1405
874.948975 1444 1447 1424 1404 1394 1399 1397 1407 1420 1416 1422 1420 1424 1422 1416 1429 1409
875.026978 1453 1426 1436 1397 1388 1386 1391 1406 1402 1415 1416 1443 1421 1427 1423 1412 1423
875.10498 1455 1427 1425 1401 1403 1387 1392 1416 1411 1406 1414 1426 1427 1432 1424 1420 1412
875.182007 1451 1435 1421 1405 1401 1398 1412 1417 1415 1421 1431 1418 1418 1430 1416 1432 1413
875.26001 1448 1429 1422 1414 1399 1387 1392 1419 1403 1419 1417 1441 1411 1430 1428 1413 1413
875.338013 1456 1419 1423 1398 1400 1388 1385 1403 1399 1410 1424 1433 1421 1419 1410 1421 1407
875.416016 1457 1442 1419 1406 1390 1399 1390 1411 1421 1401 1428 1429 1426 1426 1424 1411 1410
875.492981 1442 1431 1425 1414 1402 1393 1402 1416 1421 1414 1421 1432 1425 1425 1438 1417 1407
875.570984 1450 1439 1418 1419 1399 1405 1403 1402 1414 1409 1426 1417 1424 1429 1420 1428 1414
875.648987 1458 1430 1441 1411 1400 1399 1400 1409 1410 1410 1409 1438 1420 1423 1426 1425 1406
875.72699 1442 1419 1427 1414 1397 1405 1380 1411 1413 1416 1414 1424 1421 1433 1424 1413 1407
875.804016 1470 1425 1412 1397 1394 1400 1389 1396 1417 1404 1426 1417 1423 1425 1431 1425 1414
875.882019 1450 1438 1432 1402 1404 1389 1401 1410 1411 1415 1412 1417 1420 1421 1417 1426 1400
875.960022 1463 1430 1411 1400 1402 1401 1394 1409 1413 1422 1424 1416 1433 1426 1426 1417 1402
876.036987 1442 1438 1426 1418 1405 1388 1400 1409 1406 1423 1425 1418 1427 1428 1415 1413 1406
876.11499 1437 1432 1430 1420 1401 1386 1404 1405 1407 1404 1427 1426 1422 1426 1411 1428 1412
876.192993 1461 1428 1408 1413 1381 1385 1384 1397 1404 1414 1421 1425 1426 1427 1421 1419 1416
876.270996 1445 1429 1419 1415 1407 1403 1392 1407 1407 1382 1419 1425 1413 1420 1436 1419 1406
876.348022 1457 1423 1419 1423 1400 1396 1400 1411 1409 1417 1428 1442 1425 1418 1416 1417 1408
876.426025 1450 1434 1432 1399 1410 1400 1401 1401 1412 1410 1411 1432 1422 1419 1417 1416 1415
876.504028 1455 1432 1423 1403 1396 1390 1389 1401 1418 1411 1421 1438 1425 1441 1428 1412 1413
876.58197 1451 1430 1413 1405 1396 1385 1391 1394 1410 1424 1415 1433 1426 1435 1422 1411 1399
876.658997 1443 1424 1415 1419 1417 1391 1395 1404 1407 1411 1436 1414 1412 1414 1442 1421 1418
876.737 1435 1429 1427 1393 1394 1383 1396 1401 1398 1412 1402 1418 1432 1433 1422 1407 1406
876.815002 1442 1422 1404 1411 1395 1397 1390 1407 1412 1424 1422 1428 1422 1420 1442 1416 1406
876.892029 1454 1439 1422 1406 1401 1386 1397 1413 1402 1404 1417 1419 1435 1432 1414 1413 1399
876.969971 1455 1428 1424 1411 1401 1383 1397 1408 1410 1418 1416 1429 1420 1420 1422 1411 1404
877.047974 1443 1417 1426 1403 1397 1388 1383 1408 1417 1400 1414 1407 1417 1430 1404 1417 1409
877.125977 1456 1432 1422 1396 1394 1381 1396 1414 1411 1409 1414 1428 1425 1423 1410 1417 1421
877.203003 1451 1436 1430 1401 1395 1391 1383 1393 1404 1417 1411 1417 1423 1414 1420 1421 1414
877.281006 1449 1426 1410 1404 1422 1401 1394 1396 1406 1427 1417 1420 1415 1432 1424 1407 1404
877.359009 1444 1420 1414 1403 1402 1402 1391 1407 1407 1420 1416 1406 1425 1439 1416 1412 1400
877.435974 1443 1429 1423 1406 1384 1388 1392 1393 1400 1395 1413 1428 1421 1418 1415 1420 1407
877.513977 1456 1438 1418 1397 1393 1390 1392 1404 1405 1419 1410 1425 1428 1415 1425 1401 1407
877.59198 1442 1429 1430 1406 1387 1393 1395 1411 1419 1410 1423 1424 1426 1429 1416 1415 1412
877.669006 1461 1420 1415 1395 1403 1391 1405 1398 1409 1412 1419 1422 1424 1416 1414 1408 1404
877.747009 1435 1439 1415 1405 1390 1400 1391 1398 1410 1395 1410 1420 1418 1437 1428 1411 1413
877.825012 1441 1413 1415 1399 1406 1388 1377 1405 1403 1409 1403 1408 1401 1432 1424 1405 1401
877.903015 1439 1430 1426 1390 1386 1404 1395 1397 1412 1409 1408 1402 1428 1421 1413 1411 1405
877.97998 1458 1427 1410 1399 1401 1372 1386 1407 1403 1403 1412 1412 1414 1424 1419 1416 1405
878.057983 1435 1443 1412 1397 1392 1384 1394 1399 1406 1421 1425 1425 1424 1418 1426 1401 1404
878.135986 1452 1426 1404 1392 1402 1389 1389 1404 1397 1410 1415 1407 1424 1421 1426 1405 1403
878.213013 1450 1424 1420 1418 1383 1394 1399 1399 1406 1415 1403 1416 1428 1424 1419 1414 1397
878.291016 1452 1423 1417 1412 1398 1393 1394 1393 1418 1409 1423 1418 1417 1416 1415 1404 1404
878.369019 1456 1421 1423 1396 1411 1404 1393 1392 1423 1411 1412 1408 1429 1428 1426 1408 1400
878.445984 1430 1419 1406 1399 1400 1388 1387 1407 1400 1411 1406 1415 1415 1409 1423 1406 1408
878.523987 1441 1425 1417 1393 1389 1397 1385 1399 1398 1412 1417 1419 1414 1420 1423 1414 1403
878.60199 1444 1426 1414 1398 1390 1390 1400 1400 1399 1416 1422 1423 1418 1422 1415 1412 1400
878.679016 1438 1424 1409 1404 1390 1386 1370 1402 1412 1414 1415 1412 1423 1434 1405 1404 1406
878.757019 1446 1417 1407 1414 1386 1388 1392 1403 1402 1399 1415 1412 1424 1424 1410 1434 1406
878.835022 1450 1428 1423 1397 1398 1380 1391 1402 1411 1407 1419 1413 1425 1418 1412 1409 1399
878.911987 1442 1426 1419 1402 1385 1394 1395 1400 1407 1421 1406 1422 1410 1404 1417 1406 1415
878.98999 1441 1434 1402 1396 1396 1391 1396 1398 1408 1423 1417 1410 1404 1419 1432 1425 1395
879.067993 1443 1415 1430 1407 1394 1398 1392 1413 1422 1406 1414 1423 1406 1419 1409 1405 1397
879.145996 1444 1425 1417 1401 1387 1378 1403 1393 1407 1404 1405 1413 1421 1408 1414 1414 1405
879.223022 1448 1434 1404 1391 1403 1385 1393 1404 1415 1408 1415 1429 1416 1425 1415 1404 1398
879.301025 1437 1416 1425 1409 1390 1381 1393 1396 1400 1410 1418 1415 1412 1424 1408 1423 1396
879.379028 1456 1408 1407 1417 1391 1376 1390 1400 1390 1410 1405 1423 1424 1423 1406 1409 1397
879.455994 1447 1423 1414 1404 1394 1380 1398 1393 1415 1417 1427 1429 1423 1423 1412 1409 1408
879.533997 1429 1413 1413 1405 1395 1379 1385 1395 1407 1415 1412 1417 1400 1420 1418 1393 1410
879.612 1430 1417 1420 1394 1389 1388 1396 1394 1408 1412 1429 1423 1421 1431 1415 1396 1415
879.689026 1455 1418 1422 1414 1395 1386 1386 1401 1395 1410 1407 1415 1416 1406 1410 1403 1404
879.767029 1446 1420 1419 1389 1385 1390 1384 1402 1402 1414 1410 1414 1417 1424 1418 1411 1399
879.844971 1445 1418 1418 1405 1391 1407 1384 1393 1400 1407 1427 1415 1416 1412 1409 1397 1402
879.921997 1453 1429 1419 1401 1394 1384 1383 1408 1396 1391 1420 1415 1413 1418 1417 1414 1392
880 1457 1417 1406 1404 1390 1387 1387 1399 1409 1403 1412 1416 1418 1414 1413 1393 1402
880.078003 1440 1422 1403 1405 1396 1403 1381 1398 1390 1408 1411 1404 1411 1424 1418 1409 1404
880.155029 1437 1424 1418 1396 1387 1391 1381 1399 1420 1409 1409 1424 1417 1425 1410 1409 1412
880.232971 1442 1426 1411 1407 1393 1382 1388 1398 1399 1392 1411 1407 1415 1411 1416 1408 1401
880.309998 1446 1417 1417 1415 1386 1374 1384 1389 1401 1417 1409 1418 1415 1411 1413 1396 1403
880.388 1459 1431 1405 1408 1383 1383 1405 1410 1398 1404 1412 1425 1412 1409 1415 1406 1408
880.466003 1441 1416 1428 1412 1394 1397 1396 1388 1387 1407 1403 1433 1402 1407 1418 1403 1413
880.54303 1422 1400 1419 1411 1383 1403 1391 1400 1395 1398 1409 1412 1409 1417 1405 1400 1405
880.620972 1440 1415 1416 1397 1398 1387 1381 1396 1390 1418 1416 1418 1424 1412 1409 1411 1400
880.698975 1447 1433 1400 1399 1391 1389 1392 1399 1399 1402 1402 1407 1409 1431 1409 1401 1404
880.776001 1431 1427 1411 1400 1396 1388 1393 1392 1383 1419 1414 1401 1424 1414 1421 1406 1386
880.854004 1437 1424 1419 1407 1394 1395 1387 1402 1393 1406 1410 1428 1427 1416 1412 1403 1398
880.932007 1446 1416 1410 1410 1384 1393 1382 1397 1390 1400 1406 1416 1419 1417 1400 1405 1401
881.008972 1440 1434 1419 1397 1396 1394 1397 1395 1401 1400 1420 1405 1419 1432 1410 1403 1406
881.086975 1439 1428 1417 1411 1385 1380 1385 1401 1396 1419 1392 1410 1410 1423 1398 1413 1401
881.164978 1444 1425 1416 1400 1392 1389 1388 1394 1413 1394 1412 1408 1424 1421 1410 1404 1397
881.242004 1448 1418 1408 1407 1386 1380 1385 1390 1397 1396 1409 1405 1413 1426 1413 1414 1393
881.320007 1442 1424 1425 1400 1392 1389 1391 1398 1413 1394 1404 1408 1406 1420 1406 1421 1405
881.39801 1454 1423 1409 1395 1402 1387 1384 1414 1394 1399 1409 1409 1417 1405 1410 1407 1397
881.474976 1447 1416 1408 1400 1401 1391 1389 1401 1393 1403 1400 1414 1415 1416 1396 1410 1400
881.552979 1453 1412 1425 1391 1405 1379 1401 1401 1404 1403 1406 1424 1408 1413 1406 1405 1394
881.630005 1448 1411 1405 1396 1393 1398 1388 1396 1406 1399 1390 1407 1408 1411 1410 1398 1392
881.708008 1453 1433 1412 1385 1393 1384 1395 1400 1409 1412 1402 1419 1422 1424 1416 1402 1403
881.786011 1448 1415 1412 1396 1405 1394 1390 1403 1405 1404 1407 1400 1420 1426 1421 1401 1389
881.862976 1453 1420 1422 1407 1395 1400 1386 1394 1400 1403 1417 1413 1414 1425 1408 1412 1386
881.940979 1443 1433 1416 1399 1387 1387 1391 1394 1406 1406 1420 1413 1419 1435 1417 1409 1401
882.018982 1437 1429 1406 1388 1398 1387 1387 1404 1403 1407 1427 1407 1407 1410 1410 1402 1403
882.096008 1438 1417 1412 1398 1390 1391 1391 1393 1401 1407 1405 1405 1420 1427 1402 1399 1408
882.174011 1451 1430 1406 1393 1380 1380 1389 1394 1395 1413 1404 1413 1406 1412 1411 1390 1402
882.250977 1433 1422 1410 1393 1399 1384 1386 1397 1385 1407 1390 1415 1410 1431 1417 1410 1385
882.328979 1451 1429 1418 1399 1389 1385 1381 1387 1398 1400 1404 1400 1416 1420 1415 1410 1412
882.406982 1444 1434 1400 1402 1394 1389 1379 1399 1395 1408 1419 1424 1404 1425 1410 1403 1396
882.484009 1428 1418 1411 1403 1378 1380 1383 1389 1403 1393 1409 1413 1413 1413 1407 1402 1402
882.562012 1438 1418 1417 1396 1390 1380 1381 1390 1399 1398 1409 1414 1412 1409 1411 1403 1404
882.640015 1444 1428 1415 1399 1386 1380 1367 1392 1411 1401 1416 1413 1408 1410 1413 1403 1397
882.71698 1432 1410 1404 1394 1393 1386 1383 1385 1388 1393 1404 1403 1407 1418 1407 1408 1407
882.794983 1422 1413 1414 1393 1390 1383 1379 1394 1387 1398 1413 1392 1407 1421 1398 1404 1402
882.872009 1441 1418 1406 1393 1394 1380 1390 1408 1399 1403 1400 1426 1413 1411 1410 1396 1402
882.950012 1428 1410 1414 1400 1383 1389 1384 1395 1405 1400 1419 1406 1412 1427 1409 1409 1396
883.028015 1440 1434 1402 1397 1387 1377 1376 1394 1392 1396 1403 1407 1399 1404 1417 1389 1395
883.10498 1433 1425 1409 1403 1392 1377 1387 1386 1398 1404 1399 1401 1418 1419 1405 1392 1396
883.182983 1428 1416 1414 1399 1396 1381 1379 1390 1396 1416 1414 1426 1409 1407 1408 1414 1394
883.26001 1435 1408 1406 1406 1383 1381 1382 1397 1400 1402 1416 1412 1403 1409 1413 1402 1394
883.338013 1448 1427 1422 1395 1387 1381 1387 1381 1399 1413 1408 1407 1410 1405 1415 1406 1388
883.416016 1429 1423 1427 1392 1378 1385 1391 1402 1401 1398 1404 1417 1409 1417 1416 1406 1394
883.492981 1429 1415 1411 1399 1393 1375 1386 1384 1397 1392 1405 1411 1410 1413 1407 1401 1385
883.570984 1450 1418 1396 1396 1378 1385 1390 1395 1401 1398 1411 1409 1416 1406 1410 1397 1392
883.64801 1436 1423 1415 1407 1390 1395 1377 1395 1387 1402 1401 1403 1403 1407 1413 1391 1397
883.726013 1428 1421 1409 1396 1390 1379 1387 1395 1393 1396 1395 1408 1411 1411 1409 1397 1403
883.804016 1439 1424 1410 1404 1393 1385 1387 1399 1400 1398 1416 1410 1403 1405 1410 1403 1399
883.880981 1438 1423 1408 1396 1393 1370 1384 1387 1399 1397 1404 1404 1409 1411 1407 1415 1403
883.958984 1441 1416 1402 1383 1386 1377 1393 1390 1397 1397 1393 1401 1419 1414 1396 1391 1391
884.036011 1426 1418 1403 1394 1402 1386 1377 1392 1391 1397 1406 1425 1407 1411 1422 1406 1414
884.114014 1440 1410 1411 1400 1383 1387 1375 1382 1412 1403 1399 1402 1426 1410 1400 1391 1405
884.192017 1423 1413 1400 1392 1388 1390 1370 1404 1401 1405 1406 1398 1403 1414 1406 1412 1395
884.268982 1433 1425 1407 1408 1392 1382 1381 1393 1399 1392 1402 1404 1406 1415 1418 1409 1388
884.346985 1426 1406 1402 1396 1389 1383 1383 1384 1400 1393 1390 1408 1405 1408 1398 1402 1393
884.424011 1439 1398 1400 1390 1381 1399 1381 1391 1390 1389 1391 1390 1416 1403 1405 1407 1400
884.502014 1436 1407 1409 1387 1398 1381 1382 1411 1395 1406 1396 1407 1400 1414 1399 1395 1406
884.580017 1431 1421 1417 1396 1388 1378 1389 1395 1393 1402 1403 1415 1414 1416 1412 1393 1392
884.656982 1439 1420 1407 1382 1376 1384 1387 1397 1403 1403 1398 1407 1411 1427 1413 1416 1401
884.734985 1429 1420 1409 1392 1395 1385 1389 1398 1404 1404 1402 1411 1410 1410 1401 1402 1398
884.812012 1434 1420 1397 1399 1392 1382 1390 1388 1391 1406 1395 1413 1403 1401 1397 1401 1393
884.890015 1441 1422 1412 1394 1379 1382 1380 1382 1395 1398 1399 1400 1408 1390 1405 1394 1399
884.96698 1435 1430 1396 1391 1389 1379 1372 1397 1387 1393 1407 1395 1399 1406 1422 1405 1391
885.044983 1419 1416 1425 1408 1392 1384 1387 1392 1385 1391 1398 1408 1405 1406 1418 1396 1389
885.122986 1432 1399 1400 1396 1392 1390 1376 1385 1401 1407 1394 1412 1412 1400 1409 1398 1384
885.200012 1421 1422 1409 1397 1400 1381 1382 1405 1375 1415 1405 1403 1398 1413 1412 1405 1405
885.278015 1435 1417 1402 1410 1374 1371 1371 1393 1400 1391 1401 1392 1403 1416 1417 1398 1387
885.35498 1440 1414 1404 1396 1371 1381 1388 1404 1392 1397 1404 1409 1421 1407 1408 1397 1378
885.432983 1437 1423 1397 1397 1381 1388 1386 1387 1388 1404 1394 1410 1403 1415 1406 1409 1398
885.51001 1443 1418 1412 1397 1374 1386 1374 1393 1394 1398 1398 1402 1408 1406 1391 1395 1393
885.588013 1440 1412 1401 1398 1389 1378 1381 1382 1393 1391 1413 1401 1404 1397 1402 1389 1406
885.666016 1434 1407 1400 1387 1383 1383 1376 1382 1402 1401 1398 1397 1396 1398 1408 1408 1386
885.742981 1425 1421 1399 1404 1396 1372 1389 1387 1384 1398 1394 1412 1399 1409 1405 1407 1395
885.820984 1430 1407 1400 1383 1377 1388 1375 1402 1386 1406 1392 1404 1397 1398 1408 1405 1394
885.89801 1425 1422 1406 1380 1385 1379 1375 1377 1399 1387 1396 1387 1404 1407 1409 1399 1406
885.976013 1440 1407 1399 1387 1380 1372 1383 1387 1387 1394 1401 1398 1398 1403 1415 1398 1394
886.052979 1422 1414 1403 1389 1389 1374 1380 1385 1383 1405 1400 1404 1404 1414 1412 1394 1400
886.130981 1432 1419 1411 1390 1383 1370 1374 1382 1391 1401 1403 1399 1391 1413 1400 1408 1391
886.208008 1433 1406 1407 1395 1393 1377 1392 1379 1384 1391 1401 1400 1408 1409 1404 1388 1395
886.286011 1426 1414 1395 1393 1382 1375 1386 1394 1390 1400 1392 1400 1396 1406 1393 1405 1389
886.364014 1433 1410 1403 1392 1394 1390 1383 1375 1381 1381 1418 1403 1398 1400 1399 1394 1390
886.440979 1434 1400 1392 1393 1382 1377 1392 1395 1393 1399 1397 1402 1392 1395 1399 1392 1385
886.518982 1421 1418 1392 1398 1384 1379 1381 1388 1388 1395 1398 1398 1399 1408 1419 1396 1385
886.596008 1435 1412 1393 1400 1384 1380 1375 1392 1380 1389 1405 1401 1420 1407 1407 1398 1383
886.674011 1435 1419 1420 1381 1385 1372 1378 1393 1386 1391 1401 1404 1398 1406 1396 1397 1392
886.750977 1434 1412 1415 1385 1384 1373 1396 1388 1377 1388 1403 1398 1408 1412 1395 1399 1374
886.828979 1428 1413 1402 1385 1379 1372 1385 1398 1374 1382 1389 1394 1400 1414 1408 1396 1392
886.906006 1432 1407 1411 1388 1391 1380 1387 1384 1392 1389 1386 1395 1400 1405 1406 1397 1385
886.984009 1433 1415 1405 1389 1381 1387 1377 1384 1402 1385 1394 1406 1393 1403 1414 1395 1393
887.060974 1430 1413 1400 1387 1381 1371 1365 1386 1373 1396 1383 1399 1401 1403 1397 1402 1383
887.138977 1432 1398 1409 1384 1372 1376 1354 1389 1379 1397 1415 1407 1400 1403 1401 1401 1389
887.21698 1434 1411 1397 1384 1383 1384 1374 1380 1389 1389 1407 1404 1397 1406 1408 1390 1380
887.294006 1430 1421 1404 1385 1384 1373 1383 1404 1387 1384 1396 1401 1400 1396 1414 1404 1395
887.372009 1424 1403 1400 1390 1378 1375 1384 1372 1386 1387 1378 1406 1398 1410 1408 1396 1373
887.448975 1426 1413 1393 1399 1383 1391 1377 1389 1388 1388 1401 1401 1397 1402 1404 1400 1398
887.526978 1419 1421 1400 1386 1381 1382 1368 1377 1392 1385 1393 1384 1393 1394 1390 1388 1389
887.604004 1431 1410 1406 1385 1371 1370 1371 1383 1391 1387 1400 1413 1403 1404 1400 1393 1393
887.682007 1415 1417 1399 1399 1384 1379 1379 1398 1386 1392 1395 1398 1406 1410 1401 1398 1377
887.758972 1430 1401 1407 1386 1378 1392 1377 1383 1381 1402 1398 1403 1389 1404 1401 1399 1385
887.836975 1416 1414 1399 1389 1375 1378 1370 1388 1386 1404 1381 1390 1399 1395 1393 1398 1389
887.914001 1443 1420 1402 1395 1391 1371 1378 1379 1389 1388 1401 1399 1405 1403 1394 1398 1394
887.992004 1434 1411 1402 1388 1379 1372 1358 1387 1398 1392 1392 1389 1396 1401 1412 1394 1395
888.06897 1429 1405 1398 1390 1378 1378 1371 1387 1390 1396 1394 1401 1394 1395 1388 1392 1388
888.146973 1432 1401 1397 1384 1379 1372 1386 1371 1389 1387 1393 1388 1402 1395 1418 1392 1391
888.223999 1428 1413 1401 1387 1390 1369 1375 1386 1380 1370 1390 1398 1387 1405 1410 1394 1383
888.302002 1421 1429 1386 1391 1376 1355 1376 1385 1386 1382 1392 1411 1391 1405 1400 1391 1386
888.379028 1432 1405 1398 1386 1379 1373 1374 1371 1397 1371 1383 1397 1395 1405 1396 1382 1382
888.45697 1423 1402 1395 1376 1370 1376 1370 1385 1384 1386 1388 1388 1392 1407 1394 1382 1387
888.533997 1410 1422 1389 1379 1378 1370 1380 1366 1386 1389 1398 1392 1399 1403 1402 1388 1394
888.612 1425 1412 1395 1394 1376 1376 1373 1376 1397 1385 1400 1395 1400 1408 1393 1392 1384
888.690002 1430 1402 1403 1383 1376 1374 1371 1387 1390 1375 1390 1393 1392 1395 1395 1386 1400
888.767029 1424 1409 1395 1377 1381 1361 1382 1387 1385 1393 1400 1394 1385 1404 1386 1385 1391
888.843994 1417 1382 1415 1390 1367 1379 1378 1386 1380 1382 1391 1387 1396 1402 1406 1381 1390
888.921997 1417 1410 1391 1380 1372 1366 1366 1370 1381 1384 1382 1387 1388 1392 1385 1393 1379
889 1435 1406 1400 1383 1375 1376 1374 1380 1381 1388 1398 1397 1389 1413 1398 1378 1391
889.077026 1417 1394 1393 1391 1375 1373 1367 1372 1387 1392 1382 1401 1397 1401 1400 1388 1388
889.155029 1412 1403 1384 1382 1374 1366 1363 1384 1377 1400 1386 1392 1383 1401 1395 1386 1374
889.231995 1422 1399 1401 1384 1368 1374 1365 1369 1378 1389 1388 1384 1387 1392 1403 1383 1384
889.309998 1406 1410 1386 1379 1372 1368 1372 1383 1384 1385 1386 1390 1393 1393 1391 1386 1384
889.387024 1409 1392 1390 1373 1369 1371 1366 1372 1384 1375 1393 1391 1401 1389 1392 1386 1375
889.465027 1422 1388 1387 1383 1374 1370 1375 1380 1385 1381 1379 1375 1386 1397 1391 1386 1393
889.541992 1425 1404 1381 1377 1373 1365 1374 1382 1373 1381 1388 1396 1400 1392 1399 1391 1389
889.619995 1414 1398 1390 1378 1379 1366 1370 1380 1382 1383 1387 1393 1392 1391 1376 1390 1374
889.697021 1403 1400 1397 1385 1369 1364 1367 1376 1384 1389 1393 1388 1388 1385 1393 1383 1383
889.773987 1410 1377 1378 1377 1375 1377 1379 1372 1384 1392 1393 1373 1388 1389 1398 1385 1379
889.85199 1413 1391 1388 1378 1357 1382 1366 1376 1383 1386 1377 1390 1390 1395 1379 1393 1367
889.929993 1418 1416 1383 1368 1368 1362 1361 1379 1384 1381 1376 1403 1383 1391 1379 1382 1375
890.007019 1419 1405 1381 1375 1360 1371 1365 1386 1378 1376 1376 1389 1385 1386 1386 1387 1378
890.083984 1424 1401 1393 1384 1376 1369 1372 1378 1385 1377 1398 1377 1395 1393 1377 1381 1384
890.161987 1396 1402 1389 1380 1380 1366 1364 1374 1368 1387 1386 1390 1389 1392 1385 1381 1391
890.239014 1425 1403 1385 1375 1385 1362 1375 1374 1379 1379 1372 1393 1379 1395 1386 1384 1373
890.317017 1422 1392 1387 1378 1367 1362 1367 1375 1373 1374 1380 1383 1391 1398 1378 1388 1384
890.393982 1410 1396 1388 1378 1387 1368 1375 1369 1388 1375 1380 1385 1394 1382 1397 1385 1375
890.471985 1418 1396 1387 1381 1368 1356 1358 1375 1381 1380 1370 1379 1391 1396 1387 1387 1390
890.549011 1411 1387 1383 1366 1373 1365 1370 1372 1377 1373 1376 1382 1384 1394 1382 1389 1374
890.627014 1423 1385 1379 1373 1372 1367 1366 1378 1378 1373 1376 1394 1382 1395 1390 1385 1383
890.703979 1413 1390 1395 1379 1373 1361 1374 1376 1375 1392 1385 1391 1384 1399 1388 1382 1375
890.781982 1406 1399 1396 1373 1369 1367 1364 1380 1374 1386 1376 1394 1384 1387 1386 1376 1367
890.859009 1421 1402 1387 1364 1367 1364 1366 1368 1383 1374 1375 1389 1381 1394 1392 1380 1368
890.937012 1407 1393 1396 1385 1366 1384 1376 1380 1385 1391 1379 1377 1385 1389 1387 1388 1372
891.013977 1412 1392 1387 1380 1373 1363 1370 1375 1380 1375 1382 1388 1385 1381 1386 1387 1377
891.09198 1421 1401 1376 1383 1367 1359 1370 1375 1382 1381 1390 1382 1386 1381 1382 1375 1380
891.169006 1415 1395 1367 1371 1381 1361 1372 1382 1379 1378 1382 1389 1395 1384 1391 1377 1385
891.247009 1408 1391 1385 1371 1367 1375 1366 1376 1383 1387 1381 1383 1385 1388 1379 1380 1381
891.323975 1408 1394 1375 1384 1367 1368 1365 1365 1387 1372 1386 1391 1391 1386 1390 1391 1366
891.401001 1409 1391 1398 1371 1367 1377 1357 1382 1364 1381 1382 1381 1391 1374 1387 1387 1374
891.479004 1418 1396 1385 1378 1378 1365 1369 1368 1372 1381 1395 1380 1386 1397 1402 1389 1382
891.55603 1422 1403 1384 1375 1368 1363 1365 1383 1372 1371 1375 1383 1390 1377 1394 1381 1371
891.633972 1411 1400 1385 1377 1373 1371 1369 1367 1372 1383 1382 1383 1385 1384 1384 1385 1378
891.710999 1400 1394 1395 1377 1365 1368 1377 1370 1379 1388 1384 1387 1395 1392 1386 1379 1378
891.789001 1424 1383 1386 1378 1370 1355 1369 1379 1369 1380 1373 1392 1385 1388 1387 1380 1371
891.866028 1412 1391 1381 1371 1364 1362 1357 1360 1377 1372 1383 1380 1387 1382 1379 1384 1382
891.94397 1392 1400 1388 1384 1369 1364 1348 1367 1365 1374 1390 1376 1396 1387 1394 1375 1374
892.020996 1403 1392 1374 1381 1372 1362 1366 1372 1378 1379 1377 1383 1386 1390 1396 1375 1377
892.098999 1399 1400 1376 1367 1371 1363 1364 1369 1368 1385 1370 1384 1374 1382 1386 1380 1369
892.176025 1421 1390 1383 1380 1363 1367 1371 1367 1391 1376 1378 1387 1383 1385 1377 1363 1377
892.252991 1424 1386 1389 1379 1372 1359 1379 1376 1372 1373 1375 1391 1388 1381 1387 1379 1380
892.330994 1394 1396 1389 1371 1368 1368 1358 1376 1373 1378 1366 1382 1385 1386 1378 1388 1370
892.40802 1404 1387 1375 1385 1372 1367 1360 1365 1372 1375 1386 1381 1387 1384 1386 1383 1378
892.486023 1400 1389 1388 1377 1366 1357 1358 1363 1370 1380 1374 1388 1393 1394 1394 1379 1379
892.562988 1403 1398 1378 1368 1378 1362 1375 1380 1384 1378 1380 1379 1379 1389 1383 1376 1368
892.640991 1397 1396 1378 1378 1371 1354 1353 1378 1375 1357 1378 1391 1372 1381 1388 1371 1369
892.718018 1418 1396 1395 1381 1376 1354 1374 1371 1370 1379 1381 1397 1382 1372 1376 1380 1359
892.796021 1399 1388 1387 1371 1372 1354 1365 1376 1378 1364 1378 1385 1392 1384 1381 1381 1377
892.872986 1407 1388 1390 1373 1373 1385 1367 1362 1373 1374 1380 1392 1385 1384 1383 1382 1376
892.950012 1414 1385 1394 1376 1369 1363 1356 1381 1362 1381 1364 1379 1378 1386 1394 1384 1376
893.028015 1409 1388 1386 1379 1375 1364 1367 1367 1369 1378 1370 1378 1388 1379 1393 1371 1378
893.10498 1399 1394 1387 1368 1370 1351 1357 1364 1372 1369 1376 1391 1403 1392 1390 1374 1375
893.182983 1389 1397 1388 1369 1379 1344 1352 1381 1374 1371 1378 1379 1367 1397 1392 1388 1364
893.26001 1406 1400 1392 1371 1370 1363 1368 1362 1382 1366 1374 1382 1377 1373 1393 1374 1367
893.338013 1416 1390 1393 1375 1363 1361 1365 1380 1373 1380 1377 1374 1382 1382 1366 1372 1367
893.414978 1407 1385 1393 1365 1361 1367 1359 1382 1367 1382 1386 1389 1383 1373 1389 1372 1376
893.492004 1399 1386 1389 1364 1378 1350 1373 1358 1369 1382 1372 1375 1390 1368 1371 1375 1373
893.570007 1392 1396 1383 1375 1366 1360 1360 1371 1368 1368 1369 1379 1390 1390 1381 1380 1372
893.646973 1415 1392 1378 1374 1369 1362 1355 1364 1373 1366 1381 1378 1383 1380 1376 1386 1374
893.724976 1409 1381 1373 1371 1369 1359 1362 1374 1367 1378 1379 1376 1382 1386 1373 1379 1373
893.802002 1415 1395 1379 1368 1356 1357 1364 1369 1380 1378 1385 1375 1388 1375 1377 1383 1374
893.880005 1407 1395 1388 1371 1357 1356 1356 1368 1382 1368 1372 1372 1374 1393 1387 1371 1372
893.95697 1403 1395 1389 1375 1373 1363 1365 1371 1370 1368 1371 1376 1386 1378 1383 1388 1373
894.033997 1411 1388 1394 1376 1368 1357 1357 1375 1382 1366 1375 1383 1381 1391 1365 1374 1365
894.112 1402 1395 1387 1367 1359 1360 1361 1365 1369 1371 1380 1381 1382 1375 1393 1371 1376
894.189026 1406 1396 1380 1369 1363 1358 1360 1369 1374 1379 1378 1379 1373 1385 1381 1378 1369
894.267029 1408 1392 1387 1370 1363 1369 1366 1366 1366 1385 1373 1377 1375 1378 1379 1359 1371
894.343994 1412 1390 1384 1363 1373 1362 1365 1373 1369 1377 1382 1378 1378 1377 1382 1371 1373
894.421021 1396 1384 1382 1365 1360 1350 1370 1379 1379 1365 1371 1381 1390 1377 1374 1381 1365
894.499023 1401 1393 1386 1371 1355 1355 1357 1376 1376 1368 1378 1380 1384 1370 1370 1382 1362
894.575989 1393 1384 1384 1363 1363 1367 1364 1362 1369 1373 1375 1372 1363 1376 1384 1377 1367
894.653992 1405 1401 1375 1377 1362 1351 1353 1373 1370 1368 1377 1373 1385 1388 1367 1355 1373
894.731018 1398 1397 1380 1367 1365 1355 1357 1366 1366 1370 1367 1378 1382 1381 1385 1372 1361
894.807983 1416 1392 1385 1365 1356 1370 1360 1375 1364 1366 1377 1382 1374 1379 1380 1380 1372
894.885986 1404 1383 1380 1379 1360 1349 1347 1369 1370 1375 1368 1381 1376 1385 1370 1375 1368
894.963013 1401 1390 1379 1364 1354 1359 1366 1366 1364 1373 1376 1383 1372 1381 1374 1373 1359
895.041016 1405 1390 1380 1371 1355 1353 1360 1360 1364 1363 1375 1371 1380 1391 1381 1369 1369
895.117981 1405 1397 1373 1358 1351 1360 1371 1362 1366 1372 1373 1362 1377 1371 1377 1388 1367
895.195007 1412 1390 1376 1369 1356 1351 1359 1371 1367 1364 1378 1370 1383 1387 1376 1368 1358
895.27301 1389 1385 1373 1372 1353 1361 1353 1368 1371 1380 1367 1369 1377 1382 1363 1377 1367
895.349976 1403 1392 1377 1369 1367 1362 1361 1376 1373 1369 1377 1376 1387 1388 1375 1369 1370
895.427979 1401 1388 1377 1364 1352 1355 1357 1365 1360 1360 1364 1384 1360 1376 1362 1374 1361
895.505005 1390 1388 1395 1367 1352 1360 1366 1362 1372 1371 1367 1383 1369 1375 1391 1370 1364
895.58197 1405 1374 1382 1364 1355 1347 1353 1357 1366 1360 1371 1378 1365 1383 1378 1366 1358
895.659973 1408 1387 1379 1360 1362 1356 1353 1368 1371 1365 1376 1372 1389 1379 1383 1367 1371
895.737 1404 1394 1381 1367 1359 1364 1358 1371 1374 1372 1382 1361 1377 1387 1388 1379 1367
895.815002 1397 1378 1381 1368 1361 1368 1351 1363 1365 1377 1371 1378 1385 1370 1375 1377 1362
895.892029 1405 1383 1378 1366 1356 1355 1363 1360 1365 1375 1371 1378 1361 1370 1379 1377 1363
895.968994 1392 1382 1375 1362 1360 1353 1356 1366 1378 1365 1379 1377 1376 1380 1375 1375 1360
896.046997 1395 1383 1373 1373 1366 1352 1345 1364 1373 1360 1371 1370 1374 1377 1373 1362 1366
896.124023 1385 1391 1378 1372 1364 1354 1355 1365 1361 1360 1379 1377 1378 1376 1371 1376 1354
896.200989 1402 1388 1376 1374 1358 1361 1349 1370 1362 1373 1371 1376 1376 1391 1380 1364 1371
896.278992 1405 1391 1378 1369 1352 1353 1363 1367 1365 1353 1360 1392 1371 1372 1371 1373 1367
896.356018 1409 1385 1384 1367 1358 1356 1355 1373 1362 1372 1363 1376 1387 1385 1376 1375 1357
896.434021 1390 1388 1376 1365 1365 1351 1360 1358 1361 1373 1377 1380 1369 1366 1372 1363 1376
896.510986 1402 1391 1375 1357 1359 1359 1360 1354 1367 1372 1370 1376 1382 1373 1389 1373 1371
896.588013 1394 1393 1380 1371 1360 1346 1351 1369 1367 1373 1364 1372 1362 1371 1375 1367 1351
896.666016 1392 1389 1372 1359 1349 1350 1355 1351 1374 1371 1375 1383 1365 1370 1383 1369 1363
896.742981 1406 1389 1378 1370 1355 1357 1357 1366 1368 1362 1370 1370 1372 1364 1375 1372 1360
896.820007 1398 1385 1380 1370 1354 1347 1365 1354 1363 1371 1366 1366 1371 1368 1357 1378 1365
896.89801 1398 1382 1379 1360 1357 1361 1356 1361 1366 1361 1370 1374 1368 1379 1366 1366 1365
896.974976 1393 1386 1381 1377 1359 1362 1354 1368 1362 1360 1369 1366 1374 1374 1373 1374 1377
897.052002 1402 1389 1381 1369 1352 1357 1348 1351 1361 1360 1365 1377 1376 1380 1363 1380 1362
897.130005 1388 1385 1369 1361 1350 1353 1356 1348 1365 1356 1364 1369 1371 1369 1369 1374 1368
897.20697 1398 1385 1392 1361 1355 1358 1349 1360 1364 1372 1378 1366 1386 1370 1358 1373 1364
897.283997 1394 1388 1378 1352 1356 1350 1352 1353 1368 1357 1362 1382 1372 1372 1379 1370 1367
897.362 1397 1375 1381 1361 1364 1369 1350 1361 1357 1363 1369 1377 1372 1366 1382 1369 1364
897.439026 1406 1376 1382 1365 1366 1351 1360 1357 1373 1364 1364 1381 1375 1368 1380 1368 1359
897.517029 1395 1383 1374 1367 1358 1350 1351 1367 1359 1370 1357 1372 1382 1375 1371 1368 1360
897.593994 1388 1380 1375 1365 1365 1346 1361 1369 1368 1365 1364 1369 1370 1374 1368 1380 1362
897.671021 1406 1382 1379 1356 1358 1362 1364 1357 1358 1368 1362 1367 1366 1368 1358 1382 1365
897.749023 1404 1384 1365 1370 1363 1363 1356 1360 1376 1368 1376 1369 1358 1371 1375 1370 1360
897.825989 1409 1375 1381 1361 1358 1349 1353 1357 1366 1358 1362 1370 1370 1377 1364 1370 1357
897.903015 1409 1375 1371 1361 1362 1352 1355 1358 1368 1362 1367 1368 1362 1377 1373 1360 1365
897.981018 1406 1386 1376 1370 1371 1348 1364 1360 1361 1363 1370 1384 1376 1361 1372 1374 1365
898.057983 1397 1380 1372 1359 1354 1359 1367 1349 1361 1367 1367 1367 1362 1371 1363 1367 1365
898.13501 1397 1380 1370 1366 1358 1340 1343 1359 1366 1372 1361 1375 1359 1374 1370 1370 1363
898.213013 1390 1379 1366 1361 1366 1348 1361 1356 1360 1369 1381 1368 1367 1373 1369 1371 1363
898.289978 1391 1385 1365 1369 1353 1341 1358 1362 1374 1377 1375 1377 1366 1370 1375 1363 1356
898.367004 1396 1383 1378 1365 1358 1354 1348 1362 1356 1366 1371 1376 1357 1360 1371 1362 1366
898.445007 1406 1389 1372 1358 1366 1360 1348 1363 1360 1362 1365 1370 1361 1376 1365 1370 1364
898.521973 1394 1380 1366 1356 1351 1352 1353 1363 1362 1358 1361 1373 1369 1372 1371 1369 1357
898.598999 1387 1383 1368 1364 1360 1360 1342 1356 1359 1361 1373 1366 1360 1368 1367 1352 1353
898.677002 1398 1385 1371 1370 1351 1365 1356 1353 1357 1361 1357 1366 1366 1373 1374 1374 1361
898.754028 1391 1374 1353 1353 1361 1356 1356 1360 1352 1354 1376 1366 1356 1367 1363 1357 1361
898.830994 1379 1376 1364 1356 1365 1352 1361 1364 1361 1371 1375 1365 1363 1371 1365 1361 1364
898.908997 1402 1377 1373 1365 1364 1353 1357 1374 1365 1360 1364 1362 1370 1366 1363 1361 1354
898.986023 1397 1374 1377 1364 1356 1355 1347 1354 1363 1363 1365 1370 1363 1370 1358 1366 1362
899.062988 1392 1388 1377 1362 1362 1350 1347 1354 1346 1370 1367 1369 1358 1363 1370 1363 1364
899.140991 1402 1387 1371 1360 1363 1350 1361 1356 1357 1359 1364 1380 1360 1370 1378 1356 1355
899.218018 1399 1375 1370 1364 1351 1349 1347 1365 1361 1365 1359 1363 1369 1366 1373 1365 1365
899.294983 1387 1379 1378 1354 1355 1348 1354 1351 1364 1373 1364 1371 1362 1367 1367 1357 1362
899.372009 1382 1384 1365 1362 1346 1355 1347 1354 1356 1375 1369 1370 1372 1375 1360 1354 1366
899.450012 1389 1371 1365 1364 1358 1350 1351 1358 1365 1355 1370 1364 1362 1362 1364 1350 1366
899.526978 1391 1379 1370 1358 1358 1343 1347 1354 1362 1365 1372 1359 1372 1362 1377 1366 1362
899.604004 1388 1384 1381 1368 1360 1351 1352 1364 1350 1372 1361 1373 1362 1363 1365 1366 1364
899.682007 1388 1361 1364 1346 1357 1357 1341 1353 1353 1351 1362 1356 1365 1376 1359 1361 1360
899.758972 1382 1374 1368 1362 1347 1339 1346 1358 1364 1357 1364 1368 1373 1362 1362 1364 1375
