0 5.625 11.25 16.875 22.5 28.125 33.75 39.375 45 50.625 56.25 61.875 67.5 73.125 78.75 84.375 90
820.02301 1356 1356 1361 1344 1347 1354 1340 1340 1339 1337 1353 1359 1350 1331 1359 1346 1347
820.10199 1356 1355 1354 1356 1344 1345 1349 1337 1339 1347 1348 1354 1344 1347 1346 1341 1351
820.179993 1363 1343 1357 1343 1337 1340 1346 1345 1340 1342 1348 1342 1350 1348 1348 1348 1344
820.258972 1361 1348 1349 1343 1341 1327 1340 1334 1344 1338 1343 1337 1354 1364 1356 1348 1351
820.336975 1361 1344 1359 1346 1333 1340 1340 1342 1349 1355 1347 1355 1354 1346 1346 1350 1348
820.416016 1354 1362 1357 1361 1346 1355 1347 1352 1340 1340 1349 1356 1344 1351 1356 1352 1357
820.494019 1349 1347 1354 1347 1345 1336 1344 1346 1340 1352 1350 1350 1351 1352 1353 1355 1347
820.572998 1352 1350 1356 1358 1351 1335 1342 1343 1348 1350 1350 1346 1355 1355 1354 1351 1341
820.651001 1355 1356 1351 1349 1342 1351 1335 1337 1342 1343 1353 1345 1356 1354 1357 1356 1348
820.72998 1347 1350 1345 1340 1340 1339 1338 1354 1351 1348 1343 1347 1349 1364 1350 1350 1353
820.807983 1360 1360 1347 1349 1340 1340 1343 1356 1344 1339 1340 1337 1340 1354 1363 1369 1355
820.885986 1347 1340 1354 1342 1341 1348 1340 1352 1348 1338 1346 1342 1354 1353 1364 1357 1356
820.965027 1359 1362 1355 1348 1344 1338 1352 1351 1344 1350 1352 1349 1360 1347 1348 1361 1357
821.04303 1349 1343 1348 1344 1342 1350 1349 1333 1339 1333 1340 1342 1351 1336 1349 1341 1338
821.122009 1351 1345 1354 1343 1351 1359 1338 1345 1338 1350 1356 1344 1354 1356 1356 1346 1347
821.200012 1337 1340 1351 1348 1337 1341 1344 1347 1347 1337 1356 1347 1343 1350 1344 1358 1345
821.278992 1356 1362 1348 1351 1351 1332 1341 1347 1341 1339 1346 1351 1350 1354 1346 1348 1342
821.356995 1344 1346 1356 1344 1352 1334 1352 1343 1345 1353 1346 1338 1358 1350 1352 1349 1342
821.435974 1350 1351 1354 1346 1348 1336 1350 1342 1337 1341 1343 1357 1353 1344 1356 1356 1348
821.513977 1345 1354 1353 1348 1341 1348 1353 1344 1338 1344 1355 1356 1345 1355 1349 1360 1351
821.593018 1361 1349 1361 1358 1336 1342 1349 1349 1347 1352 1348 1343 1358 1356 1360 1354 1346
821.671021 1346 1347 1355 1348 1348 1348 1339 1339 1350 1339 1349 1359 1343 1356 1360 1341 1350
821.749023 1349 1365 1345 1350 1347 1339 1350 1340 1341 1349 1356 1348 1353 1350 1346 1358 1353
821.828003 1351 1358 1357 1341 1335 1352 1342 1342 1342 1342 1349 1346 1348 1345 1345 1354 1360
821.906006 1362 1357 1349 1353 1347 1341 1346 1351 1348 1352 1344 1349 1348 1349 1355 1352 1351
821.984985 1357 1361 1341 1342 1343 1343 1351 1348 1351 1344 1353 1345 1356 1359 1352 1354 1359
822.062988 1360 1347 1364 1353 1348 1350 1353 1342 1355 1336 1352 1351 1356 1339 1347 1352 1344
822.142029 1349 1353 1351 1357 1344 1346 1337 1332 1349 1346 1348 1357 1347 1353 1348 1349 1352
822.219971 1351 1361 1356 1348 1344 1342 1360 1347 1355 1347 1343 1343 1344 1357 1350 1360 1343
822.299011 1354 1353 1349 1352 1348 1350 1344 1342 1339 1339 1356 1348 1354 1369 1349 1351 1368
822.377014 1349 1352 1357 1349 1336 1347 1351 1341 1336 1340 1343 1354 1342 1353 1352 1352 1351
822.455017 1352 1359 1355 1342 1343 1337 1341 1340 1352 1337 1346 1350 1359 1341 1353 1367 1340
822.533997 1358 1358 1345 1346 1335 1351 1342 1347 1343 1355 1360 1341 1350 1353 1349 1345 1354
822.612 1362 1346 1349 1345 1336 1347 1349 1342 1338 1338 1338 1353 1347 1349 1355 1357 1361
822.690979 1354 1347 1353 1354 1352 1354 1341 1348 1348 1350 1350 1355 1353 1359 1352 1349 1365
822.768982 1371 1361 1341 1343 1353 1344 1349 1342 1344 1350 1353 1349 1367 1353 1362 1355 1353
822.848022 1355 1354 1342 1350 1339 1348 1346 1340 1348 1352 1357 1335 1358 1356 1355 1350 1338
822.926025 1356 1360 1348 1348 1353 1349 1341 1338 1347 1340 1339 1343 1363 1348 1350 1362 1359
823.004028 1351 1354 1356 1353 1337 1338 1352 1348 1345 1351 1343 1344 1357 1358 1354 1349 1355
823.083008 1349 1365 1350 1352 1342 1344 1343 1349 1342 1351 1342 1352 1344 1358 1367 1366 1354
823.161011 1352 1364 1350 1352 1337 1342 1351 1351 1350 1336 1350 1372 1347 1359 1359 1349 1355
823.23999 1350 1343 1357 1344 1342 1348 1341 1338 1342 1345 1361 1340 1352 1340 1351 1345 1348
823.317993 1357 1356 1359 1356 1341 1338 1351 1352 1341 1346 1352 1344 1354 1345 1354 1351 1352
823.396973 1346 1360 1346 1354 1345 1345 1342 1337 1344 1345 1349 1350 1348 1359 1366 1349 1350
823.474976 1359 1353 1345 1342 1350 1345 1356 1335 1339 1345 1343 1353 1352 1349 1351 1350 1356
823.552979 1351 1359 1356 1342 1343 1350 1345 1344 1350 1364 1349 1349 1342 1349 1360 1347 1352
823.632019 1360 1346 1355 1342 1348 1348 1354 1359 1334 1352 1348 1352 1353 1357 1359 1357 1354
823.710022 1346 1352 1347 1352 1353 1358 1343 1359 1343 1350 1350 1353 1349 1339 1360 1353 1358
823.789001 1363 1358 1354 1347 1343 1350 1347 1367 1343 1355 1354 1355 1365 1362 1360 1367 1347
823.867004 1355 1350 1350 1357 1335 1350 1360 1341 1352 1344 1341 1348 1345 1347 1352 1361 1351
823.945984 1360 1364 1355 1342 1344 1345 1341 1351 1346 1348 1349 1351 1360 1348 1349 1357 1361
824.023987 1357 1348 1349 1349 1344 1349 1345 1341 1346 1348 1349 1355 1353 1355 1353 1347 1347
824.10199 1357 1352 1359 1354 1341 1349 1344 1339 1343 1342 1350 1363 1350 1364 1355 1357 1350
824.18103 1351 1345 1348 1354 1347 1344 1347 1334 1344 1342 1360 1356 1355 1359 1354 1355 1351
824.258972 1352 1348 1357 1356 1354 1341 1340 1349 1344 1359 1361 1364 1360 1362 1354 1355 1367
824.338013 1351 1361 1358 1341 1343 1358 1345 1347 1347 1359 1351 1359 1357 1356 1361 1356 1354
824.416016 1358 1354 1352 1348 1349 1351 1356 1345 1343 1342 1354 1350 1354 1357 1351 1351 1346
824.494995 1365 1351 1354 1349 1334 1349 1351 1343 1349 1340 1352 1348 1355 1358 1364 1354 1362
824.572998 1349 1357 1347 1344 1347 1353 1348 1352 1358 1342 1355 1351 1354 1365 1354 1356 1352
824.651001 1352 1361 1358 1354 1346 1349 1350 1349 1350 1349 1353 1365 1363 1359 1360 1361 1364
824.72998 1357 1353 1356 1351 1351 1351 1357 1349 1344 1351 1350 1351 1343 1354 1358 1354 1350
824.807983 1361 1355 1352 1348 1346 1362 1355 1343 1342 1348 1367 1357 1363 1365 1351 1359 1360
824.887024 1357 1364 1353 1353 1349 1348 1348 1341 1348 1355 1358 1357 1353 1358 1359 1354 1360
824.965027 1367 1353 1356 1355 1340 1352 1350 1346 1348 1348 1354 1357 1364 1357 1352 1346 1366
825.04303 1362 1361 1355 1352 1363 1353 1345 1344 1345 1342 1349 1355 1356 1363 1354 1347 1351
825.122009 1368 1344 1349 1353 1350 1354 1351 1349 1345 1343 1352 1357 1360 1357 1357 1358 1355
825.200012 1358 1361 1349 1350 1337 1350 1349 1354 1366 1359 1347 1354 1363 1360 1359 1354 1357
825.278992 1361 1353 1357 1352 1347 1340 1341 1363 1347 1358 1355 1359 1349 1350 1352 1353 1355
825.356995 1350 1368 1348 1348 1344 1345 1345 1352 1357 1355 1347 1344 1355 1354 1370 1363 1354
825.434998 1363 1349 1349 1350 1341 1349 1353 1347 1353 1356 1348 1358 1354 1359 1362 1352 1366
825.513977 1361 1356 1360 1363 1349 1350 1347 1352 1351 1347 1343 1350 1345 1359 1361 1352 1359
825.59198 1357 1356 1369 1356 1353 1356 1356 1350 1347 1344 1344 1357 1352 1352 1368 1360 1347
825.671021 1369 1360 1351 1356 1368 1350 1354 1346 1349 1352 1351 1352 1347 1352 1359 1361 1351
825.749023 1365 1357 1355 1355 1347 1345 1341 1344 1348 1362 1346 1366 1352 1364 1375 1354 1346
825.827026 1363 1348 1350 1353 1348 1344 1355 1361 1343 1350 1341 1364 1360 1359 1362 1357 1358
825.906006 1366 1357 1364 1347 1357 1351 1347 1354 1345 1359 1357 1368 1357 1354 1362 1358 1361
825.984009 1358 1349 1360 1355 1346 1362 1356 1358 1346 1345 1361 1353 1352 1359 1363 1356 1365
826.062988 1376 1361 1356 1356 1340 1343 1352 1355 1357 1352 1358 1358 1353 1364 1361 1360 1364
826.140991 1360 1351 1355 1360 1344 1344 1365 1354 1361 1352 1356 1355 1345 1361 1360 1365 1354
826.218994 1367 1349 1359 1352 1353 1347 1351 1345 1351 1337 1363 1353 1371 1360 1360 1361 1359
826.297974 1362 1356 1364 1349 1356 1351 1339 1351 1349 1358 1349 1358 1361 1364 1365 1352 1353
826.375977 1372 1366 1365 1369 1346 1351 1360 1363 1353 1356 1351 1366 1361 1365 1358 1375 1361
826.455017 1364 1366 1358 1358 1358 1351 1359 1355 1343 1347 1344 1358 1361 1366 1371 1357 1352
826.53302 1360 1348 1357 1355 1356 1348 1361 1365 1353 1351 1359 1356 1359 1361 1356 1361 1366
826.611023 1351 1356 1356 1353 1357 1353 1348 1355 1350 1350 1357 1349 1372 1350 1367 1357 1352
826.690002 1360 1357 1358 1362 1340 1348 1357 1353 1355 1362 1366 1375 1360 1368 1358 1355 1363
826.768005 1375 1353 1356 1358 1348 1355 1349 1351 1349 1357 1360 1361 1366 1361 1366 1357 1355
826.846985 1351 1359 1358 1363 1348 1358 1355 1356 1355 1358 1342 1368 1377 1361 1361 1356 1353
826.924988 1361 1369 1352 1354 1358 1356 1351 1347 1353 1363 1360 1363 1355 1365 1365 1365 1349
827.002991 1363 1348 1359 1364 1347 1356 1362 1353 1351 1348 1365 1368 1357 1357 1358 1366 1369
827.08197 1350 1368 1352 1355 1344 1347 1352 1354 1342 1358 1360 1365 1357 1359 1368 1363 1366
827.159973 1366 1372 1360 1359 1346 1364 1343 1347 1343 1355 1351 1368 1353 1360 1365 1353 1358
827.239014 1358 1369 1353 1358 1357 1363 1359 1348 1346 1358 1352 1360 1360 1364 1353 1355 1352
827.317017 1362 1353 1355 1358 1355 1354 1353 1362 1349 1350 1365 1366 1370 1358 1357 1363 1358
827.39502 1362 1368 1363 1357 1364 1352 1360 1356 1352 1349 1349 1359 1361 1368 1377 1366 1357
827.473999 1367 1353 1369 1359 1356 1353 1361 1351 1355 1359 1352 1367 1360 1365 1367 1373 1360
827.552002 1356 1360 1362 1361 1351 1364 1363 1353 1357 1354 1362 1366 1371 1369 1364 1355 1359
827.630005 1371 1360 1362 1364 1356 1356 1358 1354 1349 1362 1369 1376 1359 1372 1369 1368 1367
827.708984 1374 1365 1353 1356 1357 1352 1348 1359 1349 1364 1362 1358 1368 1366 1359 1360 1363
827.786987 1366 1362 1369 1361 1348 1366 1352 1351 1352 1352 1363 1356 1365 1375 1365 1362 1368
827.866028 1362 1370 1365 1365 1344 1355 1352 1346 1361 1357 1355 1355 1365 1376 1371 1363 1365
827.94397 1359 1361 1364 1362 1366 1363 1345 1356 1364 1356 1354 1380 1369 1362 1357 1359 1364
828.021973 1368 1366 1353 1369 1350 1341 1352 1356 1369 1361 1362 1379 1368 1371 1371 1371 1366
828.101013 1374 1356 1368 1362 1365 1360 1363 1362 1350 1362 1368 1362 1360 1370 1371 1375 1372
828.179016 1370 1368 1365 1367 1352 1365 1349 1346 1348 1365 1364 1362 1363 1361 1355 1360 1365
828.257996 1369 1364 1362 1358 1358 1352 1361 1369 1359 1364 1363 1385 1374 1383 1367 1375 1368
828.335999 1376 1366 1371 1368 1358 1360 1359 1360 1352 1353 1365 1379 1364 1377 1370 1381 1357
828.414001 1380 1376 1371 1359 1362 1359 1351 1358 1342 1355 1362 1362 1366 1365 1368 1368 1373
828.492981 1366 1371 1376 1372 1359 1367 1360 1368 1363 1352 1365 1378 1363 1371 1372 1372 1373
828.570984 1369 1385 1367 1369 1352 1364 1360 1362 1370 1359 1369 1377 1373 1366 1380 1356 1373
828.648987 1379 1370 1360 1375 1365 1368 1361 1364 1356 1364 1373 1371 1374 1366 1373 1368 1365
828.728027 1363 1369 1362 1359 1355 1362 1373 1351 1356 1369 1374 1360 1372 1383 1380 1375 1362
828.80603 1369 1371 1375 1364 1367 1362 1357 1362 1352 1361 1367 1373 1373 1383 1370 1365 1364
828.883972 1363 1383 1362 1367 1378 1359 1362 1356 1374 1358 1362 1370 1373 1380 1365 1374 1372
828.963013 1371 1370 1367 1377 1373 1367 1364 1359 1366 1367 1367 1369 1359 1373 1359 1366 1373
829.041016 1368 1371 1372 1357 1361 1359 1359 1360 1365 1381 1364 1368 1373 1380 1371 1379 1369
829.119995 1382 1384 1365 1372 1360 1365 1368 1363 1366 1371 1382 1375 1377 1379 1371 1375 1369
829.197998 1373 1375 1366 1357 1363 1363 1367 1356 1375 1368 1362 1376 1374 1366 1377 1382 1364
829.276001 1384 1370 1358 1365 1365 1366 1375 1360 1369 1372 1376 1373 1376 1367 1375 1378 1378
829.35498 1381 1373 1366 1372 1364 1371 1356 1358 1361 1364 1370 1363 1383 1369 1371 1366 1380
829.432983 1377 1370 1376 1372 1362 1364 1358 1371 1376 1369 1375 1375 1374 1377 1387 1394 1363
829.510986 1380 1379 1380 1367 1370 1365 1362 1361 1375 1364 1369 1365 1373 1388 1374 1373 1375
829.590027 1379 1372 1372 1383 1372 1372 1368 1369 1358 1361 1371 1376 1369 1375 1388 1376 1376
829.66803 1374 1376 1373 1369 1373 1370 1377 1363 1370 1371 1380 1376 1378 1372 1379 1379 1371
829.745972 1379 1377 1377 1376 1360 1366 1375 1371 1384 1370 1375 1373 1371 1378 1381 1386 1389
829.825012 1376 1385 1381 1373 1360 1370 1368 1370 1373 1371 1372 1380 1382 1385 1377 1378 1380
829.903015 1383 1374 1378 1373 1368 1367 1359 1365 1371 1370 1378 1382 1376 1387 1375 1381 1374
829.981995 1365 1383 1366 1369 1375 1375 1362 1373 1379 1383 1368 1378 1384 1373 1383 1385 1373
830.059998 1391 1375 1379 1364 1374 1366 1370 1366 1380 1372 1376 1384 1379 1371 1390 1370 1381
830.138 1376 1365 1382 1373 1373 1375 1353 1367 1370 1374 1380 1377 1384 1380 1392 1386 1391
830.21698 1389 1377 1378 1381 1379 1368 1382 1373 1377 1376 1368 1372 1379 1395 1391 1385 1388
830.294983 1389 1388 1379 1364 1375 1382 1372 1369 1361 1375 1386 1381 1395 1390 1381 1376 1373
830.372986 1389 1391 1372 1379 1369 1380 1369 1374 1367 1360 1383 1384 1388 1381 1389 1375 1381
830.452026 1386 1392 1372 1384 1366 1375 1367 1363 1380 1374 1379 1374 1384 1392 1397 1386 1378
830.530029 1388 1383 1371 1377 1374 1374 1375 1375 1370 1371 1369 1388 1374 1395 1382 1387 1385
830.607971 1388 1377 1371 1381 1382 1386 1363 1369 1376 1373 1392 1392 1389 1385 1397 1386 1379
830.687012 1371 1389 1378 1378 1378 1372 1377 1371 1381 1387 1381 1391 1393 1377 1384 1383 1386
830.765015 1377 1384 1378 1375 1376 1368 1375 1368 1386 1380 1382 1381 1391 1403 1389 1389 1383
830.843018 1386 1386 1383 1384 1376 1375 1362 1362 1371 1380 1377 1389 1389 1388 1385 1374 1383
830.921997 1393 1397 1381 1370 1372 1359 1375 1372 1377 1374 1388 1399 1388 1397 1387 1391 1395
831 1382 1386 1379 1378 1378 1375 1373 1372 1372 1385 1382 1387 1386 1382 1390 1386 1389
831.078003 1388 1395 1392 1376 1380 1375 1368 1380 1388 1375 1390 1398 1402 1399 1396 1389 1383
831.156982 1386 1401 1390 1374 1379 1375 1375 1365 1368 1392 1380 1397 1403 1394 1397 1393 1401
831.234985 1391 1383 1388 1380 1381 1377 1378 1366 1380 1387 1392 1387 1387 1395 1384 1377 1407
831.312988 1407 1396 1397 1388 1383 1378 1375 1379 1373 1376 1386 1382 1398 1388 1383 1396 1393
831.392029 1384 1387 1377 1384 1377 1385 1374 1373 1366 1386 1378 1388 1400 1406 1393 1396 1391
831.469971 1402 1393 1399 1381 1369 1373 1379 1378 1381 1383 1398 1390 1390 1392 1391 1388 1395
831.549011 1398 1397 1388 1375 1382 1363 1372 1384 1382 1391 1389 1386 1396 1400 1398 1396 1395
831.627014 1396 1390 1387 1390 1385 1381 1381 1373 1368 1379 1394 1390 1404 1394 1390 1397 1400
831.705017 1391 1385 1384 1387 1386 1380 1377 1377 1383 1381 1392 1398 1390 1387 1396 1393 1391
831.783997 1399 1390 1381 1381 1377 1374 1374 1387 1380 1374 1400 1394 1396 1394 1397 1399 1399
831.862 1392 1394 1376 1374 1382 1373 1383 1381 1374 1387 1396 1386 1397 1392 1407 1403 1396
831.940002 1389 1393 1391 1396 1371 1380 1363 1388 1381 1385 1403 1400 1387 1398 1391 1398 1394
832.018005 1392 1388 1398 1382 1386 1377 1379 1384 1385 1389 1383 1392 1404 1404 1403 1389 1383
832.096985 1402 1395 1392 1387 1379 1390 1379 1373 1393 1389 1396 1393 1395 1405 1407 1402 1400
832.174988 1396 1377 1391 1396 1379 1373 1375 1383 1381 1390 1403 1396 1412 1409 1394 1404 1400
832.254028 1406 1398 1404 1384 1382 1373 1379 1381 1388 1381 1392 1398 1400 1399 1396 1406 1394
832.33197 1398 1410 1383 1392 1389 1376 1389 1382 1382 1384 1394 1396 1402 1390 1402 1397 1398
832.409973 1399 1391 1394 1387 1388 1385 1374 1371 1399 1380 1398 1398 1410 1392 1406 1409 1401
832.489014 1408 1393 1387 1390 1379 1382 1379 1382 1380 1387 1401 1385 1401 1404 1396 1413 1399
832.567017 1412 1404 1385 1383 1390 1396 1386 1373 1391 1388 1383 1397 1399 1414 1417 1405 1409
832.64502 1407 1395 1390 1402 1391 1374 1375 1386 1391 1383 1388 1389 1405 1417 1408 1405 1407
832.723999 1405 1394 1399 1392 1387 1379 1391 1387 1385 1385 1397 1407 1415 1403 1399 1394 1404
832.802002 1411 1396 1396 1377 1388 1385 1382 1398 1385 1392 1389 1411 1406 1416 1399 1400 1403
832.880005 1406 1398 1391 1383 1379 1389 1375 1377 1373 1402 1394 1396 1396 1407 1421 1418 1402
832.958008 1408 1398 1385 1387 1383 1388 1390 1390 1387 1386 1392 1402 1417 1402 1417 1417 1398
833.036987 1406 1396 1394 1399 1385 1388 1381 1386 1399 1389 1406 1408 1409 1428 1413 1412 1403
833.11499 1409 1413 1393 1392 1378 1393 1377 1379 1385 1393 1389 1402 1410 1416 1403 1413 1404
833.192993 1414 1395 1403 1402 1394 1375 1385 1381 1400 1394 1405 1408 1410 1420 1407 1406 1411
833.271973 1415 1397 1402 1389 1383 1385 1375 1382 1400 1397 1408 1406 1412 1402 1416 1411 1421
833.349976 1412 1405 1408 1394 1393 1377 1372 1387 1388 1396 1391 1406 1405 1397 1406 1409 1401
833.427979 1413 1425 1405 1398 1385 1393 1384 1385 1385 1388 1405 1406 1419 1413 1406 1411 1407
833.507019 1414 1404 1403 1390 1382 1375 1386 1387 1390 1397 1400 1395 1411 1416 1414 1406 1391
833.585022 1404 1416 1396 1383 1375 1381 1393 1376 1399 1395 1385 1392 1420 1413 1410 1410 1395
833.663025 1421 1409 1400 1397 1390 1386 1385 1384 1379 1383 1406 1411 1434 1421 1414 1418 1408
833.742004 1425 1409 1401 1396 1394 1382 1375 1379 1383 1388 1390 1412 1417 1418 1427 1406 1419
833.820007 1402 1407 1397 1387 1385 1383 1379 1384 1390 1393 1402 1404 1418 1419 1425 1418 1410
833.89801 1421 1412 1404 1397 1387 1384 1384 1386 1387 1397 1401 1409 1409 1404 1415 1408 1408
833.97699 1400 1410 1389 1393 1379 1391 1389 1393 1383 1397 1394 1408 1412 1412 1430 1408 1403
834.054993 1425 1402 1413 1391 1396 1389 1378 1394 1390 1399 1403 1417 1414 1404 1417 1405 1407
834.132996 1426 1419 1399 1389 1389 1369 1390 1385 1390 1396 1403 1414 1412 1413 1417 1415 1418
834.210999 1418 1405 1397 1412 1384 1385 1381 1392 1389 1404 1392 1423 1425 1423 1414 1422 1418
834.289978 1414 1416 1400 1390 1392 1383 1384 1386 1382 1408 1411 1409 1408 1424 1430 1412 1407
834.367981 1408 1413 1390 1407 1388 1382 1383 1374 1393 1399 1398 1406 1417 1413 1421 1437 1418
834.445984 1425 1411 1400 1398 1392 1376 1383 1396 1393 1398 1405 1410 1409 1423 1420 1405 1415
834.525024 1418 1404 1400 1388 1397 1380 1388 1384 1386 1389 1402 1412 1421 1423 1421 1415 1423
834.603027 1411 1412 1400 1388 1397 1383 1381 1386 1389 1396 1406 1412 1422 1426 1426 1410 1416
834.68103 1410 1407 1405 1397 1396 1386 1368 1392 1383 1385 1412 1403 1422 1420 1429 1408 1408
834.76001 1421 1410 1407 1403 1390 1386 1374 1381 1388 1409 1395 1416 1419 1422 1413 1436 1428
834.838013 1413 1416 1412 1401 1391 1385 1378 1388 1392 1396 1410 1409 1417 1417 1411 1412 1413
834.916016 1416 1421 1412 1404 1386 1390 1372 1389 1383 1399 1425 1415 1426 1416 1426 1414 1416
834.994995 1413 1430 1415 1400 1383 1388 1380 1386 1393 1397 1413 1411 1421 1418 1424 1412 1408
835.072998 1431 1413 1418 1399 1383 1388 1385 1387 1377 1403 1405 1423 1417 1399 1433 1427 1423
835.151001 1428 1422 1400 1390 1401 1396 1383 1377 1403 1401 1411 1402 1412 1416 1415 1431 1413
835.229004 1417 1404 1404 1405 1401 1381 1381 1390 1390 1397 1417 1411 1423 1429 1423 1426 1422
835.307983 1421 1410 1411 1409 1395 1382 1378 1382 1388 1404 1419 1414 1422 1436 1431 1429 1415
835.385986 1416 1410 1406 1396 1394 1379 1374 1396 1386 1396 1415 1415 1426 1433 1430 1435 1419
835.463989 1419 1417 1410 1407 1396 1387 1387 1392 1393 1404 1417 1413 1432 1435 1423 1429 1427
835.54303 1431 1430 1400 1400 1400 1385 1386 1391 1386 1390 1387 1419 1420 1432 1424 1434 1420
835.620972 1426 1424 1418 1402 1394 1394 1376 1380 1388 1390 1409 1401 1421 1417 1425 1435 1417
835.698975 1428 1408 1406 1394 1400 1393 1378 1388 1386 1395 1403 1409 1419 1428 1425 1436 1430
835.778015 1436 1421 1424 1401 1387 1390 1384 1387 1383 1397 1418 1426 1424 1420 1417 1432 1418
835.856018 1426 1424 1427 1414 1403 1389 1373 1389 1391 1409 1417 1418 1427 1424 1427 1439 1425
835.934021 1428 1421 1410 1400 1396 1387 1383 1372 1392 1407 1415 1411 1427 1407 1446 1434 1431
836.012024 1425 1439 1414 1398 1396 1393 1390 1379 1389 1402 1413 1418 1430 1442 1424 1436 1425
836.091003 1432 1415 1420 1413 1383 1372 1397 1382 1396 1391 1405 1411 1417 1441 1428 1440 1416
836.169006 1413 1436 1427 1406 1390 1380 1387 1389 1394 1403 1407 1422 1423 1447 1437 1432 1405
836.247009 1439 1423 1416 1407 1390 1392 1375 1389 1395 1405 1413 1424 1436 1458 1433 1420 1421
836.325989 1442 1419 1407 1396 1390 1384 1384 1379 1395 1390 1417 1409 1429 1435 1439 1442 1439
836.403992 1433 1423 1420 1407 1403 1383 1384 1397 1383 1410 1411 1415 1435 1431 1429 1447 1423
836.481995 1433 1431 1417 1406 1398 1394 1388 1391 1388 1394 1413 1420 1436 1428 1440 1433 1444
836.559998 1431 1437 1433 1410 1401 1391 1392 1390 1399 1403 1401 1424 1422 1445 1435 1422 1435
836.638977 1425 1424 1412 1410 1384 1390 1369 1389 1393 1405 1423 1411 1447 1442 1432 1424 1424
836.71698 1438 1429 1424 1405 1396 1385 1379 1385 1394 1405 1408 1432 1440 1430 1432 1436 1437
836.794983 1433 1438 1422 1410 1392 1390 1381 1382 1405 1407 1405 1419 1440 1423 1439 1435 1431
836.872986 1437 1425 1423 1399 1414 1395 1371 1401 1396 1395 1418 1424 1413 1431 1438 1433 1428
836.952026 1423 1423 1417 1418 1391 1381 1379 1401 1394 1404 1421 1419 1445 1420 1438 1433 1440
837.030029 1433 1419 1430 1414 1399 1391 1378 1383 1399 1404 1400 1430 1431 1451 1432 1441 1439
837.107971 1450 1424 1412 1404 1404 1399 1383 1394 1401 1404 1426 1412 1439 1438 1431 1441 1434
837.187012 1434 1441 1421 1410 1400 1384 1372 1385 1396 1409 1429 1428 1448 1428 1442 1429 1427
837.265015 1443 1437 1419 1407 1389 1390 1386 1398 1402 1402 1431 1423 1441 1435 1435 1446 1430
837.343018 1429 1435 1413 1420 1399 1388 1381 1384 1400 1407 1416 1431 1429 1441 1442 1435 1438
837.421021 1447 1429 1429 1399 1412 1399 1397 1398 1395 1406 1427 1436 1442 1436 1446 1450 1437
837.5 1440 1442 1428 1405 1399 1382 1378 1392 1388 1414 1418 1429 1446 1443 1457 1443 1432
837.578003 1440 1428 1429 1414 1400 1400 1380 1382 1392 1402 1422 1429 1441 1460 1458 1427 1452
837.656006 1446 1442 1434 1417 1404 1392 1388 1386 1396 1416 1410 1420 1426 1449 1448 1445 1432
837.734009 1445 1436 1429 1405 1401 1384 1389 1392 1399 1400 1408 1420 1432 1447 1440 1456 1436
837.812988 1449 1446 1434 1425 1393 1393 1381 1404 1399 1399 1436 1420 1442 1441 1452 1452 1444
837.890991 1446 1434 1430 1425 1394 1391 1395 1389 1393 1410 1435 1432 1437 1463 1441 1444 1435
837.968994 1444 1450 1429 1405 1406 1387 1384 1398 1400 1419 1421 1432 1435 1439 1448 1437 1452
838.047974 1452 1448 1429 1406 1403 1392 1399 1390 1384 1414 1423 1443 1448 1452 1459 1459 1444
838.125977 1452 1439 1450 1405 1404 1386 1393 1385 1392 1406 1419 1449 1427 1462 1453 1448 1448
838.203979 1442 1441 1432 1430 1402 1401 1390 1386 1396 1425 1432 1432 1438 1451 1441 1446 1434
838.281982 1459 1463 1437 1423 1418 1392 1398 1389 1405 1418 1412 1426 1449 1450 1460 1458 1457
838.361023 1443 1458 1436 1429 1421 1400 1396 1400 1406 1407 1433 1429 1445 1437 1463 1451 1447
838.439026 1445 1436 1435 1423 1416 1400 1389 1402 1393 1410 1427 1426 1444 1451 1453 1456 1439
838.517029 1454 1448 1443 1424 1399 1388 1386 1383 1395 1415 1424 1442 1446 1453 1467 1461 1443
838.594971 1445 1446 1443 1414 1415 1395 1386 1387 1405 1401 1427 1446 1466 1469 1463 1448 1452
838.674011 1458 1457 1435 1416 1416 1398 1399 1389 1401 1431 1432 1437 1441 1457 1453 1458 1459
838.752014 1449 1438 1450 1448 1396 1396 1383 1392 1402 1414 1418 1445 1451 1449 1476 1454 1458
838.830017 1485 1455 1430 1425 1401 1405 1391 1394 1417 1399 1425 1440 1462 1444 1460 1460 1460
838.90802 1460 1452 1443 1432 1422 1396 1392 1393 1409 1414 1429 1444 1461 1459 1451 1466 1462
838.987 1467 1460 1453 1429 1406 1409 1404 1403 1395 1407 1430 1431 1446 1460 1471 1467 1465
839.065002 1486 1453 1448 1431 1437 1397 1391 1399 1402 1409 1435 1443 1444 1466 1480 1467 1469
839.143005 1464 1453 1455 1442 1413 1409 1405 1393 1403 1417 1440 1447 1469 1463 1476 1467 1475
839.221008 1483 1465 1451 1425 1412 1401 1389 1398 1385 1409 1432 1441 1472 1466 1481 1471 1479
839.299988 1466 1475 1459 1412 1418 1410 1399 1389 1402 1422 1438 1456 1467 1481 1476 1489 1464
839.377991 1463 1464 1459 1443 1422 1411 1401 1388 1397 1422 1447 1460 1472 1465 1475 1466 1482
839.455994 1478 1462 1454 1439 1421 1412 1398 1398 1430 1419 1429 1460 1457 1482 1484 1481 1471
839.533997 1482 1477 1464 1439 1410 1407 1386 1396 1411 1418 1456 1465 1477 1478 1494 1492 1470
839.612976 1486 1479 1456 1452 1424 1409 1401 1400 1408 1418 1442 1449 1467 1477 1479 1485 1491
839.690979 1481 1478 1453 1437 1415 1419 1408 1395 1412 1435 1446 1449 1472 1477 1480 1482 1477
839.768982 1492 1473 1480 1449 1436 1405 1398 1409 1408 1429 1444 1473 1476 1489 1489 1495 1480
839.846985 1505 1485 1460 1448 1436 1410 1400 1407 1421 1418 1443 1469 1478 1482 1505 1503 1487
839.926025 1513 1493 1456 1447 1436 1413 1388 1400 1414 1437 1453 1469 1481 1497 1511 1495 1474
840.004028 1505 1480 1470 1445 1431 1412 1397 1397 1409 1430 1457 1482 1483 1491 1500 1510 1510
840.08197 1482 1480 1476 1465 1430 1431 1396 1399 1406 1422 1441 1475 1466 1496 1505 1509 1498
840.159973 1500 1482 1463 1467 1426 1406 1401 1413 1406 1421 1445 1472 1474 1498 1504 1516 1502
840.239014 1513 1513 1492 1457 1434 1420 1401 1399 1408 1434 1452 1464 1502 1500 1518 1514 1493
840.317017 1516 1495 1502 1474 1441 1417 1405 1400 1404 1423 1464 1474 1488 1497 1513 1512 1506
840.39502 1532 1507 1487 1462 1441 1402 1403 1408 1421 1419 1456 1482 1482 1487 1511 1518 1502
840.473022 1520 1508 1485 1473 1433 1417 1413 1401 1405 1435 1438 1493 1490 1507 1519 1503 1504
840.551025 1513 1516 1493 1452 1432 1417 1403 1404 1418 1437 1457 1473 1486 1494 1531 1530 1494
840.630005 1535 1514 1507 1465 1443 1417 1399 1398 1415 1433 1452 1475 1497 1513 1533 1525 1517
840.708008 1528 1528 1499 1468 1441 1417 1401 1419 1421 1450 1459 1473 1508 1527 1524 1540 1520
840.786011 1525 1543 1495 1473 1450 1416 1402 1401 1418 1432 1470 1482 1506 1528 1535 1532 1517
840.864014 1535 1528 1494 1483 1442 1418 1394 1412 1428 1437 1458 1486 1488 1534 1533 1532 1537
840.942993 1515 1519 1513 1465 1437 1423 1410 1399 1410 1447 1468 1495 1503 1518 1528 1538 1515
841.020996 1543 1512 1498 1474 1441 1419 1415 1402 1418 1435 1456 1496 1501 1535 1547 1531 1537
841.098999 1522 1531 1520 1481 1446 1428 1402 1405 1422 1430 1468 1492 1542 1536 1539 1546 1536
841.177002 1541 1532 1491 1500 1455 1421 1407 1395 1408 1443 1474 1482 1530 1532 1540 1544 1534
841.255981 1558 1531 1505 1485 1446 1425 1408 1411 1417 1443 1491 1487 1523 1541 1534 1555 1536
841.333984 1566 1529 1515 1476 1449 1431 1411 1404 1422 1448 1459 1511 1529 1547 1556 1552 1543
841.411987 1556 1543 1517 1481 1448 1420 1413 1411 1421 1447 1469 1498 1520 1546 1544 1568 1536
841.48999 1558 1535 1522 1494 1447 1439 1422 1402 1423 1442 1467 1474 1517 1556 1573 1558 1556
841.567993 1545 1539 1521 1492 1455 1420 1406 1431 1422 1459 1477 1520 1534 1538 1550 1569 1550
841.646973 1543 1559 1516 1492 1461 1434 1411 1410 1424 1441 1475 1504 1522 1549 1560 1561 1556
841.724976 1585 1566 1507 1488 1482 1443 1417 1426 1431 1449 1481 1500 1526 1545 1555 1573 1557
841.802979 1574 1550 1525 1510 1460 1442 1414 1418 1433 1447 1475 1492 1538 1557 1548 1577 1570
841.880981 1570 1568 1522 1499 1468 1426 1411 1407 1438 1453 1488 1517 1526 1568 1578 1596 1557
841.960022 1566 1541 1531 1494 1474 1429 1421 1422 1425 1451 1488 1506 1544 1552 1568 1587 1562
842.038025 1560 1562 1537 1505 1473 1442 1428 1404 1431 1445 1489 1533 1560 1558 1582 1589 1558
842.116028 1562 1557 1550 1492 1470 1426 1408 1407 1432 1450 1494 1515 1533 1554 1577 1596 1561
842.19397 1601 1564 1534 1507 1481 1429 1432 1420 1448 1437 1491 1527 1560 1559 1584 1587 1568
842.271973 1583 1569 1555 1506 1472 1445 1416 1422 1433 1471 1485 1512 1547 1587 1598 1593 1575
842.351013 1592 1598 1528 1508 1463 1456 1401 1409 1424 1463 1489 1517 1547 1568 1578 1584 1580
842.429016 1572 1580 1534 1490 1479 1430 1416 1418 1417 1457 1481 1517 1552 1559 1578 1608 1596
842.507019 1565 1563 1564 1508 1483 1423 1426 1432 1434 1457 1485 1537 1542 1582 1592 1598 1582
842.585022 1582 1577 1531 1506 1483 1458 1425 1425 1424 1458 1501 1538 1548 1566 1586 1590 1599
842.663025 1584 1574 1538 1519 1477 1458 1428 1415 1436 1461 1508 1519 1564 1584 1587 1603 1574
842.742004 1594 1568 1564 1517 1479 1443 1412 1422 1430 1452 1492 1527 1550 1589 1589 1587 1598
842.820007 1601 1570 1554 1525 1475 1447 1431 1430 1430 1447 1491 1520 1542 1576 1613 1591 1573
842.89801 1591 1594 1552 1515 1473 1440 1418 1426 1429 1461 1492 1518 1563 1579 1581 1590 1575
842.976013 1584 1570 1551 1499 1481 1447 1438 1433 1441 1454 1498 1532 1565 1584 1599 1583 1601
843.054016 1602 1563 1539 1518 1472 1440 1420 1416 1423 1461 1492 1515 1568 1578 1589 1601 1586
843.132996 1579 1579 1549 1524 1470 1448 1419 1425 1436 1473 1497 1534 1563 1585 1623 1609 1584
843.210999 1615 1574 1553 1510 1470 1447 1424 1427 1428 1461 1485 1528 1551 1580 1596 1596 1586
843.289001 1596 1591 1547 1519 1487 1439 1417 1432 1433 1457 1475 1526 1559 1592 1591 1604 1571
843.367004 1582 1598 1553 1518 1490 1439 1437 1417 1429 1458 1484 1542 1583 1591 1605 1613 1589
843.445007 1614 1606 1577 1503 1481 1459 1426 1425 1447 1474 1500 1522 1566 1606 1587 1607 1597
843.523987 1622 1602 1568 1522 1486 1455 1430 1418 1424 1470 1492 1514 1584 1603 1629 1594 1615
843.60199 1614 1591 1576 1532 1484 1442 1431 1425 1434 1454 1488 1548 1562 1597 1595 1594 1594
843.679993 1603 1595 1570 1518 1488 1462 1428 1419 1437 1453 1489 1537 1566 1562 1588 1626 1593
843.757996 1610 1596 1546 1536 1481 1462 1427 1417 1446 1459 1507 1526 1575 1575 1592 1633 1593
843.835999 1601 1607 1562 1524 1475 1439 1416 1427 1442 1470 1507 1525 1574 1604 1596 1620 1618
843.914978 1598 1607 1551 1517 1468 1471 1431 1427 1441 1468 1497 1525 1553 1586 1594 1615 1603
843.992981 1595 1580 1546 1525 1477 1444 1420 1430 1427 1463 1493 1539 1555 1581 1609 1615 1605
844.070984 1616 1588 1566 1535 1494 1458 1423 1418 1452 1462 1497 1533 1554 1581 1589 1609 1587
844.148987 1621 1595 1569 1527 1482 1452 1426 1423 1439 1473 1486 1552 1567 1590 1607 1630 1572
844.22699 1609 1595 1548 1536 1481 1449 1426 1411 1440 1466 1501 1544 1582 1598 1584 1610 1590
844.30603 1612 1577 1571 1512 1495 1467 1437 1438 1438 1473 1478 1533 1546 1582 1598 1597 1582
844.383972 1604 1595 1547 1504 1481 1453 1436 1434 1430 1464 1501 1527 1553 1601 1582 1608 1602
844.461975 1612 1587 1556 1516 1484 1463 1432 1429 1441 1465 1508 1527 1579 1599 1611 1626 1591
844.539978 1589 1595 1552 1543 1483 1464 1432 1425 1425 1473 1498 1542 1569 1587 1602 1594 1576
844.617981 1604 1586 1583 1536 1478 1453 1437 1420 1433 1486 1492 1530 1560 1606 1617 1636 1596
844.695984 1595 1598 1547 1514 1491 1461 1429 1434 1446 1469 1493 1523 1553 1590 1615 1608 1586
844.775024 1628 1595 1558 1512 1494 1460 1432 1439 1436 1459 1501 1530 1551 1566 1586 1609 1605
844.853027 1607 1594 1546 1536 1489 1458 1409 1432 1444 1464 1498 1536 1562 1594 1597 1639 1605
844.93103 1599 1583 1551 1518 1493 1454 1419 1430 1435 1460 1498 1543 1557 1585 1587 1590 1614
845.008972 1598 1579 1552 1529 1495 1452 1419 1434 1456 1480 1500 1552 1569 1590 1605 1624 1614
845.086975 1586 1589 1553 1510 1484 1456 1429 1424 1429 1461 1507 1538 1552 1610 1597 1597 1627
845.166016 1591 1605 1570 1537 1487 1469 1431 1433 1452 1465 1515 1538 1579 1595 1592 1625 1602
845.244019 1620 1596 1557 1523 1476 1447 1433 1436 1457 1469 1504 1537 1577 1586 1607 1611 1607
845.322021 1619 1575 1563 1540 1497 1451 1430 1427 1445 1470 1520 1532 1569 1606 1593 1609 1609
845.400024 1610 1612 1573 1536 1495 1463 1422 1442 1445 1467 1502 1543 1581 1589 1605 1620 1579
845.478027 1602 1586 1558 1530 1479 1460 1429 1418 1462 1479 1505 1533 1583 1594 1611 1597 1598
845.55603 1591 1596 1553 1533 1493 1468 1430 1419 1442 1455 1500 1535 1567 1590 1590 1602 1595
845.63501 1603 1574 1554 1514 1481 1453 1428 1428 1441 1480 1506 1546 1549 1598 1618 1597 1590
845.713013 1609 1574 1545 1519 1478 1457 1433 1430 1442 1461 1522 1535 1558 1579 1607 1614 1601
845.791016 1615 1570 1563 1512 1476 1455 1440 1431 1442 1473 1495 1534 1576 1574 1595 1592 1596
845.869019 1607 1584 1544 1530 1476 1443 1426 1434 1444 1473 1502 1549 1560 1586 1598 1609 1593
845.947021 1601 1589 1555 1531 1476 1468 1434 1439 1448 1478 1496 1526 1579 1574 1604 1612 1583
846.025024 1606 1575 1536 1536 1476 1458 1433 1448 1448 1479 1513 1547 1573 1590 1590 1612 1603
846.104004 1597 1604 1553 1514 1493 1461 1443 1434 1445 1482 1513 1549 1567 1588 1604 1605 1591
846.182007 1598 1571 1537 1518 1499 1478 1428 1430 1448 1487 1516 1545 1574 1597 1603 1619 1585
846.26001 1601 1584 1563 1519 1482 1462 1442 1439 1454 1475 1511 1543 1579 1593 1616 1604 1586
846.338013 1602 1564 1563 1521 1488 1454 1440 1423 1462 1474 1513 1536 1570 1588 1594 1607 1602
846.416016 1582 1597 1531 1518 1482 1459 1424 1448 1458 1490 1499 1534 1571 1589 1601 1594 1593
846.494019 1590 1590 1571 1524 1492 1463 1439 1443 1445 1485 1502 1539 1564 1604 1606 1600 1609
846.572998 1608 1588 1557 1513 1482 1475 1437 1429 1441 1467 1514 1540 1580 1576 1609 1586 1605
846.651001 1581 1583 1544 1519 1494 1469 1435 1435 1452 1483 1511 1521 1559 1603 1604 1599 1590
846.729004 1586 1566 1546 1515 1486 1470 1430 1438 1450 1485 1494 1535 1551 1573 1601 1601 1620
846.807007 1575 1573 1544 1491 1493 1457 1435 1446 1476 1469 1507 1539 1579 1584 1598 1604 1591
846.88501 1587 1583 1562 1532 1499 1458 1424 1436 1445 1489 1508 1541 1571 1598 1598 1617 1587
846.963013 1608 1583 1551 1540 1490 1456 1445 1439 1462 1486 1522 1530 1578 1624 1608 1601 1601
847.041016 1595 1594 1563 1532 1488 1447 1422 1435 1465 1485 1529 1534 1571 1593 1610 1602 1590
847.119995 1600 1562 1561 1523 1490 1454 1441 1431 1456 1485 1505 1550 1576 1602 1627 1594 1595
847.197998 1615 1587 1560 1539 1480 1461 1433 1456 1448 1494 1503 1537 1577 1605 1581 1588 1603
847.276001 1591 1571 1537 1508 1490 1448 1417 1434 1453 1486 1505 1552 1573 1597 1621 1624 1579
847.354004 1591 1582 1565 1535 1488 1448 1443 1424 1468 1469 1527 1555 1549 1577 1605 1600 1579
847.432007 1591 1593 1565 1524 1503 1457 1427 1459 1452 1478 1508 1530 1552 1579 1604 1595 1594
847.51001 1577 1601 1545 1534 1469 1466 1454 1439 1444 1486 1513 1547 1587 1574 1612 1600 1601
847.588989 1595 1566 1539 1520 1495 1462 1447 1453 1457 1488 1512 1540 1570 1581 1594 1594 1589
847.666992 1598 1601 1573 1554 1493 1467 1448 1444 1451 1481 1533 1543 1573 1613 1594 1588 1583
847.744995 1612 1592 1562 1532 1495 1477 1429 1450 1448 1494 1522 1547 1578 1584 1607 1604 1603
847.822998 1622 1578 1547 1553 1492 1473 1442 1447 1466 1504 1513 1548 1568 1590 1598 1603 1571
847.901001 1588 1581 1556 1514 1477 1469 1451 1447 1453 1471 1519 1547 1565 1580 1604 1623 1563
847.979004 1612 1583 1563 1522 1475 1464 1449 1447 1458 1501 1534 1542 1571 1597 1566 1616 1588
848.057007 1599 1583 1552 1536 1482 1473 1438 1458 1462 1485 1525 1558 1579 1578 1601 1608 1576
848.13501 1613 1580 1554 1531 1496 1454 1448 1461 1473 1494 1527 1554 1565 1584 1601 1599 1578
848.213989 1628 1593 1552 1523 1489 1461 1446 1447 1456 1487 1529 1558 1571 1583 1598 1612 1591
848.291992 1597 1579 1554 1514 1507 1478 1452 1442 1452 1484 1539 1534 1569 1597 1609 1605 1592
848.369995 1616 1590 1559 1531 1506 1473 1440 1447 1469 1496 1532 1537 1585 1613 1624 1608 1607
848.447998 1618 1581 1585 1528 1489 1472 1453 1447 1456 1499 1529 1543 1560 1592 1589 1607 1588
848.526001 1630 1601 1570 1530 1494 1460 1438 1462 1468 1494 1530 1548 1577 1591 1613 1592 1594
848.604004 1621 1592 1573 1524 1508 1470 1451 1458 1469 1490 1519 1553 1565 1595 1605 1603 1592
848.682007 1600 1599 1547 1537 1467 1468 1436 1451 1473 1508 1534 1564 1566 1603 1604 1620 1590
848.76001 1607 1587 1551 1522 1489 1485 1447 1457 1464 1490 1550 1558 1584 1602 1618 1611 1611
848.838989 1605 1614 1581 1540 1491 1484 1440 1447 1463 1487 1515 1556 1595 1603 1616 1613 1589
848.916992 1595 1600 1573 1553 1510 1468 1461 1446 1467 1499 1528 1580 1586 1608 1613 1605 1589
848.994995 1623 1570 1591 1539 1521 1460 1452 1453 1466 1501 1533 1555 1586 1614 1621 1595 1605
849.072998 1610 1595 1565 1535 1499 1477 1448 1459 1469 1499 1539 1554 1563 1632 1611 1611 1620
849.151001 1619 1595 1556 1538 1508 1479 1449 1431 1479 1514 1538 1550 1582 1606 1612 1606 1600
849.229004 1610 1618 1572 1526 1492 1460 1455 1467 1471 1493 1546 1561 1598 1597 1599 1620 1614
849.307007 1606 1586 1558 1542 1484 1471 1455 1462 1468 1508 1523 1565 1581 1606 1606 1617 1610
849.38501 1625 1606 1571 1536 1489 1480 1454 1452 1469 1495 1534 1569 1596 1626 1623 1616 1614
849.463989 1628 1606 1573 1554 1493 1456 1455 1475 1455 1498 1531 1588 1614 1607 1622 1614 1611
849.541992 1626 1599 1566 1545 1493 1478 1461 1459 1465 1512 1529 1572 1589 1619 1640 1645 1597
849.619995 1631 1597 1572 1556 1504 1484 1455 1476 1480 1495 1518 1585 1595 1621 1615 1636 1608
849.697998 1629 1599 1577 1546 1511 1491 1453 1467 1461 1496 1542 1572 1612 1625 1630 1616 1607
849.776001 1615 1600 1577 1553 1497 1476 1440 1468 1484 1505 1530 1555 1592 1633 1634 1621 1614
849.854004 1646 1608 1584 1540 1498 1482 1461 1470 1486 1523 1560 1558 1604 1622 1633 1639 1630
849.932007 1649 1616 1588 1565 1516 1489 1459 1464 1476 1520 1548 1575 1616 1611 1632 1641 1629
850.01001 1629 1631 1574 1545 1530 1478 1460 1462 1467 1526 1520 1565 1599 1618 1613 1635 1615
850.088989 1617 1626 1589 1548 1495 1468 1470 1459 1467 1499 1540 1578 1621 1624 1638 1645 1629
850.166992 1637 1603 1589 1571 1497 1485 1448 1478 1488 1499 1546 1571 1599 1615 1614 1631 1633
850.244995 1622 1602 1578 1555 1522 1485 1457 1478 1476 1508 1550 1583 1603 1619 1635 1626 1624
850.322998 1649 1619 1583 1547 1513 1486 1472 1467 1485 1516 1563 1569 1585 1617 1632 1640 1616
850.401001 1629 1627 1590 1549 1508 1482 1455 1461 1473 1505 1545 1565 1600 1621 1648 1626 1635
850.479004 1652 1622 1574 1563 1535 1491 1471 1479 1482 1505 1552 1582 1618 1612 1646 1646 1614
850.557007 1637 1601 1597 1554 1524 1486 1453 1466 1495 1499 1561 1564 1602 1636 1653 1668 1610
850.63501 1641 1636 1593 1537 1510 1496 1452 1452 1502 1523 1545 1585 1614 1633 1634 1636 1626
850.713013 1645 1621 1590 1554 1515 1486 1467 1473 1469 1509 1543 1569 1623 1625 1643 1641 1627
850.791992 1637 1637 1600 1524 1519 1497 1465 1459 1484 1498 1548 1593 1626 1630 1642 1641 1606
850.869995 1663 1621 1585 1562 1520 1490 1467 1473 1490 1519 1546 1572 1598 1628 1644 1641 1636
850.947998 1631 1610 1589 1571 1507 1493 1472 1470 1488 1507 1548 1597 1613 1638 1653 1655 1659
851.026001 1638 1635 1594 1574 1513 1509 1457 1451 1485 1529 1555 1604 1618 1615 1630 1655 1633
851.104004 1651 1617 1598 1546 1527 1479 1470 1469 1491 1519 1565 1601 1610 1637 1652 1643 1618
851.182007 1667 1630 1600 1566 1529 1488 1475 1465 1489 1514 1560 1576 1601 1641 1645 1670 1629
851.26001 1644 1630 1588 1571 1523 1498 1490 1476 1491 1520 1560 1570 1607 1631 1661 1642 1646
851.338013 1649 1633 1597 1572 1517 1501 1480 1475 1487 1505 1538 1591 1613 1637 1659 1657 1632
851.416016 1658 1630 1609 1544 1527 1487 1458 1472 1487 1505 1559 1588 1611 1637 1657 1634 1643
851.494019 1668 1624 1606 1586 1528 1486 1476 1486 1483 1513 1553 1590 1596 1636 1643 1651 1650
851.572998 1664 1669 1626 1573 1517 1490 1469 1468 1474 1524 1563 1598 1621 1619 1676 1664 1645
851.651001 1674 1632 1624 1560 1538 1493 1451 1478 1495 1518 1567 1569 1611 1657 1643 1636 1649
851.729004 1672 1650 1608 1566 1521 1478 1468 1465 1487 1520 1557 1597 1612 1629 1642 1651 1647
851.807007 1667 1636 1608 1572 1525 1484 1457 1473 1480 1534 1557 1592 1608 1623 1649 1650 1627
851.88501 1648 1644 1605 1571 1513 1488 1476 1454 1492 1516 1573 1597 1600 1640 1643 1664 1641
851.963013 1665 1628 1615 1571 1522 1501 1474 1469 1498 1511 1558 1593 1635 1629 1659 1665 1651
852.041016 1663 1651 1588 1574 1523 1484 1456 1472 1489 1525 1563 1580 1621 1634 1649 1657 1658
852.119019 1652 1629 1614 1577 1518 1500 1477 1473 1492 1526 1550 1587 1630 1660 1647 1651 1656
852.197021 1669 1651 1592 1563 1523 1504 1465 1484 1498 1524 1552 1586 1623 1644 1663 1660 1649
852.275024 1661 1649 1598 1579 1520 1487 1477 1480 1489 1524 1554 1568 1622 1648 1654 1671 1655
852.353027 1661 1634 1596 1565 1546 1492 1466 1466 1496 1526 1563 1594 1614 1633 1654 1653 1646
852.43103 1653 1633 1614 1577 1558 1493 1475 1475 1496 1523 1565 1604 1613 1657 1650 1649 1644
852.51001 1646 1637 1612 1571 1547 1511 1477 1467 1502 1520 1545 1605 1604 1638 1652 1663 1654
852.588013 1664 1631 1616 1581 1524 1495 1462 1487 1495 1542 1567 1584 1616 1660 1650 1652 1629
852.666016 1662 1621 1608 1568 1502 1489 1477 1479 1478 1516 1575 1593 1635 1655 1652 1668 1642
852.744019 1668 1609 1594 1577 1523 1502 1463 1471 1490 1515 1548 1599 1615 1641 1669 1663 1652
852.822021 1647 1634 1595 1584 1517 1490 1464 1481 1505 1526 1558 1604 1623 1640 1647 1682 1645
852.900024 1641 1637 1604 1587 1527 1499 1490 1483 1484 1531 1565 1587 1648 1641 1638 1663 1654
852.978027 1659 1646 1610 1588 1530 1507 1472 1472 1496 1510 1547 1584 1641 1649 1669 1660 1643
853.05603 1654 1653 1610 1575 1521 1496 1454 1470 1470 1524 1555 1607 1623 1637 1639 1659 1629
853.133972 1654 1636 1610 1575 1531 1494 1456 1484 1530 1524 1581 1598 1618 1645 1667 1666 1646
853.211975 1661 1625 1608 1571 1537 1508 1472 1482 1503 1526 1572 1608 1623 1647 1680 1632 1651
853.289978 1654 1651 1591 1571 1514 1497 1460 1473 1530 1538 1550 1595 1631 1649 1660 1660 1655
853.367981 1654 1640 1600 1569 1539 1512 1471 1477 1510 1537 1548 1603 1631 1655 1646 1637 1643
853.445984 1645 1628 1595 1568 1529 1487 1474 1494 1504 1533 1554 1602 1611 1653 1657 1668 1631
853.523987 1647 1622 1592 1553 1519 1505 1474 1481 1502 1534 1571 1588 1614 1635 1647 1672 1636
853.60199 1677 1632 1624 1580 1541 1492 1481 1491 1497 1528 1568 1584 1624 1648 1649 1671 1641
853.68103 1645 1628 1593 1552 1522 1504 1482 1485 1495 1516 1584 1609 1603 1642 1654 1653 1659
853.758972 1645 1615 1612 1582 1537 1514 1475 1477 1516 1518 1566 1590 1634 1645 1673 1662 1633
853.836975 1650 1636 1593 1577 1543 1496 1478 1469 1493 1520 1551 1599 1639 1647 1632 1644 1644
853.914978 1662 1635 1614 1578 1536 1476 1467 1479 1504 1539 1571 1599 1621 1647 1657 1680 1649
853.992981 1653 1646 1603 1566 1558 1507 1500 1476 1486 1533 1558 1590 1624 1647 1636 1651 1646
854.070984 1650 1629 1601 1550 1531 1517 1482 1484 1505 1534 1565 1591 1603 1641 1655 1643 1648
854.148987 1656 1614 1611 1578 1510 1489 1482 1471 1504 1532 1576 1597 1642 1634 1659 1647 1631
854.22699 1647 1643 1612 1588 1524 1493 1477 1484 1519 1521 1544 1590 1610 1639 1670 1659 1626
854.304993 1630 1625 1627 1569 1526 1483 1487 1496 1504 1538 1556 1590 1626 1628 1649 1669 1644
854.382996 1651 1624 1616 1561 1522 1483 1478 1498 1504 1530 1560 1584 1609 1640 1647 1661 1627
854.460999 1641 1640 1598 1552 1523 1496 1479 1486 1509 1545 1548 1587 1617 1630 1657 1654 1636
854.539001 1651 1637 1605 1560 1531 1506 1471 1494 1502 1525 1567 1587 1626 1627 1663 1649 1635
854.617004 1661 1650 1614 1566 1518 1497 1483 1491 1501 1536 1563 1601 1613 1652 1663 1654 1635
854.695007 1666 1628 1604 1581 1539 1503 1485 1496 1505 1522 1578 1593 1619 1647 1658 1651 1634
854.77301 1643 1636 1624 1575 1523 1515 1480 1493 1490 1529 1572 1609 1623 1639 1643 1667 1661
854.851013 1634 1654 1603 1568 1537 1503 1477 1485 1514 1509 1564 1583 1607 1621 1658 1653 1631
854.929016 1662 1634 1618 1594 1536 1498 1482 1502 1491 1535 1558 1606 1625 1654 1656 1646 1640
855.007019 1667 1618 1612 1592 1531 1516 1490 1490 1507 1545 1558 1593 1630 1655 1647 1644 1640
855.085999 1625 1634 1611 1558 1527 1491 1469 1486 1503 1554 1564 1581 1620 1626 1656 1641 1641
855.164001 1647 1612 1615 1560 1528 1502 1478 1501 1515 1533 1566 1585 1634 1653 1658 1663 1639
855.242004 1643 1627 1604 1560 1558 1511 1472 1489 1514 1532 1566 1612 1614 1640 1637 1654 1642
855.320007 1658 1634 1614 1551 1543 1510 1488 1488 1511 1529 1549 1611 1622 1625 1674 1664 1648
855.39801 1647 1621 1594 1580 1530 1507 1472 1488 1511 1527 1564 1605 1623 1626 1672 1663 1654
855.476013 1651 1646 1606 1550 1546 1510 1478 1486 1512 1539 1577 1596 1626 1632 1646 1648 1659
855.554016 1649 1621 1618 1566 1518 1513 1464 1480 1488 1534 1556 1583 1617 1606 1651 1675 1642
855.632019 1640 1637 1615 1587 1534 1506 1468 1488 1502 1517 1568 1589 1612 1644 1646 1647 1629
855.710022 1642 1649 1614 1564 1526 1488 1481 1507 1511 1521 1569 1581 1628 1634 1648 1667 1637
855.788025 1660 1651 1610 1578 1546 1511 1483 1479 1517 1556 1546 1606 1623 1653 1652 1661 1644
855.866028 1643 1619 1616 1576 1539 1495 1472 1497 1502 1544 1571 1594 1634 1643 1658 1660 1630
855.94397 1650 1636 1597 1574 1548 1497 1497 1488 1485 1550 1567 1606 1625 1637 1678 1646 1639
856.021973 1656 1636 1631 1582 1552 1491 1476 1485 1517 1528 1580 1599 1622 1671 1675 1676 1634
856.099976 1651 1623 1620 1588 1543 1504 1488 1505 1516 1533 1571 1606 1614 1649 1644 1663 1655
856.177979 1654 1640 1612 1585 1547 1504 1497 1508 1514 1516 1577 1592 1627 1649 1651 1644 1647
856.255981 1644 1639 1588 1589 1542 1504 1486 1482 1509 1534 1556 1613 1644 1652 1635 1684 1662
856.333984 1670 1647 1627 1572 1539 1507 1495 1485 1507 1524 1585 1621 1645 1650 1651 1666 1674
856.411987 1660 1653 1609 1580 1537 1503 1496 1489 1505 1553 1580 1624 1624 1667 1667 1652 1648
856.48999 1656 1638 1622 1575 1540 1502 1486 1492 1504 1536 1570 1602 1626 1640 1665 1669 1622
856.567993 1657 1640 1605 1581 1540 1527 1481 1497 1508 1541 1585 1601 1662 1629 1663 1647 1637
856.645996 1665 1643 1622 1584 1546 1513 1475 1501 1505 1558 1569 1612 1643 1653 1664 1655 1665
856.723999 1686 1641 1611 1575 1540 1515 1481 1481 1512 1547 1573 1604 1644 1668 1657 1661 1645
856.802002 1677 1659 1605 1587 1535 1521 1490 1477 1500 1550 1582 1604 1642 1653 1670 1676 1648
856.880005 1656 1644 1598 1594 1550 1504 1488 1493 1528 1533 1584 1621 1631 1659 1649 1660 1659
856.958008 1664 1647 1607 1565 1539 1515 1501 1499 1512 1545 1569 1605 1640 1647 1658 1685 1643
857.036011 1663 1640 1610 1581 1563 1500 1488 1495 1511 1542 1571 1606 1621 1667 1655 1688 1652
857.114014 1659 1665 1631 1589 1578 1506 1473 1504 1523 1537 1592 1613 1657 1656 1670 1656 1651
857.192017 1665 1634 1596 1588 1542 1491 1489 1502 1510 1554 1578 1606 1635 1664 1656 1679 1675
857.27002 1667 1662 1622 1607 1537 1505 1506 1492 1516 1534 1574 1611 1625 1661 1662 1665 1639
857.348022 1655 1657 1638 1591 1552 1500 1489 1483 1524 1542 1600 1633 1644 1636 1683 1672 1663
857.426025 1666 1651 1612 1567 1553 1513 1499 1497 1519 1548 1569 1633 1635 1653 1686 1674 1660
857.504028 1665 1658 1623 1575 1548 1506 1489 1487 1524 1535 1567 1617 1659 1648 1666 1656 1660
857.58197 1668 1618 1623 1566 1549 1535 1479 1500 1505 1549 1582 1626 1651 1665 1673 1662 1658
857.659973 1692 1666 1604 1585 1550 1502 1490 1498 1529 1542 1583 1601 1637 1656 1675 1666 1666
857.737976 1651 1631 1616 1583 1551 1522 1486 1481 1534 1556 1582 1604 1638 1660 1702 1677 1656
857.815979 1675 1651 1622 1567 1559 1515 1493 1503 1516 1537 1603 1628 1642 1671 1667 1674 1646
857.893982 1677 1643 1640 1591 1537 1514 1505 1509 1519 1564 1591 1619 1661 1676 1661 1692 1673
857.971985 1677 1661 1641 1564 1531 1512 1505 1504 1536 1564 1583 1624 1650 1657 1656 1663 1670
858.049988 1651 1646 1633 1601 1560 1506 1501 1501 1519 1555 1580 1618 1634 1649 1672 1676 1668
858.127991 1672 1668 1620 1585 1549 1520 1511 1502 1525 1563 1587 1620 1629 1667 1662 1665 1679
858.205994 1668 1659 1614 1603 1548 1520 1498 1492 1518 1565 1595 1605 1660 1663 1662 1666 1667
858.283997 1667 1672 1620 1578 1569 1518 1494 1501 1515 1565 1598 1629 1652 1656 1681 1698 1674
858.362 1669 1659 1627 1598 1551 1525 1503 1505 1513 1542 1590 1625 1663 1684 1669 1655 1645
858.440002 1656 1666 1628 1591 1532 1521 1493 1504 1528 1540 1592 1614 1640 1678 1684 1669 1658
858.518005 1687 1660 1620 1580 1569 1511 1495 1519 1521 1546 1610 1622 1641 1684 1674 1668 1660
858.596008 1669 1644 1621 1597 1561 1504 1487 1503 1526 1556 1602 1639 1643 1657 1670 1681 1657
858.674011 1673 1659 1620 1604 1536 1537 1505 1493 1519 1553 1599 1606 1660 1654 1692 1677 1649
858.752014 1668 1657 1613 1611 1561 1514 1489 1509 1518 1564 1597 1632 1644 1676 1672 1691 1664
858.830017 1694 1662 1618 1594 1549 1535 1496 1518 1527 1556 1583 1621 1661 1681 1680 1692 1677
858.90802 1677 1683 1619 1579 1550 1518 1504 1506 1526 1539 1603 1623 1651 1683 1672 1693 1666
858.986023 1699 1667 1635 1592 1549 1510 1516 1502 1542 1566 1583 1625 1643 1657 1683 1673 1672
859.064026 1678 1661 1649 1589 1549 1522 1507 1520 1538 1548 1575 1636 1677 1695 1699 1693 1646
859.142029 1668 1649 1627 1602 1557 1515 1503 1508 1523 1553 1591 1615 1650 1670 1677 1689 1671
859.219971 1682 1636 1611 1592 1548 1506 1514 1512 1529 1564 1588 1613 1665 1672 1673 1671 1681
859.297974 1701 1663 1651 1618 1547 1523 1503 1499 1526 1552 1597 1636 1664 1691 1690 1680 1664
859.375977 1666 1658 1639 1595 1579 1531 1497 1522 1531 1560 1600 1653 1662 1696 1700 1678 1657
859.453979 1693 1643 1641 1590 1556 1527 1505 1512 1520 1564 1599 1637 1637 1675 1675 1681 1667
859.531982 1686 1682 1643 1595 1557 1522 1502 1498 1542 1560 1595 1629 1667 1683 1671 1703 1679
859.609985 1670 1678 1643 1600 1562 1525 1495 1510 1532 1554 1594 1616 1658 1678 1691 1686 1687
859.687988 1700 1657 1638 1609 1545 1518 1498 1518 1521 1549 1606 1628 1665 1683 1707 1682 1680
859.765991 1668 1655 1636 1601 1565 1524 1507 1498 1507 1573 1617 1608 1665 1679 1683 1681 1691
859.843994 1692 1668 1629 1601 1559 1535 1510 1496 1532 1568 1593 1625 1659 1688 1682 1694 1664
859.921997 1676 1665 1619 1596 1551 1518 1497 1505 1525 1560 1596 1642 1650 1666 1693 1700 1684
860 1709 1656 1647 1592 1555 1544 1486 1522 1519 1568 1596 1629 1676 1649 1680 1673 1673
860.078003 1685 1661 1651 1598 1574 1525 1522 1494 1533 1555 1585 1625 1652 1684 1714 1688 1702
860.156006 1699 1679 1632 1603 1561 1526 1480 1498 1531 1558 1598 1625 1666 1696 1668 1656 1679
860.234009 1687 1677 1633 1616 1563 1543 1504 1516 1532 1569 1598 1617 1671 1690 1680 1672 1668
860.312012 1677 1668 1625 1610 1560 1526 1513 1525 1534 1584 1591 1608 1657 1681 1688 1679 1676
860.390015 1703 1668 1636 1600 1562 1531 1504 1525 1537 1563 1574 1630 1665 1671 1691 1700 1675
860.468018 1660 1656 1627 1603 1532 1535 1490 1505 1550 1576 1600 1651 1658 1684 1690 1673 1667
860.546021 1683 1655 1639 1594 1560 1522 1508 1499 1547 1542 1596 1615 1664 1684 1702 1667 1670
860.624023 1664 1665 1631 1598 1563 1523 1509 1526 1538 1558 1613 1638 1672 1664 1710 1683 1667
860.702026 1687 1649 1619 1590 1540 1522 1492 1515 1532 1573 1620 1648 1654 1668 1682 1681 1681
860.780029 1679 1680 1633 1592 1583 1534 1491 1517 1539 1576 1611 1636 1660 1693 1682 1678 1682
860.857971 1672 1650 1636 1595 1546 1528 1488 1514 1546 1549 1581 1641 1649 1682 1689 1697 1696
860.935974 1680 1651 1631 1603 1570 1529 1504 1501 1523 1577 1604 1629 1663 1673 1674 1715 1652
861.013977 1655 1661 1643 1606 1569 1531 1492 1518 1530 1565 1570 1625 1662 1678 1674 1698 1669
861.091003 1676 1661 1629 1591 1560 1524 1510 1491 1533 1566 1611 1612 1673 1666 1661 1692 1657
861.169006 1710 1683 1646 1613 1556 1528 1500 1509 1531 1563 1604 1636 1658 1677 1692 1686 1663
861.247009 1664 1633 1630 1592 1549 1519 1497 1523 1530 1554 1613 1619 1665 1662 1698 1679 1666
861.325012 1688 1658 1620 1598 1565 1526 1514 1511 1533 1564 1614 1648 1686 1683 1679 1669 1672
861.403015 1689 1647 1643 1587 1563 1521 1515 1521 1522 1561 1594 1614 1663 1679 1687 1684 1686
861.481018 1687 1667 1631 1575 1571 1530 1501 1515 1540 1565 1603 1645 1659 1672 1699 1678 1657
861.559021 1663 1649 1623 1598 1560 1544 1514 1518 1535 1546 1593 1618 1653 1672 1662 1696 1663
861.637024 1692 1668 1636 1587 1570 1540 1503 1530 1534 1560 1605 1617 1643 1682 1676 1693 1659
861.715027 1666 1676 1636 1588 1572 1523 1517 1517 1535 1574 1582 1620 1651 1659 1671 1678 1643
861.79303 1679 1678 1625 1601 1562 1528 1511 1513 1545 1558 1600 1646 1656 1672 1676 1674 1645
861.870972 1673 1665 1630 1596 1560 1539 1498 1512 1527 1554 1606 1623 1654 1682 1660 1683 1643
861.948975 1672 1657 1620 1584 1555 1528 1507 1511 1529 1571 1588 1621 1654 1676 1687 1671 1653
862.026978 1667 1645 1634 1590 1552 1521 1489 1521 1553 1575 1586 1618 1649 1672 1660 1675 1662
862.10498 1661 1656 1635 1593 1552 1514 1500 1531 1514 1578 1608 1627 1668 1681 1674 1691 1656
862.182983 1664 1661 1610 1601 1556 1517 1505 1523 1515 1568 1591 1643 1653 1670 1664 1654 1662
862.260986 1681 1649 1630 1588 1559 1530 1499 1508 1540 1572 1584 1630 1641 1690 1665 1679 1648
862.338989 1666 1640 1631 1583 1557 1504 1507 1515 1523 1554 1572 1625 1648 1674 1677 1666 1683
862.416992 1667 1654 1609 1587 1549 1529 1499 1518 1539 1562 1618 1620 1647 1684 1668 1650 1649
862.494995 1660 1639 1624 1604 1548 1533 1506 1528 1531 1572 1597 1640 1638 1658 1665 1654 1645
862.572998 1669 1651 1589 1588 1567 1532 1502 1525 1540 1557 1616 1626 1651 1664 1664 1642 1651
862.650024 1668 1658 1608 1592 1561 1521 1501 1514 1545 1575 1601 1611 1642 1677 1659 1671 1639
862.728027 1648 1638 1629 1579 1560 1541 1499 1521 1554 1565 1600 1618 1659 1677 1641 1658 1647
862.80603 1654 1657 1600 1588 1554 1522 1517 1516 1534 1575 1576 1639 1634 1660 1665 1667 1633
862.883972 1671 1648 1618 1586 1540 1525 1504 1511 1529 1549 1566 1623 1629 1654 1666 1648 1637
862.961975 1652 1632 1599 1591 1572 1526 1522 1518 1527 1557 1587 1606 1647 1662 1659 1678 1657
863.039978 1654 1639 1603 1601 1541 1533 1520 1514 1526 1556 1596 1617 1640 1645 1660 1651 1651
863.117981 1649 1644 1616 1585 1553 1532 1516 1512 1520 1549 1597 1608 1645 1656 1668 1665 1632
863.195984 1664 1632 1629 1578 1568 1536 1505 1524 1544 1574 1591 1617 1654 1634 1644 1643 1654
863.273987 1672 1659 1615 1590 1541 1524 1504 1521 1542 1566 1593 1621 1632 1656 1655 1663 1630
863.35199 1648 1640 1617 1586 1574 1519 1500 1516 1538 1554 1585 1626 1630 1666 1645 1648 1638
863.429993 1650 1624 1612 1611 1561 1516 1505 1506 1524 1564 1604 1608 1645 1651 1649 1654 1631
863.507996 1645 1646 1616 1581 1558 1521 1514 1529 1530 1563 1571 1614 1635 1649 1660 1659 1640
863.585999 1678 1640 1589 1591 1566 1541 1493 1515 1530 1580 1599 1617 1625 1650 1658 1652 1632
863.663025 1674 1637 1592 1579 1550 1516 1498 1535 1533 1554 1593 1628 1637 1646 1653 1653 1634
863.741028 1665 1650 1601 1582 1552 1523 1507 1517 1524 1549 1591 1614 1632 1655 1664 1678 1640
863.81897 1660 1639 1605 1581 1541 1532 1492 1524 1534 1555 1575 1616 1636 1662 1653 1651 1649
863.896973 1653 1649 1612 1574 1542 1514 1507 1497 1555 1544 1599 1626 1658 1644 1668 1656 1639
863.974976 1650 1620 1622 1581 1554 1539 1514 1507 1521 1555 1607 1614 1627 1655 1629 1653 1643
864.052979 1655 1615 1586 1574 1556 1516 1507 1509 1524 1556 1603 1604 1639 1651 1639 1649 1651
864.130981 1654 1627 1625 1602 1563 1532 1509 1504 1519 1571 1598 1612 1627 1660 1632 1646 1641
864.208984 1639 1640 1608 1584 1553 1525 1500 1538 1526 1548 1582 1609 1659 1657 1654 1661 1625
864.286987 1651 1640 1609 1564 1563 1522 1480 1525 1524 1544 1582 1617 1641 1657 1641 1638 1639
864.36499 1649 1628 1613 1573 1551 1537 1504 1520 1528 1562 1597 1604 1617 1643 1653 1642 1630
864.442993 1631 1623 1607 1585 1555 1537 1505 1505 1533 1575 1581 1609 1633 1643 1667 1669 1639
864.520996 1649 1628 1606 1588 1564 1531 1519 1510 1537 1546 1582 1610 1626 1662 1660 1657 1648
864.598022 1630 1648 1615 1564 1549 1520 1500 1512 1530 1551 1586 1623 1631 1643 1642 1660 1641
864.676025 1658 1643 1627 1586 1555 1528 1491 1509 1552 1559 1575 1616 1622 1643 1654 1653 1653
864.754028 1638 1639 1612 1609 1554 1539 1516 1528 1526 1533 1578 1612 1626 1630 1667 1659 1622
864.83197 1652 1647 1610 1577 1545 1514 1506 1512 1533 1564 1597 1604 1638 1650 1663 1638 1653
864.909973 1657 1636 1622 1583 1539 1522 1506 1525 1515 1548 1591 1612 1625 1636 1669 1656 1640
864.987976 1635 1640 1617 1573 1562 1534 1507 1526 1525 1557 1582 1607 1611 1632 1663 1653 1640
865.065979 1652 1648 1612 1593 1558 1539 1507 1511 1532 1565 1587 1617 1616 1671 1639 1672 1648
865.143982 1673 1625 1626 1582 1523 1536 1505 1521 1521 1549 1571 1618 1623 1657 1667 1642 1632
865.221985 1645 1653 1603 1603 1558 1512 1499 1512 1533 1562 1568 1601 1614 1667 1640 1656 1641
865.299011 1661 1643 1622 1569 1556 1528 1511 1516 1529 1567 1576 1612 1629 1632 1636 1640 1656
865.377014 1670 1631 1611 1582 1542 1521 1505 1513 1546 1537 1591 1614 1623 1630 1649 1649 1627
865.455017 1657 1612 1603 1587 1555 1535 1510 1516 1529 1553 1578 1625 1637 1631 1656 1654 1638
865.53302 1665 1644 1625 1577 1552 1526 1504 1502 1529 1554 1607 1620 1644 1629 1651 1648 1647
865.611023 1655 1636 1625 1585 1553 1535 1513 1520 1521 1566 1599 1600 1617 1663 1638 1671 1634
865.689026 1655 1620 1613 1596 1550 1542 1506 1511 1523 1549 1572 1627 1642 1641 1652 1660 1648
865.767029 1649 1647 1620 1604 1547 1504 1495 1505 1543 1547 1562 1626 1631 1659 1621 1653 1643
865.844971 1661 1654 1615 1596 1565 1543 1502 1513 1531 1548 1575 1616 1643 1621 1654 1643 1630
865.922974 1656 1659 1619 1588 1533 1527 1516 1526 1537 1548 1596 1616 1639 1657 1665 1650 1639
866 1633 1648 1615 1589 1559 1522 1490 1509 1521 1555 1582 1602 1625 1642 1650 1625 1643
866.078003 1660 1665 1609 1571 1556 1537 1494 1513 1524 1552 1582 1614 1642 1664 1646 1669 1635
866.156006 1661 1649 1621 1593 1549 1532 1502 1506 1524 1526 1578 1581 1625 1635 1641 1668 1656
866.234009 1662 1646 1627 1574 1555 1514 1518 1506 1510 1550 1588 1604 1646 1652 1678 1664 1658
866.312012 1649 1633 1609 1582 1556 1521 1506 1506 1522 1553 1585 1612 1646 1670 1642 1660 1644
866.390015 1639 1629 1606 1609 1545 1527 1505 1520 1520 1551 1615 1599 1623 1654 1648 1653 1641
866.468018 1648 1676 1618 1581 1560 1520 1497 1512 1522 1557 1576 1631 1635 1660 1655 1658 1631
866.546021 1656 1652 1608 1581 1537 1530 1494 1500 1517 1556 1586 1610 1633 1655 1667 1663 1667
866.624023 1678 1659 1616 1604 1551 1524 1509 1506 1520 1560 1586 1599 1644 1645 1666 1661 1658
866.700989 1671 1650 1621 1573 1563 1534 1487 1498 1528 1550 1595 1616 1642 1664 1638 1662 1645
866.778992 1670 1657 1614 1573 1549 1510 1480 1509 1524 1548 1583 1604 1637 1640 1672 1647 1646
866.856995 1651 1658 1625 1592 1538 1528 1498 1504 1544 1550 1597 1629 1644 1643 1675 1653 1657
866.934998 1676 1647 1616 1589 1543 1510 1504 1501 1514 1562 1596 1611 1627 1617 1687 1654 1647
867.013 1663 1645 1628 1585 1551 1521 1496 1508 1520 1547 1582 1620 1646 1644 1667 1668 1652
867.091003 1674 1648 1641 1597 1545 1509 1496 1497 1518 1550 1589 1609 1617 1660 1645 1680 1656
867.169006 1660 1656 1624 1580 1544 1516 1485 1509 1519 1546 1585 1600 1638 1659 1653 1647 1637
867.247009 1667 1631 1612 1579 1581 1527 1493 1520 1534 1550 1576 1601 1640 1643 1651 1652 1654
867.323975 1647 1636 1631 1588 1552 1541 1474 1507 1526 1567 1576 1605 1634 1664 1652 1664 1653
867.401978 1661 1657 1610 1590 1557 1520 1490 1507 1538 1544 1585 1624 1623 1648 1672 1665 1647
867.47998 1661 1659 1633 1583 1559 1529 1493 1494 1519 1533 1579 1589 1645 1665 1667 1670 1647
867.557983 1664 1634 1634 1568 1545 1524 1490 1501 1530 1551 1573 1618 1648 1650 1683 1656 1647
867.635986 1676 1654 1609 1588 1556 1525 1506 1496 1511 1544 1576 1606 1611 1689 1677 1679 1642
867.713989 1645 1667 1601 1588 1541 1505 1491 1501 1523 1543 1593 1597 1638 1660 1661 1661 1646
867.791992 1680 1671 1625 1586 1551 1519 1492 1499 1511 1564 1569 1631 1640 1662 1655 1680 1639
867.869019 1663 1644 1617 1590 1543 1511 1494 1491 1533 1561 1590 1595 1643 1662 1669 1665 1662
867.947021 1686 1649 1639 1591 1561 1519 1486 1511 1515 1544 1602 1620 1637 1662 1683 1664 1657
868.025024 1669 1634 1632 1585 1554 1518 1485 1491 1529 1556 1589 1612 1651 1675 1669 1679 1656
868.103027 1681 1665 1623 1586 1561 1525 1493 1507 1535 1546 1601 1624 1652 1661 1694 1674 1653
868.18103 1670 1662 1610 1579 1556 1524 1498 1504 1530 1541 1570 1610 1622 1654 1671 1639 1658
868.258972 1663 1655 1633 1583 1540 1519 1500 1492 1515 1543 1580 1601 1648 1637 1683 1665 1664
868.335999 1664 1645 1617 1596 1552 1515 1494 1508 1533 1561 1572 1610 1651 1657 1683 1673 1658
868.414001 1638 1669 1622 1616 1547 1528 1488 1515 1524 1556 1577 1603 1649 1647 1663 1677 1645
868.492004 1663 1655 1610 1577 1552 1517 1508 1501 1526 1554 1571 1614 1638 1667 1668 1669 1634
868.570007 1654 1657 1628 1572 1555 1500 1495 1503 1508 1534 1572 1619 1618 1657 1661 1674 1665
868.64801 1671 1655 1631 1609 1537 1514 1483 1510 1513 1549 1571 1603 1645 1634 1669 1656 1646
868.726013 1670 1647 1626 1600 1550 1515 1487 1511 1511 1527 1587 1610 1639 1675 1670 1652 1649
868.804016 1678 1651 1626 1575 1562 1495 1490 1502 1520 1555 1580 1593 1628 1643 1679 1668 1649
868.880981 1665 1659 1616 1583 1544 1511 1485 1477 1524 1524 1583 1606 1628 1667 1662 1665 1630
868.958984 1664 1650 1607 1580 1547 1502 1479 1498 1503 1537 1579 1613 1642 1654 1673 1662 1657
869.036987 1646 1667 1607 1578 1547 1512 1498 1496 1534 1541 1592 1601 1625 1646 1675 1665 1639
869.11499 1670 1629 1605 1584 1549 1524 1478 1495 1525 1532 1580 1581 1611 1645 1664 1657 1641
869.192993 1667 1650 1626 1580 1549 1514 1487 1502 1510 1537 1591 1622 1620 1649 1683 1667 1646
869.270996 1677 1641 1622 1572 1537 1505 1486 1490 1518 1538 1573 1601 1627 1638 1670 1650 1638
869.348022 1660 1666 1625 1574 1525 1518 1479 1489 1507 1530 1589 1619 1628 1654 1659 1649 1629
869.426025 1648 1640 1611 1557 1537 1507 1492 1491 1533 1537 1587 1606 1632 1626 1668 1679 1646
869.504028 1661 1634 1610 1570 1542 1508 1490 1508 1510 1544 1560 1609 1632 1654 1665 1660 1647
869.58197 1648 1631 1620 1606 1557 1502 1489 1498 1517 1536 1577 1601 1626 1661 1658 1647 1646
869.659973 1662 1647 1599 1587 1549 1498 1481 1490 1515 1520 1564 1611 1613 1651 1655 1660 1633
869.737976 1657 1656 1609 1565 1554 1510 1478 1501 1513 1525 1561 1601 1628 1625 1637 1654 1638
869.815002 1648 1636 1607 1573 1531 1496 1502 1520 1514 1533 1587 1621 1615 1630 1639 1661 1640
869.893005 1653 1656 1588 1567 1537 1516 1485 1495 1515 1533 1580 1603 1614 1633 1657 1648 1644
869.971008 1649 1622 1603 1583 1547 1516 1461 1510 1518 1540 1554 1598 1614 1635 1662 1666 1640
870.049011 1653 1642 1613 1569 1553 1517 1477 1486 1509 1552 1572 1625 1632 1624 1663 1660 1612
870.127014 1652 1651 1613 1561 1545 1512 1475 1486 1496 1538 1565 1616 1629 1641 1646 1646 1648
870.205017 1660 1632 1601 1584 1536 1495 1490 1485 1509 1532 1572 1588 1633 1650 1657 1643 1632
870.281982 1658 1635 1607 1572 1545 1499 1474 1494 1515 1533 1567 1595 1612 1633 1634 1649 1655
870.359985 1664 1625 1597 1565 1544 1513 1482 1504 1501 1549 1563 1591 1604 1649 1651 1654 1646
870.437988 1639 1620 1635 1568 1544 1501 1468 1484 1510 1543 1558 1604 1627 1658 1644 1662 1645
870.515991 1662 1629 1602 1587 1539 1482 1474 1486 1493 1550 1571 1597 1620 1647 1648 1650 1635
870.593994 1628 1637 1585 1567 1522 1511 1468 1490 1513 1533 1558 1592 1622 1654 1649 1623 1647
870.671021 1633 1633 1608 1579 1543 1490 1475 1483 1510 1526 1562 1569 1636 1623 1669 1637 1622
870.749023 1627 1645 1604 1576 1517 1503 1474 1495 1504 1540 1547 1600 1603 1634 1647 1635 1629
870.827026 1643 1613 1590 1562 1533 1511 1476 1484 1500 1544 1565 1581 1622 1636 1649 1639 1615
870.905029 1618 1631 1590 1565 1549 1485 1472 1489 1506 1524 1576 1589 1631 1641 1641 1624 1624
870.982971 1636 1633 1581 1579 1517 1482 1485 1492 1500 1558 1567 1593 1595 1635 1634 1621 1641
871.059998 1632 1650 1591 1565 1550 1513 1466 1500 1505 1543 1575 1579 1597 1643 1644 1653 1607
871.138 1646 1615 1571 1576 1523 1506 1478 1486 1503 1537 1558 1586 1604 1620 1623 1628 1623
871.216003 1628 1614 1590 1557 1534 1490 1490 1473 1502 1537 1553 1586 1636 1629 1642 1624 1617
871.294006 1634 1631 1600 1563 1525 1508 1461 1492 1506 1524 1550 1581 1614 1624 1631 1640 1642
871.372009 1640 1609 1569 1567 1512 1497 1479 1491 1505 1523 1544 1579 1614 1633 1639 1647 1617
871.448975 1647 1629 1605 1562 1528 1498 1477 1491 1499 1531 1549 1575 1611 1631 1639 1635 1627
871.526978 1662 1634 1596 1562 1521 1505 1464 1497 1497 1541 1548 1600 1620 1638 1642 1631 1611
871.60498 1640 1615 1590 1579 1516 1492 1493 1487 1516 1526 1570 1592 1624 1636 1633 1627 1627
871.682983 1633 1617 1600 1583 1538 1482 1483 1480 1498 1530 1550 1568 1608 1619 1645 1654 1608
871.760986 1645 1622 1591 1555 1546 1501 1459 1482 1498 1534 1566 1571 1606 1610 1629 1645 1643
871.838013 1630 1613 1602 1550 1525 1493 1459 1482 1496 1531 1560 1574 1619 1622 1636 1627 1611
871.916016 1616 1611 1586 1569 1529 1503 1492 1483 1498 1536 1555 1578 1629 1618 1635 1619 1614
871.994019 1651 1613 1598 1560 1514 1496 1487 1482 1501 1527 1565 1589 1620 1626 1612 1630 1602
872.072021 1640 1611 1600 1570 1534 1503 1475 1499 1503 1525 1556 1603 1603 1594 1637 1649 1615
872.150024 1657 1612 1590 1557 1532 1497 1486 1470 1493 1531 1553 1583 1599 1618 1623 1662 1616
872.22699 1644 1615 1596 1562 1538 1501 1492 1470 1481 1534 1554 1593 1611 1636 1645 1624 1617
872.304993 1616 1630 1594 1555 1517 1489 1488 1500 1485 1516 1566 1563 1591 1615 1615 1620 1612
872.382996 1635 1595 1607 1567 1524 1494 1467 1486 1494 1522 1556 1591 1614 1620 1643 1621 1632
872.460999 1636 1597 1613 1564 1547 1488 1481 1487 1503 1513 1548 1567 1603 1625 1654 1647 1620
872.539001 1641 1621 1598 1579 1519 1497 1469 1480 1489 1516 1565 1592 1605 1638 1650 1624 1621
872.616028 1624 1619 1587 1565 1531 1505 1485 1502 1494 1530 1553 1592 1590 1609 1626 1617 1618
872.69397 1612 1612 1602 1552 1513 1488 1465 1490 1484 1516 1551 1587 1588 1622 1610 1625 1585
872.771973 1614 1612 1578 1566 1527 1502 1455 1485 1491 1494 1539 1573 1599 1618 1622 1637 1630
872.849976 1623 1617 1591 1567 1520 1504 1472 1475 1501 1510 1534 1565 1596 1610 1620 1628 1608
872.927002 1608 1610 1581 1559 1525 1481 1463 1463 1504 1530 1541 1582 1605 1615 1643 1630 1614
873.005005 1613 1610 1588 1554 1517 1493 1466 1480 1501 1513 1542 1580 1587 1610 1621 1621 1615
873.083008 1635 1624 1580 1558 1532 1501 1466 1485 1498 1520 1541 1569 1592 1613 1629 1609 1607
873.161011 1623 1606 1599 1562 1511 1506 1477 1485 1480 1503 1528 1593 1595 1631 1625 1627 1618
873.239014 1627 1603 1582 1552 1530 1491 1469 1492 1480 1497 1561 1579 1593 1612 1619 1609 1609
873.315979 1622 1606 1599 1553 1509 1495 1479 1466 1489 1539 1556 1574 1596 1610 1616 1621 1617
873.393982 1631 1602 1608 1546 1524 1491 1482 1481 1498 1510 1550 1574 1600 1639 1629 1632 1627
873.471985 1618 1624 1588 1558 1539 1512 1468 1482 1479 1521 1548 1580 1595 1604 1604 1615 1625
873.549988 1625 1618 1593 1564 1513 1509 1470 1481 1504 1518 1548 1573 1598 1630 1633 1607 1614
873.627014 1612 1602 1594 1557 1545 1489 1476 1465 1474 1516 1561 1568 1599 1627 1630 1640 1622
873.705017 1618 1610 1591 1535 1521 1490 1477 1478 1491 1511 1539 1559 1615 1611 1612 1622 1611
873.78302 1621 1603 1588 1557 1506 1478 1475 1472 1498 1524 1547 1582 1599 1639 1628 1631 1627
873.861023 1621 1610 1583 1572 1529 1497 1472 1479 1495 1520 1546 1577 1600 1612 1619 1618 1619
873.937988 1629 1601 1589 1542 1524 1498 1482 1458 1482 1510 1544 1587 1581 1593 1612 1619 1608
874.015991 1614 1623 1561 1540 1523 1497 1470 1496 1493 1517 1528 1581 1585 1636 1612 1620 1614
874.093994 1615 1633 1577 1568 1517 1490 1484 1472 1485 1509 1539 1564 1600 1617 1618 1619 1614
874.171997 1621 1611 1585 1564 1515 1491 1475 1462 1493 1510 1556 1562 1574 1617 1618 1632 1614
874.249023 1615 1615 1583 1561 1514 1486 1472 1476 1489 1523 1554 1584 1607 1614 1618 1621 1623
874.327026 1637 1607 1593 1550 1522 1500 1473 1486 1494 1537 1551 1553 1614 1640 1627 1606 1641
874.405029 1632 1619 1594 1556 1513 1495 1464 1476 1483 1508 1544 1564 1589 1616 1611 1619 1624
874.482971 1626 1613 1582 1566 1531 1495 1456 1484 1482 1526 1530 1565 1609 1603 1614 1622 1608
874.559998 1619 1599 1601 1555 1523 1505 1470 1464 1489 1522 1531 1570 1575 1615 1616 1618 1610
874.638 1616 1609 1590 1552 1523 1492 1475 1484 1504 1504 1539 1574 1594 1599 1635 1630 1603
874.716003 1654 1587 1590 1575 1530 1499 1468 1469 1505 1518 1548 1558 1597 1612 1634 1633 1605
874.794006 1614 1617 1585 1562 1520 1492 1465 1476 1486 1530 1530 1580 1594 1600 1630 1628 1624
874.870972 1607 1602 1603 1571 1536 1497 1462 1485 1489 1533 1526 1565 1579 1596 1635 1628 1610
874.948975 1625 1618 1593 1567 1523 1495 1468 1483 1478 1524 1519 1555 1592 1604 1632 1630 1615
875.026978 1616 1612 1589 1561 1531 1511 1482 1468 1490 1486 1563 1566 1600 1615 1627 1651 1617
875.10498 1646 1624 1584 1553 1516 1490 1481 1476 1499 1505 1544 1550 1596 1606 1615 1629 1640
875.182007 1634 1617 1596 1557 1506 1481 1467 1478 1482 1506 1536 1564 1589 1630 1634 1651 1617
875.26001 1630 1627 1571 1555 1533 1489 1472 1484 1483 1500 1546 1565 1589 1625 1616 1639 1633
875.338013 1631 1612 1609 1585 1526 1489 1472 1473 1505 1503 1556 1559 1579 1603 1615 1636 1617
875.416016 1644 1628 1578 1549 1537 1483 1459 1475 1479 1502 1547 1545 1598 1603 1623 1615 1609
875.492981 1646 1624 1602 1559 1523 1484 1472 1468 1484 1507 1540 1573 1586 1599 1639 1622 1609
875.570984 1630 1622 1579 1559 1500 1489 1471 1480 1482 1509 1527 1569 1604 1623 1615 1647 1622
875.648987 1628 1604 1565 1580 1519 1489 1466 1477 1495 1501 1518 1579 1594 1610 1626 1634 1631
875.72699 1638 1633 1593 1566 1533 1492 1479 1463 1484 1500 1540 1563 1585 1632 1605 1621 1612
875.804016 1648 1639 1589 1554 1506 1480 1465 1473 1476 1520 1538 1559 1613 1610 1623 1624 1607
875.882019 1659 1615 1601 1548 1522 1506 1464 1476 1499 1507 1532 1573 1584 1622 1623 1625 1618
875.960022 1618 1643 1611 1558 1504 1492 1490 1464 1470 1519 1556 1564 1576 1602 1626 1635 1636
876.036987 1635 1599 1582 1561 1540 1481 1451 1481 1469 1503 1519 1554 1604 1581 1619 1640 1626
876.11499 1641 1625 1630 1566 1529 1494 1468 1481 1488 1512 1518 1566 1592 1627 1621 1632 1626
876.192993 1645 1609 1595 1573 1514 1499 1465 1472 1484 1510 1533 1558 1604 1610 1627 1617 1627
876.270996 1618 1606 1594 1562 1525 1494 1478 1485 1489 1500 1540 1556 1584 1612 1631 1619 1618
876.348022 1629 1613 1585 1566 1522 1506 1469 1473 1488 1503 1544 1567 1604 1596 1630 1632 1639
876.426025 1643 1620 1601 1567 1521 1482 1458 1469 1493 1492 1559 1556 1589 1627 1628 1642 1605
876.504028 1645 1623 1605 1563 1532 1489 1475 1466 1475 1505 1553 1565 1609 1611 1615 1628 1628
876.58197 1646 1629 1592 1574 1536 1511 1465 1477 1497 1514 1549 1583 1590 1620 1644 1615 1620
876.658997 1633 1610 1595 1547 1509 1502 1463 1474 1475 1497 1533 1572 1589 1603 1628 1619 1623
876.737 1633 1624 1585 1556 1537 1476 1460 1465 1473 1524 1545 1573 1595 1625 1620 1621 1623
876.815002 1631 1621 1583 1573 1518 1484 1465 1465 1487 1510 1533 1579 1583 1621 1635 1644 1620
876.892029 1624 1623 1588 1568 1516 1495 1456 1462 1488 1500 1541 1575 1596 1626 1622 1643 1622
876.969971 1632 1615 1586 1562 1533 1498 1461 1464 1490 1501 1532 1572 1618 1597 1619 1635 1620
877.047974 1637 1629 1592 1554 1549 1485 1463 1479 1483 1493 1524 1571 1585 1604 1620 1609 1607
877.125977 1625 1613 1586 1558 1516 1470 1471 1470 1481 1524 1551 1583 1602 1632 1642 1640 1612
877.203003 1632 1607 1586 1558 1535 1478 1459 1464 1464 1499 1531 1547 1584 1621 1631 1625 1633
877.281006 1645 1615 1600 1555 1501 1481 1455 1469 1484 1507 1541 1559 1594 1634 1620 1629 1608
877.359009 1630 1619 1597 1550 1544 1497 1451 1460 1501 1495 1534 1550 1578 1616 1625 1627 1611
877.435974 1625 1619 1588 1558 1523 1497 1456 1468 1488 1501 1541 1572 1579 1624 1643 1643 1623
877.513977 1641 1627 1601 1588 1519 1497 1463 1474 1471 1517 1538 1566 1591 1617 1632 1629 1627
877.59198 1631 1609 1611 1565 1532 1482 1466 1474 1474 1511 1536 1584 1586 1613 1621 1631 1592
877.669006 1638 1633 1595 1564 1526 1483 1458 1485 1483 1496 1536 1561 1604 1631 1610 1624 1624
877.747009 1643 1606 1603 1565 1514 1494 1460 1462 1505 1508 1533 1581 1599 1603 1659 1629 1606
877.825012 1642 1604 1580 1554 1524 1482 1446 1460 1486 1516 1538 1568 1597 1623 1648 1627 1616
877.903015 1623 1621 1584 1578 1542 1494 1454 1455 1491 1508 1535 1589 1595 1620 1626 1594 1620
877.97998 1612 1618 1595 1552 1521 1508 1462 1459 1483 1502 1538 1571 1602 1603 1620 1619 1614
878.057983 1672 1615 1607 1559 1526 1486 1461 1451 1485 1510 1532 1564 1590 1593 1616 1638 1633
878.135986 1619 1609 1583 1561 1523 1486 1451 1483 1477 1516 1547 1573 1575 1617 1630 1633 1614
878.213013 1620 1625 1586 1577 1523 1490 1453 1449 1475 1502 1525 1562 1606 1624 1627 1616 1634
878.291016 1637 1623 1581 1565 1523 1494 1467 1446 1481 1505 1530 1587 1583 1606 1620 1658 1615
878.369019 1636 1612 1592 1572 1513 1485 1458 1459 1492 1503 1541 1571 1589 1611 1612 1615 1624
878.445984 1621 1628 1591 1564 1500 1477 1453 1472 1479 1514 1552 1570 1585 1613 1626 1626 1615
878.523987 1638 1613 1594 1558 1526 1485 1465 1469 1490 1503 1530 1576 1594 1593 1633 1618 1616
878.60199 1624 1629 1588 1561 1519 1480 1465 1457 1473 1528 1561 1580 1573 1592 1626 1632 1612
878.679016 1640 1629 1578 1533 1527 1484 1442 1476 1484 1506 1548 1564 1608 1625 1649 1611 1625
878.757019 1629 1597 1592 1548 1528 1502 1461 1462 1468 1492 1555 1567 1582 1613 1609 1623 1612
878.835022 1622 1594 1583 1554 1541 1498 1456 1458 1471 1521 1541 1561 1590 1621 1631 1626 1618
878.911987 1610 1605 1585 1541 1518 1491 1461 1457 1472 1504 1528 1577 1589 1623 1614 1608 1590
878.98999 1623 1609 1609 1556 1526 1471 1467 1465 1483 1514 1552 1566 1585 1622 1611 1650 1610
879.067993 1608 1594 1573 1553 1505 1479 1450 1482 1475 1520 1549 1550 1581 1607 1636 1617 1595
879.145996 1634 1617 1589 1549 1517 1482 1459 1466 1490 1508 1545 1558 1571 1620 1604 1643 1608
879.223022 1612 1608 1582 1577 1505 1496 1461 1479 1496 1505 1549 1552 1607 1583 1613 1620 1608
879.301025 1608 1594 1595 1550 1516 1487 1477 1452 1481 1514 1535 1572 1587 1612 1640 1624 1604
879.379028 1619 1592 1593 1554 1509 1481 1476 1467 1478 1499 1543 1555 1582 1601 1610 1616 1598
879.455994 1621 1605 1589 1539 1513 1480 1461 1473 1476 1503 1538 1558 1573 1606 1612 1600 1597
879.533997 1615 1592 1576 1533 1523 1475 1452 1468 1476 1501 1535 1559 1590 1589 1610 1624 1605
879.612 1606 1603 1589 1523 1514 1485 1442 1476 1486 1506 1545 1573 1567 1600 1631 1618 1614
879.689026 1610 1604 1588 1573 1511 1491 1458 1461 1494 1503 1547 1565 1586 1590 1612 1622 1592
879.767029 1599 1619 1597 1569 1507 1505 1458 1460 1490 1504 1550 1545 1592 1608 1611 1605 1617
879.844971 1637 1603 1582 1569 1514 1479 1460 1474 1469 1503 1527 1556 1586 1585 1611 1601 1602
879.921997 1611 1613 1569 1533 1510 1492 1455 1466 1491 1495 1543 1559 1575 1600 1629 1618 1597
880 1611 1589 1591 1542 1506 1480 1456 1464 1470 1500 1530 1575 1579 1607 1628 1618 1594
880.078003 1615 1579 1568 1556 1510 1480 1453 1465 1473 1503 1537 1547 1575 1611 1619 1610 1594
880.155029 1622 1595 1571 1560 1505 1479 1460 1469 1469 1483 1533 1572 1581 1578 1614 1603 1597
880.232971 1589 1598 1558 1541 1501 1490 1462 1469 1464 1493 1534 1564 1597 1608 1612 1603 1596
880.309998 1603 1591 1567 1550 1520 1495 1458 1470 1472 1497 1533 1571 1587 1592 1607 1617 1598
880.388 1612 1587 1564 1546 1510 1488 1462 1468 1480 1496 1533 1558 1577 1577 1603 1619 1609
880.466003 1600 1589 1582 1548 1514 1479 1474 1458 1486 1493 1521 1577 1578 1566 1591 1600 1612
880.54303 1621 1599 1581 1546 1516 1473 1454 1460 1471 1487 1537 1552 1574 1593 1609 1608 1588
880.620972 1590 1591 1564 1537 1505 1482 1469 1453 1469 1501 1543 1573 1583 1604 1621 1589 1600
880.698975 1616 1609 1573 1539 1515 1472 1454 1486 1472 1506 1544 1569 1566 1581 1605 1605 1587
880.776001 1600 1591 1577 1561 1494 1470 1457 1469 1483 1515 1538 1563 1585 1593 1603 1612 1599
880.854004 1626 1576 1584 1532 1511 1491 1461 1462 1484 1494 1535 1572 1577 1603 1591 1605 1596
880.932007 1602 1584 1578 1548 1511 1486 1447 1456 1473 1510 1542 1559 1567 1574 1601 1592 1589
881.008972 1603 1585 1553 1551 1506 1488 1461 1454 1480 1497 1523 1562 1562 1591 1611 1597 1596
881.086975 1600 1585 1560 1549 1524 1473 1444 1459 1491 1502 1525 1549 1569 1593 1579 1601 1585
881.164978 1618 1572 1563 1548 1518 1486 1458 1457 1481 1507 1532 1553 1577 1601 1578 1601 1587
881.242004 1606 1566 1566 1541 1489 1486 1445 1469 1484 1487 1525 1538 1579 1585 1595 1600 1594
881.320007 1605 1577 1568 1550 1507 1478 1438 1468 1474 1498 1530 1545 1581 1590 1617 1601 1584
881.39801 1607 1592 1552 1524 1502 1474 1459 1479 1486 1501 1534 1557 1572 1571 1584 1607 1603
881.474976 1601 1572 1555 1529 1510 1479 1443 1471 1480 1497 1545 1543 1585 1596 1583 1586 1593
881.552979 1603 1603 1570 1518 1506 1481 1483 1463 1482 1503 1540 1545 1560 1583 1611 1599 1600
881.630005 1586 1579 1566 1543 1521 1476 1454 1469 1475 1488 1539 1560 1558 1578 1602 1585 1600
881.708008 1587 1571 1565 1542 1521 1474 1451 1444 1479 1491 1524 1550 1569 1573 1581 1580 1593
881.786011 1589 1588 1570 1540 1499 1488 1459 1454 1474 1487 1521 1540 1562 1585 1578 1611 1579
881.862976 1609 1571 1570 1545 1493 1480 1465 1456 1482 1500 1521 1526 1565 1599 1593 1603 1580
881.940979 1583 1602 1557 1522 1504 1472 1458 1458 1478 1475 1521 1544 1570 1587 1594 1609 1570
882.018982 1580 1610 1560 1543 1510 1478 1460 1463 1476 1501 1515 1551 1557 1588 1586 1609 1594
882.096008 1605 1595 1555 1525 1514 1493 1446 1457 1468 1486 1522 1534 1564 1596 1583 1616 1590
882.174011 1602 1581 1566 1519 1513 1477 1444 1450 1469 1490 1507 1565 1559 1590 1579 1582 1588
882.250977 1612 1596 1551 1541 1496 1478 1446 1465 1476 1498 1511 1544 1574 1577 1600 1596 1570
882.328979 1594 1590 1554 1534 1495 1486 1461 1453 1473 1496 1534 1551 1534 1590 1578 1587 1558
882.406982 1600 1591 1567 1538 1502 1482 1449 1455 1471 1503 1537 1552 1567 1579 1601 1611 1591
882.484009 1613 1577 1576 1532 1512 1469 1451 1453 1480 1491 1536 1556 1579 1569 1589 1604 1567
882.562012 1582 1590 1569 1535 1511 1478 1449 1476 1469 1481 1516 1539 1558 1593 1573 1605 1579
882.640015 1598 1555 1559 1529 1488 1482 1459 1455 1483 1486 1512 1516 1558 1580 1588 1594 1581
882.71698 1609 1594 1554 1531 1518 1477 1459 1445 1480 1494 1519 1551 1583 1589 1575 1593 1600
882.794983 1589 1593 1572 1549 1525 1483 1450 1465 1482 1488 1525 1537 1572 1572 1588 1589 1588
882.872009 1602 1594 1574 1516 1508 1465 1437 1463 1478 1483 1531 1540 1571 1591 1583 1598 1572
882.950012 1591 1590 1571 1547 1503 1476 1456 1466 1475 1498 1519 1535 1558 1590 1576 1586 1571
883.028015 1596 1586 1567 1549 1529 1463 1461 1471 1474 1487 1512 1541 1559 1575 1598 1607 1563
883.10498 1595 1592 1571 1545 1503 1477 1453 1459 1474 1498 1512 1544 1571 1569 1604 1582 1584
883.182983 1615 1580 1561 1542 1502 1481 1448 1474 1476 1501 1529 1563 1575 1582 1587 1586 1598
883.26001 1596 1590 1560 1524 1511 1485 1452 1457 1468 1472 1513 1545 1542 1571 1591 1595 1594
883.338013 1606 1576 1563 1540 1498 1482 1469 1459 1475 1500 1510 1549 1572 1578 1574 1585 1578
883.416016 1607 1584 1568 1530 1519 1469 1453 1459 1471 1467 1507 1535 1560 1572 1606 1579 1591
883.492981 1605 1588 1573 1543 1495 1482 1443 1467 1469 1499 1517 1551 1562 1590 1600 1583 1603
883.570984 1587 1601 1571 1535 1502 1466 1437 1456 1484 1489 1526 1538 1584 1584 1589 1592 1598
883.64801 1581 1591 1572 1545 1507 1471 1460 1449 1455 1501 1516 1529 1563 1570 1596 1573 1589
883.726013 1591 1596 1588 1525 1524 1473 1466 1452 1482 1485 1533 1554 1591 1581 1592 1599 1581
883.804016 1603 1575 1563 1525 1494 1467 1455 1468 1478 1500 1515 1548 1570 1572 1575 1607 1578
883.880981 1607 1583 1573 1559 1506 1459 1452 1455 1469 1494 1520 1533 1584 1564 1593 1581 1600
883.958984 1592 1590 1569 1545 1497 1474 1456 1459 1476 1482 1521 1526 1569 1573 1605 1603 1579
884.036011 1596 1583 1566 1536 1500 1470 1454 1451 1475 1500 1525 1548 1584 1583 1609 1610 1576
884.114014 1605 1604 1583 1544 1491 1490 1443 1463 1476 1479 1505 1530 1591 1574 1596 1625 1588
884.192017 1591 1595 1559 1541 1501 1472 1451 1451 1457 1491 1514 1528 1549 1585 1586 1609 1574
884.268982 1602 1572 1563 1529 1499 1465 1465 1467 1475 1472 1522 1524 1561 1586 1604 1602 1601
884.346985 1599 1576 1562 1545 1502 1490 1452 1463 1466 1477 1514 1549 1568 1584 1588 1588 1581
884.424011 1595 1594 1557 1542 1488 1477 1448 1448 1457 1484 1519 1546 1559 1574 1587 1579 1588
884.502014 1591 1592 1592 1537 1507 1489 1443 1467 1473 1472 1515 1537 1563 1598 1598 1596 1591
884.580017 1614 1593 1577 1530 1497 1470 1447 1471 1474 1487 1523 1535 1540 1588 1577 1590 1600
884.656982 1604 1582 1578 1540 1500 1462 1459 1467 1456 1479 1498 1556 1576 1594 1591 1597 1585
884.734985 1586 1578 1566 1524 1515 1456 1442 1450 1458 1477 1503 1545 1575 1605 1592 1580 1609
884.812012 1614 1578 1552 1529 1510 1474 1443 1447 1467 1474 1513 1538 1575 1587 1595 1612 1597
884.890015 1606 1595 1563 1550 1511 1472 1446 1444 1464 1493 1520 1545 1542 1575 1594 1610 1596
884.96698 1617 1588 1583 1533 1515 1478 1454 1454 1465 1495 1510 1530 1540 1598 1562 1602 1583
885.044983 1613 1587 1593 1528 1503 1489 1448 1463 1476 1491 1522 1527 1551 1565 1594 1590 1572
885.122986 1612 1617 1552 1525 1525 1472 1446 1456 1467 1468 1508 1545 1555 1591 1586 1592 1609
885.200012 1615 1602 1569 1541 1515 1473 1456 1444 1471 1493 1524 1545 1572 1559 1598 1618 1597
885.278015 1598 1595 1561 1541 1517 1469 1452 1442 1456 1491 1506 1537 1551 1565 1582 1610 1577
885.35498 1602 1596 1570 1549 1513 1462 1456 1462 1454 1488 1506 1539 1573 1589 1615 1587 1605
885.432983 1611 1583 1570 1544 1504 1475 1452 1449 1444 1475 1504 1532 1556 1583 1585 1590 1598
885.51001 1603 1601 1582 1554 1495 1466 1441 1432 1462 1476 1511 1544 1564 1579 1575 1596 1587
885.588013 1585 1581 1565 1550 1500 1478 1444 1445 1454 1474 1495 1536 1567 1573 1594 1607 1586
885.666016 1603 1612 1574 1561 1494 1484 1451 1445 1475 1473 1508 1535 1566 1566 1600 1611 1603
885.742981 1595 1599 1560 1555 1492 1471 1449 1458 1453 1487 1515 1552 1568 1578 1604 1595 1577
885.820984 1605 1576 1588 1538 1500 1480 1454 1439 1467 1479 1515 1534 1559 1555 1580 1591 1573
885.89801 1599 1606 1566 1535 1502 1475 1439 1442 1451 1481 1499 1546 1564 1594 1598 1591 1594
885.976013 1605 1601 1560 1545 1512 1472 1446 1450 1464 1471 1493 1522 1555 1589 1581 1596 1592
886.052979 1607 1607 1562 1553 1506 1462 1438 1454 1464 1459 1493 1529 1565 1580 1603 1611 1609
886.130981 1622 1597 1573 1546 1505 1487 1449 1448 1464 1485 1509 1564 1575 1576 1585 1604 1588
886.208008 1620 1607 1568 1546 1506 1481 1434 1452 1470 1476 1499 1522 1574 1580 1606 1589 1584
886.286011 1595 1590 1547 1530 1494 1476 1458 1435 1467 1470 1519 1536 1549 1585 1597 1606 1610
886.364014 1616 1600 1588 1546 1503 1480 1441 1446 1460 1478 1511 1534 1562 1599 1589 1581 1600
886.440979 1600 1586 1581 1554 1510 1468 1435 1443 1466 1482 1510 1518 1567 1564 1605 1605 1593
886.518982 1614 1603 1565 1547 1505 1472 1442 1459 1457 1470 1506 1540 1551 1599 1590 1605 1577
886.596008 1608 1581 1575 1552 1506 1468 1442 1460 1468 1485 1509 1538 1548 1587 1586 1612 1590
886.674011 1616 1592 1559 1535 1504 1484 1443 1444 1460 1479 1498 1535 1560 1558 1584 1608 1586
886.750977 1616 1592 1572 1532 1504 1463 1446 1461 1468 1492 1526 1537 1568 1595 1583 1604 1594
886.828979 1597 1583 1580 1545 1523 1471 1443 1445 1446 1478 1501 1535 1563 1583 1584 1578 1582
886.906006 1611 1596 1555 1539 1501 1468 1438 1425 1460 1473 1495 1514 1554 1591 1606 1591 1593
886.984009 1593 1589 1572 1537 1505 1471 1432 1447 1472 1469 1497 1531 1551 1589 1584 1582 1598
887.060974 1607 1608 1565 1524 1508 1460 1453 1446 1462 1466 1494 1527 1554 1587 1583 1599 1589
887.138977 1600 1590 1563 1549 1493 1460 1454 1438 1451 1470 1522 1543 1563 1572 1590 1593 1576
887.21698 1590 1601 1569 1530 1511 1458 1446 1448 1457 1467 1508 1528 1558 1573 1605 1620 1586
887.294006 1605 1584 1576 1550 1501 1456 1442 1448 1452 1460 1509 1536 1542 1581 1583 1608 1590
887.372009 1605 1574 1557 1545 1511 1473 1447 1439 1433 1481 1504 1532 1550 1565 1590 1602 1571
887.448975 1591 1583 1564 1534 1523 1461 1433 1435 1451 1462 1516 1534 1543 1611 1590 1582 1586
887.526978 1589 1578 1567 1540 1513 1468 1440 1437 1437 1482 1510 1520 1546 1555 1581 1583 1578
887.604004 1613 1576 1557 1537 1487 1450 1448 1454 1454 1464 1500 1526 1531 1569 1583 1587 1592
887.682007 1614 1572 1568 1523 1491 1472 1435 1444 1464 1469 1499 1543 1551 1593 1582 1578 1581
887.758972 1594 1587 1550 1532 1499 1467 1447 1439 1460 1484 1503 1535 1555 1567 1590 1589 1574
887.836975 1576 1579 1560 1519 1496 1466 1438 1437 1451 1487 1507 1535 1565 1557 1565 1578 1570
887.914001 1592 1568 1550 1536 1487 1455 1432 1441 1458 1474 1510 1504 1549 1566 1578 1599 1599
887.992004 1610 1563 1556 1511 1496 1470 1444 1434 1458 1478 1498 1527 1538 1569 1580 1599 1574
888.06897 1591 1579 1559 1533 1498 1461 1438 1460 1444 1461 1521 1536 1548 1565 1593 1573 1570
888.146973 1586 1582 1559 1542 1499 1472 1438 1447 1454 1478 1493 1535 1559 1568 1585 1587 1572
888.223999 1601 1589 1539 1535 1480 1458 1441 1433 1445 1469 1501 1538 1528 1570 1601 1589 1559
888.302002 1588 1553 1543 1519 1487 1459 1440 1430 1447 1468 1506 1526 1542 1553 1594 1567 1559
888.379028 1571 1584 1559 1537 1503 1472 1432 1444 1453 1469 1517 1517 1535 1567 1601 1566 1569
888.45697 1589 1567 1561 1529 1478 1460 1434 1431 1465 1479 1497 1520 1528 1558 1583 1562 1565
888.533997 1580 1564 1546 1529 1484 1473 1431 1435 1436 1482 1510 1509 1545 1567 1585 1566 1584
888.612 1563 1581 1556 1527 1484 1446 1417 1448 1448 1487 1502 1533 1549 1555 1557 1574 1589
888.690002 1582 1574 1554 1539 1492 1457 1440 1433 1469 1464 1493 1516 1542 1565 1579 1575 1583
888.767029 1590 1566 1549 1510 1497 1467 1441 1433 1453 1474 1484 1516 1527 1551 1568 1577 1556
888.843994 1573 1565 1548 1534 1484 1462 1445 1439 1441 1474 1487 1516 1537 1544 1563 1561 1583
888.921997 1604 1559 1549 1503 1480 1475 1427 1433 1453 1469 1496 1508 1545 1565 1551 1579 1566
889 1605 1557 1546 1529 1488 1469 1430 1436 1448 1463 1497 1522 1534 1558 1579 1569 1564
889.077026 1590 1554 1549 1532 1472 1447 1432 1435 1443 1475 1492 1523 1529 1554 1571 1552 1546
889.155029 1587 1564 1529 1517 1467 1455 1428 1424 1448 1462 1505 1524 1528 1567 1552 1558 1545
889.231995 1579 1553 1552 1516 1487 1448 1433 1437 1443 1465 1492 1512 1528 1554 1567 1576 1538
889.309998 1585 1560 1525 1525 1481 1449 1440 1437 1445 1470 1491 1521 1530 1548 1554 1540 1562
889.387024 1579 1564 1562 1505 1475 1448 1436 1432 1448 1458 1508 1510 1526 1562 1559 1587 1561
889.465027 1557 1574 1541 1515 1486 1455 1429 1433 1453 1465 1467 1503 1524 1556 1567 1563 1565
889.541992 1577 1559 1535 1504 1477 1459 1426 1440 1440 1461 1477 1511 1548 1557 1564 1568 1558
889.619995 1568 1543 1529 1522 1488 1466 1440 1435 1434 1448 1493 1506 1516 1562 1568 1568 1576
889.697021 1566 1558 1527 1505 1489 1450 1431 1429 1439 1463 1499 1513 1524 1552 1566 1576 1556
889.773987 1553 1544 1533 1491 1488 1444 1441 1435 1449 1463 1479 1516 1531 1543 1580 1568 1560
889.85199 1563 1552 1537 1489 1488 1443 1421 1434 1444 1469 1488 1495 1531 1547 1566 1554 1532
889.929993 1578 1543 1530 1501 1462 1456 1435 1439 1445 1459 1485 1502 1528 1544 1564 1548 1558
890.007019 1567 1563 1539 1517 1480 1462 1445 1442 1444 1466 1486 1505 1523 1534 1549 1552 1548
890.083984 1568 1577 1544 1500 1463 1459 1436 1436 1429 1465 1498 1511 1531 1535 1560 1552 1581
890.161987 1558 1546 1532 1500 1470 1458 1427 1441 1440 1472 1487 1514 1533 1529 1547 1581 1557
890.239014 1550 1566 1521 1518 1474 1449 1427 1435 1458 1465 1478 1495 1527 1549 1557 1558 1552
890.317017 1556 1542 1557 1492 1480 1452 1419 1440 1442 1449 1482 1511 1547 1531 1545 1551 1565
890.393982 1557 1557 1544 1510 1480 1442 1434 1440 1437 1465 1488 1525 1527 1531 1547 1568 1551
890.471985 1583 1544 1540 1497 1489 1442 1431 1439 1453 1469 1489 1504 1538 1535 1552 1558 1548
890.549011 1560 1547 1534 1520 1486 1444 1426 1424 1423 1467 1486 1510 1525 1533 1530 1546 1561
890.627014 1554 1555 1537 1495 1465 1460 1425 1429 1433 1463 1494 1500 1533 1523 1541 1551 1551
890.703979 1545 1554 1526 1508 1469 1452 1430 1435 1456 1441 1484 1502 1533 1566 1558 1551 1539
890.781982 1563 1537 1532 1500 1455 1451 1436 1427 1445 1454 1475 1482 1523 1547 1561 1550 1540
890.859009 1541 1527 1533 1495 1474 1455 1418 1418 1441 1454 1484 1500 1513 1511 1546 1559 1535
890.937012 1545 1531 1546 1513 1481 1448 1427 1436 1450 1451 1482 1502 1519 1538 1546 1545 1541
891.013977 1569 1544 1535 1505 1480 1439 1419 1432 1443 1451 1472 1486 1513 1534 1557 1523 1548
891.09198 1537 1539 1544 1487 1470 1434 1414 1429 1427 1446 1471 1497 1518 1536 1539 1548 1522
891.169006 1556 1542 1523 1520 1457 1442 1409 1439 1438 1467 1488 1503 1524 1528 1549 1559 1536
891.247009 1556 1542 1509 1485 1482 1428 1421 1429 1445 1463 1482 1491 1503 1525 1553 1542 1548
891.323975 1547 1550 1525 1493 1456 1437 1431 1437 1448 1457 1470 1513 1517 1540 1541 1547 1542
891.401001 1546 1555 1526 1503 1482 1448 1418 1440 1436 1458 1496 1500 1533 1540 1549 1534 1540
891.479004 1545 1547 1539 1501 1463 1437 1425 1421 1438 1454 1488 1498 1525 1507 1546 1546 1535
891.55603 1558 1540 1538 1485 1474 1450 1423 1437 1436 1469 1474 1505 1514 1528 1544 1552 1549
891.633972 1545 1545 1526 1501 1463 1454 1433 1423 1436 1461 1464 1502 1523 1524 1554 1553 1543
891.710999 1535 1544 1521 1495 1463 1435 1435 1431 1438 1464 1489 1495 1531 1525 1553 1555 1536
891.789001 1541 1530 1529 1491 1480 1457 1425 1422 1446 1451 1479 1495 1523 1548 1550 1543 1550
891.866028 1557 1544 1518 1490 1466 1453 1424 1431 1467 1453 1476 1509 1531 1532 1536 1528 1524
891.94397 1542 1533 1538 1506 1471 1438 1409 1427 1444 1464 1486 1503 1508 1532 1540 1521 1536
892.020996 1537 1521 1529 1495 1472 1447 1440 1428 1441 1467 1474 1494 1523 1536 1529 1534 1549
892.098999 1547 1542 1527 1500 1472 1442 1414 1431 1449 1453 1497 1500 1509 1538 1529 1564 1559
892.176025 1542 1515 1518 1503 1462 1445 1427 1424 1436 1460 1482 1505 1529 1519 1535 1555 1553
892.252991 1552 1525 1529 1509 1463 1448 1416 1431 1429 1463 1485 1498 1525 1539 1549 1548 1550
892.330994 1560 1524 1526 1487 1462 1456 1410 1422 1443 1443 1479 1496 1519 1537 1533 1546 1541
892.40802 1539 1527 1519 1488 1453 1447 1423 1427 1429 1453 1474 1498 1513 1525 1546 1543 1524
892.486023 1539 1532 1533 1470 1466 1428 1430 1420 1447 1451 1496 1496 1528 1547 1545 1538 1541
892.562988 1530 1535 1515 1491 1472 1441 1416 1422 1451 1457 1473 1490 1513 1528 1545 1549 1539
892.640991 1553 1532 1540 1489 1486 1432 1419 1430 1421 1454 1481 1498 1510 1520 1532 1554 1545
892.718018 1549 1541 1516 1491 1461 1438 1425 1446 1437 1455 1482 1501 1533 1518 1528 1540 1526
892.796021 1546 1520 1519 1490 1462 1439 1423 1429 1444 1454 1464 1490 1511 1525 1520 1542 1533
892.872986 1542 1540 1513 1499 1472 1438 1417 1424 1434 1441 1480 1493 1497 1531 1550 1557 1531
892.950012 1546 1531 1521 1493 1473 1448 1417 1415 1434 1462 1494 1509 1510 1517 1549 1540 1545
893.028015 1558 1543 1513 1495 1462 1436 1401 1424 1430 1452 1480 1496 1519 1537 1533 1548 1529
893.10498 1543 1524 1497 1517 1471 1441 1416 1422 1437 1451 1472 1502 1521 1532 1530 1540 1530
893.182983 1565 1551 1509 1492 1468 1436 1427 1420 1440 1443 1479 1494 1511 1530 1541 1544 1522
893.26001 1551 1536 1516 1497 1467 1445 1411 1413 1444 1445 1482 1479 1511 1533 1539 1542 1542
893.338013 1536 1518 1520 1497 1461 1448 1421 1415 1435 1440 1486 1479 1485 1528 1544 1556 1543
893.414978 1541 1541 1523 1496 1459 1444 1434 1424 1428 1433 1483 1492 1532 1520 1528 1528 1545
893.492004 1534 1561 1515 1517 1464 1437 1401 1433 1427 1445 1484 1508 1497 1518 1535 1525 1546
893.570007 1535 1514 1505 1504 1463 1439 1415 1429 1426 1446 1464 1505 1503 1521 1545 1531 1524
893.646973 1565 1545 1513 1492 1477 1439 1410 1418 1424 1446 1460 1507 1498 1522 1516 1544 1531
893.724976 1543 1537 1500 1502 1465 1434 1421 1435 1436 1449 1458 1482 1504 1520 1522 1537 1520
893.802002 1541 1534 1521 1505 1454 1443 1414 1431 1424 1467 1465 1489 1511 1518 1522 1548 1534
893.880005 1542 1531 1524 1493 1444 1427 1407 1430 1426 1439 1475 1505 1511 1529 1539 1515 1545
893.95697 1547 1533 1519 1504 1464 1445 1420 1424 1438 1456 1465 1513 1497 1529 1523 1543 1536
894.033997 1552 1530 1528 1491 1463 1441 1408 1426 1425 1446 1471 1497 1506 1516 1530 1540 1543
894.112 1521 1527 1500 1501 1464 1443 1415 1424 1429 1455 1477 1469 1494 1541 1528 1534 1521
894.189026 1536 1536 1522 1493 1464 1441 1429 1423 1425 1441 1472 1477 1492 1527 1532 1523 1529
894.267029 1540 1530 1516 1509 1450 1423 1416 1428 1429 1443 1467 1486 1500 1525 1535 1531 1537
894.343994 1551 1539 1506 1490 1468 1441 1415 1421 1428 1433 1451 1486 1513 1534 1533 1522 1518
894.421021 1542 1553 1522 1481 1464 1441 1422 1417 1436 1453 1485 1478 1495 1524 1541 1541 1546
894.499023 1544 1539 1509 1481 1455 1441 1418 1425 1425 1449 1466 1482 1493 1515 1531 1517 1546
894.575989 1553 1547 1518 1482 1466 1435 1428 1415 1434 1441 1450 1499 1499 1525 1519 1531 1540
894.653992 1552 1520 1527 1492 1459 1445 1421 1421 1425 1440 1463 1491 1497 1507 1538 1524 1561
894.731018 1552 1540 1512 1508 1459 1433 1415 1425 1432 1445 1482 1503 1509 1514 1540 1515 1541
894.807983 1553 1527 1523 1493 1463 1436 1407 1417 1430 1448 1487 1480 1486 1512 1537 1528 1534
894.885986 1546 1522 1508 1510 1460 1433 1408 1421 1442 1447 1490 1492 1500 1514 1536 1537 1537
894.963013 1535 1513 1514 1480 1451 1453 1415 1413 1425 1452 1460 1483 1492 1510 1533 1548 1536
895.041016 1546 1530 1528 1500 1483 1452 1421 1413 1417 1431 1459 1485 1503 1518 1532 1552 1538
895.117981 1553 1525 1526 1478 1452 1423 1410 1425 1435 1437 1470 1481 1514 1524 1536 1530 1538
895.195007 1558 1525 1530 1493 1456 1422 1417 1415 1433 1430 1468 1481 1519 1511 1528 1533 1540
895.27301 1553 1549 1520 1503 1465 1435 1416 1437 1424 1444 1465 1495 1508 1555 1535 1541 1542
895.349976 1552 1550 1497 1474 1474 1436 1400 1410 1439 1457 1479 1494 1497 1526 1521 1573 1543
895.427979 1555 1539 1528 1486 1470 1454 1407 1415 1425 1451 1465 1486 1490 1503 1537 1533 1523
895.505005 1538 1531 1504 1504 1461 1435 1403 1416 1420 1426 1470 1484 1515 1512 1527 1529 1516
895.58197 1538 1535 1518 1513 1457 1428 1404 1419 1437 1430 1453 1477 1504 1511 1528 1529 1533
895.659973 1544 1535 1519 1495 1465 1433 1410 1410 1415 1440 1459 1494 1505 1520 1521 1550 1543
895.737 1536 1548 1509 1486 1456 1436 1402 1409 1415 1452 1466 1489 1513 1518 1527 1538 1532
895.815002 1532 1546 1522 1480 1461 1435 1419 1424 1429 1448 1466 1491 1501 1503 1539 1529 1531
895.892029 1523 1537 1506 1513 1459 1429 1410 1423 1428 1444 1459 1483 1509 1513 1530 1536 1554
895.968994 1526 1543 1538 1482 1466 1427 1419 1421 1417 1425 1465 1492 1515 1507 1510 1534 1531
896.046997 1550 1531 1524 1504 1450 1427 1411 1413 1423 1441 1471 1472 1520 1515 1527 1534 1530
896.124023 1543 1550 1507 1483 1461 1435 1422 1410 1423 1438 1466 1463 1510 1522 1524 1524 1523
896.200989 1549 1546 1528 1475 1467 1443 1408 1411 1437 1433 1456 1489 1509 1518 1522 1522 1522
896.278992 1551 1518 1521 1494 1477 1421 1414 1415 1432 1426 1453 1472 1507 1531 1535 1549 1524
896.356018 1539 1538 1515 1500 1462 1434 1413 1425 1432 1444 1474 1492 1505 1511 1532 1525 1530
896.434021 1546 1538 1530 1475 1453 1430 1400 1405 1430 1425 1457 1489 1491 1505 1523 1532 1508
896.510986 1538 1543 1518 1499 1464 1442 1399 1411 1437 1449 1456 1474 1501 1522 1540 1534 1530
896.588013 1534 1525 1508 1486 1452 1424 1404 1414 1421 1442 1463 1483 1485 1513 1521 1542 1542
896.666016 1560 1526 1511 1496 1465 1429 1417 1410 1407 1434 1459 1469 1497 1515 1521 1531 1522
896.742981 1524 1510 1526 1493 1457 1429 1402 1400 1416 1447 1467 1491 1495 1508 1519 1541 1539
896.820007 1535 1533 1505 1479 1446 1438 1414 1414 1426 1423 1449 1484 1497 1510 1520 1517 1551
896.89801 1534 1533 1518 1491 1460 1441 1410 1390 1422 1456 1467 1477 1501 1503 1522 1526 1517
896.974976 1554 1522 1516 1477 1454 1437 1403 1405 1419 1440 1467 1473 1505 1535 1533 1533 1532
897.052002 1539 1526 1513 1500 1443 1436 1409 1406 1431 1441 1457 1490 1484 1498 1543 1541 1554
897.130005 1525 1502 1501 1488 1458 1411 1402 1412 1427 1429 1461 1482 1503 1514 1511 1514 1525
897.20697 1551 1535 1526 1494 1463 1434 1403 1401 1423 1442 1455 1487 1497 1513 1517 1532 1539
897.283997 1534 1511 1508 1469 1452 1428 1414 1411 1423 1433 1449 1472 1491 1519 1521 1519 1532
897.362 1522 1531 1528 1479 1454 1426 1403 1412 1417 1435 1450 1472 1493 1502 1515 1530 1527
897.439026 1546 1533 1516 1482 1455 1422 1411 1412 1426 1439 1463 1472 1490 1507 1516 1527 1512
897.517029 1549 1516 1501 1467 1446 1427 1409 1402 1412 1424 1458 1488 1472 1508 1513 1528 1521
897.593994 1527 1518 1509 1495 1458 1436 1407 1416 1400 1428 1469 1474 1488 1501 1527 1518 1512
897.671021 1535 1515 1497 1493 1442 1420 1404 1421 1435 1439 1439 1483 1490 1518 1526 1520 1516
897.749023 1527 1534 1517 1498 1458 1420 1397 1413 1417 1423 1452 1476 1480 1514 1510 1536 1522
897.825989 1552 1544 1496 1499 1458 1421 1403 1408 1411 1430 1463 1480 1484 1495 1518 1533 1500
897.903015 1515 1517 1517 1478 1459 1435 1399 1403 1408 1432 1464 1478 1491 1509 1519 1528 1516
897.981018 1540 1522 1492 1490 1442 1421 1407 1402 1428 1441 1446 1463 1492 1530 1529 1529 1504
898.057983 1527 1497 1515 1472 1461 1423 1404 1402 1426 1433 1451 1467 1483 1512 1504 1530 1521
898.13501 1518 1531 1519 1481 1443 1439 1403 1396 1410 1427 1465 1467 1502 1516 1507 1507 1511
898.213013 1551 1530 1503 1484 1444 1428 1396 1416 1409 1443 1457 1469 1502 1519 1528 1533 1517
898.289978 1528 1514 1497 1489 1460 1412 1409 1404 1422 1430 1458 1466 1491 1514 1506 1512 1511
898.367004 1533 1529 1502 1495 1442 1436 1400 1396 1433 1437 1468 1465 1503 1517 1523 1513 1521
898.445007 1535 1521 1501 1468 1445 1430 1399 1406 1412 1443 1460 1471 1479 1510 1507 1525 1521
898.521973 1518 1496 1502 1480 1467 1430 1407 1408 1412 1424 1459 1490 1505 1511 1512 1528 1514
898.598999 1525 1520 1498 1480 1440 1411 1404 1405 1421 1427 1447 1467 1491 1491 1510 1519 1516
898.677002 1520 1499 1513 1476 1444 1422 1393 1398 1411 1426 1451 1464 1505 1515 1519 1516 1509
898.754028 1515 1518 1488 1483 1442 1423 1391 1399 1414 1434 1435 1468 1501 1498 1492 1509 1502
898.830994 1513 1511 1505 1491 1452 1424 1414 1398 1404 1421 1454 1473 1480 1515 1522 1520 1511
898.908997 1525 1521 1497 1481 1457 1426 1401 1407 1416 1419 1443 1469 1486 1486 1524 1515 1517
898.986023 1515 1504 1498 1471 1449 1435 1405 1399 1409 1430 1445 1476 1483 1490 1503 1507 1497
899.062988 1527 1538 1490 1477 1462 1428 1389 1404 1414 1421 1453 1475 1487 1501 1518 1517 1512
899.140991 1549 1505 1501 1462 1446 1429 1401 1403 1399 1417 1454 1471 1473 1503 1513 1511 1507
899.218018 1508 1512 1491 1474 1449 1421 1411 1402 1408 1422 1448 1470 1473 1504 1507 1512 1506
899.294983 1492 1515 1495 1469 1436 1434 1397 1410 1413 1428 1457 1473 1505 1494 1502 1511 1499
899.372009 1519 1501 1490 1477 1442 1425 1403 1398 1417 1422 1455 1459 1478 1503 1495 1498 1495
899.450012 1528 1513 1516 1482 1441 1427 1397 1399 1418 1416 1437 1474 1487 1498 1491 1509 1515
899.526978 1516 1513 1498 1479 1439 1436 1395 1402 1414 1425 1443 1443 1507 1499 1492 1495 1497
899.604004 1506 1510 1510 1469 1456 1424 1396 1417 1412 1412 1449 1464 1481 1471 1495 1499 1492
899.682007 1525 1501 1512 1475 1439 1424 1396 1398 1408 1416 1435 1457 1483 1475 1499 1518 1496
899.758972 1508 1498 1486 1487 1440 1428 1401 1399 1412 1423 1448 1470 1483 1489 1493 1488 1501
