10 8 6 4 2 0
828.851013 1727 1719 1720 1709 1709 1714
828.870972 1725 1717 1715 1719 1706 1715
828.890991 1721 1718 1715 1711 1706 1709
828.911987 1722 1715 1716 1706 1702 1714
828.932007 1719 1708 1710 1710 1704 1708
828.953003 1722 1716 1713 1709 1711 1705
828.973022 1725 1722 1711 1724 1711 1711
828.994019 1719 1713 1707 1712 1696 1704
829.013977 1720 1709 1702 1705 1700 1699
829.034973 1716 1716 1713 1706 1699 1706
829.054993 1708 1706 1699 1701 1702 1699
829.075012 1714 1713 1709 1702 1693 1702
829.096008 1714 1703 1707 1705 1696 1704
829.116028 1719 1714 1709 1706 1698 1703
829.137024 1718 1704 1704 1706 1694 1695
829.156982 1710 1712 1701 1701 1692 1698
829.177979 1712 1708 1696 1695 1694 1692
829.197998 1724 1714 1719 1707 1700 1702
829.218994 1703 1695 1701 1692 1687 1693
829.239014 1721 1710 1705 1699 1700 1701
829.258972 1716 1702 1696 1708 1693 1693
829.280029 1719 1706 1709 1697 1693 1704
829.299988 1704 1703 1701 1694 1692 1692
829.320984 1706 1702 1703 1704 1686 1695
829.341003 1715 1693 1695 1688 1681 1689
829.362 1710 1698 1696 1690 1687 1698
829.382019 1710 1705 1704 1694 1689 1701
829.401978 1711 1710 1698 1692 1695 1695
829.422974 1699 1697 1695 1694 1695 1687
829.442993 1704 1700 1704 1696 1683 1699
829.463989 1713 1703 1692 1692 1690 1694
829.484009 1712 1706 1700 1689 1681 1698
829.505005 1707 1703 1696 1694 1685 1724
829.525024 1709 1706 1706 1701 1692 1699
829.544983 1717 1703 1692 1695 1698 1695
829.565979 1711 1703 1699 1702 1685 1697
829.585999 1727 1714 1711 1712 1701 1703
829.606995 1725 1720 1719 1716 1705 1713
829.627014 1724 1721 1711 1714 1708 1705
829.64801 1716 1709 1710 1706 1697 1708
829.66803 1726 1722 1725 1715 1712 1709
829.687988 1728 1718 1713 1712 1712 1716
829.708984 1728 1716 1714 1716 1702 1709
829.729004 1723 1723 1722 1714 1703 1711
829.75 1732 1718 1717 1713 1707 1723
829.77002 1723 1713 1721 1715 1698 1706
829.791016 1727 1714 1713 1720 1709 1717
829.810974 1724 1725 1715 1710 1706 1715
829.830994 1726 1719 1717 1711 1703 1712
829.85199 1722 1722 1715 1707 1701 1716
829.872009 1739 1724 1714 1710 1710 1715
829.893005 1734 1724 1721 1716 1702 1710
829.913025 1731 1725 1719 1722 1717 1724
829.932983 1731 1724 1713 1710 1707 1705
829.953979 1734 1721 1720 1713 1709 1723
829.973999 1735 1728 1724 1719 1712 1717
829.994995 1732 1721 1722 1720 1717 1722
830.015015 1738 1735 1731 1736 1714 1718
830.036011 1740 1731 1725 1723 1719 1720
830.05603 1736 1733 1725 1714 1720 1716
830.075989 1734 1727 1728 1721 1713 1724
830.096985 1737 1730 1724 1728 1718 1728
830.117004 1751 1737 1732 1733 1720 1723
830.138 1752 1738 1742 1732 1719 1726
830.15802 1748 1740 1735 1733 1725 1728
830.177979 1759 1743 1732 1743 1726 1728
830.198975 1753 1744 1742 1739 1736 1732
830.218994 1753 1734 1741 1736 1728 1733
830.23999 1742 1728 1733 1726 1726 1723
830.26001 1744 1738 1726 1733 1719 1729
830.280029 1737 1716 1716 1724 1707 1720
830.301025 1742 1726 1724 1726 1713 1721
830.320984 1732 1727 1724 1720 1712 1717
830.34198 1724 1722 1718 1728 1708 1716
830.362 1734 1720 1720 1708 1708 1711
830.382996 1732 1730 1724 1715 1708 1716
830.403015 1726 1728 1713 1722 1708 1724
830.422974 1731 1717 1715 1722 1702 1707
830.44397 1738 1725 1723 1724 1712 1722
830.463989 1729 1726 1719 1716 1710 1723
830.484009 1732 1732 1719 1715 1710 1716
830.505005 1736 1733 1734 1720 1718 1716
830.525024 1733 1728 1717 1725 1712 1717
830.546021 1735 1728 1723 1721 1717 1720
830.565979 1732 1730 1727 1721 1727 1726
830.585999 1733 1726 1723 1719 1711 1717
830.606995 1739 1726 1719 1712 1718 1720
830.627014 1730 1726 1716 1718 1712 1724
830.64801 1724 1723 1720 1721 1708 1722
830.66803 1721 1721 1718 1713 1698 1718
830.687988 1729 1721 1713 1715 1712 1715
830.708984 1726 1726 1715 1708 1707 1716
830.729004 1741 1725 1728 1724 1709 1722
830.75 1736 1719 1719 1717 1713 1718
830.77002 1732 1713 1715 1708 1705 1707
830.789978 1729 1730 1722 1723 1711 1720
830.810974 1729 1709 1708 1700 1700 1712
830.830994 1729 1714 1712 1713 1704 1715
830.85199 1730 1712 1711 1705 1702 1712
830.872009 1726 1724 1713 1715 1700 1704
830.892029 1733 1716 1712 1716 1707 1713
830.913025 1723 1713 1711 1705 1702 1710
830.932983 1731 1713 1716 1714 1706 1709
830.953979 1728 1714 1714 1714 1693 1705
830.973999 1729 1709 1709 1714 1708 1710
830.994019 1717 1708 1711 1705 1697 1702
831.015015 1723 1715 1708 1702 1691 1701
831.034973 1726 1712 1712 1707 1706 1711
831.054993 1731 1711 1722 1713 1711 1711
831.075989 1717 1710 1706 1704 1690 1702
831.096008 1719 1705 1698 1696 1693 1703
831.117004 1723 1717 1707 1708 1698 1704
831.137024 1726 1718 1714 1710 1704 1707
831.156982 1723 1722 1716 1713 1704 1711
831.177979 1726 1718 1710 1707 1703 1713
831.197998 1725 1715 1713 1709 1694 1709
831.218994 1721 1704 1712 1705 1700 1705
831.239014 1717 1714 1704 1714 1694 1711
831.258972 1721 1697 1695 1697 1696 1693
831.280029 1719 1711 1701 1701 1694 1705
831.299988 1726 1706 1705 1703 1701 1707
831.320007 1720 1716 1712 1713 1701 1708
831.341003 1721 1720 1705 1705 1705 1712
831.361023 1721 1704 1699 1707 1697 1708
831.382019 1720 1712 1704 1702 1700 1701
831.401978 1718 1714 1706 1699 1696 1702
831.421997 1730 1714 1716 1712 1705 1715
831.442993 1712 1714 1706 1697 1693 1702
831.463013 1715 1712 1701 1705 1694 1701
831.482971 1730 1711 1705 1706 1698 1712
831.504028 1727 1719 1710 1706 1701 1711
831.523987 1724 1720 1712 1710 1704 1711
831.544983 1718 1717 1708 1710 1702 1699
831.565002 1723 1711 1705 1704 1704 1706
831.585022 1722 1710 1709 1707 1705 1719
831.606018 1737 1727 1715 1721 1702 1713
831.625977 1728 1723 1714 1715 1708 1712
831.645996 1722 1718 1711 1703 1710 1708
831.666992 1726 1705 1704 1711 1696 1709
831.687012 1723 1712 1713 1711 1698 1706
831.708008 1724 1708 1707 1704 1699 1711
831.728027 1727 1717 1720 1708 1695 1705
831.747986 1719 1716 1713 1706 1696 1706
831.768982 1724 1728 1724 1716 1712 1719
831.789001 1729 1709 1711 1717 1704 1707
831.809021 1727 1716 1720 1716 1710 1718
831.830017 1722 1721 1716 1710 1708 1716
831.849976 1726 1723 1711 1710 1709 1716
831.869995 1731 1704 1707 1710 1703 1703
831.890991 1732 1721 1721 1713 1715 1718
831.911011 1729 1718 1714 1714 1704 1716
831.932007 1729 1718 1719 1709 1710 1717
831.952026 1730 1718 1716 1709 1704 1719
831.971985 1728 1725 1727 1711 1710 1721
831.992981 1733 1719 1721 1708 1710 1713
832.013 1732 1724 1720 1723 1716 1723
832.03302 1729 1721 1727 1718 1712 1727
832.054016 1731 1728 1710 1719 1705 1715
832.073975 1739 1719 1721 1711 1722 1725
832.093994 1739 1729 1722 1718 1718 1714
832.11499 1746 1725 1729 1726 1715 1731
832.13501 1737 1732 1731 1729 1711 1725
832.155029 1739 1730 1720 1722 1713 1728
832.176025 1735 1724 1720 1725 1708 1720
832.195984 1737 1725 1718 1722 1717 1718
832.216003 1739 1728 1726 1720 1703 1719
832.237 1739 1727 1718 1728 1718 1722
832.257019 1738 1736 1729 1726 1721 1720
832.278015 1737 1732 1734 1724 1720 1722
832.297974 1738 1726 1717 1726 1718 1721
832.317993 1746 1728 1725 1725 1715 1722
832.338989 1735 1735 1731 1726 1724 1732
832.359009 1742 1724 1726 1727 1715 1723
832.379028 1748 1732 1729 1731 1717 1737
832.400024 1735 1725 1718 1722 1710 1725
832.419983 1745 1729 1728 1728 1710 1733
832.440002 1750 1733 1727 1732 1725 1731
832.460999 1748 1736 1736 1731 1720 1733
832.481018 1745 1725 1718 1717 1718 1722
832.500977 1739 1739 1718 1725 1714 1725
832.521973 1752 1728 1730 1728 1725 1732
832.541992 1748 1730 1728 1724 1714 1726
832.562012 1737 1722 1725 1716 1716 1722
832.583008 1738 1732 1730 1729 1723 1727
832.603027 1736 1726 1730 1718 1710 1730
832.622986 1741 1733 1731 1732 1718 1725
832.643982 1738 1734 1734 1727 1726 1731
832.664001 1741 1731 1727 1723 1712 1723
832.684021 1739 1738 1735 1730 1720 1731
832.705017 1750 1740 1730 1731 1723 1736
832.724976 1739 1736 1732 1730 1717 1729
832.744995 1728 1723 1717 1718 1712 1731
832.765991 1749 1734 1722 1725 1716 1716
832.786011 1742 1726 1722 1722 1714 1721
832.80603 1742 1728 1716 1727 1716 1722
832.827026 1739 1729 1714 1721 1703 1723
832.846985 1733 1718 1718 1721 1713 1723
832.867004 1740 1720 1730 1722 1715 1724
832.888 1736 1719 1720 1721 1714 1727
832.90802 1729 1728 1714 1721 1709 1720
832.927979 1737 1727 1721 1718 1719 1724
832.948975 1736 1730 1720 1728 1713 1721
832.968994 1738 1734 1722 1725 1717 1719
832.989014 1735 1729 1728 1732 1715 1725
833.01001 1740 1724 1715 1723 1709 1723
833.030029 1729 1726 1718 1714 1708 1721
833.049988 1740 1724 1722 1721 1718 1719
833.070984 1728 1723 1719 1720 1706 1718
833.091003 1739 1731 1725 1724 1717 1731
833.111023 1735 1724 1725 1711 1702 1717
833.132019 1729 1721 1720 1711 1715 1720
833.151978 1721 1724 1717 1712 1710 1718
833.171997 1735 1730 1718 1722 1719 1720
833.192993 1743 1723 1726 1721 1715 1713
833.213013 1728 1725 1712 1703 1709 1708
833.232971 1737 1724 1717 1714 1713 1725
833.254028 1723 1719 1713 1716 1709 1716
833.273987 1746 1729 1720 1725 1722 1726
833.294006 1730 1717 1713 1717 1717 1711
833.315002 1733 1722 1720 1708 1712 1715
833.335022 1729 1719 1708 1712 1712 1712
833.35498 1728 1716 1711 1707 1706 1713
833.375977 1741 1720 1721 1725 1718 1722
833.395996 1730 1733 1721 1716 1712 1704
833.416016 1725 1715 1721 1715 1713 1723
833.437012 1729 1717 1716 1719 1709 1713
833.45697 1735 1716 1711 1717 1701 1718
833.47699 1726 1727 1712 1717 1703 1712
833.497009 1730 1713 1704 1717 1706 1716
833.518005 1748 1726 1734 1732 1725 1736
833.538025 1727 1720 1712 1716 1705 1714
833.557983 1726 1720 1718 1714 1708 1715
833.578979 1729 1717 1711 1710 1702 1717
833.598999 1730 1719 1713 1711 1698 1707
833.619019 1725 1714 1711 1712 1697 1711
833.640015 1730 1714 1716 1716 1704 1713
833.659973 1727 1719 1711 1703 1711 1717
833.679993 1719 1712 1711 1704 1705 1715
833.700989 1729 1725 1707 1714 1708 1711
833.721008 1728 1726 1719 1718 1708 1712
833.741028 1727 1718 1717 1721 1703 1720
833.762024 1733 1723 1718 1713 1712 1716
833.781982 1730 1720 1723 1712 1709 1719
833.802002 1730 1721 1719 1707 1703 1717
833.822021 1731 1715 1712 1711 1705 1711
833.843018 1723 1719 1717 1714 1704 1715
833.862976 1728 1717 1708 1711 1701 1722
833.882996 1727 1717 1716 1707 1700 1715
833.903992 1732 1725 1715 1720 1711 1718
833.924011 1743 1732 1727 1727 1724 1724
833.94397 1734 1718 1719 1711 1706 1721
833.965027 1731 1723 1726 1716 1713 1721
833.984985 1727 1725 1726 1718 1712 1712
834.005005 1728 1717 1713 1715 1709 1711
834.026001 1734 1721 1722 1715 1707 1712
834.046021 1734 1720 1716 1713 1703 1716
834.065979 1724 1720 1718 1710 1705 1719
834.085999 1728 1724 1719 1710 1711 1711
834.106995 1731 1714 1715 1709 1713 1709
834.127014 1728 1719 1717 1717 1709 1722
834.146973 1728 1716 1715 1714 1709 1713
834.16803 1733 1720 1714 1714 1710 1714
834.187988 1727 1715 1712 1720 1709 1713
834.208008 1733 1717 1715 1719 1715 1733
834.228027 1726 1714 1714 1708 1706 1719
834.249023 1734 1718 1713 1717 1702 1710
834.268982 1737 1730 1720 1720 1716 1721
834.289001 1723 1727 1716 1712 1708 1716
834.309998 1734 1727 1719 1712 1714 1721
834.330017 1738 1721 1725 1723 1712 1724
834.349976 1737 1714 1717 1715 1714 1711
834.369995 1731 1722 1717 1710 1709 1725
834.390991 1729 1718 1719 1715 1704 1714
834.411011 1730 1720 1720 1714 1713 1724
834.43103 1733 1718 1711 1714 1710 1721
834.452026 1727 1726 1724 1712 1707 1712
834.471985 1739 1721 1718 1721 1710 1734
834.492004 1728 1727 1711 1716 1711 1719
834.513 1741 1734 1723 1724 1717 1726
834.53302 1721 1715 1713 1713 1706 1711
834.552979 1740 1727 1718 1723 1711 1725
834.572998 1731 1721 1722 1712 1709 1722
834.593994 1728 1718 1720 1718 1711 1714
834.614014 1735 1726 1725 1724 1716 1729
834.633972 1729 1726 1722 1731 1718 1733
834.653992 1733 1725 1721 1713 1711 1724
834.674988 1739 1724 1712 1726 1715 1721
834.695007 1741 1732 1725 1720 1714 1730
834.715027 1739 1719 1716 1722 1717 1727
834.736023 1743 1733 1720 1729 1717 1726
834.755981 1739 1727 1720 1715 1722 1724
834.776001 1745 1726 1727 1725 1718 1729
834.796021 1748 1732 1729 1724 1725 1726
834.817017 1734 1726 1721 1723 1717 1722
834.836975 1738 1728 1719 1734 1718 1735
834.856995 1744 1734 1728 1730 1713 1735
834.877991 1747 1737 1734 1736 1720 1739
834.89801 1733 1727 1721 1724 1713 1721
834.91803 1744 1737 1729 1730 1729 1733
834.937988 1741 1734 1731 1721 1723 1731
834.958984 1746 1727 1728 1729 1716 1735
834.979004 1748 1734 1737 1736 1724 1735
834.999023 1738 1734 1724 1728 1721 1727
835.018982 1742 1734 1727 1723 1717 1728
835.039978 1741 1733 1723 1729 1717 1732
835.059998 1736 1722 1726 1729 1719 1725
835.080017 1733 1732 1725 1726 1715 1721
835.101013 1744 1736 1728 1724 1720 1722
835.120972 1750 1738 1729 1725 1722 1733
835.140991 1746 1732 1724 1730 1720 1738
835.161011 1739 1724 1714 1722 1716 1718
835.182007 1737 1736 1730 1729 1710 1723
835.202026 1745 1737 1733 1730 1723 1729
835.221985 1736 1724 1728 1723 1709 1723
835.242004 1750 1739 1731 1732 1718 1733
835.263 1739 1730 1734 1725 1720 1724
835.28302 1742 1733 1732 1730 1726 1731
835.302979 1746 1730 1725 1717 1724 1730
835.322998 1741 1731 1719 1726 1724 1725
835.343994 1738 1735 1728 1731 1714 1729
835.364014 1738 1730 1729 1725 1720 1734
835.383972 1737 1731 1724 1724 1718 1724
835.403992 1753 1743 1722 1733 1730 1732
835.424988 1752 1739 1742 1725 1725 1738
835.445007 1740 1726 1722 1720 1723 1727
835.465027 1747 1748 1733 1729 1719 1732
835.486023 1740 1726 1731 1726 1714 1732
835.505981 1748 1732 1727 1729 1717 1737
835.526001 1744 1729 1723 1721 1720 1730
835.546021 1738 1731 1726 1723 1712 1723
835.567017 1740 1730 1716 1727 1722 1725
835.586975 1732 1741 1722 1730 1723 1728
835.606995 1741 1735 1728 1727 1714 1733
835.627014 1737 1729 1724 1726 1710 1730
835.64801 1735 1725 1728 1723 1723 1731
835.66803 1740 1730 1726 1716 1710 1728
835.687988 1745 1725 1723 1721 1717 1723
835.708008 1740 1730 1735 1728 1719 1729
835.729004 1735 1728 1724 1721 1718 1724
835.749023 1741 1732 1731 1724 1722 1733
835.768982 1749 1732 1727 1734 1725 1739
835.789001 1740 1742 1734 1721 1717 1732
835.809998 1747 1724 1725 1727 1726 1733
835.830017 1750 1739 1744 1730 1732 1740
835.849976 1737 1721 1725 1731 1715 1729
835.869995 1756 1737 1726 1734 1723 1735
835.890991 1742 1730 1722 1728 1723 1730
835.911011 1752 1746 1738 1737 1727 1743
835.93103 1748 1735 1744 1734 1727 1737
835.950989 1746 1731 1727 1734 1722 1735
835.971985 1739 1735 1730 1731 1723 1736
835.992004 1752 1738 1728 1727 1727 1736
836.012024 1744 1746 1738 1736 1736 1739
836.031982 1743 1739 1737 1732 1734 1739
836.052002 1753 1739 1737 1734 1730 1743
836.072998 1771 1760 1749 1752 1751 1761
836.093018 1737 1735 1724 1721 1725 1730
836.112976 1753 1735 1730 1732 1719 1733
836.132996 1747 1735 1724 1729 1728 1738
836.153992 1742 1727 1729 1728 1720 1720
836.174011 1750 1743 1733 1732 1727 1739
836.19397 1750 1733 1733 1733 1720 1735
836.213989 1742 1727 1728 1718 1713 1734
836.234985 1741 1733 1731 1723 1721 1732
836.255005 1733 1727 1725 1722 1719 1726
836.275024 1755 1745 1739 1739 1730 1743
836.294983 1754 1729 1737 1733 1731 1742
836.315979 1751 1735 1733 1736 1724 1730
836.335999 1741 1730 1728 1729 1719 1737
836.356018 1747 1739 1735 1733 1726 1737
836.375977 1739 1727 1722 1722 1729 1725
836.395996 1745 1733 1729 1735 1719 1738
836.416992 1757 1735 1735 1731 1722 1735
836.437012 1753 1737 1732 1727 1725 1740
836.45697 1749 1734 1727 1730 1727 1737
836.47699 1749 1733 1738 1737 1722 1745
836.497986 1753 1734 1724 1737 1723 1733
836.518005 1764 1745 1744 1734 1738 1733
836.538025 1753 1731 1731 1723 1728 1735
836.557983 1750 1733 1737 1729 1727 1741
836.578979 1755 1737 1729 1732 1726 1732
836.598999 1756 1744 1744 1736 1728 1739
836.619019 1746 1731 1719 1716 1713 1732
836.638977 1745 1741 1736 1735 1727 1742
836.658997 1755 1745 1752 1745 1739 1750
836.679993 1745 1739 1734 1735 1723 1735
836.700012 1754 1734 1738 1729 1733 1742
836.719971 1748 1744 1736 1731 1727 1741
836.73999 1751 1725 1731 1726 1729 1726
836.760986 1750 1729 1730 1727 1720 1732
836.781006 1750 1729 1734 1726 1728 1732
836.801025 1748 1736 1736 1730 1725 1744
836.820984 1749 1735 1729 1732 1734 1736
836.841003 1751 1737 1737 1726 1720 1733
836.862 1756 1736 1729 1733 1729 1736
836.882019 1756 1738 1734 1725 1724 1741
836.901978 1747 1734 1732 1728 1730 1732
836.921997 1758 1741 1738 1736 1732 1742
836.942993 1753 1739 1730 1733 1723 1736
836.963013 1762 1748 1748 1740 1741 1747
836.982971 1749 1736 1730 1728 1714 1731
837.002991 1747 1741 1733 1729 1727 1739
837.02301 1751 1745 1737 1725 1729 1736
837.044006 1759 1740 1738 1729 1728 1740
837.064026 1753 1733 1736 1731 1730 1740
837.083984 1745 1746 1738 1729 1721 1738
837.104004 1757 1744 1730 1724 1725 1732
837.124023 1749 1739 1727 1727 1720 1734
837.14502 1753 1734 1732 1729 1724 1733
837.164978 1755 1748 1733 1729 1719 1744
837.184998 1757 1738 1731 1734 1729 1736
837.205017 1770 1750 1745 1736 1738 1749
837.224976 1754 1742 1743 1735 1727 1740
837.245972 1761 1746 1745 1739 1728 1746
837.265991 1763 1748 1730 1736 1740 1746
837.286011 1772 1758 1761 1753 1749 1760
837.30603 1777 1750 1757 1751 1747 1761
837.325989 1799 1788 1783 1773 1772 1782
837.346985 1821 1796 1794 1786 1787 1795
837.367004 1837 1814 1822 1817 1805 1814
837.387024 1840 1840 1824 1825 1818 1827
837.406982 1840 1826 1833 1827 1820 1828
837.427002 1845 1831 1829 1835 1824 1826
837.447998 1843 1832 1835 1828 1825 1838
837.468018 1844 1836 1834 1831 1828 1836
837.487976 1850 1836 1837 1823 1828 1837
837.507996 1845 1831 1838 1823 1820 1844
837.528992 1851 1830 1830 1823 1829 1837
837.549011 1846 1844 1832 1834 1831 1825
837.56897 1842 1841 1830 1820 1823 1836
837.588989 1853 1838 1838 1832 1821 1839
837.609009 1853 1836 1832 1834 1825 1841
837.629028 1853 1824 1837 1823 1814 1841
837.650024 1861 1840 1843 1837 1823 1834
837.669983 1869 1838 1835 1832 1826 1846
837.690002 1857 1847 1834 1838 1836 1833
837.710022 1855 1841 1829 1829 1821 1848
837.72998 1864 1842 1834 1832 1828 1843
837.750977 1855 1849 1846 1838 1823 1845
837.770996 1865 1854 1847 1842 1836 1848
837.791016 1861 1843 1839 1834 1834 1852
837.810974 1859 1841 1838 1842 1834 1853
837.830994 1862 1846 1844 1838 1836 1845
837.85199 1861 1848 1843 1854 1837 1857
837.872009 1871 1852 1842 1849 1838 1854
837.892029 1876 1843 1844 1879 1833 1840
837.911987 1855 1840 1836 1829 1830 1844
837.932007 1859 1846 1849 1844 1823 1841
837.953003 1863 1843 1832 1833 1825 1838
837.973022 1859 1846 1833 1838 1834 1844
837.992981 1840 1824 1812 1808 1814 1827
838.013 1805 1797 1787 1776 1781 1789
838.03302 1793 1780 1782 1771 1767 1780
838.052979 1791 1784 1777 1776 1762 1782
838.073975 1768 1762 1745 1755 1746 1763
838.093994 1779 1758 1757 1748 1745 1761
838.114014 1768 1755 1747 1745 1743 1755
838.133972 1765 1756 1747 1746 1744 1758
838.153992 1782 1760 1754 1755 1744 1757
838.174011 1776 1758 1744 1741 1738 1748
838.195007 1771 1746 1748 1745 1737 1753
838.215027 1778 1758 1763 1756 1751 1764
838.234985 1769 1743 1741 1742 1738 1750
838.255005 1778 1751 1745 1748 1737 1758
838.275024 1782 1752 1742 1751 1738 1748
838.296021 1781 1770 1752 1741 1748 1759
838.315979 1775 1755 1752 1747 1739 1760
838.335999 1766 1756 1750 1746 1738 1749
838.356018 1779 1760 1750 1746 1745 1758
838.375977 1781 1772 1758 1761 1743 1756
838.395996 1774 1757 1756 1745 1736 1760
838.416992 1770 1755 1743 1747 1737 1755
838.437012 1775 1754 1752 1740 1737 1762
838.45697 1774 1750 1748 1747 1739 1752
838.47699 1775 1756 1746 1742 1734 1754
838.497009 1775 1750 1745 1743 1739 1749
838.517029 1780 1754 1756 1749 1735 1745
838.538025 1771 1744 1743 1739 1734 1750
838.557983 1774 1752 1746 1739 1742 1750
838.578003 1768 1748 1743 1737 1733 1754
838.598022 1767 1742 1738 1741 1729 1745
838.617981 1767 1753 1742 1742 1739 1742
838.638 1759 1739 1735 1730 1724 1739
838.658997 1773 1744 1742 1734 1733 1748
838.679016 1768 1749 1741 1741 1729 1745
838.698975 1765 1753 1743 1738 1725 1752
838.718994 1771 1739 1737 1734 1736 1741
838.739014 1758 1740 1735 1724 1719 1746
838.758972 1763 1741 1730 1730 1727 1743
838.780029 1760 1742 1736 1731 1727 1740
838.799988 1760 1750 1734 1733 1722 1750
838.820007 1762 1745 1727 1738 1733 1743
838.840027 1756 1739 1736 1734 1720 1741
838.859985 1762 1752 1739 1736 1728 1745
838.880005 1759 1746 1737 1735 1725 1742
838.901001 1768 1741 1741 1728 1733 1736
838.921021 1764 1742 1731 1738 1729 1735
838.940979 1766 1750 1740 1740 1731 1743
838.960999 1765 1745 1736 1728 1731 1746
838.981018 1776 1760 1746 1747 1739 1756
839.000977 1772 1742 1742 1737 1733 1748
839.020996 1761 1746 1735 1733 1724 1741
839.041992 1771 1742 1732 1732 1725 1751
839.062012 1768 1740 1732 1733 1720 1738
839.08197 1773 1747 1732 1733 1729 1736
839.10199 1774 1745 1732 1737 1731 1741
839.122009 1767 1751 1744 1742 1729 1746
839.142029 1767 1737 1737 1733 1737 1745
839.161987 1767 1739 1732 1738 1733 1736
839.182983 1772 1748 1742 1733 1737 1738
839.203003 1769 1751 1744 1732 1728 1746
839.223022 1773 1746 1730 1736 1735 1745
839.242981 1773 1742 1730 1739 1723 1741
839.263 1783 1748 1753 1749 1737 1747
839.28302 1777 1760 1746 1741 1736 1758
839.304016 1770 1746 1734 1736 1729 1749
839.323975 1777 1754 1744 1738 1736 1746
839.343994 1768 1755 1752 1742 1738 1752
839.364014 1772 1744 1742 1741 1738 1748
839.383972 1782 1752 1741 1739 1740 1747
839.403992 1774 1750 1738 1739 1736 1752
839.424011 1776 1747 1742 1733 1734 1748
839.445007 1779 1755 1747 1736 1735 1746
839.465027 1777 1760 1746 1739 1728 1755
839.484985 1778 1743 1739 1737 1734 1741
839.505005 1782 1761 1752 1740 1743 1754
839.525024 1786 1755 1748 1748 1744 1763
839.544983 1781 1757 1755 1739 1737 1754
839.565002 1783 1751 1743 1741 1735 1749
839.585999 1789 1763 1746 1739 1737 1751
839.606018 1794 1759 1750 1750 1747 1758
839.625977 1783 1758 1754 1741 1740 1758
839.645996 1790 1756 1756 1738 1744 1759
839.666016 1791 1760 1755 1753 1749 1766
839.685974 1794 1757 1758 1747 1745 1760
839.705994 1798 1766 1763 1752 1754 1762
839.726013 1791 1757 1750 1743 1743 1758
839.747009 1790 1765 1750 1745 1740 1758
839.767029 1796 1756 1752 1748 1738 1769
839.786987 1794 1769 1755 1758 1746 1770
839.807007 1798 1768 1763 1757 1748 1766
839.827026 1799 1781 1749 1749 1750 1772
839.846985 1796 1769 1755 1754 1749 1763
839.867004 1800 1765 1760 1754 1751 1770
839.887024 1799 1766 1760 1750 1746 1770
839.90802 1804 1775 1762 1767 1761 1776
839.927979 1802 1768 1763 1755 1758 1778
839.947998 1799 1772 1759 1760 1749 1761
839.968018 1808 1771 1753 1756 1757 1771
839.987976 1821 1780 1764 1754 1753 1781
840.007996 1803 1772 1754 1752 1749 1764
840.028015 1811 1774 1765 1756 1751 1778
840.047974 1817 1779 1768 1759 1758 1773
840.06897 1806 1778 1760 1764 1756 1777
840.088989 1815 1782 1774 1759 1767 1780
840.109009 1813 1778 1768 1764 1761 1774
840.129028 1820 1773 1759 1756 1763 1777
840.148987 1818 1784 1770 1772 1761 1784
840.169006 1804 1771 1762 1760 1756 1780
840.189026 1829 1795 1781 1771 1762 1787
840.208984 1819 1776 1774 1771 1766 1781
840.22998 1814 1774 1766 1764 1755 1777
840.25 1812 1781 1775 1755 1760 1783
840.27002 1813 1786 1771 1766 1763 1783
840.289978 1823 1780 1764 1756 1762 1793
840.309998 1823 1781 1777 1767 1765 1783
840.330017 1817 1780 1775 1766 1760 1787
840.349976 1813 1781 1764 1769 1761 1782
840.369995 1823 1787 1771 1768 1769 1789
840.390015 1826 1790 1775 1779 1770 1790
840.411011 1838 1816 1796 1801 1787 1814
840.43103 1822 1786 1778 1762 1751 1780
840.450989 1823 1788 1779 1766 1768 1790
840.471008 1826 1788 1781 1774 1761 1792
840.491028 1824 1786 1777 1775 1768 1797
840.510986 1823 1796 1774 1775 1763 1792
840.531006 1831 1795 1776 1772 1772 1791
840.551025 1820 1778 1769 1767 1765 1779
840.570984 1825 1792 1785 1773 1768 1789
840.59198 1822 1784 1771 1767 1760 1792
840.612 1823 1779 1771 1754 1764 1792
840.632019 1831 1788 1785 1777 1760 1782
840.651978 1828 1790 1778 1767 1765 1787
840.671997 1820 1791 1773 1760 1764 1790
840.692017 1815 1790 1768 1772 1761 1784
840.711975 1825 1788 1780 1773 1760 1777
840.731995 1820 1778 1762 1762 1759 1775
840.752014 1820 1783 1768 1771 1764 1781
840.771973 1812 1784 1774 1759 1763 1777
840.79303 1818 1788 1773 1773 1765 1777
840.812988 1818 1780 1766 1750 1761 1782
840.833008 1825 1784 1778 1768 1746 1773
840.853027 1815 1769 1765 1758 1752 1780
840.872986 1818 1787 1774 1762 1752 1778
840.893005 1816 1779 1759 1759 1748 1774
840.913025 1824 1777 1765 1769 1752 1786
840.932983 1808 1770 1764 1761 1757 1774
840.953003 1818 1769 1761 1759 1759 1778
840.973022 1807 1783 1764 1757 1755 1768
840.994019 1803 1769 1764 1743 1744 1770
841.013977 1804 1771 1757 1746 1747 1781
841.033997 1806 1766 1763 1761 1758 1767
841.054016 1819 1764 1766 1763 1752 1776
841.073975 1812 1766 1755 1747 1748 1776
841.093994 1803 1758 1748 1746 1740 1763
841.114014 1810 1768 1763 1759 1748 1774
841.133972 1804 1769 1756 1756 1748 1769
841.153992 1798 1771 1756 1754 1743 1768
841.174011 1800 1769 1753 1753 1744 1771
841.19397 1809 1774 1758 1750 1745 1767
841.215027 1807 1770 1761 1760 1750 1772
841.234985 1805 1769 1765 1746 1749 1770
841.255005 1814 1769 1760 1759 1756 1781
841.275024 1803 1769 1759 1758 1749 1770
841.294983 1814 1776 1762 1759 1752 1779
841.315002 1816 1769 1777 1756 1762 1774
841.335022 1810 1777 1766 1758 1756 1780
841.35498 1815 1769 1769 1761 1754 1776
841.375 1817 1773 1767 1767 1758 1768
841.39502 1810 1779 1762 1766 1754 1767
841.414978 1815 1785 1762 1764 1766 1791
841.434998 1828 1786 1773 1768 1766 1789
841.455994 1822 1787 1780 1769 1769 1794
841.476013 1825 1792 1775 1774 1765 1792
841.495972 1828 1783 1771 1768 1772 1790
841.515991 1821 1794 1779 1771 1762 1788
841.536011 1828 1797 1776 1774 1780 1802
841.55603 1822 1788 1778 1776 1767 1784
841.575989 1832 1792 1781 1777 1764 1800
841.596008 1834 1799 1797 1780 1770 1805
841.616028 1849 1792 1789 1786 1787 1800
841.635986 1835 1798 1793 1775 1778 1801
841.656006 1828 1795 1780 1777 1775 1804
841.676025 1828 1797 1794 1781 1771 1797
841.695984 1823 1801 1783 1780 1776 1803
841.716003 1831 1783 1781 1777 1783 1799
841.737 1834 1796 1792 1780 1779 1805
841.757019 1822 1794 1781 1778 1773 1793
841.776978 1837 1786 1777 1772 1775 1801
841.796997 1833 1795 1784 1780 1777 1800
841.817017 1835 1796 1787 1778 1775 1805
841.836975 1834 1788 1781 1778 1775 1789
841.856995 1828 1799 1783 1779 1763 1800
841.877014 1833 1794 1790 1784 1776 1806
841.896973 1830 1795 1780 1780 1781 1804
841.916992 1833 1797 1785 1777 1770 1797
841.937012 1823 1791 1776 1773 1772 1801
841.95697 1836 1799 1783 1777 1783 1793
841.97699 1835 1808 1796 1792 1777 1815
841.997009 1832 1807 1791 1788 1783 1816
842.018005 1822 1796 1781 1780 1774 1799
842.038025 1820 1795 1795 1774 1772 1799
842.057983 1819 1785 1781 1779 1778 1795
842.078003 1820 1785 1778 1764 1769 1793
842.098022 1812 1786 1775 1767 1765 1792
842.117981 1818 1776 1771 1770 1764 1788
842.138 1818 1770 1766 1766 1760 1780
842.15802 1811 1771 1763 1755 1759 1777
842.177979 1802 1766 1757 1759 1752 1777
842.197998 1803 1780 1758 1755 1755 1779
842.218018 1810 1768 1758 1764 1750 1777
842.237976 1798 1767 1762 1757 1751 1775
842.257996 1805 1770 1761 1751 1762 1780
842.278015 1808 1776 1764 1748 1760 1777
842.297974 1803 1777 1762 1750 1750 1778
842.317993 1806 1772 1769 1766 1756 1788
842.338013 1814 1773 1774 1777 1756 1789
842.357971 1815 1782 1761 1763 1762 1777
842.379028 1801 1770 1770 1762 1758 1785
842.398987 1813 1783 1775 1772 1766 1785
842.419006 1815 1789 1778 1765 1765 1793
842.439026 1813 1781 1768 1767 1760 1788
842.458984 1814 1776 1764 1758 1758 1786
842.479004 1813 1783 1774 1774 1769 1791
842.499023 1813 1782 1767 1767 1761 1786
842.518982 1816 1791 1783 1770 1766 1793
842.539001 1813 1784 1767 1762 1764 1781
842.559021 1818 1788 1772 1773 1761 1790
842.578979 1814 1769 1767 1760 1766 1783
842.598999 1823 1783 1779 1774 1770 1798
842.619019 1814 1789 1776 1770 1767 1789
842.638977 1821 1786 1781 1770 1767 1790
842.658997 1829 1780 1768 1773 1773 1796
842.679016 1818 1790 1775 1768 1767 1793
842.698975 1822 1783 1772 1771 1771 1792
842.718994 1830 1795 1784 1774 1776 1800
842.739014 1822 1786 1780 1769 1767 1803
842.758972 1821 1786 1786 1777 1777 1808
842.778992 1826 1794 1772 1775 1772 1809
842.799011 1830 1796 1780 1773 1782 1805
842.820007 1826 1777 1772 1770 1767 1794
842.840027 1816 1789 1778 1764 1768 1791
842.859985 1833 1794 1779 1776 1766 1787
842.880005 1819 1792 1792 1773 1778 1803
842.900024 1836 1792 1779 1774 1777 1803
842.919983 1816 1793 1776 1776 1775 1803
842.940002 1820 1785 1788 1780 1772 1799
842.960022 1823 1792 1778 1783 1776 1799
842.97998 1821 1792 1787 1767 1776 1804
843 1817 1792 1774 1776 1764 1791
843.02002 1826 1786 1791 1774 1773 1811
843.039978 1825 1786 1789 1778 1777 1798
843.059998 1824 1791 1778 1779 1774 1804
843.080017 1822 1784 1775 1766 1760 1792
843.099976 1822 1790 1768 1770 1760 1791
843.119995 1807 1785 1773 1768 1764 1798
843.140015 1807 1777 1777 1763 1762 1788
843.159973 1820 1790 1779 1777 1769 1796
843.179993 1831 1795 1781 1774 1768 1795
843.200012 1814 1795 1782 1778 1776 1797
843.219971 1818 1786 1773 1777 1771 1801
843.23999 1828 1790 1782 1774 1778 1808
843.26001 1806 1787 1778 1765 1768 1790
843.280029 1816 1791 1779 1771 1764 1796
843.299988 1819 1797 1780 1779 1777 1803
843.320007 1819 1797 1790 1785 1782 1798
843.340027 1814 1784 1774 1770 1762 1795
843.359985 1819 1792 1773 1784 1767 1801
843.380005 1818 1784 1778 1770 1771 1800
843.400024 1819 1781 1783 1777 1767 1796
843.419983 1821 1783 1778 1773 1766 1796
843.440002 1820 1779 1780 1770 1772 1802
843.460022 1824 1790 1780 1772 1776 1803
843.47998 1820 1792 1774 1778 1768 1795
843.5 1823 1790 1778 1778 1763 1803
843.52002 1824 1784 1769 1773 1765 1796
843.539978 1822 1783 1776 1769 1766 1804
843.559998 1823 1790 1785 1769 1771 1803
843.580994 1815 1785 1778 1779 1772 1797
843.601013 1819 1791 1780 1773 1777 1802
843.620972 1817 1780 1780 1766 1773 1798
843.640991 1820 1790 1775 1771 1773 1800
843.661011 1808 1779 1774 1773 1766 1793
843.68103 1829 1787 1781 1783 1773 1801
843.700989 1812 1778 1781 1775 1763 1795
843.721008 1812 1785 1768 1765 1762 1783
843.741028 1814 1779 1774 1766 1768 1795
843.760986 1815 1779 1772 1767 1770 1798
843.781006 1812 1777 1774 1772 1764 1791
843.801025 1821 1790 1770 1768 1775 1796
843.820984 1827 1792 1774 1779 1775 1808
843.841003 1821 1789 1776 1774 1781 1797
843.861023 1810 1777 1778 1767 1768 1796
843.880981 1807 1774 1773 1769 1763 1793
843.901001 1818 1775 1774 1770 1765 1801
843.921021 1815 1781 1778 1765 1770 1791
843.940979 1810 1783 1770 1767 1760 1791
843.960999 1809 1785 1762 1767 1766 1788
843.981018 1816 1783 1772 1770 1777 1792
844.000977 1811 1778 1780 1768 1758 1795
844.020996 1811 1786 1765 1767 1766 1787
844.041016 1812 1793 1773 1769 1765 1797
844.060974 1810 1782 1779 1770 1765 1799
844.080994 1800 1770 1770 1759 1760 1792
844.101013 1810 1780 1779 1778 1773 1789
844.120972 1810 1787 1767 1770 1771 1794
844.140991 1809 1776 1772 1763 1762 1790
844.161011 1808 1782 1770 1764 1767 1790
844.18103 1806 1780 1774 1774 1765 1796
844.200989 1815 1788 1782 1772 1772 1793
844.221008 1802 1781 1769 1767 1762 1790
844.241028 1807 1781 1780 1758 1763 1789
844.260986 1811 1794 1776 1772 1765 1804
844.281006 1811 1779 1769 1769 1768 1798
844.301025 1807 1778 1768 1770 1761 1790
844.320984 1810 1773 1775 1761 1762 1785
844.341003 1813 1786 1776 1774 1772 1796
844.361023 1812 1782 1781 1762 1768 1793
844.380981 1811 1779 1773 1769 1766 1786
844.401001 1809 1782 1772 1763 1757 1796
844.421021 1802 1782 1772 1760 1769 1790
844.440979 1813 1779 1775 1772 1768 1792
844.460999 1803 1785 1770 1761 1763 1793
844.481018 1800 1778 1769 1767 1763 1788
844.500977 1807 1778 1770 1768 1763 1781
844.520996 1800 1779 1771 1765 1752 1792
844.541016 1801 1772 1767 1768 1755 1786
844.559998 1807 1777 1774 1763 1758 1790
844.580017 1799 1775 1763 1765 1749 1786
844.599976 1797 1779 1765 1766 1756 1783
844.619995 1805 1772 1761 1763 1763 1783
844.640015 1803 1766 1758 1759 1757 1784
844.659973 1805 1771 1764 1773 1774 1786
844.679993 1803 1780 1772 1763 1753 1790
844.700012 1803 1772 1764 1761 1758 1782
844.719971 1790 1767 1754 1751 1762 1776
844.73999 1805 1760 1759 1761 1761 1783
844.76001 1802 1770 1770 1764 1759 1787
844.780029 1791 1767 1756 1752 1756 1775
844.799988 1805 1772 1760 1758 1754 1779
844.820007 1802 1775 1757 1766 1756 1777
844.840027 1800 1768 1766 1756 1763 1785
844.859985 1798 1764 1763 1755 1756 1772
844.880005 1801 1774 1762 1752 1761 1776
844.900024 1798 1776 1767 1762 1762 1785
844.919983 1789 1769 1761 1753 1749 1771
844.940002 1791 1768 1763 1749 1748 1775
844.960022 1793 1772 1758 1754 1755 1784
844.97998 1789 1757 1752 1758 1752 1774
845 1794 1768 1757 1753 1752 1775
845.02002 1788 1764 1759 1753 1755 1771
845.039978 1803 1775 1764 1766 1756 1783
845.059998 1797 1770 1771 1756 1759 1784
845.080017 1797 1783 1772 1772 1760 1797
845.099976 1788 1760 1768 1765 1748 1782
845.119995 1799 1768 1763 1758 1756 1780
845.140015 1789 1770 1759 1755 1762 1783
845.159973 1804 1780 1770 1763 1768 1789
845.179993 1791 1762 1752 1762 1751 1773
845.200012 1790 1774 1769 1761 1748 1781
845.219971 1808 1769 1773 1765 1765 1788
845.23999 1797 1774 1760 1750 1754 1776
845.26001 1797 1767 1756 1757 1760 1774
845.280029 1797 1780 1763 1766 1767 1788
845.299011 1807 1773 1760 1763 1765 1786
845.31897 1790 1768 1765 1761 1756 1783
845.338989 1800 1767 1763 1767 1761 1782
845.359009 1807 1772 1769 1763 1760 1784
845.379028 1801 1772 1771 1761 1758 1783
845.398987 1801 1779 1766 1765 1764 1791
845.419006 1802 1775 1765 1768 1771 1786
845.439026 1796 1780 1770 1763 1760 1786
845.458984 1814 1774 1780 1771 1774 1795
845.479004 1801 1778 1776 1759 1759 1793
845.499023 1814 1779 1765 1771 1764 1789
845.518982 1820 1781 1780 1763 1779 1796
845.539001 1822 1784 1775 1770 1770 1801
845.559021 1809 1790 1772 1772 1766 1800
845.578979 1810 1782 1777 1773 1776 1805
845.598999 1808 1775 1778 1772 1772 1803
845.619019 1830 1798 1796 1791 1788 1816
845.638977 1807 1781 1779 1778 1771 1804
845.658997 1809 1792 1784 1770 1770 1794
845.679016 1825 1787 1781 1775 1769 1794
845.698975 1819 1790 1785 1784 1781 1807
845.718994 1818 1793 1778 1776 1778 1807
845.737976 1825 1789 1786 1772 1779 1804
845.757996 1816 1789 1775 1777 1776 1809
845.778015 1816 1778 1778 1774 1770 1797
845.797974 1816 1801 1787 1777 1780 1807
845.817993 1824 1779 1775 1771 1772 1795
845.838013 1803 1788 1770 1781 1773 1804
845.857971 1810 1783 1769 1774 1768 1800
845.877991 1819 1775 1781 1776 1773 1799
845.89801 1818 1794 1775 1778 1776 1799
845.91803 1821 1806 1786 1781 1784 1812
845.937988 1819 1783 1775 1776 1777 1805
845.958008 1819 1787 1790 1776 1782 1807
845.978027 1820 1790 1777 1767 1775 1806
845.997986 1829 1806 1790 1784 1794 1812
846.018005 1813 1785 1777 1777 1774 1801
846.038025 1823 1795 1780 1784 1780 1792
846.057983 1814 1779 1769 1771 1762 1799
846.078003 1811 1778 1780 1771 1768 1798
846.096985 1816 1785 1775 1774 1774 1801
846.117004 1816 1794 1775 1778 1771 1798
846.137024 1817 1783 1765 1773 1778 1794
846.156982 1809 1777 1783 1759 1765 1796
846.177002 1813 1787 1777 1775 1768 1800
846.197021 1812 1775 1775 1765 1768 1795
846.21698 1817 1776 1778 1781 1775 1801
846.237 1814 1781 1777 1767 1774 1799
846.257019 1809 1787 1774 1774 1769 1799
846.276978 1816 1782 1781 1772 1779 1802
846.296997 1814 1789 1776 1774 1760 1792
846.317017 1816 1787 1783 1772 1784 1795
846.336975 1818 1787 1779 1779 1771 1794
846.356995 1825 1787 1777 1772 1775 1803
846.377014 1828 1789 1785 1778 1780 1803
846.395996 1818 1793 1781 1769 1770 1796
846.416016 1812 1782 1776 1765 1769 1793
846.435974 1814 1787 1776 1785 1778 1799
846.455994 1819 1784 1783 1768 1766 1798
846.476013 1816 1785 1783 1776 1780 1801
846.495972 1821 1777 1774 1767 1763 1797
846.515991 1841 1807 1796 1796 1791 1822
846.536011 1814 1781 1769 1779 1765 1789
846.55603 1819 1793 1774 1771 1762 1793
846.575989 1807 1783 1781 1777 1770 1790
846.596008 1822 1780 1774 1771 1766 1797
846.616028 1808 1779 1764 1767 1762 1789
846.63501 1802 1786 1778 1771 1772 1793
846.655029 1791 1773 1776 1765 1759 1788
846.674988 1801 1773 1763 1762 1768 1780
846.695007 1803 1782 1766 1760 1763 1791
846.715027 1791 1778 1764 1758 1754 1781
846.734985 1810 1773 1767 1759 1769 1795
846.755005 1794 1769 1762 1757 1761 1787
846.775024 1808 1773 1776 1763 1767 1784
846.794983 1791 1771 1765 1763 1758 1782
846.815002 1805 1778 1763 1769 1776 1790
846.835022 1805 1781 1780 1764 1765 1792
846.85498 1803 1773 1757 1761 1756 1784
846.875 1805 1782 1775 1771 1779 1797
846.893982 1817 1784 1763 1770 1771 1792
846.914001 1809 1785 1766 1758 1763 1786
846.934021 1804 1765 1760 1763 1758 1792
846.953979 1816 1785 1776 1768 1766 1803
846.973999 1806 1781 1770 1760 1762 1789
846.994019 1813 1788 1767 1771 1764 1795
847.013977 1811 1774 1773 1765 1767 1793
847.033997 1813 1780 1776 1777 1773 1797
847.054016 1812 1776 1766 1767 1769 1792
847.073975 1822 1783 1780 1782 1774 1802
847.093994 1810 1778 1775 1761 1768 1794
847.112976 1812 1780 1771 1769 1764 1788
847.132996 1807 1775 1762 1764 1765 1789
847.153015 1808 1777 1776 1776 1765 1792
847.172974 1823 1777 1777 1769 1771 1800
847.192993 1812 1776 1776 1764 1775 1791
847.213013 1811 1786 1774 1770 1773 1799
847.232971 1806 1779 1773 1772 1768 1792
847.252991 1799 1773 1767 1763 1763 1788
847.27301 1803 1781 1769 1761 1761 1798
847.29303 1813 1786 1774 1771 1765 1795
847.312012 1801 1775 1768 1759 1750 1788
847.33197 1812 1786 1764 1770 1766 1792
847.35199 1809 1774 1765 1764 1764 1790
847.372009 1810 1781 1768 1768 1767 1792
847.392029 1807 1774 1768 1759 1767 1792
847.411987 1789 1762 1758 1764 1753 1782
847.432007 1804 1774 1763 1759 1758 1789
847.452026 1788 1768 1753 1754 1754 1779
847.471985 1788 1770 1768 1763 1758 1787
847.492004 1803 1778 1764 1764 1753 1787
847.510986 1806 1778 1772 1759 1764 1784
847.531006 1809 1776 1773 1769 1768 1792
847.551025 1791 1777 1762 1752 1753 1779
847.570984 1793 1774 1764 1757 1762 1784
847.591003 1793 1781 1767 1751 1755 1776
847.611023 1798 1781 1761 1761 1766 1785
847.630981 1802 1776 1765 1763 1756 1782
847.651001 1789 1764 1759 1754 1754 1774
847.669983 1799 1774 1765 1761 1755 1785
847.690002 1802 1773 1766 1764 1763 1790
847.710022 1802 1772 1768 1763 1757 1782
847.72998 1801 1767 1762 1755 1756 1788
847.75 1805 1776 1759 1760 1755 1792
847.77002 1801 1774 1764 1761 1759 1788
847.789978 1798 1786 1767 1756 1759 1787
847.809998 1806 1779 1772 1757 1751 1788
847.830017 1799 1779 1772 1763 1769 1795
847.848999 1819 1780 1776 1778 1768 1794
847.869019 1810 1779 1767 1769 1765 1790
847.888977 1812 1786 1778 1772 1766 1792
847.908997 1798 1766 1768 1759 1759 1786
847.929016 1799 1773 1763 1762 1767 1788
847.948975 1807 1780 1766 1762 1761 1796
847.968994 1809 1766 1763 1770 1749 1779
847.989014 1807 1774 1769 1759 1768 1791
848.007996 1811 1770 1773 1764 1764 1785
848.028015 1810 1780 1764 1769 1768 1793
848.047974 1819 1781 1778 1774 1773 1797
848.067993 1813 1787 1770 1762 1764 1792
848.088013 1814 1777 1770 1757 1767 1786
848.107971 1813 1785 1768 1766 1764 1796
848.127991 1809 1767 1767 1766 1767 1785
848.14801 1811 1785 1772 1771 1760 1798
848.166992 1809 1783 1780 1772 1770 1795
848.187012 1816 1780 1770 1775 1766 1796
848.20697 1813 1775 1769 1766 1768 1798
848.22699 1807 1784 1777 1767 1775 1795
848.247009 1817 1787 1779 1771 1770 1803
848.267029 1815 1790 1782 1780 1780 1805
848.286987 1818 1784 1784 1770 1773 1795
848.307007 1820 1787 1775 1774 1770 1802
848.325989 1821 1783 1780 1779 1778 1794
848.346008 1826 1796 1786 1773 1781 1814
848.366028 1824 1787 1774 1774 1777 1810
848.385986 1819 1782 1783 1772 1774 1806
848.406006 1811 1785 1773 1768 1769 1801
848.426025 1829 1786 1795 1777 1774 1813
848.445984 1821 1782 1780 1766 1774 1797
848.466003 1827 1799 1781 1779 1776 1799
848.484985 1830 1797 1779 1783 1781 1814
848.505005 1817 1790 1780 1784 1778 1803
848.525024 1829 1794 1779 1778 1780 1808
848.544983 1825 1798 1784 1785 1777 1814
848.565002 1820 1790 1785 1776 1787 1803
848.585022 1822 1804 1781 1781 1779 1802
848.604004 1818 1789 1782 1778 1776 1819
848.624023 1826 1791 1775 1780 1779 1804
848.643982 1828 1791 1780 1775 1778 1813
848.664001 1820 1787 1779 1768 1764 1792
848.684021 1827 1779 1782 1773 1775 1792
848.703979 1830 1791 1785 1790 1781 1810
848.723999 1829 1792 1792 1787 1781 1809
848.742981 1833 1788 1781 1776 1776 1800
848.763 1820 1790 1778 1775 1782 1801
848.78302 1820 1786 1781 1777 1767 1804
848.802979 1820 1782 1781 1775 1779 1800
848.822998 1821 1786 1779 1777 1768 1803
848.843018 1832 1790 1785 1778 1778 1806
848.862976 1822 1781 1785 1772 1772 1803
848.882019 1826 1795 1780 1773 1769 1810
848.901978 1825 1793 1790 1773 1775 1803
848.921997 1823 1786 1786 1773 1778 1808
848.942017 1828 1791 1784 1779 1775 1803
848.961975 1833 1785 1781 1785 1777 1809
848.981995 1822 1791 1769 1768 1769 1799
849.002014 1819 1786 1778 1775 1774 1799
849.020996 1819 1791 1785 1768 1767 1801
849.041016 1824 1791 1778 1775 1770 1796
849.060974 1820 1790 1779 1780 1774 1807
849.080994 1827 1785 1779 1773 1775 1810
849.101013 1827 1801 1791 1781 1780 1817
849.120972 1832 1810 1801 1797 1790 1865
849.140015 1876 1842 1829 1825 1820 1844
849.159973 1871 1833 1823 1814 1818 1851
849.179993 1885 1840 1839 1838 1833 1861
849.200012 1888 1843 1838 1831 1835 1860
849.219971 1889 1843 1849 1839 1839 1869
849.23999 1884 1849 1839 1836 1835 1865
849.258972 1874 1847 1847 1840 1829 1864
849.278992 1870 1838 1834 1816 1819 1854
849.299011 1886 1846 1841 1841 1827 1856
849.31897 1872 1848 1840 1827 1835 1865
849.338989 1872 1842 1829 1828 1834 1859
849.359009 1867 1844 1841 1827 1833 1857
849.377991 1886 1839 1826 1831 1823 1857
849.39801 1877 1846 1836 1838 1840 1872
849.41803 1887 1841 1843 1825 1827 1855
849.437988 1876 1844 1840 1831 1837 1862
849.458008 1877 1830 1830 1828 1836 1862
849.478027 1860 1836 1829 1830 1827 1848
849.497009 1866 1842 1826 1825 1822 1855
849.517029 1869 1843 1826 1831 1825 1857
849.536987 1878 1843 1831 1827 1828 1857
849.557007 1881 1838 1833 1825 1823 1854
849.577026 1898 1833 1831 1819 1830 1849
849.596985 1871 1836 1824 1823 1824 1847
849.616028 1874 1838 1839 1827 1822 1856
849.635986 1873 1834 1828 1824 1828 1846
849.656006 1862 1843 1830 1815 1819 1849
849.676025 1880 1849 1830 1828 1826 1854
849.695984 1877 1839 1830 1828 1820 1851
849.716003 1876 1844 1828 1827 1824 1855
849.734985 1881 1837 1829 1829 1828 1852
849.755005 1867 1842 1832 1826 1814 1853
849.775024 1871 1843 1834 1826 1823 1846
849.794983 1861 1821 1817 1816 1811 1841
849.815002 1838 1805 1799 1788 1785 1822
849.833984 1820 1785 1791 1782 1779 1802
849.854004 1822 1798 1787 1778 1769 1811
849.874023 1824 1777 1772 1773 1763 1800
849.893982 1820 1786 1776 1770 1781 1800
849.914001 1811 1784 1768 1768 1771 1798
849.934021 1817 1786 1771 1769 1770 1800
849.953003 1823 1773 1775 1775 1778 1798
849.973022 1812 1790 1776 1768 1772 1795
849.992981 1826 1796 1783 1779 1781 1807
850.013 1813 1793 1777 1775 1774 1796
850.03302 1819 1791 1774 1772 1773 1809
850.052002 1816 1790 1780 1776 1770 1812
850.072021 1823 1789 1779 1774 1772 1807
850.09198 1829 1788 1781 1781 1778 1814
850.112 1821 1788 1772 1769 1770 1797
850.132019 1823 1784 1773 1769 1772 1806
850.151001 1840 1789 1788 1791 1786 1820
850.171021 1828 1800 1783 1787 1784 1811
850.190979 1825 1790 1781 1783 1781 1807
850.210999 1828 1803 1785 1779 1776 1799
850.231018 1833 1793 1782 1784 1786 1814
850.250977 1830 1803 1788 1785 1776 1815
850.27002 1829 1804 1792 1777 1781 1818
850.289978 1828 1803 1785 1783 1783 1812
850.309998 1821 1785 1782 1770 1775 1810
850.330017 1830 1789 1780 1788 1782 1815
850.349976 1836 1800 1785 1780 1783 1812
850.369019 1830 1791 1782 1773 1765 1816
850.388977 1826 1797 1780 1787 1781 1808
850.408997 1829 1804 1786 1780 1781 1810
850.429016 1827 1791 1776 1772 1773 1806
850.448975 1819 1789 1780 1773 1775 1806
850.468018 1833 1787 1788 1785 1792 1815
850.487976 1813 1789 1780 1774 1779 1804
850.507996 1834 1797 1785 1782 1779 1813
850.528015 1825 1800 1797 1776 1785 1817
850.547974 1824 1775 1768 1773 1778 1806
850.567017 1830 1784 1777 1774 1773 1800
850.586975 1820 1790 1774 1775 1779 1810
850.606995 1838 1800 1783 1780 1781 1819
850.627014 1822 1787 1777 1775 1775 1803
850.645996 1822 1793 1774 1771 1775 1800
850.666016 1829 1797 1785 1775 1784 1822
850.685974 1812 1793 1774 1779 1770 1799
850.705994 1819 1794 1774 1772 1771 1791
850.726013 1816 1785 1782 1779 1772 1803
850.744995 1820 1792 1781 1774 1775 1805
850.765015 1820 1785 1776 1768 1768 1803
850.784973 1821 1786 1783 1770 1780 1808
850.804993 1820 1786 1773 1774 1770 1808
850.825012 1821 1785 1784 1775 1773 1800
850.843994 1826 1791 1789 1784 1778 1810
850.864014 1821 1795 1785 1774 1781 1808
850.883972 1830 1792 1785 1773 1779 1806
850.903992 1829 1788 1781 1781 1781 1815
850.924011 1818 1793 1786 1778 1772 1805
850.942993 1834 1797 1786 1783 1782 1811
850.963013 1831 1794 1779 1776 1780 1819
850.982971 1831 1795 1789 1776 1780 1817
851.002991 1834 1798 1787 1784 1787 1815
851.021973 1824 1793 1778 1784 1780 1808
851.041992 1821 1793 1787 1772 1776 1807
851.062012 1826 1788 1785 1781 1780 1813
851.08197 1825 1791 1784 1777 1783 1811
851.10199 1829 1799 1777 1781 1780 1808
851.120972 1815 1788 1776 1783 1779 1802
851.140991 1829 1785 1782 1781 1781 1813
851.161011 1833 1791 1785 1778 1777 1815
851.18103 1828 1794 1785 1789 1782 1807
851.200012 1823 1791 1791 1782 1777 1808
851.219971 1831 1786 1775 1783 1783 1808
851.23999 1819 1787 1776 1769 1767 1812
851.26001 1819 1781 1778 1776 1772 1800
851.280029 1818 1786 1775 1773 1775 1803
851.299011 1821 1792 1771 1764 1773 1801
851.31897 1829 1793 1792 1774 1784 1812
851.338989 1817 1789 1773 1775 1777 1807
851.359009 1829 1795 1777 1767 1777 1801
851.377991 1815 1787 1785 1777 1774 1812
851.39801 1825 1786 1780 1785 1772 1810
851.41803 1822 1787 1781 1775 1773 1807
851.437988 1816 1792 1790 1777 1777 1808
851.45697 1826 1795 1777 1777 1779 1811
851.47699 1816 1790 1773 1766 1774 1802
851.497009 1810 1781 1776 1776 1767 1805
851.517029 1823 1784 1784 1771 1777 1806
851.536011 1812 1779 1771 1764 1765 1796
851.55603 1818 1789 1777 1779 1772 1807
851.575989 1816 1779 1773 1764 1766 1797
851.596008 1821 1783 1780 1766 1774 1805
851.616028 1809 1780 1769 1769 1764 1796
851.63501 1811 1787 1771 1764 1770 1797
851.655029 1814 1777 1771 1778 1767 1798
851.674988 1810 1775 1765 1765 1759 1789
851.695007 1813 1777 1763 1773 1764 1795
851.713989 1803 1780 1770 1768 1760 1798
851.734009 1815 1774 1776 1770 1764 1793
851.754028 1803 1777 1770 1765 1761 1800
851.773987 1814 1772 1766 1773 1764 1795
851.79303 1816 1776 1766 1764 1767 1800
851.812988 1798 1782 1769 1766 1763 1797
851.833008 1810 1771 1770 1762 1758 1799
851.853027 1808 1771 1769 1767 1762 1798
851.872009 1809 1781 1768 1767 1770 1802
851.892029 1804 1774 1769 1763 1770 1799
851.911987 1817 1790 1779 1769 1772 1814
851.932007 1815 1778 1774 1771 1764 1799
851.950989 1816 1782 1768 1768 1771 1801
851.971008 1810 1776 1770 1772 1774 1793
851.991028 1816 1790 1779 1773 1776 1807
852.010986 1810 1786 1773 1769 1772 1796
852.030029 1804 1788 1775 1767 1765 1804
852.049988 1809 1773 1770 1765 1768 1793
852.070007 1803 1770 1772 1764 1764 1793
852.090027 1819 1781 1769 1774 1768 1802
852.109009 1819 1793 1773 1770 1778 1805
852.129028 1806 1773 1762 1763 1758 1794
852.148987 1814 1782 1773 1771 1761 1801
852.169006 1813 1780 1767 1765 1768 1802
852.187988 1811 1782 1765 1767 1771 1796
852.208008 1822 1786 1775 1773 1781 1803
852.228027 1813 1780 1770 1771 1780 1803
852.247986 1819 1778 1770 1780 1762 1794
852.267029 1821 1781 1772 1767 1775 1801
852.286987 1815 1790 1772 1765 1775 1793
852.307007 1823 1789 1771 1785 1777 1807
852.327026 1817 1784 1771 1763 1767 1801
852.346008 1822 1779 1768 1761 1763 1785
852.366028 1815 1786 1773 1774 1767 1804
852.385986 1821 1790 1768 1777 1769 1798
852.406006 1818 1781 1777 1770 1772 1803
852.424988 1812 1784 1775 1773 1773 1804
852.445007 1822 1788 1778 1778 1776 1801
852.465027 1815 1790 1776 1772 1764 1802
852.484009 1819 1777 1782 1770 1779 1809
852.504028 1821 1790 1774 1775 1782 1809
852.523987 1806 1785 1776 1768 1766 1805
852.544006 1829 1795 1768 1777 1776 1819
852.562988 1811 1789 1787 1766 1777 1804
852.583008 1819 1789 1773 1771 1765 1801
852.603027 1821 1784 1771 1779 1769 1801
852.622986 1814 1787 1776 1772 1772 1804
852.642029 1812 1785 1776 1781 1769 1809
852.661987 1820 1790 1779 1779 1775 1809
852.682007 1820 1782 1777 1777 1776 1806
852.700989 1812 1787 1778 1770 1776 1808
852.721008 1817 1790 1770 1777 1765 1807
852.741028 1813 1788 1785 1777 1761 1803
852.760986 1820 1776 1773 1784 1772 1798
852.780029 1814 1781 1774 1773 1778 1800
852.799988 1808 1781 1768 1769 1787 1806
852.820007 1826 1784 1775 1775 1784 1805
852.840027 1831 1787 1782 1774 1776 1804
852.859009 1817 1780 1772 1778 1775 1796
852.879028 1819 1787 1774 1775 1773 1793
852.898987 1821 1796 1780 1774 1777 1817
852.91803 1823 1791 1766 1774 1772 1808
852.937988 1824 1787 1777 1778 1770 1802
852.958008 1815 1787 1776 1768 1764 1805
852.978027 1812 1782 1773 1765 1764 1800
852.997009 1827 1787 1782 1779 1774 1811
853.017029 1809 1781 1771 1757 1761 1788
853.036987 1822 1788 1784 1773 1774 1810
853.05603 1813 1777 1768 1768 1764 1799
853.075989 1824 1791 1773 1768 1778 1804
853.096008 1822 1789 1775 1770 1774 1808
853.116028 1807 1784 1775 1780 1775 1798
853.13501 1807 1787 1782 1780 1770 1801
853.155029 1838 1794 1793 1790 1790 1821
853.174988 1822 1781 1776 1779 1772 1811
853.19397 1815 1790 1773 1772 1773 1809
853.213989 1826 1788 1774 1778 1781 1807
853.234009 1817 1788 1782 1776 1773 1798
853.254028 1820 1793 1771 1780 1764 1798
853.27301 1818 1783 1774 1777 1762 1805
853.29303 1817 1785 1774 1772 1777 1801
853.312988 1827 1783 1787 1769 1769 1805
853.33197 1818 1789 1777 1777 1771 1812
853.35199 1814 1786 1774 1769 1777 1805
853.372009 1820 1782 1776 1775 1785 1808
853.390991 1824 1787 1776 1771 1769 1803
853.411011 1820 1788 1774 1770 1773 1810
853.43103 1815 1785 1774 1773 1777 1798
853.450989 1809 1784 1777 1765 1774 1811
853.469971 1821 1782 1780 1780 1775 1821
853.48999 1830 1788 1789 1777 1777 1821
853.51001 1816 1788 1773 1768 1774 1812
853.528992 1820 1781 1776 1765 1762 1795
853.549011 1818 1782 1778 1772 1784 1813
853.56897 1817 1785 1777 1783 1780 1805
853.588989 1805 1782 1773 1773 1771 1802
853.607971 1822 1789 1784 1774 1767 1811
853.627991 1819 1784 1777 1773 1775 1808
853.64801 1806 1792 1780 1780 1768 1800
853.666992 1823 1792 1772 1774 1774 1806
853.687012 1815 1783 1777 1769 1767 1796
853.70697 1824 1786 1783 1776 1776 1802
853.726013 1814 1789 1775 1772 1775 1803
853.745972 1810 1779 1772 1773 1765 1805
853.765991 1819 1778 1773 1769 1770 1792
853.784973 1816 1787 1774 1771 1762 1792
853.804993 1823 1789 1782 1781 1777 1806
853.825012 1822 1780 1765 1761 1772 1806
853.844971 1819 1786 1770 1762 1772 1804
853.864014 1815 1796 1782 1769 1775 1807
853.883972 1825 1781 1784 1773 1775 1812
853.903992 1834 1789 1788 1775 1779 1812
853.922974 1822 1801 1781 1781 1775 1814
853.942993 1829 1791 1770 1766 1770 1816
853.963013 1832 1804 1789 1785 1780 1816
853.981995 1827 1797 1781 1780 1782 1820
854.002014 1829 1786 1787 1780 1789 1812
854.021973 1831 1791 1777 1781 1776 1812
854.041016 1833 1799 1788 1783 1789 1818
854.060974 1831 1793 1790 1793 1787 1818
854.080994 1831 1788 1786 1787 1788 1814
854.099976 1831 1791 1782 1787 1786 1814
854.119995 1837 1791 1794 1789 1792 1816
854.140015 1844 1813 1793 1798 1785 1828
854.158997 1825 1795 1780 1777 1778 1820
854.179016 1846 1796 1795 1787 1792 1822
854.198975 1845 1808 1796 1791 1788 1829
854.218994 1827 1798 1786 1783 1788 1827
854.237976 1838 1800 1790 1789 1785 1822
854.257996 1837 1802 1786 1787 1794 1824
854.278015 1832 1797 1785 1780 1782 1822
854.296997 1827 1794 1791 1783 1790 1819
854.317017 1828 1796 1789 1781 1788 1817
854.336975 1828 1794 1785 1780 1784 1820
854.356018 1826 1786 1788 1779 1770 1813
854.375977 1832 1797 1788 1779 1784 1812
854.395996 1827 1793 1778 1777 1777 1812
854.414978 1825 1788 1780 1784 1780 1811
854.434998 1827 1795 1778 1780 1780 1812
854.455017 1837 1795 1777 1775 1789 1813
854.473999 1830 1790 1781 1772 1775 1816
854.494019 1809 1788 1777 1771 1774 1810
854.513977 1815 1799 1784 1770 1782 1815
854.53302 1819 1784 1776 1765 1778 1808
854.552979 1821 1789 1785 1776 1773 1806
854.572998 1831 1797 1775 1779 1780 1815
854.59198 1821 1791 1771 1773 1769 1810
854.612 1817 1783 1776 1782 1769 1808
854.632019 1821 1786 1782 1780 1774 1801
854.651001 1818 1783 1781 1777 1777 1807
854.671021 1818 1789 1781 1770 1775 1804
854.690979 1816 1781 1771 1770 1770 1795
854.710022 1816 1796 1780 1774 1777 1809
854.72998 1828 1786 1772 1773 1772 1807
854.75 1814 1780 1762 1767 1764 1807
854.768982 1808 1790 1771 1765 1762 1800
854.789001 1825 1799 1778 1769 1779 1807
854.807983 1821 1783 1777 1771 1786 1804
854.828003 1832 1788 1777 1773 1781 1810
854.848022 1820 1780 1769 1768 1765 1797
854.867004 1819 1783 1777 1767 1777 1809
854.887024 1819 1796 1779 1779 1768 1810
854.906982 1823 1784 1777 1775 1772 1812
854.926025 1829 1794 1789 1780 1787 1816
854.945984 1826 1788 1777 1777 1772 1819
854.966003 1822 1791 1773 1777 1779 1804
854.984985 1827 1787 1781 1776 1773 1815
855.005005 1821 1787 1776 1772 1772 1805
855.025024 1820 1792 1779 1781 1764 1802
855.044006 1812 1791 1777 1774 1776 1812
855.064026 1824 1787 1789 1770 1775 1809
855.083984 1812 1782 1782 1777 1779 1807
855.103027 1823 1793 1775 1778 1773 1811
855.122986 1828 1784 1774 1770 1767 1805
855.143005 1831 1794 1784 1767 1772 1806
855.161987 1824 1787 1771 1775 1771 1804
855.182007 1823 1785 1780 1773 1775 1805
855.200989 1815 1790 1786 1770 1779 1815
855.221008 1821 1788 1773 1773 1772 1801
855.241028 1821 1778 1777 1772 1776 1795
855.26001 1822 1801 1780 1772 1777 1813
855.280029 1826 1794 1786 1776 1771 1815
855.299988 1814 1790 1780 1774 1779 1808
855.31897 1826 1786 1781 1777 1778 1815
855.338989 1827 1794 1781 1771 1773 1814
855.359009 1819 1789 1788 1769 1772 1817
855.377991 1834 1804 1788 1791 1788 1827
855.39801 1821 1788 1779 1775 1767 1812
855.41803 1833 1789 1787 1776 1777 1815
855.437012 1826 1785 1777 1778 1780 1804
855.45697 1834 1792 1778 1788 1768 1803
855.476013 1823 1791 1778 1778 1772 1811
855.495972 1821 1787 1786 1767 1775 1812
855.515991 1833 1793 1781 1780 1789 1817
855.534973 1826 1794 1779 1773 1775 1806
855.554993 1815 1785 1765 1775 1768 1807
855.575012 1825 1800 1784 1787 1784 1814
855.593994 1817 1783 1777 1774 1770 1804
855.614014 1831 1795 1779 1781 1784 1808
855.633972 1822 1781 1765 1769 1763 1803
855.653015 1830 1796 1783 1783 1791 1815
855.672974 1829 1792 1772 1774 1781 1813
855.692017 1827 1787 1773 1769 1772 1803
855.711975 1825 1792 1777 1780 1775 1810
855.731995 1824 1795 1777 1776 1780 1808
855.750977 1821 1788 1785 1781 1776 1808
855.770996 1820 1785 1786 1770 1776 1816
855.791016 1830 1788 1779 1782 1777 1815
855.809998 1820 1786 1771 1774 1769 1807
855.830017 1832 1794 1786 1778 1779 1813
855.848999 1826 1787 1778 1768 1769 1811
855.869019 1820 1786 1780 1769 1777 1811
855.888977 1823 1786 1780 1783 1767 1816
855.90802 1830 1788 1779 1777 1774 1806
855.927979 1826 1790 1781 1779 1784 1817
855.947998 1828 1795 1787 1789 1782 1813
855.96698 1826 1793 1786 1780 1771 1808
855.987 1826 1803 1780 1778 1777 1824
856.005981 1836 1795 1782 1778 1776 1820
856.026001 1822 1777 1783 1776 1782 1812
856.046021 1825 1795 1794 1787 1786 1821
856.065002 1829 1794 1792 1782 1785 1809
856.085022 1833 1805 1785 1787 1782 1819
856.104004 1828 1789 1781 1776 1772 1819
856.124023 1831 1796 1786 1781 1778 1821
856.143982 1833 1796 1784 1782 1783 1815
856.163025 1819 1789 1780 1770 1768 1807
856.182983 1847 1799 1780 1795 1789 1823
856.203003 1827 1785 1782 1774 1781 1808
856.221985 1816 1791 1783 1779 1772 1816
856.242004 1827 1788 1781 1766 1773 1807
856.260986 1825 1794 1784 1778 1784 1813
856.281006 1824 1787 1784 1774 1776 1807
856.301025 1836 1796 1783 1780 1774 1811
856.320007 1829 1794 1787 1777 1779 1813
856.340027 1825 1789 1785 1776 1778 1808
856.359009 1836 1803 1784 1776 1780 1822
856.379028 1826 1784 1784 1781 1778 1809
856.398987 1843 1803 1781 1781 1779 1827
856.41803 1823 1779 1777 1775 1768 1804
856.437988 1828 1802 1784 1779 1784 1813
856.45697 1825 1788 1777 1774 1776 1811
856.47699 1824 1798 1781 1774 1775 1809
856.497009 1825 1787 1778 1782 1784 1816
856.515991 1826 1789 1780 1773 1777 1807
856.536011 1826 1787 1770 1784 1778 1811
856.554993 1814 1790 1767 1776 1775 1813
856.575012 1818 1785 1783 1778 1773 1803
856.594971 1817 1787 1773 1774 1776 1802
856.614014 1815 1772 1776 1773 1766 1803
856.633972 1815 1781 1777 1771 1768 1804
856.653015 1827 1793 1776 1776 1784 1817
856.672974 1825 1793 1777 1773 1772 1815
856.692993 1818 1787 1776 1778 1772 1807
856.711975 1812 1782 1776 1771 1770 1807
856.731995 1825 1789 1774 1774 1777 1814
856.750977 1820 1788 1778 1773 1777 1813
856.770996 1814 1791 1768 1770 1772 1807
856.791016 1812 1781 1779 1767 1766 1802
856.809998 1820 1782 1768 1767 1767 1799
856.830017 1826 1787 1770 1772 1777 1809
856.848999 1830 1786 1774 1776 1773 1806
856.869019 1815 1788 1780 1771 1775 1808
856.888 1819 1778 1777 1769 1772 1812
856.90802 1819 1785 1778 1767 1775 1813
856.927979 1820 1787 1782 1773 1778 1813
856.947021 1828 1785 1775 1775 1772 1813
856.96698 1832 1792 1777 1788 1781 1815
856.986023 1833 1804 1783 1785 1791 1821
857.005981 1832 1796 1785 1785 1780 1805
857.026001 1835 1805 1786 1785 1782 1826
857.044983 1820 1790 1771 1771 1770 1813
857.065002 1821 1776 1779 1768 1776 1821
857.083984 1826 1780 1772 1780 1783 1814
857.104004 1828 1781 1786 1770 1777 1814
857.122986 1815 1788 1770 1765 1768 1801
857.143005 1821 1791 1779 1776 1778 1814
857.163025 1819 1783 1769 1770 1774 1810
857.182007 1815 1796 1779 1776 1775 1803
857.202026 1819 1781 1770 1770 1775 1808
857.221008 1826 1790 1774 1781 1773 1810
857.241028 1835 1788 1796 1784 1784 1814
857.260986 1839 1813 1792 1792 1797 1832
857.280029 1832 1797 1780 1773 1773 1805
857.299988 1825 1793 1780 1768 1772 1813
857.31897 1822 1790 1773 1773 1780 1817
857.338989 1830 1807 1778 1794 1791 1820
857.357971 1828 1788 1780 1779 1778 1808
857.377991 1819 1785 1778 1771 1770 1814
857.39801 1828 1797 1776 1786 1771 1819
857.416992 1826 1790 1783 1762 1772 1812
857.437012 1829 1793 1780 1773 1777 1808
857.455994 1820 1780 1779 1764 1768 1806
857.476013 1822 1784 1774 1768 1780 1818
857.494995 1831 1790 1791 1777 1790 1817
857.515015 1826 1786 1773 1767 1773 1813
857.534973 1819 1798 1776 1776 1784 1806
857.554016 1827 1788 1775 1773 1783 1810
857.573975 1816 1793 1774 1771 1770 1809
857.593018 1817 1788 1783 1775 1784 1812
857.612976 1817 1791 1772 1774 1774 1806
857.632019 1820 1786 1774 1773 1774 1811
857.651978 1821 1789 1781 1781 1776 1808
857.671997 1824 1787 1779 1781 1779 1814
857.690979 1818 1793 1776 1774 1777 1819
857.710999 1830 1788 1780 1771 1780 1820
857.72998 1832 1788 1779 1771 1775 1815
857.75 1812 1779 1766 1773 1768 1809
857.768982 1823 1793 1777 1768 1774 1810
857.789001 1822 1779 1773 1772 1783 1820
857.807983 1821 1796 1778 1785 1782 1813
857.828003 1830 1793 1781 1785 1771 1819
857.848022 1822 1790 1774 1780 1775 1811
857.867004 1821 1788 1778 1774 1784 1822
857.887024 1830 1797 1782 1770 1774 1818
857.906006 1816 1785 1777 1774 1775 1804
857.926025 1822 1790 1785 1773 1774 1816
857.945007 1828 1786 1779 1783 1777 1816
857.965027 1824 1792 1782 1771 1772 1814
857.984009 1815 1789 1772 1775 1774 1813
858.004028 1832 1787 1782 1775 1789 1814
858.02301 1826 1796 1779 1778 1778 1822
858.04303 1820 1794 1786 1777 1784 1822
858.062988 1827 1789 1782 1784 1780 1818
858.08197 1833 1798 1781 1782 1792 1822
858.10199 1834 1795 1779 1782 1777 1824
858.120972 1816 1793 1791 1778 1774 1816
858.140991 1824 1807 1787 1784 1780 1826
858.159973 1831 1798 1789 1783 1780 1811
858.179993 1820 1793 1784 1787 1774 1814
858.198975 1828 1795 1778 1776 1777 1816
858.218994 1834 1790 1781 1782 1784 1813
858.239014 1829 1799 1784 1774 1779 1816
858.257996 1823 1784 1780 1769 1777 1816
858.278015 1829 1786 1785 1765 1767 1822
858.296997 1813 1795 1778 1774 1770 1809
858.317017 1822 1788 1777 1770 1776 1806
858.335999 1818 1780 1777 1766 1766 1810
858.356018 1825 1782 1771 1776 1775 1809
858.375 1819 1788 1777 1775 1775 1806
858.39502 1824 1785 1771 1775 1775 1806
858.414001 1824 1791 1779 1787 1778 1815
858.434021 1814 1781 1779 1774 1781 1817
858.453003 1830 1788 1777 1778 1779 1821
858.473022 1820 1787 1776 1767 1768 1806
858.492004 1824 1786 1770 1761 1779 1813
858.512024 1815 1791 1781 1768 1762 1806
858.531982 1824 1786 1772 1771 1778 1815
858.551025 1819 1784 1775 1763 1775 1803
858.570984 1826 1791 1778 1783 1774 1810
858.590027 1824 1789 1769 1774 1771 1815
858.609985 1814 1786 1778 1773 1772 1812
858.629028 1836 1806 1793 1787 1779 1819
858.648987 1826 1794 1781 1779 1785 1819
858.66803 1827 1791 1791 1778 1785 1817
858.687988 1828 1792 1779 1783 1777 1828
858.70697 1820 1797 1779 1775 1788 1819
858.72699 1838 1795 1792 1798 1785 1821
858.745972 1833 1799 1789 1788 1783 1823
858.765991 1836 1800 1795 1782 1786 1828
858.784973 1841 1810 1802 1796 1798 1838
858.804993 1836 1812 1790 1789 1795 1824
858.823975 1854 1807 1809 1802 1806 1837
858.843994 1841 1801 1798 1789 1794 1834
858.864014 1846 1811 1796 1798 1796 1834
858.882996 1830 1801 1789 1788 1797 1831
858.903015 1834 1808 1788 1801 1792 1836
858.921997 1839 1817 1799 1790 1797 1830
858.942017 1833 1806 1796 1790 1782 1819
858.960999 1837 1800 1798 1795 1801 1835
858.981018 1845 1809 1799 1785 1791 1831
859 1837 1798 1794 1788 1788 1824
859.02002 1837 1810 1794 1787 1795 1835
859.039001 1834 1804 1791 1787 1796 1839
859.059021 1841 1804 1803 1798 1796 1820
859.078003 1842 1811 1796 1791 1795 1831
859.098022 1839 1801 1788 1801 1790 1833
859.117004 1842 1798 1795 1791 1786 1826
859.137024 1833 1802 1789 1779 1790 1826
859.156006 1828 1801 1793 1790 1792 1823
859.176025 1833 1802 1795 1783 1789 1825
859.195007 1832 1796 1786 1786 1791 1825
859.215027 1829 1802 1795 1787 1779 1817
859.234009 1835 1801 1793 1784 1794 1827
859.254028 1835 1805 1797 1785 1789 1833
859.27301 1847 1805 1791 1790 1798 1828
859.29303 1840 1801 1799 1791 1786 1823
859.312012 1835 1805 1793 1791 1789 1825
859.33197 1839 1816 1796 1790 1798 1838
859.351013 1826 1799 1790 1794 1787 1827
859.370972 1838 1797 1795 1784 1787 1827
859.390015 1838 1795 1786 1796 1787 1834
859.409973 1827 1791 1784 1819 1784 1819
859.429016 1823 1781 1780 1771 1777 1812
859.448975 1824 1788 1782 1774 1782 1824
859.468018 1831 1795 1783 1777 1782 1819
859.487976 1824 1798 1784 1789 1785 1821
859.507019 1822 1793 1794 1782 1784 1820
859.526978 1829 1794 1790 1782 1783 1829
859.546021 1824 1801 1782 1782 1785 1824
859.565979 1825 1792 1783 1783 1779 1818
859.585022 1829 1789 1792 1784 1780 1827
859.60498 1831 1795 1787 1780 1785 1826
859.624023 1835 1796 1785 1783 1780 1815
859.643982 1826 1802 1785 1787 1781 1825
859.663025 1822 1791 1782 1784 1788 1813
859.682983 1830 1806 1796 1785 1783 1828
859.702026 1850 1809 1811 1800 1806 1837
859.721985 1828 1808 1780 1785 1792 1820
859.741028 1837 1804 1793 1793 1791 1832
859.760986 1824 1799 1798 1782 1796 1816
859.780029 1831 1796 1787 1785 1784 1815
859.799988 1829 1797 1785 1785 1783 1823
859.81897 1824 1795 1785 1785 1782 1809
859.838989 1824 1791 1780 1781 1781 1825
859.857971 1832 1794 1781 1789 1782 1826
859.877991 1829 1794 1782 1780 1784 1822
859.896973 1834 1790 1774 1782 1776 1821
859.916992 1818 1777 1777 1777 1776 1814
859.935974 1827 1784 1782 1776 1778 1820
859.955994 1829 1787 1785 1773 1780 1817
859.974976 1828 1792 1787 1785 1792 1813
859.994995 1829 1793 1790 1773 1786 1823
860.013977 1830 1789 1784 1778 1782 1805
860.033997 1826 1798 1786 1792 1782 1815
860.052979 1823 1791 1788 1790 1784 1834
860.072998 1824 1789 1778 1776 1775 1815
860.09198 1815 1791 1784 1775 1779 1815
860.112 1828 1791 1780 1777 1781 1806
860.130981 1830 1788 1782 1787 1787 1815
860.151001 1823 1783 1782 1772 1781 1817
860.169983 1814 1781 1779 1776 1780 1824
860.189026 1825 1795 1793 1780 1777 1824
860.208984 1828 1788 1784 1773 1779 1820
860.228027 1835 1796 1773 1789 1785 1819
860.247986 1825 1786 1780 1770 1782 1816
860.267029 1818 1787 1782 1772 1782 1810
860.286987 1819 1778 1778 1773 1773 1813
860.30603 1823 1791 1781 1771 1781 1809
860.325989 1828 1779 1770 1766 1776 1810
860.344971 1820 1790 1780 1774 1776 1809
860.36499 1824 1790 1776 1780 1780 1819
860.383972 1824 1790 1782 1785 1778 1805
860.403992 1828 1790 1781 1774 1782 1817
860.422974 1819 1792 1783 1779 1776 1820
860.442993 1826 1785 1778 1777 1776 1822
860.461975 1816 1783 1781 1771 1778 1823
860.481995 1819 1787 1774 1773 1781 1814
860.500977 1825 1792 1776 1785 1777 1812
860.520996 1826 1792 1774 1776 1771 1817
860.539978 1820 1791 1781 1777 1774 1812
860.559021 1817 1783 1784 1782 1785 1825
860.578979 1823 1784 1779 1768 1774 1821
860.598022 1825 1789 1779 1777 1777 1817
860.617981 1817 1791 1779 1777 1772 1823
860.637024 1821 1790 1778 1782 1784 1816
860.656982 1819 1785 1779 1775 1775 1816
860.676025 1813 1784 1775 1772 1775 1819
860.695984 1831 1791 1774 1772 1773 1815
860.715027 1816 1791 1769 1777 1778 1819
860.734985 1824 1787 1781 1777 1780 1818
860.754028 1815 1786 1777 1777 1783 1806
860.77301 1827 1784 1784 1779 1773 1814
