10 8 6 4 2 0
828.851013 1732 1715 1721 1717 1705 1717
828.870972 1729 1726 1722 1712 1707 1717
828.890991 1719 1720 1714 1721 1709 1716
828.911987 1732 1713 1712 1718 1714 1711
828.932007 1716 1709 1719 1707 1702 1707
828.953003 1719 1718 1715 1715 1708 1717
828.973022 1727 1717 1727 1712 1716 1718
828.994019 1717 1713 1699 1711 1698 1702
829.013977 1712 1705 1710 1713 1699 1693
829.034973 1716 1713 1708 1711 1709 1714
829.054993 1715 1710 1704 1695 1694 1701
829.075012 1718 1711 1706 1705 1699 1699
829.096008 1714 1705 1708 1710 1703 1691
829.116028 1713 1713 1700 1705 1693 1706
829.137024 1715 1706 1706 1694 1701 1696
829.156982 1715 1711 1708 1700 1691 1695
829.177979 1706 1709 1702 1700 1691 1697
829.197998 1713 1713 1707 1706 1702 1706
829.218994 1704 1698 1698 1695 1685 1695
829.239014 1717 1713 1702 1707 1702 1705
829.258972 1718 1704 1710 1699 1687 1692
829.280029 1718 1713 1713 1703 1692 1700
829.299988 1708 1698 1700 1699 1689 1696
829.320984 1700 1700 1694 1692 1691 1699
829.341003 1709 1702 1693 1695 1686 1688
829.362 1703 1706 1702 1702 1691 1699
829.382019 1711 1701 1696 1694 1691 1688
829.401978 1712 1705 1700 1698 1693 1700
829.422974 1706 1702 1700 1696 1688 1694
829.442993 1711 1708 1705 1696 1696 1698
829.463989 1702 1700 1705 1704 1693 1692
829.484009 1707 1703 1694 1696 1690 1695
829.505005 1706 1700 1701 1698 1687 1700
829.525024 1709 1707 1700 1709 1699 1697
829.544983 1710 1699 1702 1701 1690 1701
829.565979 1714 1704 1704 1704 1691 1693
829.585999 1723 1709 1715 1709 1706 1707
829.606995 1727 1719 1714 1713 1708 1715
829.627014 1723 1716 1711 1713 1711 1711
829.64801 1713 1716 1708 1709 1700 1708
829.66803 1724 1718 1718 1704 1706 1717
829.687988 1719 1722 1719 1720 1710 1723
829.708984 1723 1723 1720 1714 1717 1714
829.729004 1724 1723 1715 1721 1712 1710
829.75 1722 1722 1714 1710 1713 1706
829.77002 1721 1720 1719 1714 1702 1705
829.791016 1729 1716 1717 1710 1710 1714
829.810974 1735 1726 1713 1720 1704 1711
829.830994 1724 1725 1718 1725 1705 1710
829.85199 1734 1729 1718 1715 1706 1710
829.872009 1731 1725 1727 1715 1706 1713
829.893005 1727 1721 1717 1713 1712 1716
829.913025 1736 1721 1727 1728 1720 1725
829.932983 1725 1728 1723 1719 1710 1721
829.953979 1733 1726 1718 1723 1712 1714
829.973999 1731 1730 1711 1728 1711 1711
829.994995 1731 1732 1728 1722 1711 1715
830.015015 1734 1732 1728 1726 1718 1725
830.036011 1737 1731 1729 1720 1717 1725
830.05603 1726 1725 1726 1727 1717 1726
830.075989 1738 1728 1727 1716 1717 1720
830.096985 1736 1734 1730 1723 1722 1726
830.117004 1741 1728 1741 1733 1729 1731
830.138 1741 1740 1737 1741 1734 1732
830.15802 1744 1741 1737 1732 1728 1732
830.177979 1757 1742 1732 1739 1732 1741
830.198975 1752 1735 1732 1727 1731 1735
830.218994 1751 1738 1740 1739 1731 1729
830.23999 1740 1730 1729 1726 1724 1722
830.26001 1747 1736 1732 1740 1723 1733
830.280029 1726 1726 1719 1711 1710 1717
830.301025 1738 1731 1726 1722 1718 1721
830.320984 1733 1722 1725 1716 1711 1715
830.34198 1733 1728 1725 1713 1706 1717
830.362 1728 1720 1722 1710 1710 1706
830.382996 1725 1726 1718 1718 1714 1721
830.403015 1730 1721 1721 1715 1713 1718
830.422974 1733 1722 1714 1712 1707 1708
830.44397 1734 1726 1720 1717 1715 1718
830.463989 1729 1734 1723 1725 1718 1718
830.484009 1727 1726 1710 1716 1710 1724
830.505005 1742 1733 1726 1724 1717 1720
830.525024 1737 1731 1715 1715 1711 1721
830.546021 1732 1728 1727 1726 1713 1719
830.565979 1726 1725 1731 1724 1721 1721
830.585999 1732 1720 1721 1720 1717 1719
830.606995 1739 1720 1724 1714 1716 1719
830.627014 1736 1720 1714 1720 1715 1720
830.64801 1726 1732 1722 1715 1713 1712
830.66803 1729 1719 1717 1720 1708 1718
830.687988 1735 1718 1714 1721 1702 1715
830.708984 1735 1719 1718 1719 1705 1713
830.729004 1737 1729 1727 1722 1714 1724
830.75 1734 1725 1717 1723 1707 1729
830.77002 1730 1718 1713 1709 1708 1706
830.789978 1735 1725 1720 1726 1718 1726
830.810974 1722 1714 1713 1710 1707 1707
830.830994 1724 1729 1722 1716 1711 1711
830.85199 1723 1716 1718 1707 1704 1706
830.872009 1722 1715 1708 1712 1703 1706
830.892029 1722 1723 1717 1714 1714 1708
830.913025 1725 1714 1712 1715 1704 1715
830.932983 1714 1711 1712 1710 1705 1710
830.953979 1721 1728 1715 1713 1706 1713
830.973999 1716 1719 1717 1708 1704 1714
830.994019 1718 1711 1711 1708 1705 1706
831.015015 1711 1710 1709 1709 1696 1706
831.034973 1731 1720 1716 1717 1714 1708
831.054993 1734 1717 1728 1716 1712 1720
831.075989 1712 1707 1703 1700 1700 1706
831.096008 1711 1698 1700 1713 1702 1701
831.117004 1718 1717 1707 1708 1705 1702
831.137024 1719 1717 1716 1714 1703 1709
831.156982 1722 1721 1712 1715 1707 1712
831.177979 1722 1714 1710 1711 1703 1700
831.197998 1718 1719 1711 1706 1699 1713
831.218994 1717 1707 1704 1703 1702 1702
831.239014 1721 1717 1709 1705 1707 1703
831.258972 1703 1701 1703 1700 1692 1700
831.280029 1727 1712 1713 1713 1704 1699
831.299988 1715 1712 1706 1708 1703 1695
831.320007 1720 1713 1716 1712 1708 1714
831.341003 1720 1714 1708 1708 1704 1710
831.361023 1718 1709 1700 1704 1696 1702
831.382019 1717 1717 1709 1699 1697 1707
831.401978 1718 1709 1705 1705 1694 1707
831.421997 1732 1724 1722 1708 1713 1714
831.442993 1715 1707 1701 1700 1695 1700
831.463013 1717 1709 1711 1703 1700 1703
831.482971 1722 1715 1718 1711 1705 1705
831.504028 1721 1715 1711 1708 1706 1711
831.523987 1719 1724 1717 1716 1703 1716
831.544983 1720 1709 1713 1714 1702 1705
831.565002 1724 1711 1712 1709 1701 1702
831.585022 1718 1720 1713 1713 1708 1715
831.606018 1722 1723 1719 1722 1709 1720
831.625977 1737 1721 1716 1718 1706 1714
831.645996 1718 1716 1712 1714 1702 1710
831.666992 1712 1719 1719 1705 1701 1703
831.687012 1733 1717 1711 1708 1710 1713
831.708008 1723 1711 1712 1706 1699 1705
831.728027 1723 1711 1711 1714 1702 1714
831.747986 1725 1707 1710 1716 1702 1706
831.768982 1719 1722 1716 1718 1707 1708
831.789001 1725 1720 1718 1710 1713 1718
831.809021 1733 1729 1712 1713 1718 1719
831.830017 1732 1720 1714 1718 1715 1711
831.849976 1721 1719 1723 1721 1710 1712
831.869995 1721 1716 1709 1710 1707 1701
831.890991 1731 1720 1723 1719 1713 1721
831.911011 1728 1723 1716 1713 1711 1711
831.932007 1729 1719 1713 1721 1713 1721
831.952026 1727 1728 1714 1718 1710 1712
831.971985 1731 1723 1715 1716 1721 1721
831.992981 1726 1721 1721 1716 1706 1711
832.013 1731 1730 1729 1725 1719 1728
832.03302 1735 1727 1729 1725 1714 1723
832.054016 1739 1725 1728 1721 1721 1722
832.073975 1731 1729 1722 1720 1720 1720
832.093994 1725 1720 1724 1726 1718 1719
832.11499 1739 1733 1732 1724 1716 1733
832.13501 1745 1734 1728 1728 1722 1727
832.155029 1733 1730 1729 1721 1721 1714
832.176025 1733 1731 1726 1721 1720 1726
832.195984 1733 1728 1724 1723 1725 1725
832.216003 1733 1722 1717 1720 1712 1716
832.237 1730 1729 1724 1718 1717 1722
832.257019 1744 1733 1735 1728 1722 1726
832.278015 1744 1735 1734 1722 1722 1726
832.297974 1729 1733 1718 1721 1712 1729
832.317993 1738 1720 1733 1724 1729 1728
832.338989 1746 1737 1733 1737 1728 1732
832.359009 1737 1722 1733 1727 1720 1729
832.379028 1744 1734 1732 1739 1728 1724
832.400024 1732 1727 1726 1721 1712 1723
832.419983 1740 1735 1723 1727 1724 1726
832.440002 1742 1742 1731 1729 1723 1733
832.460999 1746 1748 1734 1732 1729 1734
832.481018 1739 1737 1725 1725 1709 1723
832.500977 1738 1730 1729 1726 1717 1723
832.521973 1746 1729 1732 1728 1723 1724
832.541992 1740 1743 1726 1722 1727 1720
832.562012 1743 1729 1729 1718 1719 1721
832.583008 1745 1732 1736 1726 1721 1725
832.603027 1742 1740 1727 1728 1724 1726
832.622986 1746 1744 1730 1730 1726 1728
832.643982 1747 1740 1736 1733 1728 1726
832.664001 1738 1730 1731 1727 1714 1724
832.684021 1735 1736 1740 1726 1728 1734
832.705017 1748 1736 1736 1738 1725 1734
832.724976 1737 1733 1736 1729 1726 1726
832.744995 1726 1734 1720 1720 1722 1726
832.765991 1734 1729 1733 1730 1722 1722
832.786011 1735 1723 1729 1728 1717 1723
832.80603 1736 1727 1722 1719 1716 1727
832.827026 1734 1729 1725 1725 1720 1723
832.846985 1733 1722 1728 1722 1715 1715
832.867004 1739 1738 1731 1724 1725 1727
832.888 1729 1733 1723 1726 1711 1724
832.90802 1738 1728 1723 1726 1725 1721
832.927979 1738 1729 1735 1722 1715 1721
832.948975 1740 1736 1721 1724 1716 1728
832.968994 1736 1727 1725 1722 1714 1716
832.989014 1737 1735 1719 1730 1722 1724
833.01001 1730 1722 1728 1718 1710 1729
833.030029 1732 1729 1718 1721 1719 1721
833.049988 1735 1723 1734 1720 1721 1730
833.070984 1736 1721 1723 1718 1710 1720
833.091003 1734 1728 1727 1727 1723 1722
833.111023 1726 1720 1721 1711 1706 1713
833.132019 1732 1721 1723 1713 1711 1722
833.151978 1731 1721 1712 1721 1717 1717
833.171997 1727 1729 1728 1718 1716 1728
833.192993 1743 1736 1727 1728 1726 1726
833.213013 1729 1722 1715 1715 1709 1711
833.232971 1728 1731 1724 1727 1714 1721
833.254028 1730 1721 1727 1718 1716 1718
833.273987 1732 1725 1728 1725 1711 1726
833.294006 1720 1725 1721 1704 1714 1719
833.315002 1732 1727 1715 1714 1712 1711
833.335022 1726 1719 1718 1718 1713 1715
833.35498 1734 1724 1715 1710 1710 1711
833.375977 1737 1726 1722 1722 1718 1722
833.395996 1734 1729 1720 1723 1713 1718
833.416016 1728 1728 1716 1717 1701 1713
833.437012 1725 1724 1710 1717 1709 1715
833.45697 1729 1721 1711 1712 1712 1717
833.47699 1724 1725 1713 1720 1715 1726
833.497009 1729 1717 1710 1710 1711 1721
833.518005 1744 1737 1736 1733 1727 1740
833.538025 1722 1721 1717 1705 1707 1704
833.557983 1725 1717 1714 1722 1705 1724
833.578979 1722 1717 1716 1714 1705 1706
833.598999 1720 1722 1716 1722 1709 1719
833.619019 1723 1712 1714 1709 1704 1710
833.640015 1727 1721 1718 1719 1705 1719
833.659973 1725 1723 1720 1713 1710 1715
833.679993 1720 1720 1720 1718 1716 1716
833.700989 1727 1717 1715 1707 1707 1715
833.721008 1727 1722 1717 1720 1708 1716
833.741028 1725 1720 1718 1712 1713 1722
833.762024 1727 1723 1718 1725 1712 1712
833.781982 1731 1717 1714 1722 1710 1719
833.802002 1735 1723 1716 1717 1706 1723
833.822021 1721 1712 1715 1709 1704 1711
833.843018 1729 1728 1713 1718 1705 1719
833.862976 1726 1719 1717 1721 1706 1711
833.882996 1720 1710 1713 1713 1708 1712
833.903992 1726 1724 1725 1721 1717 1724
833.924011 1741 1724 1728 1722 1717 1732
833.94397 1728 1715 1714 1714 1707 1714
833.965027 1739 1730 1725 1726 1710 1725
833.984985 1732 1725 1727 1715 1712 1720
834.005005 1728 1715 1716 1718 1714 1717
834.026001 1729 1719 1719 1713 1708 1709
834.046021 1730 1718 1714 1714 1714 1722
834.065979 1723 1714 1722 1716 1710 1715
834.085999 1722 1729 1712 1721 1714 1718
834.106995 1731 1720 1718 1718 1708 1713
834.127014 1725 1720 1722 1716 1706 1718
834.146973 1727 1720 1710 1706 1709 1717
834.16803 1729 1717 1715 1720 1712 1714
834.187988 1723 1720 1714 1710 1713 1724
834.208008 1729 1726 1713 1717 1711 1722
834.228027 1724 1712 1714 1710 1708 1712
834.249023 1724 1722 1718 1713 1713 1717
834.268982 1725 1728 1719 1720 1714 1724
834.289001 1731 1728 1728 1722 1710 1712
834.309998 1733 1723 1726 1722 1711 1719
834.330017 1732 1732 1718 1721 1717 1725
834.349976 1731 1717 1719 1715 1708 1717
834.369995 1727 1728 1716 1712 1720 1719
834.390991 1738 1718 1718 1710 1717 1728
834.411011 1730 1723 1725 1721 1703 1722
834.43103 1727 1724 1726 1717 1702 1717
834.452026 1732 1727 1723 1720 1714 1721
834.471985 1727 1723 1722 1719 1715 1721
834.492004 1726 1727 1723 1715 1709 1725
834.513 1745 1723 1729 1726 1726 1725
834.53302 1724 1720 1723 1713 1709 1716
834.552979 1731 1724 1732 1713 1714 1731
834.572998 1734 1723 1728 1719 1715 1727
834.593994 1723 1721 1717 1716 1702 1717
834.614014 1728 1731 1721 1719 1713 1723
834.633972 1731 1723 1731 1716 1720 1720
834.653992 1731 1724 1723 1726 1716 1718
834.674988 1740 1725 1721 1717 1714 1723
834.695007 1735 1738 1725 1733 1718 1730
834.715027 1727 1729 1720 1719 1712 1724
834.736023 1737 1738 1725 1727 1719 1731
834.755981 1729 1730 1737 1721 1715 1731
834.776001 1744 1736 1730 1727 1721 1731
834.796021 1741 1729 1739 1725 1725 1737
834.817017 1735 1728 1729 1716 1718 1729
834.836975 1735 1727 1728 1727 1724 1731
834.856995 1741 1741 1736 1732 1722 1731
834.877991 1737 1737 1734 1731 1732 1730
834.89801 1740 1730 1722 1724 1720 1734
834.91803 1744 1743 1729 1736 1721 1735
834.937988 1743 1728 1736 1737 1725 1734
834.958984 1736 1735 1729 1729 1725 1731
834.979004 1745 1748 1736 1740 1724 1744
834.999023 1735 1725 1724 1721 1722 1728
835.018982 1734 1729 1732 1736 1714 1730
835.039978 1744 1729 1737 1727 1727 1725
835.059998 1741 1735 1727 1732 1727 1741
835.080017 1734 1734 1730 1717 1722 1734
835.101013 1736 1735 1728 1731 1724 1733
835.120972 1740 1737 1733 1729 1720 1729
835.140991 1742 1732 1729 1728 1725 1732
835.161011 1734 1724 1727 1720 1718 1727
835.182007 1741 1738 1732 1735 1725 1732
835.202026 1746 1738 1734 1725 1734 1735
835.221985 1736 1726 1721 1719 1714 1730
835.242004 1743 1731 1733 1731 1716 1733
835.263 1741 1732 1741 1730 1726 1736
835.28302 1745 1737 1742 1727 1730 1730
835.302979 1740 1740 1725 1726 1724 1729
835.322998 1737 1726 1732 1729 1721 1729
835.343994 1735 1736 1724 1723 1724 1723
835.364014 1740 1736 1730 1732 1720 1725
835.383972 1733 1726 1727 1715 1723 1728
835.403992 1754 1738 1736 1727 1733 1741
835.424988 1747 1743 1743 1727 1733 1733
835.445007 1736 1735 1730 1731 1727 1729
835.465027 1752 1740 1738 1739 1738 1741
835.486023 1729 1728 1720 1718 1716 1727
835.505981 1748 1732 1735 1730 1725 1737
835.526001 1733 1735 1736 1722 1722 1730
835.546021 1734 1732 1727 1726 1711 1737
835.567017 1745 1732 1724 1728 1724 1728
835.586975 1738 1735 1730 1728 1720 1732
835.606995 1736 1736 1728 1718 1725 1733
835.627014 1736 1735 1719 1725 1721 1729
835.64801 1738 1730 1737 1722 1730 1730
835.66803 1733 1730 1723 1726 1714 1729
835.687988 1736 1735 1727 1724 1714 1730
835.708008 1737 1730 1736 1726 1729 1729
835.729004 1733 1728 1736 1720 1715 1723
835.749023 1746 1737 1727 1732 1725 1732
835.768982 1740 1738 1737 1725 1719 1726
835.789001 1738 1737 1730 1731 1726 1738
835.809998 1737 1731 1730 1734 1729 1737
835.830017 1758 1749 1741 1740 1731 1744
835.849976 1744 1734 1723 1718 1717 1735
835.869995 1752 1743 1736 1730 1733 1741
835.890991 1735 1728 1723 1723 1716 1732
835.911011 1750 1746 1751 1740 1741 1745
835.93103 1743 1736 1730 1725 1733 1742
835.950989 1740 1740 1732 1739 1733 1739
835.971985 1749 1733 1727 1735 1722 1722
835.992004 1745 1742 1724 1731 1728 1734
836.012024 1755 1747 1746 1744 1730 1744
836.031982 1750 1741 1729 1737 1726 1751
836.052002 1753 1742 1738 1734 1730 1732
836.072998 1767 1757 1758 1753 1752 1759
836.093018 1746 1737 1735 1733 1723 1736
836.112976 1748 1736 1731 1731 1728 1736
836.132996 1747 1739 1734 1728 1734 1740
836.153992 1745 1736 1729 1729 1726 1742
836.174011 1745 1733 1739 1738 1731 1744
836.19397 1743 1738 1735 1733 1725 1723
836.213989 1741 1738 1733 1721 1728 1729
836.234985 1740 1742 1729 1739 1729 1734
836.255005 1737 1734 1732 1721 1718 1734
836.275024 1759 1747 1739 1744 1729 1742
836.294983 1745 1741 1734 1728 1730 1740
836.315979 1740 1737 1735 1727 1725 1733
836.335999 1741 1736 1738 1729 1729 1736
836.356018 1744 1743 1740 1738 1736 1745
836.375977 1745 1730 1729 1733 1725 1736
836.395996 1751 1741 1731 1735 1728 1737
836.416992 1747 1740 1736 1741 1731 1740
836.437012 1751 1747 1735 1737 1726 1747
836.45697 1751 1740 1732 1735 1725 1739
836.47699 1747 1745 1742 1730 1728 1736
836.497986 1756 1739 1738 1733 1735 1733
836.518005 1753 1747 1749 1739 1735 1751
836.538025 1749 1731 1733 1733 1724 1729
836.557983 1745 1740 1739 1734 1733 1740
836.578979 1744 1736 1738 1731 1728 1737
836.598999 1754 1739 1746 1733 1738 1736
836.619019 1745 1729 1728 1731 1719 1736
836.638977 1752 1739 1741 1735 1729 1739
836.658997 1765 1744 1742 1741 1747 1754
836.679993 1748 1740 1730 1732 1729 1740
836.700012 1756 1743 1736 1739 1726 1741
836.719971 1752 1738 1736 1735 1732 1736
836.73999 1741 1738 1735 1724 1728 1740
836.760986 1745 1736 1734 1732 1720 1740
836.781006 1744 1728 1735 1733 1717 1731
836.801025 1754 1740 1737 1739 1728 1735
836.820984 1750 1747 1733 1740 1733 1739
836.841003 1755 1744 1729 1731 1723 1740
836.862 1755 1733 1745 1734 1724 1737
836.882019 1746 1745 1743 1742 1732 1738
836.901978 1746 1735 1734 1735 1730 1739
836.921997 1755 1746 1741 1740 1738 1745
836.942993 1749 1745 1737 1734 1732 1735
836.963013 1767 1759 1753 1745 1746 1761
836.982971 1748 1735 1732 1736 1725 1738
837.002991 1753 1750 1733 1740 1730 1750
837.02301 1754 1739 1750 1740 1729 1736
837.044006 1764 1738 1733 1739 1735 1743
837.064026 1757 1741 1735 1739 1728 1741
837.083984 1747 1740 1737 1728 1729 1745
837.104004 1741 1743 1744 1737 1733 1740
837.124023 1744 1732 1730 1733 1731 1738
837.14502 1757 1739 1739 1735 1733 1738
837.164978 1751 1739 1736 1730 1729 1741
837.184998 1751 1742 1748 1740 1731 1736
837.205017 1756 1752 1757 1750 1742 1749
837.224976 1744 1738 1739 1740 1739 1739
837.245972 1759 1748 1737 1747 1736 1745
837.265991 1756 1748 1738 1740 1731 1747
837.286011 1776 1769 1755 1755 1746 1757
837.30603 1774 1766 1755 1753 1748 1764
837.325989 1788 1791 1782 1778 1777 1787
837.346985 1817 1805 1802 1803 1793 1808
837.367004 1833 1818 1817 1811 1809 1823
837.387024 1844 1827 1831 1832 1823 1831
837.406982 1843 1836 1829 1825 1818 1831
837.427002 1834 1839 1841 1830 1820 1839
837.447998 1846 1843 1834 1831 1826 1840
837.468018 1845 1849 1841 1837 1825 1837
837.487976 1847 1834 1828 1829 1831 1838
837.507996 1848 1843 1832 1832 1835 1839
837.528992 1837 1836 1841 1827 1830 1837
837.549011 1843 1838 1836 1838 1833 1833
837.56897 1845 1846 1840 1836 1835 1842
837.588989 1856 1843 1843 1836 1834 1839
837.609009 1854 1853 1843 1840 1833 1841
837.629028 1847 1841 1834 1823 1821 1828
837.650024 1851 1843 1842 1829 1837 1843
837.669983 1864 1843 1844 1838 1824 1847
837.690002 1861 1851 1841 1842 1835 1845
837.710022 1860 1842 1851 1836 1828 1845
837.72998 1853 1848 1841 1849 1830 1856
837.750977 1871 1848 1846 1832 1827 1850
837.770996 1859 1854 1849 1844 1828 1857
837.791016 1868 1847 1842 1842 1840 1849
837.810974 1868 1854 1845 1839 1834 1851
837.830994 1857 1846 1845 1835 1842 1840
837.85199 1871 1865 1851 1853 1840 1861
837.872009 1870 1857 1852 1849 1839 1855
837.892029 1857 1855 1847 1847 1834 1855
837.911987 1858 1849 1843 1837 1823 1845
837.932007 1859 1845 1842 1832 1836 1851
837.953003 1857 1843 1848 1837 1837 1842
837.973022 1863 1848 1842 1844 1840 1842
837.992981 1838 1830 1818 1814 1809 1822
838.013 1811 1797 1797 1799 1788 1794
838.03302 1799 1790 1780 1777 1770 1777
838.052979 1786 1790 1776 1778 1767 1785
838.073975 1772 1762 1758 1752 1758 1759
838.093994 1769 1760 1756 1751 1753 1766
838.114014 1761 1761 1752 1745 1747 1755
838.133972 1773 1749 1749 1752 1744 1758
838.153992 1775 1765 1764 1756 1749 1761
838.174011 1758 1757 1748 1750 1739 1754
838.195007 1771 1758 1750 1744 1746 1753
838.215027 1783 1771 1760 1762 1749 1762
838.234985 1767 1754 1746 1742 1740 1756
838.255005 1770 1756 1751 1745 1739 1760
838.275024 1769 1758 1746 1755 1738 1754
838.296021 1775 1759 1758 1760 1742 1760
838.315979 1773 1760 1758 1740 1742 1762
838.335999 1766 1757 1749 1756 1746 1757
838.356018 1767 1753 1760 1750 1754 1766
838.375977 1777 1769 1751 1757 1758 1759
838.395996 1780 1758 1755 1746 1748 1765
838.416992 1773 1761 1752 1758 1748 1759
838.437012 1771 1751 1754 1752 1748 1766
838.45697 1765 1752 1745 1753 1738 1760
838.47699 1771 1748 1746 1751 1748 1758
838.497009 1767 1757 1747 1749 1744 1762
838.517029 1771 1761 1763 1757 1743 1756
838.538025 1760 1756 1747 1734 1746 1760
838.557983 1769 1756 1751 1743 1739 1751
838.578003 1769 1749 1747 1745 1733 1755
838.598022 1760 1757 1753 1741 1735 1743
838.617981 1770 1743 1742 1745 1733 1750
838.638 1757 1743 1736 1741 1730 1744
838.658997 1765 1757 1747 1744 1740 1745
838.679016 1758 1752 1745 1741 1730 1750
838.698975 1764 1754 1741 1746 1734 1747
838.718994 1765 1755 1739 1748 1738 1750
838.739014 1765 1742 1739 1741 1729 1736
838.758972 1760 1742 1739 1736 1731 1741
838.780029 1753 1737 1750 1733 1729 1741
838.799988 1764 1746 1742 1735 1740 1752
838.820007 1758 1744 1742 1745 1728 1750
838.840027 1754 1741 1743 1731 1731 1738
838.859985 1771 1752 1748 1741 1735 1746
838.880005 1760 1744 1742 1738 1729 1741
838.901001 1761 1745 1742 1737 1733 1737
838.921021 1756 1742 1734 1737 1723 1749
838.940979 1756 1753 1744 1740 1730 1744
838.960999 1756 1752 1745 1739 1736 1747
838.981018 1764 1759 1754 1745 1748 1756
839.000977 1766 1753 1748 1749 1741 1751
839.020996 1759 1745 1740 1741 1731 1740
839.041992 1761 1746 1740 1735 1728 1738
839.062012 1761 1749 1736 1750 1723 1748
839.08197 1756 1750 1752 1743 1736 1748
839.10199 1761 1744 1744 1742 1730 1746
839.122009 1769 1748 1746 1744 1739 1759
839.142029 1752 1747 1744 1739 1729 1737
839.161987 1764 1750 1737 1727 1734 1746
839.182983 1767 1748 1748 1749 1731 1753
839.203003 1763 1753 1747 1742 1733 1749
839.223022 1756 1757 1746 1742 1736 1747
839.242981 1762 1747 1744 1737 1735 1745
839.263 1776 1762 1748 1751 1748 1756
839.28302 1766 1758 1749 1750 1741 1751
839.304016 1761 1753 1743 1748 1738 1745
839.323975 1775 1757 1749 1739 1743 1760
839.343994 1774 1754 1752 1741 1742 1764
839.364014 1768 1751 1746 1738 1734 1751
839.383972 1776 1755 1743 1748 1749 1751
839.403992 1766 1749 1739 1743 1736 1754
839.424011 1772 1758 1749 1757 1744 1751
839.445007 1776 1753 1740 1743 1738 1756
839.465027 1770 1760 1754 1752 1739 1763
839.484985 1765 1749 1738 1744 1740 1751
839.505005 1775 1761 1754 1743 1745 1762
839.525024 1780 1764 1755 1741 1748 1753
839.544983 1782 1760 1746 1748 1745 1761
839.565002 1767 1754 1750 1744 1739 1760
839.585999 1777 1761 1748 1752 1746 1759
839.606018 1780 1762 1758 1749 1743 1768
839.625977 1778 1768 1754 1744 1742 1759
839.645996 1785 1767 1755 1749 1742 1755
839.666016 1787 1773 1762 1754 1743 1772
839.685974 1784 1764 1765 1753 1749 1766
839.705994 1784 1770 1761 1763 1756 1767
839.726013 1784 1757 1758 1749 1751 1759
839.747009 1778 1764 1764 1752 1751 1765
839.767029 1788 1769 1751 1760 1748 1771
839.786987 1784 1768 1767 1753 1757 1770
839.807007 1790 1770 1762 1760 1746 1767
839.827026 1793 1777 1767 1763 1759 1773
839.846985 1785 1763 1763 1761 1760 1769
839.867004 1790 1779 1772 1755 1758 1776
839.887024 1794 1776 1772 1761 1757 1762
839.90802 1809 1784 1770 1769 1762 1785
839.927979 1797 1774 1770 1768 1761 1782
839.947998 1792 1781 1764 1764 1754 1772
839.968018 1794 1773 1768 1762 1756 1774
839.987976 1803 1781 1779 1769 1769 1788
840.007996 1796 1770 1766 1760 1763 1777
840.028015 1801 1780 1765 1767 1763 1774
840.047974 1802 1780 1768 1768 1760 1774
840.06897 1803 1776 1777 1775 1763 1781
840.088989 1802 1795 1777 1770 1766 1779
840.109009 1807 1787 1769 1767 1763 1776
840.129028 1813 1781 1772 1762 1755 1782
840.148987 1813 1787 1777 1779 1771 1790
840.169006 1799 1784 1765 1762 1763 1778
840.189026 1808 1799 1781 1782 1776 1796
840.208984 1812 1785 1779 1772 1782 1785
840.22998 1810 1780 1771 1769 1760 1789
840.25 1811 1781 1770 1772 1762 1781
840.27002 1815 1786 1776 1779 1774 1787
840.289978 1801 1782 1771 1766 1768 1778
840.309998 1812 1789 1785 1770 1780 1784
840.330017 1813 1784 1778 1769 1769 1779
840.349976 1803 1786 1769 1767 1761 1789
840.369995 1809 1794 1782 1768 1774 1783
840.390015 1811 1790 1780 1782 1763 1787
840.411011 1842 1810 1797 1783 1801 1818
840.43103 1815 1795 1785 1772 1760 1788
840.450989 1813 1792 1781 1773 1770 1783
840.471008 1814 1800 1778 1773 1771 1792
840.491028 1811 1789 1783 1778 1776 1788
840.510986 1819 1792 1777 1766 1764 1791
840.531006 1814 1790 1785 1769 1768 1790
840.551025 1816 1793 1782 1767 1774 1785
840.570984 1811 1795 1783 1772 1769 1792
840.59198 1812 1787 1786 1780 1779 1784
840.612 1815 1787 1780 1771 1769 1794
840.632019 1813 1794 1781 1768 1769 1796
840.651978 1822 1789 1787 1784 1773 1791
840.671997 1811 1785 1776 1782 1770 1781
840.692017 1808 1787 1782 1770 1777 1791
840.711975 1808 1789 1787 1770 1771 1789
840.731995 1819 1782 1776 1771 1770 1780
840.752014 1802 1785 1783 1776 1776 1790
840.771973 1799 1785 1774 1773 1769 1781
840.79303 1814 1791 1777 1776 1769 1790
840.812988 1805 1783 1777 1765 1767 1785
840.833008 1807 1783 1777 1774 1767 1784
840.853027 1797 1775 1770 1765 1749 1777
840.872986 1808 1786 1776 1772 1771 1788
840.893005 1808 1773 1778 1760 1769 1782
840.913025 1806 1784 1781 1775 1761 1783
840.932983 1804 1786 1775 1758 1764 1779
840.953003 1796 1785 1775 1762 1758 1784
840.973022 1808 1777 1777 1765 1767 1787
840.994019 1794 1773 1764 1757 1763 1777
841.013977 1796 1777 1763 1761 1754 1776
841.033997 1801 1778 1765 1768 1757 1780
841.054016 1794 1784 1770 1769 1766 1783
841.073975 1793 1774 1768 1753 1762 1772
841.093994 1787 1768 1760 1758 1749 1765
841.114014 1797 1780 1770 1764 1763 1785
841.133972 1790 1781 1767 1770 1760 1778
841.153992 1789 1770 1760 1756 1753 1773
841.174011 1797 1766 1763 1761 1751 1776
841.19397 1796 1770 1769 1767 1756 1779
841.215027 1810 1784 1760 1765 1759 1771
841.234985 1791 1773 1765 1762 1753 1772
841.255005 1801 1773 1761 1762 1766 1773
841.275024 1796 1775 1771 1760 1754 1773
841.294983 1803 1771 1772 1770 1764 1768
841.315002 1801 1783 1775 1775 1766 1785
841.335022 1804 1782 1776 1753 1758 1782
841.35498 1807 1786 1770 1766 1756 1789
841.375 1801 1778 1763 1774 1758 1777
841.39502 1802 1781 1776 1765 1759 1778
841.414978 1813 1778 1782 1778 1767 1782
841.434998 1810 1784 1776 1783 1776 1790
841.455994 1810 1781 1777 1771 1774 1790
841.476013 1828 1794 1778 1779 1775 1786
841.495972 1815 1789 1788 1769 1773 1792
841.515991 1819 1790 1800 1780 1770 1793
841.536011 1817 1797 1782 1783 1778 1798
841.55603 1827 1797 1786 1776 1780 1802
841.575989 1818 1796 1787 1783 1780 1795
841.596008 1819 1811 1794 1791 1780 1811
841.616028 1829 1800 1795 1781 1793 1813
841.635986 1824 1796 1794 1789 1787 1814
841.656006 1820 1792 1792 1785 1781 1803
841.676025 1824 1798 1790 1792 1780 1809
841.695984 1819 1794 1788 1776 1787 1799
841.716003 1823 1802 1795 1795 1777 1806
841.737 1827 1798 1789 1789 1781 1816
841.757019 1829 1796 1794 1775 1782 1809
841.776978 1817 1794 1790 1776 1780 1805
841.796997 1829 1795 1794 1787 1787 1804
841.817017 1823 1800 1795 1773 1781 1811
841.836975 1824 1810 1785 1791 1779 1804
841.856995 1825 1801 1786 1784 1778 1800
841.877014 1831 1801 1796 1787 1785 1810
841.896973 1832 1797 1790 1788 1787 1800
841.916992 1823 1807 1791 1793 1781 1813
841.937012 1808 1787 1790 1781 1771 1804
841.95697 1822 1807 1791 1794 1785 1806
841.97699 1838 1801 1796 1794 1790 1815
841.997009 1832 1813 1800 1797 1795 1814
842.018005 1820 1786 1791 1778 1781 1793
842.038025 1827 1807 1792 1786 1787 1807
842.057983 1821 1800 1782 1777 1784 1804
842.078003 1809 1793 1785 1773 1773 1800
842.098022 1814 1784 1788 1784 1775 1794
842.117981 1804 1793 1781 1771 1765 1796
842.138 1793 1780 1774 1773 1763 1786
842.15802 1816 1784 1769 1780 1769 1791
842.177979 1793 1781 1774 1769 1763 1780
842.197998 1797 1779 1774 1773 1765 1793
842.218018 1797 1769 1768 1766 1763 1776
842.237976 1800 1771 1758 1768 1763 1781
842.257996 1802 1777 1768 1755 1763 1782
842.278015 1794 1779 1777 1761 1762 1785
842.297974 1809 1781 1777 1761 1766 1783
842.317993 1807 1781 1774 1762 1774 1787
842.338013 1812 1778 1774 1779 1770 1782
842.357971 1808 1786 1775 1771 1770 1785
842.379028 1802 1779 1768 1770 1766 1787
842.398987 1807 1791 1784 1782 1772 1788
842.419006 1811 1795 1783 1780 1776 1800
842.439026 1812 1791 1781 1779 1777 1796
842.458984 1800 1779 1774 1770 1768 1796
842.479004 1814 1791 1776 1778 1777 1803
842.499023 1804 1786 1776 1772 1767 1785
842.518982 1812 1800 1790 1780 1781 1798
842.539001 1808 1778 1776 1773 1777 1795
842.559021 1816 1789 1785 1774 1764 1794
842.578979 1806 1786 1773 1769 1771 1785
842.598999 1811 1800 1789 1778 1782 1803
842.619019 1807 1793 1788 1774 1766 1797
842.638977 1813 1788 1783 1785 1783 1795
842.658997 1811 1788 1786 1782 1775 1803
842.679016 1816 1787 1785 1783 1780 1796
842.698975 1811 1787 1781 1780 1779 1801
842.718994 1822 1796 1799 1787 1786 1807
842.739014 1820 1797 1797 1781 1778 1797
842.758972 1818 1808 1785 1787 1789 1806
842.778992 1816 1796 1789 1786 1783 1802
842.799011 1826 1798 1796 1783 1786 1814
842.820007 1822 1795 1783 1768 1785 1792
842.840027 1815 1791 1782 1776 1780 1810
842.859985 1815 1799 1789 1783 1778 1802
842.880005 1810 1803 1796 1792 1784 1803
842.900024 1825 1794 1789 1786 1784 1805
842.919983 1825 1794 1790 1798 1785 1810
842.940002 1818 1803 1793 1788 1780 1801
842.960022 1818 1789 1787 1783 1785 1802
842.97998 1813 1789 1799 1787 1778 1805
843 1811 1791 1776 1773 1774 1801
843.02002 1821 1797 1785 1787 1782 1806
843.039978 1809 1804 1793 1788 1785 1811
843.059998 1817 1790 1789 1779 1773 1800
843.080017 1813 1788 1784 1782 1781 1797
843.099976 1816 1790 1790 1786 1780 1794
843.119995 1809 1790 1783 1788 1773 1805
843.140015 1800 1793 1783 1773 1766 1800
843.159973 1814 1787 1784 1786 1781 1811
843.179993 1823 1793 1785 1787 1783 1806
843.200012 1814 1801 1785 1790 1789 1797
843.219971 1802 1786 1776 1779 1770 1796
843.23999 1818 1795 1787 1791 1773 1807
843.26001 1808 1785 1779 1780 1775 1804
843.280029 1814 1791 1782 1782 1780 1805
843.299988 1817 1794 1788 1779 1770 1803
843.320007 1818 1792 1795 1789 1786 1815
843.340027 1807 1780 1783 1779 1768 1797
843.359985 1811 1796 1785 1777 1784 1797
843.380005 1807 1787 1783 1780 1779 1796
843.400024 1819 1794 1787 1786 1783 1802
843.419983 1807 1788 1791 1777 1769 1799
843.440002 1818 1788 1786 1776 1776 1807
843.460022 1811 1796 1788 1785 1779 1799
843.47998 1819 1792 1795 1779 1776 1809
843.5 1815 1785 1781 1786 1781 1805
843.52002 1814 1794 1788 1784 1774 1808
843.539978 1815 1786 1786 1784 1779 1797
843.559998 1813 1792 1786 1785 1788 1798
843.580994 1807 1785 1789 1783 1775 1801
843.601013 1819 1789 1789 1792 1783 1807
843.620972 1816 1796 1787 1772 1776 1800
843.640991 1809 1793 1791 1778 1777 1807
843.661011 1809 1789 1777 1780 1783 1802
843.68103 1820 1793 1782 1783 1787 1809
843.700989 1810 1792 1784 1772 1776 1800
843.721008 1809 1781 1785 1784 1764 1797
843.741028 1812 1788 1777 1775 1774 1793
843.760986 1803 1792 1785 1775 1775 1801
843.781006 1810 1784 1785 1771 1774 1797
843.801025 1815 1795 1779 1787 1770 1802
843.820984 1807 1784 1781 1788 1778 1805
843.841003 1816 1797 1789 1784 1784 1806
843.861023 1807 1781 1791 1778 1776 1798
843.880981 1804 1782 1774 1778 1771 1796
843.901001 1804 1788 1785 1772 1776 1796
843.921021 1804 1790 1790 1780 1785 1810
843.940979 1802 1786 1779 1764 1775 1794
843.960999 1801 1783 1782 1779 1769 1800
843.981018 1812 1788 1785 1777 1781 1807
844.000977 1808 1788 1786 1782 1773 1795
844.020996 1802 1782 1778 1777 1771 1789
844.041016 1810 1797 1782 1779 1778 1804
844.060974 1810 1782 1782 1768 1770 1795
844.080994 1799 1790 1773 1771 1769 1795
844.101013 1813 1787 1773 1782 1779 1810
844.120972 1803 1787 1781 1781 1775 1797
844.140991 1804 1783 1786 1772 1772 1793
844.161011 1808 1788 1781 1776 1773 1802
844.18103 1807 1785 1783 1772 1775 1796
844.200989 1817 1790 1783 1777 1773 1803
844.221008 1808 1786 1781 1765 1772 1800
844.241028 1805 1794 1785 1784 1775 1803
844.260986 1807 1789 1779 1777 1779 1801
844.281006 1813 1791 1787 1778 1773 1800
844.301025 1807 1787 1774 1774 1772 1797
844.320984 1802 1781 1771 1777 1780 1798
844.341003 1809 1786 1780 1789 1778 1799
844.361023 1808 1791 1783 1775 1771 1802
844.380981 1797 1782 1774 1776 1772 1795
844.401001 1808 1788 1773 1782 1778 1798
844.421021 1800 1790 1779 1765 1765 1793
844.440979 1809 1793 1780 1780 1774 1795
844.460999 1795 1784 1775 1772 1774 1796
844.481018 1810 1782 1782 1782 1772 1799
844.500977 1801 1776 1773 1765 1781 1797
844.520996 1796 1780 1779 1767 1772 1799
844.541016 1801 1779 1771 1768 1766 1783
844.559998 1802 1783 1781 1773 1771 1793
844.580017 1795 1785 1777 1770 1765 1792
844.599976 1802 1780 1775 1773 1769 1803
844.619995 1796 1775 1773 1767 1767 1783
844.640015 1791 1772 1760 1770 1764 1779
844.659973 1801 1779 1780 1769 1772 1792
844.679993 1796 1785 1780 1773 1775 1791
844.700012 1796 1782 1774 1771 1767 1795
844.719971 1787 1777 1762 1763 1767 1789
844.73999 1793 1778 1772 1769 1768 1791
844.76001 1796 1775 1771 1775 1771 1794
844.780029 1780 1770 1760 1759 1763 1772
844.799988 1796 1775 1765 1771 1762 1798
844.820007 1789 1782 1768 1757 1766 1785
844.840027 1796 1781 1775 1761 1766 1795
844.859985 1790 1771 1756 1761 1765 1791
844.880005 1799 1778 1777 1774 1778 1795
844.900024 1797 1782 1779 1780 1771 1788
844.919983 1790 1778 1766 1761 1759 1784
844.940002 1782 1764 1777 1769 1764 1797
844.960022 1792 1772 1764 1768 1765 1780
844.97998 1788 1774 1771 1762 1754 1784
845 1785 1763 1773 1772 1765 1792
845.02002 1796 1773 1773 1760 1750 1778
845.039978 1794 1781 1777 1773 1768 1789
845.059998 1794 1774 1775 1759 1760 1782
845.080017 1801 1784 1774 1778 1777 1794
845.099976 1786 1770 1766 1762 1759 1785
845.119995 1794 1786 1774 1778 1772 1790
845.140015 1792 1776 1761 1762 1770 1790
845.159973 1802 1785 1777 1768 1765 1793
845.179993 1788 1772 1777 1760 1773 1780
845.200012 1793 1772 1770 1762 1764 1780
845.219971 1800 1778 1775 1777 1772 1786
845.23999 1799 1773 1770 1768 1771 1790
845.26001 1789 1774 1776 1763 1765 1777
845.280029 1799 1788 1774 1774 1774 1791
845.299011 1795 1778 1777 1772 1770 1783
845.31897 1792 1777 1768 1763 1764 1788
845.338989 1793 1778 1771 1769 1772 1792
845.359009 1804 1774 1768 1777 1776 1798
845.379028 1794 1781 1775 1771 1767 1789
845.398987 1794 1783 1786 1772 1772 1785
845.419006 1801 1773 1778 1771 1770 1802
845.439026 1806 1785 1774 1775 1776 1794
845.458984 1813 1796 1782 1776 1777 1806
845.479004 1804 1781 1786 1773 1771 1803
845.499023 1803 1779 1776 1773 1778 1788
845.518982 1814 1792 1782 1773 1780 1814
845.539001 1803 1784 1775 1778 1776 1802
845.559021 1811 1800 1784 1786 1783 1815
845.578979 1808 1797 1793 1789 1781 1810
845.598999 1810 1783 1789 1785 1774 1803
845.619019 1823 1815 1804 1793 1800 1818
845.638977 1807 1797 1792 1789 1791 1811
845.658997 1817 1788 1787 1788 1778 1797
845.679016 1818 1798 1781 1782 1781 1798
845.698975 1818 1802 1790 1787 1780 1812
845.718994 1810 1796 1784 1780 1777 1805
845.737976 1819 1796 1787 1790 1788 1809
845.757996 1808 1802 1786 1787 1790 1810
845.778015 1812 1790 1788 1779 1787 1801
845.797974 1824 1803 1796 1798 1783 1816
845.817993 1814 1785 1787 1777 1777 1797
845.838013 1809 1797 1785 1775 1782 1808
845.857971 1808 1782 1778 1774 1782 1797
845.877991 1813 1790 1784 1786 1777 1813
845.89801 1819 1795 1788 1788 1785 1804
845.91803 1809 1810 1801 1796 1793 1810
845.937988 1815 1791 1781 1782 1783 1801
845.958008 1817 1791 1795 1783 1786 1811
845.978027 1805 1791 1781 1781 1781 1802
845.997986 1825 1811 1803 1796 1797 1818
846.018005 1815 1797 1785 1778 1775 1804
846.038025 1819 1798 1790 1785 1788 1811
846.057983 1801 1784 1784 1783 1772 1794
846.078003 1819 1798 1786 1783 1780 1810
846.096985 1815 1794 1791 1783 1785 1800
846.117004 1813 1796 1782 1791 1778 1814
846.137024 1807 1790 1789 1784 1773 1802
846.156982 1813 1791 1785 1782 1778 1803
846.177002 1806 1794 1776 1778 1775 1795
846.197021 1815 1791 1776 1774 1781 1800
846.21698 1813 1792 1793 1785 1782 1804
846.237 1814 1804 1794 1784 1793 1809
846.257019 1813 1793 1789 1783 1776 1804
846.276978 1816 1785 1787 1784 1778 1804
846.296997 1811 1784 1785 1780 1783 1800
846.317017 1814 1791 1791 1783 1785 1809
846.336975 1817 1792 1783 1781 1785 1806
846.356995 1817 1790 1790 1781 1787 1821
846.377014 1811 1799 1791 1781 1783 1810
846.395996 1809 1795 1790 1780 1783 1811
846.416016 1800 1792 1784 1773 1767 1789
846.435974 1827 1792 1787 1795 1781 1814
846.455994 1812 1794 1786 1790 1782 1810
846.476013 1818 1792 1793 1789 1786 1804
846.495972 1802 1783 1771 1777 1772 1791
846.515991 1834 1814 1803 1796 1805 1840
846.536011 1810 1791 1774 1785 1775 1796
846.55603 1807 1794 1787 1785 1770 1796
846.575989 1810 1793 1780 1780 1781 1804
846.596008 1799 1797 1783 1773 1773 1796
846.616028 1808 1784 1783 1770 1771 1795
846.63501 1806 1781 1779 1780 1781 1800
846.655029 1793 1776 1775 1765 1772 1784
846.674988 1797 1784 1774 1773 1777 1799
846.695007 1801 1785 1774 1774 1776 1804
846.715027 1794 1771 1775 1762 1762 1782
846.734985 1798 1783 1780 1773 1777 1797
846.755005 1800 1774 1780 1768 1764 1796
846.775024 1795 1782 1774 1772 1772 1796
846.794983 1796 1773 1768 1773 1763 1788
846.815002 1800 1780 1781 1771 1777 1797
846.835022 1806 1785 1788 1774 1778 1803
846.85498 1796 1776 1778 1766 1765 1796
846.875 1813 1790 1785 1780 1783 1804
846.893982 1812 1789 1792 1782 1782 1803
846.914001 1806 1789 1778 1778 1776 1799
846.934021 1796 1773 1762 1767 1767 1789
846.953979 1809 1794 1778 1776 1777 1807
846.973999 1801 1786 1770 1775 1765 1791
846.994019 1806 1787 1781 1788 1770 1801
847.013977 1808 1786 1772 1770 1776 1793
847.033997 1807 1789 1786 1785 1778 1806
847.054016 1810 1788 1789 1771 1772 1800
847.073975 1810 1805 1780 1789 1782 1818
847.093994 1804 1781 1776 1774 1777 1796
847.112976 1806 1791 1777 1776 1777 1807
847.132996 1801 1788 1778 1770 1772 1794
847.153015 1814 1792 1785 1767 1779 1800
847.172974 1799 1782 1776 1782 1788 1798
847.192993 1808 1796 1785 1780 1774 1801
847.213013 1815 1798 1778 1779 1783 1802
847.232971 1799 1794 1771 1775 1771 1803
847.252991 1799 1788 1783 1771 1777 1795
847.27301 1810 1791 1777 1772 1775 1800
847.29303 1813 1796 1781 1783 1775 1795
847.312012 1799 1778 1768 1779 1772 1796
847.33197 1801 1781 1781 1779 1774 1793
847.35199 1802 1791 1775 1770 1771 1798
847.372009 1804 1785 1783 1779 1765 1789
847.392029 1804 1770 1780 1773 1763 1791
847.411987 1791 1781 1773 1765 1761 1789
847.432007 1797 1777 1772 1767 1767 1795
847.452026 1794 1774 1766 1769 1759 1795
847.471985 1812 1776 1781 1763 1768 1801
847.492004 1794 1772 1770 1769 1758 1788
847.510986 1802 1782 1775 1773 1773 1799
847.531006 1806 1784 1776 1773 1775 1802
847.551025 1795 1776 1762 1761 1763 1787
847.570984 1800 1768 1771 1772 1772 1786
847.591003 1797 1781 1764 1766 1761 1789
847.611023 1794 1777 1774 1758 1757 1789
847.630981 1800 1778 1779 1767 1760 1796
847.651001 1783 1772 1767 1766 1759 1785
847.669983 1805 1778 1773 1773 1768 1781
847.690002 1796 1773 1769 1765 1768 1793
847.710022 1801 1779 1775 1766 1773 1790
847.72998 1799 1785 1770 1765 1768 1789
847.75 1795 1778 1776 1761 1774 1796
847.77002 1793 1778 1771 1764 1767 1793
847.789978 1805 1789 1775 1773 1771 1798
847.809998 1805 1782 1771 1766 1768 1796
847.830017 1796 1780 1767 1774 1777 1789
847.848999 1812 1800 1786 1776 1782 1799
847.869019 1806 1784 1771 1773 1776 1794
847.888977 1799 1788 1785 1778 1770 1805
847.908997 1799 1781 1775 1770 1771 1797
847.929016 1805 1782 1779 1769 1771 1793
847.948975 1806 1773 1776 1768 1780 1792
847.968994 1798 1776 1777 1768 1764 1794
847.989014 1803 1788 1776 1770 1774 1797
848.007996 1795 1787 1769 1768 1767 1796
848.028015 1794 1796 1783 1778 1771 1796
848.047974 1814 1795 1789 1782 1782 1806
848.067993 1801 1785 1777 1781 1780 1804
848.088013 1801 1790 1785 1772 1779 1795
848.107971 1800 1792 1780 1780 1777 1805
848.127991 1807 1792 1780 1771 1764 1798
848.14801 1807 1797 1778 1782 1777 1803
848.166992 1802 1787 1781 1783 1777 1799
848.187012 1810 1796 1787 1780 1778 1809
848.20697 1810 1786 1781 1774 1783 1798
848.22699 1810 1795 1791 1787 1777 1805
848.247009 1820 1796 1789 1771 1782 1805
848.267029 1821 1795 1797 1792 1782 1810
848.286987 1809 1800 1788 1784 1775 1808
848.307007 1817 1801 1790 1782 1778 1806
848.325989 1818 1804 1786 1777 1782 1811
848.346008 1816 1801 1800 1792 1788 1823
848.366028 1816 1798 1792 1784 1784 1810
848.385986 1819 1798 1783 1787 1786 1806
848.406006 1806 1784 1784 1786 1786 1802
848.426025 1826 1812 1802 1794 1792 1819
848.445984 1817 1803 1793 1782 1783 1808
848.466003 1824 1801 1792 1793 1784 1810
848.484985 1825 1800 1795 1800 1800 1818
848.505005 1809 1796 1796 1789 1780 1814
848.525024 1817 1798 1793 1792 1791 1818
848.544983 1825 1795 1790 1789 1783 1820
848.565002 1816 1795 1785 1790 1783 1820
848.585022 1812 1799 1792 1790 1795 1817
848.604004 1808 1798 1792 1787 1783 1819
848.624023 1823 1799 1788 1789 1783 1808
848.643982 1816 1806 1796 1792 1787 1823
848.664001 1824 1789 1798 1782 1787 1805
848.684021 1820 1792 1794 1784 1781 1811
848.703979 1825 1811 1793 1797 1795 1823
848.723999 1822 1804 1797 1786 1787 1813
848.742981 1829 1795 1794 1786 1786 1810
848.763 1813 1794 1790 1788 1776 1810
848.78302 1819 1805 1789 1786 1781 1814
848.802979 1813 1796 1786 1788 1778 1810
848.822998 1815 1797 1789 1789 1784 1819
848.843018 1827 1798 1790 1790 1797 1816
848.862976 1813 1795 1789 1783 1782 1811
848.882019 1815 1796 1792 1789 1786 1814
848.901978 1816 1801 1794 1787 1789 1809
848.921997 1817 1803 1794 1792 1789 1806
848.942017 1817 1803 1786 1795 1790 1812
848.961975 1819 1797 1793 1791 1797 1809
848.981995 1807 1795 1794 1789 1770 1819
849.002014 1815 1797 1784 1781 1778 1817
849.020996 1826 1794 1791 1788 1788 1808
849.041016 1820 1797 1801 1781 1789 1808
849.060974 1816 1788 1788 1782 1788 1807
849.080994 1818 1801 1793 1785 1790 1801
849.101013 1820 1802 1792 1789 1788 1826
849.120972 1832 1813 1807 1803 1803 1827
849.140015 1873 1846 1837 1827 1832 1862
849.159973 1870 1839 1835 1824 1828 1847
849.179993 1873 1850 1839 1846 1840 1867
849.200012 1873 1851 1842 1838 1836 1861
849.219971 1872 1867 1844 1848 1851 1882
849.23999 1874 1843 1848 1847 1840 1865
849.258972 1880 1852 1846 1845 1842 1875
849.278992 1864 1850 1849 1837 1837 1860
849.299011 1874 1855 1846 1849 1841 1862
849.31897 1881 1856 1843 1833 1840 1859
849.338989 1874 1853 1843 1834 1840 1868
849.359009 1869 1861 1840 1843 1834 1868
849.377991 1878 1856 1846 1836 1834 1873
849.39801 1871 1852 1846 1842 1834 1870
849.41803 1864 1846 1841 1844 1837 1867
849.437988 1875 1850 1849 1839 1843 1865
849.458008 1867 1853 1839 1832 1838 1867
849.478027 1870 1841 1844 1830 1833 1852
849.497009 1868 1844 1840 1837 1834 1865
849.517029 1860 1835 1830 1835 1828 1859
849.536987 1876 1845 1834 1855 1834 1862
849.557007 1866 1851 1841 1834 1828 1861
849.577026 1859 1843 1834 1834 1828 1860
849.596985 1868 1844 1835 1838 1830 1858
849.616028 1870 1840 1839 1831 1835 1864
849.635986 1861 1846 1840 1834 1826 1865
849.656006 1859 1843 1832 1827 1827 1860
849.676025 1871 1840 1838 1837 1833 1855
849.695984 1872 1850 1838 1831 1832 1860
849.716003 1862 1855 1844 1828 1841 1859
849.734985 1873 1847 1841 1841 1846 1862
849.755005 1858 1848 1840 1826 1836 1850
849.775024 1859 1841 1834 1833 1831 1861
849.794983 1851 1828 1834 1814 1818 1846
849.815002 1830 1812 1805 1802 1793 1826
849.833984 1821 1804 1805 1797 1791 1820
849.854004 1822 1800 1796 1789 1790 1816
849.874023 1811 1790 1781 1780 1785 1802
849.893982 1822 1787 1788 1775 1785 1813
849.914001 1803 1784 1789 1776 1771 1808
849.934021 1814 1797 1787 1778 1782 1812
849.953003 1803 1786 1785 1772 1774 1810
849.973022 1808 1799 1773 1781 1778 1807
849.992981 1817 1803 1802 1784 1797 1817
850.013 1815 1785 1782 1783 1780 1820
850.03302 1810 1793 1790 1788 1776 1812
850.052002 1811 1798 1782 1793 1781 1815
850.072021 1815 1789 1788 1783 1775 1817
850.09198 1836 1804 1798 1790 1791 1821
850.112 1815 1793 1791 1784 1780 1809
850.132019 1812 1798 1785 1785 1784 1816
850.151001 1838 1808 1811 1797 1799 1826
850.171021 1833 1801 1791 1797 1795 1812
850.190979 1811 1798 1787 1794 1780 1817
850.210999 1816 1807 1806 1794 1793 1813
850.231018 1828 1803 1794 1791 1791 1825
850.250977 1828 1811 1805 1795 1793 1827
850.27002 1828 1806 1804 1797 1798 1816
850.289978 1825 1795 1801 1797 1786 1824
850.309998 1813 1800 1794 1795 1789 1833
850.330017 1819 1807 1802 1796 1799 1818
850.349976 1820 1803 1800 1796 1793 1825
850.369019 1826 1802 1800 1790 1793 1821
850.388977 1818 1799 1795 1782 1802 1815
850.408997 1821 1808 1794 1789 1785 1813
850.429016 1814 1799 1789 1790 1784 1816
850.448975 1827 1791 1787 1786 1776 1816
850.468018 1815 1796 1794 1785 1787 1813
850.487976 1816 1798 1793 1785 1789 1815
850.507996 1833 1796 1792 1785 1794 1820
850.528015 1830 1805 1797 1803 1795 1828
850.547974 1814 1788 1783 1777 1787 1810
850.567017 1814 1793 1788 1787 1784 1816
850.586975 1816 1796 1791 1785 1780 1818
850.606995 1824 1799 1811 1792 1796 1826
850.627014 1825 1794 1785 1786 1784 1812
850.645996 1810 1798 1784 1785 1790 1813
850.666016 1826 1803 1800 1789 1798 1822
850.685974 1811 1786 1784 1783 1771 1811
850.705994 1813 1790 1786 1783 1785 1809
850.726013 1813 1792 1786 1789 1789 1821
850.744995 1823 1798 1794 1780 1786 1811
850.765015 1821 1795 1797 1785 1787 1823
850.784973 1820 1796 1786 1783 1784 1806
850.804993 1811 1798 1786 1787 1788 1819
850.825012 1819 1793 1791 1783 1786 1810
850.843994 1820 1791 1796 1788 1792 1831
850.864014 1833 1798 1802 1786 1787 1825
850.883972 1816 1804 1795 1785 1789 1822
850.903992 1817 1792 1793 1795 1790 1818
850.924011 1809 1796 1789 1792 1789 1820
850.942993 1819 1806 1797 1798 1791 1820
850.963013 1819 1807 1798 1783 1792 1824
850.982971 1822 1799 1793 1788 1795 1818
851.002991 1823 1815 1801 1800 1793 1824
851.021973 1814 1803 1791 1796 1788 1815
851.041992 1824 1800 1788 1786 1786 1817
851.062012 1829 1809 1795 1797 1793 1812
851.08197 1824 1804 1793 1798 1791 1819
851.10199 1819 1802 1783 1778 1786 1822
851.120972 1820 1800 1786 1777 1787 1814
851.140991 1829 1800 1791 1783 1789 1815
851.161011 1823 1803 1795 1795 1783 1819
851.18103 1816 1803 1795 1789 1797 1818
851.200012 1828 1799 1799 1792 1789 1826
851.219971 1810 1798 1796 1786 1786 1820
851.23999 1817 1793 1778 1793 1787 1807
851.26001 1813 1800 1791 1784 1783 1807
851.280029 1805 1795 1782 1785 1776 1815
851.299011 1810 1790 1785 1789 1784 1820
851.31897 1826 1805 1793 1802 1787 1821
851.338989 1815 1796 1791 1790 1781 1805
851.359009 1817 1805 1796 1791 1787 1815
851.377991 1826 1795 1792 1780 1784 1826
851.39801 1817 1794 1781 1791 1782 1815
851.41803 1816 1795 1794 1778 1791 1803
851.437988 1819 1789 1793 1783 1789 1812
851.45697 1809 1787 1797 1779 1790 1803
851.47699 1810 1791 1787 1784 1785 1816
851.497009 1796 1788 1784 1777 1782 1805
851.517029 1823 1801 1791 1783 1786 1817
851.536011 1805 1787 1785 1782 1778 1802
851.55603 1803 1793 1779 1777 1778 1819
851.575989 1808 1787 1775 1773 1781 1805
851.596008 1829 1797 1795 1786 1777 1817
851.616028 1801 1790 1786 1775 1773 1814
851.63501 1815 1776 1783 1771 1772 1814
851.655029 1808 1791 1784 1781 1781 1802
851.674988 1802 1782 1777 1767 1777 1802
851.695007 1808 1776 1785 1771 1774 1797
851.713989 1811 1790 1780 1774 1775 1809
851.734009 1799 1782 1782 1776 1774 1802
851.754028 1806 1784 1778 1774 1771 1799
851.773987 1806 1782 1786 1777 1775 1805
851.79303 1811 1792 1779 1784 1774 1811
851.812988 1806 1786 1786 1774 1773 1803
851.833008 1810 1781 1785 1775 1772 1802
851.853027 1801 1786 1779 1777 1769 1801
851.872009 1815 1790 1786 1774 1776 1808
851.892029 1805 1777 1772 1766 1776 1808
851.911987 1821 1796 1789 1778 1790 1829
851.932007 1792 1778 1780 1768 1772 1794
851.950989 1811 1780 1783 1778 1785 1805
851.971008 1801 1791 1773 1778 1774 1804
851.991028 1812 1795 1791 1786 1783 1814
852.010986 1800 1782 1783 1780 1775 1811
852.030029 1815 1793 1780 1777 1783 1812
852.049988 1808 1794 1784 1784 1782 1802
852.070007 1807 1789 1771 1767 1778 1804
852.090027 1811 1792 1790 1779 1786 1807
852.109009 1828 1795 1782 1783 1788 1810
852.129028 1806 1781 1774 1771 1767 1805
852.148987 1811 1796 1782 1782 1770 1806
852.169006 1806 1788 1784 1782 1768 1802
852.187988 1806 1796 1784 1775 1779 1811
852.208008 1820 1791 1792 1791 1788 1812
852.228027 1822 1794 1791 1783 1785 1807
852.247986 1813 1795 1781 1786 1773 1814
852.267029 1814 1789 1785 1787 1780 1807
852.286987 1812 1792 1785 1777 1781 1821
852.307007 1816 1793 1793 1785 1788 1812
852.327026 1812 1784 1782 1781 1783 1811
852.346008 1815 1782 1782 1779 1773 1798
852.366028 1815 1786 1782 1776 1775 1820
852.385986 1820 1795 1792 1783 1780 1812
852.406006 1820 1791 1787 1780 1784 1813
852.424988 1819 1796 1784 1789 1778 1811
852.445007 1821 1798 1792 1789 1782 1811
852.465027 1813 1792 1789 1780 1784 1808
852.484009 1821 1799 1795 1781 1780 1814
852.504028 1815 1792 1789 1790 1776 1820
852.523987 1806 1788 1780 1784 1776 1803
852.544006 1820 1797 1781 1796 1780 1816
852.562988 1816 1792 1797 1781 1782 1813
852.583008 1814 1801 1791 1787 1788 1820
852.603027 1816 1781 1787 1778 1775 1804
852.622986 1824 1794 1789 1781 1782 1810
852.642029 1814 1790 1786 1779 1782 1811
852.661987 1816 1843 1786 1781 1798 1818
852.682007 1806 1791 1789 1781 1783 1807
852.700989 1816 1821 1787 1783 1784 1815
852.721008 1816 1783 1788 1779 1773 1803
852.741028 1811 1790 1786 1774 1789 1812
852.760986 1808 1792 1791 1784 1785 1808
852.780029 1806 1795 1781 1777 1781 1814
852.799988 1813 1788 1793 1784 1776 1806
852.820007 1813 1797 1784 1797 1781 1814
852.840027 1806 1799 1792 1787 1788 1818
852.859009 1810 1793 1784 1784 1788 1809
852.879028 1807 1798 1790 1787 1779 1812
852.898987 1822 1801 1793 1785 1788 1825
852.91803 1818 1795 1786 1783 1773 1813
852.937988 1822 1797 1789 1791 1793 1816
852.958008 1814 1793 1783 1773 1774 1816
852.978027 1804 1788 1783 1780 1771 1806
852.997009 1817 1795 1791 1787 1779 1811
853.017029 1801 1790 1781 1775 1778 1797
853.036987 1818 1802 1796 1781 1776 1815
853.05603 1815 1793 1771 1783 1784 1806
853.075989 1812 1787 1787 1782 1787 1813
853.096008 1807 1795 1792 1783 1786 1818
853.116028 1810 1790 1777 1782 1777 1816
853.13501 1815 1792 1785 1784 1782 1814
853.155029 1821 1801 1810 1794 1794 1828
853.174988 1813 1795 1788 1789 1784 1814
853.19397 1812 1792 1788 1783 1788 1812
853.213989 1816 1801 1792 1782 1788 1818
853.234009 1808 1798 1781 1789 1782 1814
853.254028 1813 1793 1786 1792 1783 1818
853.27301 1813 1796 1789 1779 1782 1814
853.29303 1815 1801 1787 1783 1786 1820
853.312988 1814 1797 1790 1792 1789 1818
853.33197 1817 1797 1793 1779 1789 1822
853.35199 1811 1802 1779 1777 1785 1798
853.372009 1811 1784 1784 1782 1780 1818
853.390991 1813 1789 1782 1787 1782 1796
853.411011 1813 1797 1788 1782 1786 1808
853.43103 1817 1791 1797 1783 1781 1808
853.450989 1824 1800 1787 1788 1785 1819
853.469971 1817 1795 1790 1783 1786 1807
853.48999 1818 1797 1792 1789 1785 1820
853.51001 1823 1798 1792 1784 1782 1822
853.528992 1811 1790 1790 1784 1783 1807
853.549011 1812 1800 1794 1796 1788 1815
853.56897 1815 1797 1787 1785 1786 1809
853.588989 1815 1791 1786 1773 1778 1811
853.607971 1822 1797 1790 1784 1787 1815
853.627991 1816 1798 1780 1790 1784 1813
853.64801 1811 1797 1793 1790 1783 1816
853.666992 1805 1798 1790 1783 1784 1816
853.687012 1802 1793 1793 1785 1777 1806
853.70697 1810 1799 1785 1789 1787 1810
853.726013 1815 1791 1790 1789 1782 1813
853.745972 1807 1779 1781 1776 1780 1802
853.765991 1811 1790 1785 1784 1789 1814
853.784973 1810 1792 1786 1781 1773 1801
853.804993 1812 1798 1784 1787 1793 1817
853.825012 1811 1791 1782 1779 1777 1817
853.844971 1810 1794 1790 1791 1780 1814
853.864014 1822 1795 1794 1785 1790 1815
853.883972 1826 1795 1792 1787 1785 1815
853.903992 1814 1795 1800 1793 1792 1811
853.922974 1826 1800 1797 1786 1795 1822
853.942993 1817 1792 1786 1780 1791 1818
853.963013 1829 1809 1791 1801 1791 1828
853.981995 1814 1810 1793 1792 1802 1833
854.002014 1824 1796 1789 1789 1789 1817
854.021973 1826 1792 1788 1787 1783 1827
854.041016 1833 1810 1788 1802 1801 1831
854.060974 1818 1798 1788 1793 1788 1823
854.080994 1824 1810 1789 1793 1789 1831
854.099976 1821 1803 1794 1793 1793 1827
854.119995 1837 1802 1810 1801 1795 1831
854.140015 1839 1806 1811 1804 1800 1829
854.158997 1813 1799 1791 1790 1784 1830
854.179016 1827 1814 1809 1796 1804 1831
854.198975 1838 1815 1799 1798 1800 1832
854.218994 1829 1819 1809 1799 1790 1820
854.237976 1830 1811 1799 1797 1796 1817
854.257996 1834 1805 1806 1806 1795 1827
854.278015 1829 1805 1795 1792 1792 1826
854.296997 1828 1809 1800 1797 1801 1831
854.317017 1823 1808 1791 1787 1786 1837
854.336975 1831 1799 1800 1801 1793 1822
854.356018 1827 1797 1797 1794 1783 1812
854.375977 1818 1804 1796 1786 1796 1826
854.395996 1830 1801 1805 1796 1792 1814
854.414978 1815 1786 1798 1788 1794 1811
854.434998 1817 1798 1795 1791 1788 1816
854.455017 1815 1805 1800 1784 1790 1823
854.473999 1816 1803 1784 1789 1788 1826
854.494019 1812 1799 1791 1784 1781 1817
854.513977 1823 1797 1799 1786 1788 1825
854.53302 1818 1805 1800 1786 1788 1815
854.552979 1820 1794 1786 1795 1769 1818
854.572998 1824 1796 1800 1796 1791 1821
854.59198 1810 1805 1792 1788 1790 1821
854.612 1825 1792 1791 1785 1778 1809
854.632019 1816 1792 1790 1782 1784 1811
854.651001 1814 1795 1792 1788 1787 1814
854.671021 1813 1801 1793 1785 1778 1823
854.690979 1807 1786 1782 1777 1778 1817
854.710022 1814 1793 1781 1779 1787 1818
854.72998 1819 1790 1788 1777 1780 1815
854.75 1804 1792 1788 1780 1775 1818
854.768982 1806 1785 1774 1780 1783 1807
854.789001 1824 1801 1793 1786 1782 1813
854.807983 1827 1801 1801 1789 1784 1817
854.828003 1820 1804 1786 1792 1791 1805
854.848022 1813 1790 1789 1779 1778 1813
854.867004 1822 1800 1791 1786 1783 1824
854.887024 1817 1788 1787 1785 1780 1805
854.906982 1819 1802 1795 1789 1785 1816
854.926025 1826 1796 1796 1788 1790 1820
854.945984 1814 1803 1794 1791 1788 1810
854.966003 1819 1799 1797 1783 1781 1819
854.984985 1820 1796 1792 1783 1793 1821
855.005005 1819 1794 1794 1782 1781 1807
855.025024 1815 1799 1790 1789 1781 1815
855.044006 1816 1798 1784 1785 1781 1801
855.064026 1826 1798 1790 1788 1789 1815
855.083984 1813 1790 1793 1778 1783 1815
855.103027 1827 1806 1789 1797 1792 1815
855.122986 1821 1802 1790 1773 1780 1807
855.143005 1821 1799 1795 1786 1791 1813
855.161987 1808 1793 1783 1780 1780 1811
855.182007 1822 1792 1785 1785 1776 1819
855.200989 1820 1788 1789 1784 1781 1820
855.221008 1810 1794 1792 1785 1783 1815
855.241028 1818 1802 1789 1791 1781 1813
855.26001 1822 1799 1791 1788 1786 1823
855.280029 1818 1794 1789 1784 1785 1815
855.299988 1824 1798 1787 1790 1790 1822
855.31897 1817 1788 1791 1776 1785 1813
855.338989 1821 1798 1796 1786 1783 1821
855.359009 1821 1798 1787 1786 1775 1816
855.377991 1827 1810 1800 1806 1803 1834
855.39801 1818 1793 1792 1787 1782 1819
855.41803 1818 1803 1792 1793 1787 1824
855.437012 1819 1810 1790 1791 1787 1819
855.45697 1824 1806 1797 1791 1792 1820
855.476013 1821 1800 1787 1793 1786 1823
855.495972 1821 1803 1791 1793 1794 1813
855.515991 1824 1799 1795 1790 1798 1825
855.534973 1823 1803 1788 1792 1780 1824
855.554993 1811 1793 1791 1779 1786 1812
855.575012 1825 1807 1799 1795 1789 1821
855.593994 1817 1795 1786 1779 1785 1810
855.614014 1820 1806 1796 1788 1790 1813
855.633972 1810 1787 1780 1776 1784 1812
855.653015 1827 1814 1803 1788 1794 1826
855.672974 1823 1800 1792 1791 1789 1812
855.692017 1820 1796 1789 1785 1786 1814
855.711975 1817 1799 1796 1783 1793 1821
855.731995 1814 1803 1798 1791 1799 1828
855.750977 1820 1801 1791 1794 1793 1816
855.770996 1817 1796 1792 1783 1791 1813
855.791016 1816 1802 1801 1796 1792 1825
855.809998 1819 1800 1790 1788 1778 1812
855.830017 1827 1804 1800 1795 1786 1825
855.848999 1818 1807 1789 1785 1781 1811
855.869019 1825 1794 1798 1793 1793 1814
855.888977 1820 1799 1786 1784 1781 1823
855.90802 1812 1793 1786 1794 1774 1819
855.927979 1828 1791 1792 1795 1789 1818
855.947998 1826 1795 1796 1798 1797 1827
855.96698 1823 1807 1794 1794 1783 1833
855.987 1825 1801 1798 1789 1792 1824
856.005981 1835 1800 1797 1794 1788 1828
856.026001 1824 1795 1788 1790 1790 1824
856.046021 1828 1800 1796 1793 1790 1834
856.065002 1821 1797 1792 1800 1798 1823
856.085022 1831 1810 1808 1795 1809 1833
856.104004 1824 1792 1789 1783 1782 1816
856.124023 1825 1807 1795 1796 1795 1821
856.143982 1824 1793 1794 1790 1790 1824
856.163025 1814 1801 1795 1785 1792 1830
856.182983 1830 1815 1799 1804 1809 1829
856.203003 1825 1807 1789 1790 1798 1825
856.221985 1815 1795 1786 1790 1786 1820
856.242004 1808 1804 1788 1784 1791 1817
856.260986 1826 1799 1799 1777 1787 1818
856.281006 1818 1802 1790 1797 1790 1825
856.301025 1821 1804 1798 1782 1789 1825
856.320007 1825 1805 1789 1796 1796 1828
856.340027 1818 1798 1790 1789 1795 1820
856.359009 1829 1800 1800 1800 1786 1823
856.379028 1825 1805 1790 1794 1785 1819
856.398987 1824 1808 1796 1795 1793 1831
856.41803 1807 1787 1789 1782 1787 1812
856.437988 1822 1799 1794 1792 1797 1821
856.45697 1810 1788 1793 1782 1785 1811
856.47699 1826 1799 1786 1792 1783 1808
856.497009 1824 1797 1795 1788 1781 1814
856.515991 1822 1796 1791 1791 1778 1816
856.536011 1827 1799 1786 1788 1779 1810
856.554993 1818 1799 1787 1786 1783 1816
856.575012 1817 1795 1781 1784 1780 1818
856.594971 1812 1790 1780 1784 1788 1819
856.614014 1812 1798 1785 1779 1782 1811
856.633972 1819 1793 1796 1786 1781 1820
856.653015 1815 1791 1794 1785 1790 1818
856.672974 1825 1791 1790 1774 1790 1813
856.692993 1815 1788 1792 1786 1790 1814
856.711975 1820 1790 1784 1784 1788 1817
856.731995 1805 1792 1791 1786 1779 1809
856.750977 1820 1788 1789 1788 1788 1823
856.770996 1821 1789 1781 1792 1783 1817
856.791016 1815 1787 1780 1783 1783 1815
856.809998 1816 1799 1788 1775 1779 1820
856.830017 1817 1802 1791 1781 1784 1817
856.848999 1811 1788 1790 1788 1791 1814
856.869019 1820 1796 1785 1784 1787 1809
856.888 1819 1799 1788 1792 1786 1807
856.90802 1810 1796 1782 1786 1782 1812
856.927979 1817 1793 1793 1785 1789 1821
856.947021 1823 1806 1786 1787 1787 1820
856.96698 1824 1805 1796 1792 1795 1830
856.986023 1833 1805 1813 1801 1792 1832
857.005981 1820 1808 1794 1790 1790 1826
857.026001 1829 1812 1797 1796 1797 1838
857.044983 1819 1784 1796 1782 1786 1821
857.065002 1822 1789 1786 1789 1791 1814
857.083984 1811 1798 1800 1782 1779 1812
857.104004 1813 1796 1795 1779 1791 1822
857.122986 1808 1791 1781 1775 1786 1807
857.143005 1821 1795 1792 1792 1781 1830
857.163025 1825 1794 1786 1782 1784 1815
857.182007 1821 1796 1791 1790 1788 1830
857.202026 1815 1793 1784 1787 1787 1818
857.221008 1816 1795 1787 1779 1781 1814
857.241028 1818 1795 1801 1800 1795 1831
857.260986 1842 1814 1809 1800 1801 1835
857.280029 1822 1799 1784 1791 1791 1829
857.299988 1818 1798 1789 1790 1786 1824
857.31897 1827 1797 1793 1794 1788 1819
857.338989 1832 1815 1805 1804 1791 1829
857.357971 1822 1802 1792 1792 1791 1822
857.377991 1811 1803 1786 1790 1785 1826
857.39801 1823 1794 1790 1786 1784 1817
857.416992 1818 1794 1791 1788 1789 1815
857.437012 1823 1793 1795 1790 1785 1825
857.455994 1818 1790 1791 1785 1782 1819
857.476013 1824 1802 1788 1786 1780 1824
857.494995 1826 1811 1797 1792 1795 1820
857.515015 1807 1784 1795 1784 1786 1817
857.534973 1811 1796 1785 1796 1782 1823
857.554016 1819 1788 1787 1785 1783 1824
857.573975 1816 1800 1786 1791 1792 1825
857.593018 1815 1796 1799 1779 1790 1821
857.612976 1817 1800 1792 1792 1787 1829
857.632019 1817 1799 1785 1790 1785 1817
857.651978 1819 1799 1801 1791 1794 1822
857.671997 1826 1802 1798 1786 1789 1815
857.690979 1821 1800 1798 1781 1792 1819
857.710999 1812 1802 1791 1790 1788 1815
857.72998 1827 1798 1792 1792 1791 1822
857.75 1821 1792 1793 1779 1789 1811
857.768982 1812 1790 1789 1798 1795 1818
857.789001 1810 1797 1791 1792 1792 1826
857.807983 1830 1795 1788 1783 1795 1831
857.828003 1825 1808 1799 1791 1789 1825
857.848022 1828 1802 1793 1787 1794 1826
857.867004 1823 1803 1796 1789 1792 1821
857.887024 1817 1800 1796 1803 1784 1829
857.906006 1809 1792 1787 1788 1785 1810
857.926025 1820 1802 1789 1793 1797 1829
857.945007 1827 1803 1797 1786 1792 1818
857.965027 1824 1809 1798 1787 1783 1826
857.984009 1825 1797 1796 1791 1782 1820
858.004028 1838 1804 1791 1796 1791 1824
858.02301 1827 1802 1797 1796 1794 1841
858.04303 1829 1806 1798 1798 1790 1826
858.062988 1822 1808 1790 1790 1796 1826
858.08197 1831 1812 1798 1798 1800 1836
858.10199 1829 1804 1797 1787 1798 1832
858.120972 1827 1803 1801 1791 1797 1824
858.140991 1840 1808 1810 1807 1796 1830
858.159973 1832 1813 1792 1799 1800 1826
858.179993 1821 1806 1792 1780 1793 1833
858.198975 1820 1793 1799 1787 1792 1834
858.218994 1824 1805 1799 1792 1792 1824
858.239014 1832 1801 1800 1796 1795 1833
858.257996 1815 1799 1793 1794 1787 1816
858.278015 1825 1802 1791 1786 1797 1820
858.296997 1814 1793 1793 1783 1781 1816
858.317017 1813 1797 1787 1788 1786 1820
858.335999 1822 1800 1791 1781 1790 1824
858.356018 1816 1797 1789 1790 1786 1825
858.375 1816 1797 1789 1786 1787 1815
858.39502 1823 1806 1789 1793 1781 1831
858.414001 1823 1798 1805 1793 1790 1830
858.434021 1829 1791 1788 1794 1789 1823
858.453003 1824 1800 1805 1782 1786 1827
858.473022 1822 1797 1785 1777 1782 1818
858.492004 1818 1798 1785 1786 1785 1816
858.512024 1811 1788 1784 1778 1785 1820
858.531982 1820 1794 1787 1787 1786 1814
858.551025 1816 1799 1782 1782 1787 1822
858.570984 1817 1793 1785 1791 1790 1828
858.590027 1817 1793 1788 1797 1792 1829
858.609985 1817 1797 1792 1794 1782 1820
858.629028 1833 1800 1798 1802 1794 1837
858.648987 1825 1803 1799 1798 1796 1827
858.66803 1827 1806 1803 1790 1792 1829
858.687988 1822 1802 1802 1804 1801 1836
858.70697 1825 1808 1793 1800 1792 1840
858.72699 1831 1811 1805 1803 1805 1829
858.745972 1843 1817 1806 1803 1794 1846
858.765991 1828 1812 1810 1812 1799 1828
858.784973 1840 1818 1811 1812 1810 1848
858.804993 1839 1819 1814 1801 1807 1843
858.823975 1843 1827 1818 1809 1815 1851
858.843994 1846 1813 1805 1803 1812 1844
858.864014 1856 1820 1812 1809 1810 1842
858.882996 1840 1814 1805 1803 1799 1831
858.903015 1836 1816 1813 1818 1808 1852
858.921997 1838 1819 1806 1804 1802 1836
858.942017 1830 1814 1802 1808 1806 1834
858.960999 1842 1818 1811 1808 1807 1839
858.981018 1846 1826 1806 1810 1807 1849
859 1832 1811 1814 1807 1797 1833
859.02002 1835 1812 1805 1802 1813 1847
859.039001 1837 1816 1813 1812 1799 1845
859.059021 1840 1820 1813 1809 1806 1849
859.078003 1833 1816 1810 1805 1803 1851
859.098022 1844 1818 1807 1804 1806 1843
859.117004 1832 1805 1808 1800 1803 1837
859.137024 1839 1813 1800 1797 1802 1837
859.156006 1826 1807 1808 1803 1802 1834
859.176025 1823 1806 1799 1800 1798 1842
859.195007 1827 1807 1804 1800 1796 1828
859.215027 1834 1796 1800 1796 1802 1839
859.234009 1840 1808 1806 1800 1800 1840
859.254028 1824 1814 1803 1798 1801 1841
859.27301 1839 1816 1807 1805 1801 1840
859.29303 1828 1813 1796 1810 1808 1837
859.312012 1827 1819 1813 1799 1806 1830
859.33197 1837 1818 1814 1801 1808 1840
859.351013 1836 1807 1808 1796 1799 1837
859.370972 1832 1804 1805 1800 1796 1837
859.390015 1826 1820 1818 1800 1796 1840
859.409973 1829 1802 1803 1786 1805 1829
859.429016 1819 1796 1795 1787 1791 1826
859.448975 1824 1800 1798 1799 1801 1828
859.468018 1821 1798 1806 1796 1791 1824
859.487976 1832 1804 1806 1790 1792 1842
859.507019 1823 1806 1806 1797 1795 1833
859.526978 1825 1801 1796 1795 1796 1831
859.546021 1828 1799 1800 1796 1799 1821
859.565979 1818 1796 1794 1793 1790 1824
859.585022 1835 1804 1810 1791 1795 1829
859.60498 1832 1805 1799 1796 1806 1835
859.624023 1829 1802 1795 1788 1803 1845
859.643982 1837 1818 1805 1797 1798 1837
859.663025 1823 1797 1797 1787 1790 1840
859.682983 1837 1809 1802 1800 1793 1842
859.702026 1844 1821 1811 1813 1809 1850
859.721985 1823 1807 1801 1804 1793 1842
859.741028 1835 1815 1808 1801 1804 1842
859.760986 1828 1808 1803 1793 1800 1831
859.780029 1820 1799 1810 1789 1799 1823
859.799988 1822 1817 1790 1807 1802 1833
859.81897 1826 1793 1796 1787 1799 1827
859.838989 1815 1803 1795 1795 1794 1831
859.857971 1824 1806 1803 1794 1797 1829
859.877991 1822 1811 1787 1793 1796 1834
859.896973 1825 1802 1803 1800 1792 1827
859.916992 1812 1791 1785 1787 1788 1822
859.935974 1818 1805 1792 1793 1797 1829
859.955994 1822 1802 1796 1800 1791 1831
859.974976 1828 1808 1793 1797 1803 1828
859.994995 1819 1789 1798 1797 1795 1830
860.013977 1818 1802 1791 1791 1788 1825
860.033997 1832 1813 1796 1793 1788 1831
860.052979 1826 1810 1797 1794 1802 1830
860.072998 1825 1799 1786 1791 1787 1821
860.09198 1818 1797 1797 1793 1786 1815
860.112 1822 1800 1794 1791 1791 1828
860.130981 1825 1806 1807 1793 1784 1826
860.151001 1824 1787 1792 1802 1789 1816
860.169983 1817 1802 1791 1791 1788 1817
860.189026 1834 1810 1800 1795 1796 1833
860.208984 1831 1800 1797 1790 1796 1823
860.228027 1827 1805 1792 1802 1796 1835
860.247986 1814 1796 1797 1796 1787 1816
860.267029 1822 1799 1793 1783 1789 1827
860.286987 1819 1789 1789 1786 1791 1821
860.30603 1822 1804 1785 1790 1791 1824
860.325989 1812 1787 1785 1785 1789 1824
860.344971 1814 1798 1797 1781 1790 1818
860.36499 1828 1805 1792 1787 1794 1828
860.383972 1816 1792 1795 1790 1788 1819
860.403992 1820 1804 1797 1796 1794 1826
860.422974 1824 1796 1803 1789 1791 1820
860.442993 1821 1805 1800 1784 1788 1821
860.461975 1817 1796 1794 1786 1793 1826
860.481995 1814 1795 1795 1787 1789 1828
860.500977 1812 1804 1792 1788 1791 1836
860.520996 1820 1798 1789 1783 1782 1824
860.539978 1828 1798 1801 1792 1792 1825
860.559021 1810 1799 1795 1796 1792 1829
860.578979 1816 1793 1795 1788 1791 1821
860.598022 1817 1798 1791 1801 1794 1831
860.617981 1824 1802 1790 1793 1795 1820
860.637024 1828 1802 1798 1793 1792 1829
860.656982 1825 1798 1789 1794 1791 1833
860.676025 1815 1792 1787 1785 1787 1821
860.695984 1813 1802 1795 1790 1791 1827
860.715027 1817 1790 1803 1791 1794 1834
860.734985 1819 1806 1791 1796 1791 1834
860.754028 1817 1797 1796 1788 1790 1812
860.77301 1814 1802 1802 1795 1802 1835
