10 9.75 9.5 9.25 9 8.75 8.5 8.25 8
828.851013 2063 2073 2074 2096 2084 2088 2064 2099 2075
828.870972 2064 2115 2089 2089 2082 2051 2102 2078 2062
828.890991 2087 2087 2060 2092 2053 2099 2073 2046 2077
828.911987 2065 2050 2075 2083 2064 2068 2057 2070 2060
828.932007 2073 2062 2094 2069 2051 2076 2065 2043 2065
828.953003 2057 2053 2068 2070 2067 2071 2065 2048 2058
828.973022 2063 2074 2062 2076 2069 2064 2037 2059 2063
828.994019 2050 2063 2046 2059 2050 2052 2055 2073 2059
829.013977 2065 2056 2042 2058 2038 2057 2052 2028 2029
829.034973 2064 2044 2044 2046 2063 2034 2025 2063 2059
829.054993 2062 2046 2069 2059 2042 2034 2043 2054 2032
829.075012 2050 2048 2042 2030 2050 2058 2056 2067 2051
829.096008 2067 2052 2056 2067 2068 2074 2051 2055 2079
829.116028 2051 2042 2072 2038 2052 2036 2028 2044 2050
829.137024 2032 2053 2053 2026 2004 2053 2037 2020 2035
829.156982 2025 2055 2037 2069 2028 2041 2044 2023 2034
829.177979 2062 2021 2044 2057 2021 2027 2029 2038 2033
829.197998 2052 2024 2038 2040 2061 2044 2033 2015 2060
829.218994 2023 2019 2030 2021 2017 2020 2013 2028 2043
829.239014 2027 2045 2022 2023 2034 2045 2052 2039 2001
829.258972 2032 2032 2049 2002 2020 2046 2033 2033 2027
829.280029 2029 2037 2023 2030 2025 2038 2059 2039 2067
829.299988 2077 2036 2027 2023 2031 2028 2034 2043 2053
829.320984 2043 2015 2035 2019 2059 2050 2020 2043 2037
829.341003 2035 2012 2025 2048 2015 2043 2046 2008 2035
829.362 2030 2049 2031 2015 2041 2029 2036 2034 2030
829.382019 2010 2012 2039 2060 2031 2028 2021 2023 2049
829.401978 2035 2023 2048 2006 2060 2064 2039 2029 2021
829.422974 2052 2040 2039 2057 2017 2054 2030 2039 2010
829.442993 2048 2041 2045 2025 2036 2051 2019 2038 2038
829.463989 2034 2028 2032 2055 2030 2022 2009 2041 2008
829.484009 2040 2052 2051 2048 2049 2044 2011 2026 2035
829.505005 2045 2017 2036 2021 2046 2031 2049 2015 2011
829.525024 2015 2029 2045 2051 2041 2056 2040 2049 2016
829.544983 2051 2030 2036 2032 2041 2023 2048 2019 2042
829.565979 2040 2058 2045 2040 2061 2047 2037 2064 2027
829.585999 2051 2031 2054 2023 2064 2050 2046 2044 2008
829.606995 2060 2036 2084 2053 2061 2057 2058 2033 2036
829.627014 2053 2045 2050 2078 2030 2050 2059 2057 2039
829.64801 2072 2045 2019 2043 2048 2026 2028 2056 2028
829.66803 2038 2012 2054 2050 2030 2068 2058 2038 2047
829.687988 2067 2040 2040 2032 2055 2033 2041 2029 2032
829.708984 2030 2067 2043 2048 2048 2059 2071 2016 2038
829.729004 2042 2030 2066 2034 2033 2043 2050 2048 2075
829.75 2042 2037 2028 2028 2043 2036 2039 2018 2024
829.77002 2059 2046 2054 2022 2052 2067 2037 2031 2049
829.791016 2035 2043 2044 2063 2051 2037 2064 2049 2058
829.810974 2047 2046 2047 2059 2035 2060 2076 2036 2062
829.830994 2051 2068 2048 2055 2046 2033 2001 2059 2027
829.85199 2053 2051 2077 2058 2047 2068 2042 2046 2041
829.872009 2062 2045 2034 2051 2062 2044 2065 2051 2036
829.893005 2058 2069 2064 2078 2059 2060 2083 2051 2030
829.913025 2064 2070 2071 2050 2046 2074 2049 2058 2073
829.932983 2057 2066 2082 2060 2061 2063 2037 2027 2049
829.953979 2046 2069 2084 2080 2050 2055 2035 2050 2051
829.973999 2061 2067 2059 2066 2075 2059 2030 2066 2032
829.994995 2091 2068 2051 2055 2064 2055 2083 2067 2066
830.015015 2086 2086 2072 2090 2074 2076 2078 2058 2038
830.036011 2041 2075 2090 2059 2069 2079 2044 2075 2069
830.05603 2079 2084 2072 2062 2035 2061 2056 2075 2060
830.075989 2061 2096 2075 2066 2059 2070 2069 2111 2062
830.096985 2108 2068 2072 2105 2086 2089 2065 2079 2084
830.117004 2064 2097 2088 2092 2094 2097 2105 2095 2058
830.138 2105 2099 2075 2090 2086 2069 2083 2070 2064
830.15802 2115 2135 2074 2090 2095 2088 2076 2100 2122
830.177979 2080 2050 2090 2096 2094 2099 2092 2078 2113
830.198975 2087 2112 2109 2114 2091 2088 2067 2093 2098
830.218994 2113 2107 2089 2114 2088 2114 2113 2083 2125
830.23999 2083 2099 2086 2106 2087 2090 2105 2090 2071
830.26001 2092 2104 2083 2115 2125 2117 2112 2137 2111
830.280029 2083 2118 2104 2117 2093 2089 2092 2099 2109
830.301025 2103 2101 2113 2102 2110 2102 2067 2087 2116
830.320984 2085 2097 2117 2078 2089 2108 2054 2084 2104
830.34198 2119 2067 2078 2101 2092 2094 2095 2052 2111
830.362 2099 2099 2097 2100 2103 2081 2077 2073 2087
830.382996 2109 2098 2108 2108 2097 2091 2070 2088 2074
830.403015 2122 2102 2104 2118 2069 2089 2127 2082 2084
830.422974 2073 2086 2096 2093 2093 2120 2090 2088 2084
830.44397 2123 2107 2111 2096 2097 2087 2088 2106 2096
830.463989 2110 2112 2109 2100 2109 2103 2100 2098 2081
830.484009 2094 2112 2086 2108 2088 2078 2136 2118 2120
830.505005 2121 2107 2080 2123 2124 2109 2113 2095 2106
830.525024 2101 2080 2112 2098 2094 2108 2078 2099 2081
830.546021 2145 2111 2100 2111 2088 2088 2092 2084 2121
830.565979 2095 2111 2124 2109 2095 2094 2101 2095 2114
830.585999 2089 2092 2065 2084 2083 2104 2118 2107 2098
830.606995 2118 2114 2071 2123 2093 2098 2078 2097 2060
830.627014 2074 2093 2100 2064 2070 2072 2079 2076 2102
830.64801 2095 2110 2099 2070 2059 2064 2057 2067 2063
830.66803 2084 2067 2070 2078 2070 2069 2059 2077 2086
830.687988 2083 2055 2079 2103 2072 2060 2061 2039 2064
830.708984 2096 2104 2093 2078 2087 2069 2060 2076 2063
830.729004 2080 2081 2065 2085 2064 2072 2075 2081 2076
830.75 2105 2088 2066 2077 2054 2095 2063 2062 2062
830.77002 2048 2073 2064 2049 2083 2048 2068 2065 2058
830.789978 2079 2088 2076 2072 2075 2071 2083 2049 2078
830.810974 2091 2063 2045 2046 2080 2063 2071 2063 2066
830.830994 2058 2057 2063 2060 2073 2100 2069 2070 2008
830.85199 2059 2077 2080 2064 2078 2049 2063 2062 2058
830.872009 2075 2056 2081 2063 2081 2075 2037 2050 2065
830.892029 2063 2049 2063 2085 2069 2043 2045 2052 2047
830.913025 2072 2060 2057 2058 2044 2035 2035 2086 2042
830.932983 2051 2011 2051 2066 2058 2063 2060 2066 2047
830.953979 2058 2052 2039 2071 2037 2067 2076 2056 2035
830.973999 2059 2061 2052 2050 2072 2032 2070 2056 2050
830.994019 2056 2022 2076 2036 2055 2040 2052 2041 2043
831.015015 2050 2049 2056 2037 2025 2057 2061 2028 2034
831.034973 2063 2008 2047 2052 2081 2044 2047 2029 2050
831.054993 2061 2069 2050 2046 2051 2075 2069 2076 2042
831.075989 2044 2022 2033 2046 2053 2018 2049 2043 2049
831.096008 2065 2030 2033 2050 2056 2041 2067 2002 2046
831.117004 2039 2043 2051 2045 2041 2036 2036 2042 2042
831.137024 2067 2056 2042 2045 2064 2063 2068 2055 2053
831.156982 2049 2067 2039 2059 2050 2072 2052 2042 2056
831.177979 2051 2097 2048 2038 2053 2049 2036 2051 2043
831.197998 2063 2041 2049 2064 2047 2054 2024 2029 2014
831.218994 2024 2040 2035 2038 2034 2024 2067 2059 2058
831.239014 2044 2036 2040 2060 2035 2060 2033 2038 2038
831.258972 2052 2034 2029 2059 2057 2040 2030 2059 2048
831.280029 2051 2041 2034 2008 2052 2040 2072 2059 2032
831.299988 2030 2065 2081 2078 2029 2052 2059 2031 2021
831.320007 2056 2040 2059 2049 2030 2046 2058 2049 2048
831.341003 2066 2034 2044 2027 2013 2057 2056 2037 2060
831.361023 2048 2052 2036 2059 2027 2047 2048 2047 2044
831.382019 2034 2072 2033 2025 2063 2038 2034 2072 2023
831.401978 2034 2049 2054 2039 2054 2046 2047 2042 2040
831.421997 2047 2082 2061 2068 2038 2077 2073 2027 2044
831.442993 2051 2063 2052 2025 2041 2030 2025 2041 2042
831.463013 2043 2036 2051 2019 2061 2042 2049 2060 2027
831.482971 2073 2049 2051 2040 2033 2059 2037 2043 2055
831.504028 2088 2055 2076 2050 2027 2051 2033 2027 2027
831.523987 2075 2037 2058 2052 2056 2064 2051 2065 2057
831.544983 2077 2067 2073 2050 2067 2028 2046 2052 2031
831.565002 2028 2048 2044 2084 2051 2031 2043 2032 2051
831.585022 2040 2081 2072 2069 2059 2059 2028 2075 2043
831.606018 2069 2035 2071 2042 2056 2081 2035 2041 2067
831.625977 2057 2019 2058 2051 2030 2051 2055 2048 2048
831.645996 2067 2039 2049 2039 2069 2069 2042 2062 2018
831.666992 2072 2040 2061 2062 2059 2048 2064 2047 2054
831.687012 2042 2046 2052 2062 2057 2064 2059 2035 2058
831.708008 2056 2037 2063 2054 2063 2051 2057 2042 2051
831.728027 2060 2064 2058 2084 2064 2066 2053 2046 2055
831.747986 2043 2056 2044 2073 2038 2049 2076 2052 2068
831.768982 2093 2056 2074 2065 2049 2052 2058 2069 2072
831.789001 2063 2077 2048 2081 2071 2070 2053 2070 2067
831.809021 2056 2072 2075 2062 2081 2076 2061 2056 2027
831.830017 2041 2072 2073 2070 2072 2068 2052 2054 2060
831.849976 2069 2084 2069 2091 2061 2060 2046 2044 2059
831.869995 2064 2046 2034 2065 2054 2062 2087 2049 2076
831.890991 2074 2078 2070 2088 2058 2060 2056 2086 2059
831.911011 2094 2081 2077 2080 2047 2057 2047 2070 2065
831.932007 2066 2039 2075 2062 2071 2046 2080 2096 2077
831.952026 2071 2091 2064 2049 2069 2064 2052 2056 2071
831.971985 2108 2099 2069 2065 2091 2062 2086 2058 2076
831.992981 2053 2060 2079 2082 2053 2073 2065 2089 2069
832.013 2082 2072 2072 2080 2082 2092 2070 2065 2042
832.03302 2080 2077 2061 2101 2093 2070 2074 2074 2075
832.054016 2058 2074 2074 2082 2071 2073 2072 2074 2074
832.073975 2093 2069 2095 2066 2095 2093 2057 2049 2044
832.093994 2108 2075 2083 2063 2062 2061 2082 2054 2065
832.11499 2101 2125 2119 2056 2081 2075 2073 2112 2068
832.13501 2102 2112 2072 2089 2105 2064 2088 2060 2066
832.155029 2075 2088 2108 2090 2106 2079 2042 2104 2081
832.176025 2104 2113 2090 2075 2096 2086 2091 2078 2094
832.195984 2078 2100 2055 2083 2094 2080 2094 2073 2083
832.216003 2086 2074 2075 2088 2067 2062 2089 2073 2061
832.237 2080 2100 2098 2104 2082 2108 2083 2083 2076
832.257019 2090 2093 2100 2090 2101 2090 2127 2088 2078
832.278015 2097 2094 2099 2109 2075 2089 2079 2087 2085
832.297974 2091 2080 2108 2104 2086 2089 2076 2065 2105
832.317993 2095 2084 2096 2087 2113 2048 2103 2073 2090
832.338989 2126 2131 2102 2064 2086 2097 2063 2089 2078
832.359009 2085 2107 2079 2089 2090 2093 2087 2072 2088
832.379028 2117 2081 2103 2096 2098 2103 2094 2088 2086
832.400024 2093 2098 2075 2089 2090 2068 2072 2093 2097
832.419983 2117 2083 2127 2117 2104 2109 2112 2081 2082
832.440002 2115 2099 2105 2110 2091 2125 2084 2107 2107
832.460999 2087 2103 2089 2101 2079 2071 2094 2118 2107
832.481018 2102 2092 2100 2108 2075 2081 2089 2083 2102
832.500977 2101 2091 2096 2093 2085 2125 2096 2094 2114
832.521973 2104 2126 2113 2111 2108 2081 2090 2113 2091
832.541992 2116 2113 2068 2096 2122 2103 2076 2100 2111
832.562012 2122 2069 2106 2104 2124 2079 2101 2095 2083
832.583008 2082 2092 2099 2094 2100 2097 2075 2078 2106
832.603027 2092 2100 2100 2104 2085 2123 2112 2096 2082
832.622986 2109 2108 2108 2110 2100 2121 2086 2070 2067
832.643982 2067 2114 2093 2100 2122 2083 2098 2092 2118
832.664001 2075 2088 2104 2090 2098 2091 2107 2100 2100
832.684021 2093 2112 2096 2084 2113 2093 2098 2098 2084
832.705017 2085 2082 2092 2096 2099 2105 2106 2090 2117
832.724976 2086 2083 2114 2089 2108 2129 2108 2107 2090
832.744995 2099 2077 2084 2068 2093 2099 2086 2085 2102
832.765991 2097 2099 2094 2058 2087 2088 2083 2052 2090
832.786011 2060 2084 2088 2094 2093 2088 2099 2099 2077
832.80603 2076 2113 2104 2087 2079 2097 2128 2098 2064
832.827026 2092 2117 2076 2081 2090 2091 2089 2043 2082
832.846985 2101 2089 2068 2079 2095 2090 2080 2073 2116
832.867004 2077 2088 2079 2067 2105 2116 2090 2079 2070
832.888 2101 2100 2074 2085 2065 2084 2076 2072 2091
832.90802 2107 2084 2090 2085 2079 2095 2096 2087 2085
832.927979 2089 2090 2122 2080 2076 2079 2053 2067 2092
832.948975 2111 2106 2102 2080 2103 2088 2055 2067 2085
832.968994 2080 2076 2077 2098 2052 2087 2091 2083 2078
832.989014 2111 2106 2085 2084 2071 2094 2079 2101 2070
833.01001 2117 2043 2112 2071 2081 2075 2049 2072 2076
833.030029 2090 2127 2066 2073 2042 2079 2072 2077 2052
833.049988 2079 2085 2092 2100 2085 2080 2093 2085 2083
833.070984 2076 2083 2104 2105 2081 2099 2074 2066 2068
833.091003 2047 2111 2092 2097 2088 2074 2073 2113 2096
833.111023 2071 2082 2077 2103 2089 2071 2099 2053 2069
833.132019 2105 2085 2090 2073 2042 2063 2063 2055 2095
833.151978 2077 2058 2080 2079 2051 2043 2074 2090 2068
833.171997 2100 2065 2075 2100 2068 2107 2095 2074 2080
833.192993 2072 2102 2065 2063 2062 2075 2081 2096 2054
833.213013 2106 2077 2071 2078 2040 2044 2066 2090 2075
833.232971 2089 2093 2064 2057 2049 2086 2076 2081 2062
833.254028 2046 2065 2056 2078 2073 2051 2042 2033 2064
833.273987 2063 2063 2075 2057 2068 2085 2059 2065 2060
833.294006 2062 2062 2056 2067 2083 2075 2058 2071 2074
833.315002 2075 2087 2086 2053 2052 2053 2057 2054 2046
833.335022 2073 2075 2070 2071 2070 2097 2056 2057 2069
833.35498 2072 2075 2047 2061 2050 2058 2037 2070 2030
833.375977 2090 2068 2075 2097 2070 2079 2063 2090 2057
833.395996 2077 2046 2094 2058 2083 2075 2063 2069 2063
833.416016 2076 2090 2072 2062 2040 2026 2075 2077 2063
833.437012 2039 2052 2078 2058 2078 2060 2043 2057 2071
833.45697 2055 2075 2077 2069 2085 2082 2043 2041 2072
833.47699 2062 2054 2070 2054 2061 2063 2053 2071 2056
833.497009 2054 2059 2057 2026 2067 2047 2071 2036 2049
833.518005 2079 2052 2073 2072 2062 2064 2062 2077 2065
833.538025 2054 2057 2053 2059 2088 2058 2063 2032 2060
833.557983 2054 2087 2061 2047 2057 2052 2049 2055 2055
833.578979 2067 2049 2087 2065 2044 2063 2052 2080 2038
833.598999 2027 2057 2042 2047 2055 2058 2085 2039 2040
833.619019 2064 2070 2040 2058 2050 2055 2059 2072 2057
833.640015 2054 2089 2040 2065 2083 2050 2051 2056 2072
833.659973 2053 2064 2050 2064 2048 2057 2049 2071 2072
833.679993 2063 2056 2047 2077 2060 2038 2050 2055 2071
833.700989 2061 2069 2049 2031 2061 2047 2050 2060 2034
833.721008 2080 2049 2061 2050 2039 2072 2051 2068 2054
833.741028 2070 2070 2028 2070 2072 2075 2068 2049 2055
833.762024 2062 2058 2049 2049 2069 2032 2061 2048 2055
833.781982 2070 2044 2074 2045 2063 2067 2063 2057 2058
833.802002 2064 2083 2068 2045 2093 2057 2080 2057 2033
833.822021 2059 2061 2055 2046 2031 2056 2038 2040 2043
833.843018 2018 2058 2048 2047 2075 2039 2082 2050 2046
833.862976 2066 2069 2070 2053 2050 2063 2038 2043 2060
833.882996 2084 2074 2063 2076 2065 2088 2056 2070 2045
833.903992 2091 2056 2093 2064 2068 2078 2078 2085 2047
833.924011 2076 2054 2081 2044 2082 2101 2065 2060 2072
833.94397 2075 2077 2094 2058 2058 2041 2053 2048 2081
833.965027 2041 2092 2061 2059 2066 2066 2060 2050 2093
833.984985 2047 2072 2052 2057 2066 2053 2062 2071 2085
834.005005 2080 2086 2097 2050 2045 2074 2041 2072 2051
834.026001 2066 2056 2047 2067 2063 2037 2066 2087 2061
834.046021 2056 2071 2057 2074 2045 2071 2056 2033 2066
834.065979 2068 2054 2092 2078 2037 2036 2047 2071 2059
834.085999 2069 2076 2093 2049 2065 2079 2093 2065 2068
834.106995 2046 2068 2079 2059 2041 2080 2080 2052 2081
834.127014 2075 2088 2067 2052 2051 2058 2065 2056 2048
834.146973 2068 2052 2067 2066 2077 2040 2053 2062 2042
834.16803 2041 2053 2062 2069 2040 2061 2059 2050 2099
834.187988 2061 2070 2073 2063 2051 2063 2064 2044 2056
834.208008 2045 2070 2070 2060 2071 2071 2067 2043 2070
834.228027 2042 2066 2072 2068 2077 2041 2065 2030 2067
834.249023 2064 2053 2044 2052 2045 2064 2037 2052 2047
834.268982 2054 2049 2059 2076 2061 2080 2073 2057 2097
834.289001 2055 2071 2068 2061 2074 2066 2061 2043 2068
834.309998 2078 2060 2096 2061 2078 2058 2057 2087 2073
834.330017 2082 2074 2050 2063 2050 2069 2084 2050 2075
834.349976 2062 2088 2048 2076 2083 2053 2059 2078 2051
834.369995 2074 2066 2055 2067 2076 2072 2059 2075 2057
834.390991 2051 2086 2056 2054 2055 2077 2088 2065 2076
834.411011 2063 2086 2073 2074 2074 2067 2087 2059 2048
834.43103 2076 2071 2084 2050 2076 2058 2057 2083 2081
834.452026 2057 2055 2081 2087 2083 2076 2056 2059 2074
834.471985 2090 2090 2056 2076 2062 2054 2066 2076 2054
834.492004 2091 2063 2059 2069 2064 2063 2068 2086 2064
834.513 2077 2063 2083 2089 2094 2092 2073 2079 2082
834.53302 2079 2110 2067 2085 2044 2071 2087 2074 2047
834.552979 2079 2083 2094 2090 2077 2069 2085 2064 2072
834.572998 2097 2080 2092 2076 2082 2042 2080 2059 2069
834.593994 2082 2064 2079 2081 2073 2090 2041 2064 2052
834.614014 2075 2060 2078 2089 2073 2085 2073 2058 2071
834.633972 2110 2084 2101 2077 2085 2063 2089 2069 2066
834.653992 2072 2087 2070 2057 2080 2064 2072 2049 2080
834.674988 2078 2063 2088 2084 2082 2072 2076 2066 2074
834.695007 2093 2080 2063 2079 2070 2103 2082 2107 2065
834.715027 2085 2063 2070 2050 2085 2063 2060 2068 2083
834.736023 2082 2074 2077 2079 2063 2075 2078 2053 2091
834.755981 2094 2093 2106 2090 2072 2072 2091 2061 2077
834.776001 2070 2076 2034 2064 2066 2086 2067 2062 2100
834.796021 2079 2082 2078 2091 2091 2068 2083 2093 2074
834.817017 2078 2060 2090 2099 2102 2065 2104 2074 2094
834.836975 2094 2117 2093 2090 2092 2088 2093 2074 2091
834.856995 2110 2084 2076 2101 2079 2085 2067 2071 2108
834.877991 2092 2129 2119 2098 2113 2093 2083 2077 2091
834.89801 2090 2115 2109 2082 2085 2096 2110 2085 2092
834.91803 2093 2082 2113 2098 2071 2083 2085 2108 2091
834.937988 2118 2101 2089 2088 2105 2092 2083 2087 2095
834.958984 2108 2079 2125 2113 2097 2066 2077 2082 2096
834.979004 2142 2113 2081 2104 2091 2093 2090 2110 2082
834.999023 2103 2102 2118 2091 2102 2091 2078 2066 2078
835.018982 2099 2100 2073 2105 2087 2081 2097 2092 2079
835.039978 2120 2082 2087 2093 2113 2090 2088 2074 2095
835.059998 2092 2081 2094 2094 2085 2105 2092 2079 2089
835.080017 2090 2114 2089 2085 2086 2092 2086 2092 2131
835.101013 2111 2089 2123 2089 2091 2093 2099 2085 2073
835.120972 2092 2098 2104 2097 2109 2078 2069 2094 2090
835.140991 2082 2061 2065 2086 2106 2085 2071 2080 2089
835.161011 2090 2122 2116 2101 2095 2109 2075 2076 2084
835.182007 2099 2087 2114 2100 2093 2094 2104 2111 2088
835.202026 2117 2108 2092 2104 2114 2087 2109 2097 2110
835.221985 2085 2095 2068 2099 2080 2079 2094 2102 2103
835.242004 2094 2096 2091 2107 2099 2083 2091 2107 2080
835.263 2122 2085 2092 2085 2093 2099 2063 2108 2070
835.28302 2077 2110 2099 2099 2073 2104 2102 2106 2101
835.302979 2092 2088 2080 2081 2099 2101 2090 2107 2098
835.322998 2086 2120 2104 2100 2083 2081 2096 2066 2092
835.343994 2093 2108 2095 2080 2066 2116 2062 2098 2090
835.364014 2107 2092 2089 2092 2106 2091 2112 2081 2107
835.383972 2085 2094 2118 2095 2104 2077 2095 2111 2075
835.403992 2089 2118 2110 2113 2099 2113 2110 2094 2095
835.424988 2114 2077 2124 2108 2114 2107 2085 2102 2112
835.445007 2093 2075 2112 2086 2084 2086 2092 2077 2099
835.465027 2091 2103 2106 2077 2096 2109 2083 2090 2085
835.486023 2074 2082 2080 2074 2108 2072 2083 2103 2069
835.505981 2077 2083 2072 2083 2081 2084 2103 2086 2093
835.526001 2091 2098 2112 2104 2102 2091 2113 2095 2056
835.546021 2082 2105 2108 2059 2086 2088 2094 2085 2096
835.567017 2086 2100 2080 2090 2097 2068 2074 2070 2073
835.586975 2094 2102 2079 2077 2082 2071 2091 2072 2110
835.606995 2074 2093 2097 2098 2068 2091 2096 2077 2076
835.627014 2101 2086 2054 2083 2087 2070 2104 2090 2063
835.64801 2086 2071 2111 2103 2106 2095 2068 2106 2068
835.66803 2107 2092 2081 2086 2083 2089 2082 2095 2038
835.687988 2090 2078 2077 2073 2063 2107 2095 2099 2112
835.708008 2093 2075 2084 2089 2078 2085 2063 2098 2078
835.729004 2073 2090 2054 2064 2097 2082 2091 2077 2071
835.749023 2123 2100 2087 2087 2103 2090 2069 2094 2106
835.768982 2108 2100 2091 2108 2095 2112 2105 2083 2096
835.789001 2071 2097 2098 2097 2091 2073 2104 2095 2091
835.809998 2100 2099 2104 2087 2086 2087 2104 2094 2076
835.830017 2113 2114 2102 2109 2123 2098 2090 2096 2098
835.849976 2080 2091 2109 2086 2089 2064 2093 2076 2100
835.869995 2094 2113 2074 2104 2081 2101 2097 2111 2072
835.890991 2095 2104 2099 2088 2077 2084 2093 2087 2085
835.911011 2108 2118 2118 2125 2107 2090 2131 2093 2109
835.93103 2105 2135 2086 2115 2108 2087 2094 2091 2089
835.950989 2088 2139 2093 2088 2092 2105 2113 2107 2117
835.971985 2080 2124 2117 2095 2082 2062 2106 2107 2112
835.992004 2094 2091 2104 2099 2116 2095 2097 2124 2097
836.012024 2114 2146 2114 2103 2128 2080 2141 2116 2108
836.031982 2138 2119 2107 2112 2118 2093 2112 2078 2108
836.052002 2118 2117 2096 2081 2106 2118 2115 2114 2105
836.072998 2115 2155 2149 2147 2120 2117 2132 2112 2126
836.093018 2122 2122 2115 2096 2070 2078 2096 2097 2079
836.112976 2127 2104 2109 2116 2121 2101 2093 2122 2087
836.132996 2110 2116 2121 2121 2124 2136 2117 2104 2102
836.153992 2115 2088 2116 2100 2111 2090 2128 2097 2091
836.174011 2127 2142 2121 2116 2074 2140 2103 2095 2086
836.19397 2112 2089 2103 2093 2127 2108 2077 2129 2101
836.213989 2126 2108 2119 2083 2088 2103 2117 2075 2108
836.234985 2096 2134 2081 2124 2066 2079 2081 2070 2098
836.255005 2096 2099 2093 2101 2111 2087 2080 2082 2079
836.275024 2137 2119 2129 2097 2107 2138 2085 2114 2114
836.294983 2117 2111 2113 2093 2101 2099 2091 2101 2095
836.315979 2098 2103 2128 2107 2072 2090 2122 2112 2125
836.335999 2119 2125 2101 2096 2058 2101 2105 2104 2098
836.356018 2122 2104 2124 2122 2099 2078 2096 2095 2103
836.375977 2122 2081 2117 2098 2108 2105 2102 2080 2099
836.395996 2099 2117 2118 2096 2106 2101 2110 2098 2108
836.416992 2100 2141 2110 2127 2096 2098 2109 2102 2108
836.437012 2131 2090 2104 2136 2102 2121 2074 2074 2086
836.45697 2128 2097 2123 2112 2143 2117 2109 2109 2082
836.47699 2117 2127 2099 2109 2121 2087 2109 2111 2079
836.497986 2101 2124 2125 2122 2103 2096 2112 2112 2103
836.518005 2139 2140 2160 2101 2105 2109 2100 2096 2130
836.538025 2127 2097 2112 2089 2088 2103 2138 2127 2089
836.557983 2139 2120 2120 2100 2107 2104 2111 2119 2126
836.578979 2135 2117 2116 2129 2120 2106 2105 2131 2103
836.598999 2134 2113 2118 2132 2124 2133 2122 2099 2133
836.619019 2134 2122 2116 2106 2104 2087 2109 2099 2105
836.638977 2108 2123 2121 2131 2133 2123 2138 2112 2130
836.658997 2138 2133 2121 2108 2109 2125 2132 2112 2103
836.679993 2140 2114 2109 2149 2119 2113 2120 2097 2102
836.700012 2119 2144 2116 2108 2115 2113 2092 2116 2091
836.719971 2149 2108 2108 2123 2113 2121 2135 2088 2081
836.73999 2123 2129 2099 2136 2109 2082 2105 2098 2079
836.760986 2148 2123 2127 2125 2106 2121 2101 2102 2103
836.781006 2121 2133 2093 2137 2100 2132 2106 2122 2119
836.801025 2147 2141 2127 2115 2135 2146 2120 2124 2094
836.820984 2136 2122 2147 2131 2113 2110 2149 2120 2132
836.841003 2148 2142 2139 2122 2096 2149 2108 2105 2134
836.862 2141 2134 2162 2142 2125 2117 2123 2128 2102
836.882019 2118 2134 2120 2126 2137 2123 2120 2134 2148
836.901978 2153 2125 2118 2118 2119 2130 2100 2135 2097
836.921997 2135 2147 2157 2152 2110 2123 2137 2123 2150
836.942993 2160 2095 2129 2143 2121 2139 2127 2109 2099
836.963013 2145 2151 2145 2154 2149 2159 2164 2126 2169
836.982971 2127 2156 2131 2143 2102 2128 2117 2096 2103
837.002991 2135 2188 2144 2142 2121 2140 2158 2153 2146
837.02301 2166 2135 2152 2172 2167 2174 2170 2134 2150
837.044006 2223 2189 2184 2187 2200 2193 2166 2177 2198
837.064026 2239 2210 2213 2207 2223 2186 2214 2214 2180
837.083984 2227 2191 2211 2216 2209 2223 2272 2239 2229
837.104004 2252 2291 2237 2240 2257 2225 2205 2238 2253
837.124023 2252 2242 2230 2242 2252 2226 2231 2232 2242
837.14502 2277 2275 2265 2225 2252 2246 2236 2255 2262
837.164978 2275 2239 2233 2252 2223 2226 2272 2216 2227
837.184998 2252 2247 2275 2238 2230 2243 2223 2251 2249
837.205017 2269 2289 2269 2273 2265 2260 2254 2259 2267
837.224976 2261 2280 2260 2246 2237 2251 2283 2249 2231
837.245972 2270 2236 2295 2277 2246 2249 2251 2256 2231
837.265991 2258 2303 2261 2252 2251 2245 2259 2245 2255
837.286011 2254 2251 2250 2288 2249 2277 2275 2247 2250
837.30603 2246 2233 2272 2233 2247 2293 2250 2242 2261
837.325989 2286 2292 2288 2261 2257 2250 2215 2252 2243
837.346985 2255 2287 2265 2275 2276 2299 2263 2270 2215
837.367004 2281 2261 2225 2264 2239 2279 2253 2266 2258
837.387024 2273 2274 2243 2267 2242 2253 2252 2260 2223
837.406982 2274 2241 2255 2283 2239 2284 2271 2208 2222
837.427002 2260 2251 2250 2283 2244 2247 2263 2204 2242
837.447998 2261 2283 2250 2280 2277 2265 2277 2278 2243
837.468018 2254 2270 2274 2273 2249 2248 2226 2260 2233
837.487976 2285 2277 2280 2277 2291 2287 2279 2258 2241
837.507996 2276 2297 2269 2281 2264 2263 2304 2236 2264
837.528992 2282 2275 2267 2282 2265 2265 2240 2234 2287
837.549011 2295 2290 2298 2259 2240 2236 2290 2275 2269
837.56897 2279 2306 2260 2302 2283 2277 2264 2279 2258
837.588989 2311 2260 2262 2291 2297 2302 2273 2276 2265
837.609009 2326 2299 2297 2280 2305 2286 2276 2263 2307
837.629028 2286 2321 2318 2300 2262 2270 2290 2265 2270
837.650024 2287 2312 2288 2298 2270 2298 2277 2279 2262
837.669983 2307 2311 2332 2309 2278 2281 2322 2273 2272
837.690002 2310 2297 2341 2329 2291 2317 2293 2296 2284
837.710022 2330 2313 2329 2324 2320 2314 2315 2259 2286
837.72998 2353 2343 2329 2336 2332 2306 2309 2318 2303
837.750977 2336 2315 2331 2311 2338 2320 2335 2304 2312
837.770996 2355 2334 2330 2374 2352 2311 2344 2321 2315
837.791016 2396 2347 2371 2343 2343 2368 2335 2337 2306
837.810974 2325 2368 2363 2333 2355 2333 2306 2360 2308
837.830994 2408 2362 2393 2341 2353 2375 2366 2354 2326
837.85199 2398 2391 2379 2366 2393 2385 2358 2364 2342
837.872009 2413 2380 2392 2384 2375 2350 2389 2401 2343
837.892029 2407 2381 2402 2394 2389 2399 2371 2373 2373
837.911987 2386 2403 2400 2403 2412 2380 2364 2391 2381
837.932007 2440 2398 2412 2364 2389 2405 2413 2434 2400
837.953003 2455 2418 2429 2417 2422 2427 2396 2415 2405
837.973022 2463 2423 2456 2449 2435 2456 2432 2444 2420
837.992981 2454 2460 2457 2443 2449 2465 2456 2432 2447
838.013 2470 2421 2403 2444 2430 2449 2435 2439 2424
838.03302 2493 2485 2497 2488 2492 2483 2474 2487 2436
838.052979 2487 2496 2508 2464 2482 2465 2514 2476 2480
838.073975 2517 2495 2500 2480 2517 2491 2518 2487 2465
838.093994 2518 2527 2558 2492 2512 2511 2513 2498 2456
838.114014 2532 2529 2554 2527 2502 2505 2553 2497 2512
838.133972 2553 2536 2540 2552 2514 2530 2522 2512 2550
838.153992 2564 2559 2528 2556 2537 2574 2574 2541 2539
838.174011 2568 2583 2532 2578 2582 2564 2550 2569 2575
838.195007 2507 2567 2596 2536 2589 2590 2559 2542 2564
838.215027 2564 2591 2605 2573 2601 2597 2591 2610 2570
838.234985 2586 2565 2520 2568 2590 2608 2585 2591 2562
838.255005 2609 2623 2602 2624 2615 2606 2577 2623 2573
838.275024 2589 2582 2607 2628 2606 2568 2577 2598 2588
838.296021 2579 2633 2649 2641 2630 2632 2628 2580 2583
838.315979 2587 2569 2603 2622 2604 2636 2572 2577 2592
838.335999 2613 2572 2581 2605 2598 2593 2587 2533 2573
838.356018 2567 2616 2570 2581 2564 2582 2562 2581 2530
838.375977 2553 2620 2604 2583 2587 2576 2551 2560 2538
838.395996 2562 2534 2581 2588 2569 2588 2549 2584 2534
838.416992 2585 2568 2587 2564 2567 2575 2559 2542 2531
838.437012 2609 2530 2612 2583 2584 2575 2559 2576 2594
838.45697 2625 2572 2562 2608 2568 2572 2557 2558 2544
838.47699 2584 2594 2576 2547 2582 2577 2536 2562 2530
838.497009 2603 2609 2606 2579 2603 2569 2591 2560 2555
838.517029 2594 2592 2601 2615 2551 2559 2577 2588 2553
838.538025 2565 2574 2606 2580 2565 2583 2609 2566 2585
838.557983 2611 2590 2598 2577 2584 2573 2595 2613 2564
838.578003 2594 2584 2615 2604 2558 2591 2569 2598 2546
838.598022 2604 2602 2616 2606 2621 2582 2580 2586 2570
838.617981 2639 2604 2595 2581 2600 2579 2575 2563 2583
838.638 2574 2611 2630 2561 2558 2588 2556 2531 2589
838.658997 2600 2601 2609 2624 2583 2581 2555 2599 2562
838.679016 2623 2607 2608 2606 2592 2562 2608 2600 2545
838.698975 2592 2612 2650 2610 2619 2587 2597 2542 2589
838.718994 2612 2586 2617 2623 2609 2603 2575 2618 2563
838.739014 2630 2593 2614 2608 2628 2603 2635 2627 2578
838.758972 2641 2625 2639 2616 2618 2665 2601 2611 2597
838.780029 2666 2670 2652 2630 2620 2638 2607 2608 2624
838.799988 2629 2629 2660 2685 2639 2685 2621 2636 2642
838.820007 2658 2651 2643 2664 2682 2634 2658 2660 2627
838.840027 2688 2691 2636 2681 2657 2652 2652 2593 2629
838.859985 2645 2678 2638 2699 2661 2648 2662 2687 2659
838.880005 2685 2690 2672 2710 2679 2689 2658 2692 2643
838.901001 2719 2717 2684 2702 2682 2687 2668 2669 2655
838.921021 2730 2701 2709 2681 2678 2716 2666 2665 2687
838.940979 2731 2713 2762 2749 2708 2703 2691 2677 2653
838.960999 2781 2753 2730 2740 2692 2729 2691 2672 2684
838.981018 2762 2763 2748 2793 2743 2705 2719 2729 2708
839.000977 2752 2761 2746 2754 2717 2726 2693 2758 2701
839.020996 2780 2785 2757 2765 2719 2729 2745 2716 2651
839.041992 2796 2776 2816 2793 2769 2789 2720 2745 2668
839.062012 2766 2823 2776 2793 2751 2747 2726 2706 2727
839.08197 2828 2841 2797 2843 2761 2741 2743 2700 2688
839.10199 2836 2844 2790 2821 2767 2784 2764 2715 2749
839.122009 2823 2847 2833 2804 2784 2773 2774 2789 2753
839.142029 2845 2859 2831 2834 2820 2756 2762 2734 2751
839.161987 2883 2852 2868 2863 2825 2827 2768 2770 2714
839.182983 2904 2901 2928 2816 2866 2828 2743 2755 2769
839.203003 2944 2871 2890 2904 2869 2798 2833 2816 2764
839.223022 2967 2924 2931 2915 2875 2843 2851 2837 2811
839.242981 2983 3005 2953 2925 2912 2908 2877 2855 2809
839.263 2996 3021 2991 2966 2919 2949 2880 2854 2880
839.28302 3073 3050 2984 3016 2988 2940 2926 2932 2882
839.304016 3074 3069 3059 3042 3025 2966 2951 2932 2894
839.323975 3138 3104 3075 3054 3041 3009 2996 2976 2932
839.343994 3134 3123 3170 3115 3022 3077 3037 3011 2973
839.364014 3170 3140 3157 3138 3140 3068 3036 3062 3020
839.383972 3201 3181 3206 3158 3162 3146 3073 3054 3026
839.403992 3250 3213 3225 3202 3220 3136 3118 3126 3061
839.424011 3297 3273 3209 3261 3180 3223 3126 3151 3101
839.445007 3304 3304 3274 3265 3218 3240 3158 3166 3119
839.465027 3301 3339 3320 3304 3267 3271 3225 3233 3182
839.484985 3359 3332 3288 3310 3294 3300 3254 3233 3230
839.505005 3381 3369 3326 3302 3303 3343 3310 3249 3232
839.525024 3396 3359 3366 3359 3378 3317 3323 3301 3290
839.544983 3405 3434 3391 3360 3366 3376 3285 3353 3292
839.565002 3417 3398 3398 3427 3424 3405 3372 3322 3322
839.585999 3448 3429 3444 3437 3455 3440 3391 3375 3300
839.606018 3481 3443 3528 3475 3452 3431 3408 3407 3376
839.625977 3448 3452 3521 3508 3455 3511 3388 3401 3395
839.645996 3477 3522 3424 3486 3481 3479 3444 3416 3388
839.666016 3486 3496 3465 3492 3512 3530 3444 3435 3476
839.685974 3446 3499 3490 3485 3496 3486 3489 3511 3486
839.705994 3503 3482 3511 3521 3539 3497 3534 3489 3442
839.726013 3520 3468 3472 3534 3461 3473 3493 3494 3394
839.747009 3468 3474 3528 3502 3516 3453 3438 3436 3423
839.767029 3509 3513 3516 3512 3424 3487 3475 3464 3422
839.786987 3456 3489 3460 3449 3489 3499 3357 3491 3442
839.807007 3459 3469 3479 3450 3442 3476 3492 3386 3387
839.827026 3447 3464 3401 3498 3475 3489 3449 3390 3397
839.846985 3452 3414 3486 3472 3433 3422 3452 3421 3337
839.867004 3485 3428 3410 3417 3397 3462 3447 3347 3402
839.887024 3503 3483 3481 3492 3399 3431 3382 3378 3374
839.90802 3465 3478 3505 3443 3395 3409 3400 3417 3388
839.927979 3477 3490 3468 3506 3417 3391 3431 3380 3421
839.947998 3491 3455 3444 3450 3466 3445 3413 3396 3322
839.968018 3492 3516 3486 3508 3388 3461 3391 3395 3375
839.987976 3488 3509 3493 3464 3406 3445 3445 3472 3394
840.007996 3476 3488 3478 3465 3462 3454 3385 3455 3405
840.028015 3498 3500 3457 3451 3428 3448 3425 3418 3358
840.047974 3504 3525 3468 3474 3461 3445 3445 3340 3355
840.06897 3532 3478 3464 3480 3457 3438 3404 3387 3381
840.088989 3518 3550 3495 3472 3474 3436 3466 3429 3404
840.109009 3505 3477 3511 3456 3466 3402 3416 3405 3360
840.129028 3513 3517 3507 3514 3414 3416 3418 3433 3363
840.148987 3533 3489 3519 3471 3452 3406 3432 3406 3386
840.169006 3517 3511 3491 3437 3440 3457 3459 3400 3378
840.189026 3482 3502 3512 3534 3513 3470 3462 3431 3411
840.208984 3443 3563 3503 3509 3493 3447 3445 3338 3417
840.22998 3519 3560 3543 3457 3488 3431 3434 3370 3373
840.25 3517 3541 3482 3451 3478 3407 3418 3393 3423
840.27002 3557 3522 3496 3502 3404 3464 3430 3439 3408
840.289978 3501 3519 3519 3504 3496 3499 3437 3448 3380
840.309998 3542 3479 3554 3481 3500 3453 3457 3414 3449
840.330017 3562 3536 3467 3508 3507 3465 3420 3469 3446
840.349976 3521 3573 3535 3498 3480 3441 3427 3475 3416
840.369995 3541 3520 3510 3498 3501 3474 3440 3384 3436
840.390015 3533 3546 3502 3547 3517 3490 3463 3487 3464
840.411011 3538 3501 3488 3530 3517 3491 3505 3471 3427
840.43103 3518 3469 3512 3506 3429 3468 3409 3434 3363
840.450989 3480 3477 3491 3498 3450 3448 3384 3384 3350
840.471008 3511 3441 3470 3481 3415 3415 3358 3368 3320
840.491028 3477 3456 3466 3415 3348 3387 3389 3347 3363
840.510986 3439 3464 3458 3413 3349 3349 3322 3282 3263
840.531006 3465 3386 3423 3381 3390 3337 3281 3275 3254
840.551025 3434 3350 3361 3324 3326 3272 3293 3221 3208
840.570984 3404 3343 3345 3318 3233 3283 3257 3233 3181
840.59198 3352 3340 3255 3264 3225 3186 3166 3162 3097
840.612 3330 3303 3270 3244 3227 3174 3123 3123 3078
840.632019 3293 3219 3211 3210 3154 3175 3020 3065 3064
840.651978 3241 3216 3240 3146 3109 3056 3094 3002 2985
840.671997 3203 3159 3055 3101 3046 3001 3050 2942 2921
840.692017 3195 3129 3108 3041 3013 3015 2933 2920 2881
840.711975 3104 3096 3018 2988 2931 2929 2925 2877 2851
840.731995 3097 2978 2975 2975 2912 2873 2815 2828 2781
840.752014 2996 2971 2914 2926 2880 2815 2768 2797 2720
840.771973 2963 2940 2922 2852 2800 2747 2743 2722 2698
840.79303 2892 2856 2841 2807 2758 2745 2689 2700 2661
840.812988 2899 2843 2776 2744 2739 2681 2698 2650 2624
840.833008 2840 2752 2726 2726 2663 2691 2608 2594 2573
840.853027 2754 2755 2679 2689 2634 2638 2602 2573 2571
840.872986 2746 2708 2697 2621 2609 2589 2583 2538 2518
840.893005 2731 2707 2624 2646 2586 2492 2518 2527 2491
840.913025 2678 2636 2621 2607 2526 2542 2493 2472 2471
840.932983 2631 2611 2542 2549 2506 2517 2468 2478 2390
840.953003 2574 2544 2519 2534 2463 2505 2470 2444 2444
840.973022 2584 2541 2533 2509 2451 2460 2426 2444 2435
840.994019 2555 2516 2456 2468 2453 2440 2452 2389 2375
841.013977 2518 2477 2440 2414 2436 2402 2417 2352 2389
841.033997 2496 2470 2421 2415 2409 2420 2396 2358 2348
841.054016 2483 2420 2428 2431 2385 2413 2369 2345 2322
841.073975 2457 2432 2404 2378 2372 2331 2315 2328 2334
841.093994 2403 2406 2382 2368 2333 2367 2325 2313 2301
841.114014 2392 2394 2375 2328 2343 2315 2290 2316 2252
841.133972 2375 2379 2369 2376 2308 2321 2331 2295 2298
841.153992 2340 2347 2334 2330 2309 2299 2262 2286 2285
841.174011 2368 2344 2309 2312 2302 2279 2298 2291 2289
841.19397 2380 2340 2338 2332 2321 2305 2298 2279 2278
841.215027 2364 2316 2334 2319 2303 2282 2282 2291 2271
841.234985 2341 2327 2328 2275 2270 2329 2240 2243 2242
841.255005 2365 2300 2299 2292 2295 2274 2282 2266 2230
841.275024 2296 2311 2318 2265 2283 2262 2242 2253 2264
841.294983 2292 2319 2310 2291 2274 2289 2247 2252 2244
841.315002 2305 2315 2297 2267 2289 2279 2275 2286 2245
841.335022 2297 2283 2262 2293 2255 2278 2249 2251 2234
841.35498 2305 2311 2293 2237 2278 2250 2218 2227 2232
841.375 2287 2298 2262 2281 2241 2243 2235 2213 2270
841.39502 2321 2331 2258 2271 2269 2249 2209 2233 2240
841.414978 2295 2285 2301 2278 2257 2248 2235 2252 2223
841.434998 2276 2294 2237 2251 2248 2233 2249 2254 2206
841.455994 2277 2278 2283 2255 2260 2262 2224 2207 2229
841.476013 2272 2249 2256 2267 2252 2235 2226 2258 2246
841.495972 2276 2272 2281 2245 2243 2224 2231 2241 2233
841.515991 2291 2284 2267 2276 2246 2246 2228 2269 2247
841.536011 2299 2280 2260 2251 2206 2258 2225 2262 2230
841.55603 2271 2273 2269 2237 2248 2230 2225 2216 2237
841.575989 2255 2246 2240 2267 2212 2218 2226 2221 2239
841.596008 2304 2289 2262 2242 2248 2231 2192 2239 2228
841.616028 2293 2262 2260 2266 2237 2254 2269 2239 2240
841.635986 2291 2238 2264 2247 2262 2243 2224 2237 2212
841.656006 2273 2265 2252 2249 2239 2240 2213 2213 2228
841.676025 2264 2270 2245 2236 2190 2218 2232 2223 2223
841.695984 2297 2289 2238 2235 2226 2245 2235 2231 2207
841.716003 2266 2277 2255 2211 2245 2246 2227 2203 2214
841.737 2261 2256 2227 2265 2228 2223 2235 2226 2229
841.757019 2272 2287 2250 2230 2247 2263 2201 2252 2214
841.776978 2256 2286 2248 2289 2237 2262 2178 2227 2247
841.796997 2276 2275 2244 2278 2247 2259 2226 2198 2226
841.817017 2299 2275 2265 2230 2249 2271 2206 2241 2231
841.836975 2273 2273 2243 2221 2262 2225 2219 2216 2223
841.856995 2257 2252 2247 2235 2267 2248 2234 2246 2193
841.877014 2254 2231 2244 2212 2258 2206 2218 2229 2200
841.896973 2271 2262 2273 2230 2208 2236 2218 2221 2211
841.916992 2267 2218 2236 2238 2204 2179 2196 2192 2204
841.937012 2228 2267 2251 2211 2246 2232 2207 2196 2215
841.95697 2254 2259 2251 2260 2235 2219 2207 2219 2223
841.97699 2311 2312 2283 2240 2239 2199 2203 2216 2240
841.997009 2240 2274 2271 2273 2224 2257 2254 2215 2213
842.018005 2240 2253 2245 2213 2235 2207 2234 2211 2250
842.038025 2273 2256 2246 2248 2242 2226 2237 2234 2215
842.057983 2278 2256 2258 2247 2284 2250 2242 2213 2211
842.078003 2281 2275 2268 2248 2214 2251 2208 2203 2245
842.098022 2293 2285 2266 2278 2234 2224 2250 2230 2215
842.117981 2260 2259 2257 2265 2233 2225 2201 2198 2229
842.138 2250 2273 2235 2231 2238 2241 2228 2251 2187
842.15802 2262 2254 2215 2240 2215 2203 2231 2202 2217
842.177979 2262 2229 2234 2251 2212 2248 2206 2208 2172
842.197998 2252 2255 2260 2197 2252 2212 2204 2231 2206
842.218018 2268 2266 2230 2237 2234 2218 2232 2210 2202
842.237976 2292 2239 2216 2229 2226 2188 2199 2197 2226
842.257996 2230 2265 2220 2232 2251 2244 2197 2237 2195
842.278015 2256 2226 2203 2236 2232 2215 2240 2216 2211
842.297974 2272 2245 2224 2239 2241 2226 2216 2215 2208
842.317993 2253 2243 2246 2254 2231 2222 2238 2231 2207
842.338013 2258 2256 2230 2224 2241 2219 2232 2226 2222
842.357971 2283 2233 2291 2241 2260 2230 2214 2228 2230
842.379028 2204 2266 2262 2248 2214 2228 2217 2206 2206
842.398987 2270 2261 2256 2265 2252 2218 2216 2213 2213
842.419006 2243 2250 2240 2254 2214 2239 2215 2229 2210
842.439026 2274 2249 2254 2233 2230 2250 2224 2204 2242
842.458984 2256 2267 2246 2227 2227 2206 2203 2222 2207
842.479004 2248 2229 2241 2241 2230 2246 2271 2204 2207
842.499023 2242 2212 2227 2238 2216 2193 2232 2245 2193
842.518982 2267 2273 2244 2244 2232 2197 2223 2199 2230
842.539001 2261 2257 2229 2234 2216 2228 2216 2204 2179
842.559021 2259 2244 2242 2179 2214 2220 2203 2198 2215
842.578979 2236 2216 2237 2240 2244 2230 2218 2186 2171
842.598999 2286 2269 2238 2204 2226 2225 2226 2230 2188
842.619019 2278 2245 2227 2227 2184 2231 2206 2213 2186
842.638977 2241 2269 2267 2215 2239 2245 2188 2218 2236
842.658997 2292 2268 2256 2252 2227 2245 2222 2213 2261
842.679016 2282 2273 2272 2244 2233 2274 2219 2196 2228
842.698975 2229 2261 2258 2253 2258 2243 2225 2239 2214
842.718994 2262 2266 2254 2258 2273 2256 2267 2214 2228
842.739014 2248 2250 2283 2229 2289 2257 2224 2223 2240
842.758972 2276 2247 2255 2247 2258 2245 2241 2214 2240
842.778992 2268 2276 2238 2222 2218 2256 2247 2243 2230
842.799011 2269 2259 2271 2233 2223 2202 2239 2227 2214
842.820007 2244 2264 2256 2254 2192 2216 2197 2236 2232
842.840027 2243 2280 2233 2239 2229 2227 2210 2232 2214
842.859985 2261 2236 2261 2240 2222 2254 2255 2218 2233
842.880005 2264 2286 2240 2252 2212 2233 2229 2212 2191
842.900024 2259 2270 2256 2231 2248 2252 2208 2210 2230
842.919983 2273 2261 2251 2256 2219 2245 2235 2224 2194
842.940002 2285 2281 2243 2257 2236 2230 2231 2210 2214
842.960022 2271 2251 2244 2256 2250 2239 2219 2257 2223
842.97998 2266 2277 2268 2264 2251 2209 2243 2230 2253
843 2251 2256 2228 2237 2252 2216 2219 2206 2205
843.02002 2300 2252 2253 2226 2226 2252 2223 2242 2172
843.039978 2283 2251 2266 2264 2243 2240 2245 2242 2211
843.059998 2267 2265 2236 2213 2247 2220 2227 2204 2206
843.080017 2267 2222 2251 2246 2222 2207 2225 2221 2217
843.099976 2244 2256 2233 2236 2224 2219 2222 2242 2189
843.119995 2261 2268 2247 2248 2225 2208 2232 2240 2185
843.140015 2230 2233 2249 2230 2246 2243 2227 2203 2196
843.159973 2255 2277 2251 2219 2241 2234 2206 2242 2242
843.179993 2260 2277 2285 2245 2242 2253 2210 2192 2239
843.200012 2265 2233 2245 2228 2274 2237 2250 2209 2215
843.219971 2275 2256 2264 2233 2220 2193 2240 2215 2220
843.23999 2257 2274 2220 2219 2232 2214 2210 2222 2243
843.26001 2265 2257 2271 2234 2251 2240 2244 2179 2200
843.280029 2263 2244 2241 2242 2225 2198 2234 2229 2212
843.299988 2289 2281 2263 2264 2223 2226 2221 2244 2212
843.320007 2263 2266 2306 2231 2269 2227 2228 2237 2214
843.340027 2259 2253 2247 2227 2196 2255 2267 2219 2208
843.359985 2268 2270 2243 2259 2254 2219 2221 2220 2205
843.380005 2274 2272 2270 2209 2224 2241 2234 2212 2241
843.400024 2289 2269 2257 2229 2211 2220 2233 2221 2228
843.419983 2239 2258 2264 2258 2215 2266 2227 2209 2180
843.440002 2267 2252 2245 2249 2241 2249 2204 2216 2193
843.460022 2266 2267 2240 2219 2215 2208 2217 2234 2205
843.47998 2255 2275 2276 2257 2249 2227 2226 2227 2227
843.5 2257 2284 2253 2245 2259 2280 2203 2224 2198
843.52002 2238 2237 2260 2253 2243 2233 2220 2230 2233
843.539978 2270 2262 2273 2236 2229 2231 2231 2217 2215
843.559998 2266 2277 2242 2285 2235 2257 2219 2249 2223
843.580994 2274 2248 2257 2245 2272 2229 2214 2251 2213
843.601013 2285 2302 2227 2245 2205 2245 2245 2211 2234
843.620972 2285 2275 2248 2248 2245 2208 2271 2242 2228
843.640991 2290 2290 2275 2251 2247 2238 2239 2223 2202
843.661011 2279 2255 2274 2270 2248 2262 2245 2266 2231
843.68103 2302 2277 2255 2261 2261 2230 2236 2236 2244
843.700989 2305 2275 2247 2239 2221 2242 2214 2222 2236
843.721008 2277 2278 2255 2273 2241 2253 2222 2237 2210
843.741028 2262 2250 2268 2237 2275 2224 2259 2248 2234
843.760986 2258 2279 2260 2260 2230 2232 2229 2238 2229
843.781006 2272 2271 2262 2264 2227 2236 2242 2243 2232
843.801025 2300 2302 2266 2259 2283 2256 2257 2262 2181
843.820984 2252 2277 2261 2245 2275 2278 2227 2234 2239
843.841003 2301 2301 2258 2277 2256 2243 2225 2243 2231
843.861023 2303 2275 2255 2256 2250 2236 2242 2240 2241
843.880981 2277 2259 2272 2236 2220 2239 2219 2182 2219
843.901001 2289 2269 2247 2227 2239 2243 2229 2223 2245
843.921021 2313 2284 2254 2285 2232 2225 2260 2221 2242
843.940979 2260 2284 2249 2215 2240 2238 2250 2219 2259
843.960999 2300 2267 2267 2278 2249 2220 2237 2213 2208
843.981018 2264 2293 2254 2249 2244 2224 2245 2258 2199
844.000977 2263 2252 2263 2269 2229 2255 2248 2266 2220
844.020996 2297 2242 2242 2252 2222 2226 2254 2219 2251
844.041016 2285 2317 2285 2268 2253 2268 2267 2245 2246
844.060974 2280 2275 2278 2230 2250 2239 2231 2249 2248
844.080994 2299 2275 2271 2241 2274 2233 2261 2218 2223
844.101013 2277 2290 2287 2232 2258 2236 2254 2253 2225
844.120972 2254 2249 2258 2275 2281 2216 2238 2213 2239
844.140991 2298 2296 2274 2242 2225 2257 2255 2216 2215
844.161011 2299 2295 2277 2260 2290 2261 2262 2245 2223
844.18103 2305 2287 2278 2275 2260 2238 2222 2237 2267
844.200989 2300 2303 2299 2257 2256 2241 2268 2244 2247
844.221008 2301 2304 2264 2278 2260 2247 2236 2244 2223
844.241028 2288 2277 2267 2253 2290 2250 2248 2232 2251
844.260986 2314 2297 2305 2265 2264 2262 2257 2254 2256
844.281006 2292 2259 2295 2281 2283 2266 2243 2230 2263
844.301025 2253 2261 2250 2229 2277 2254 2210 2259 2219
844.320984 2272 2292 2316 2281 2242 2248 2253 2218 2250
844.341003 2322 2268 2291 2281 2262 2247 2241 2258 2258
844.361023 2291 2273 2273 2261 2284 2260 2241 2229 2203
844.380981 2278 2306 2281 2248 2243 2275 2241 2255 2231
844.401001 2289 2291 2257 2234 2263 2255 2227 2231 2252
844.421021 2293 2298 2258 2280 2226 2234 2240 2235 2247
844.440979 2326 2281 2268 2255 2295 2265 2263 2233 2241
844.460999 2283 2273 2264 2240 2239 2248 2224 2260 2208
844.481018 2286 2269 2255 2252 2206 2251 2238 2227 2233
844.500977 2276 2276 2267 2264 2263 2248 2246 2221 2210
844.520996 2250 2261 2251 2242 2227 2228 2256 2253 2209
844.541016 2264 2251 2255 2274 2251 2254 2246 2239 2214
844.559998 2267 2268 2244 2298 2242 2266 2222 2215 2215
844.580017 2305 2283 2249 2257 2217 2266 2250 2238 2233
844.599976 2299 2264 2270 2254 2259 2225 2225 2218 2203
844.619995 2290 2268 2246 2244 2247 2243 2229 2201 2228
844.640015 2291 2282 2247 2238 2260 2263 2249 2232 2240
844.659973 2280 2265 2256 2273 2226 2237 2232 2238 2195
844.679993 2299 2279 2269 2273 2258 2249 2236 2253 2217
844.700012 2304 2291 2265 2244 2266 2253 2241 2214 2234
844.719971 2280 2278 2269 2222 2212 2220 2225 2222 2225
844.73999 2284 2248 2241 2252 2210 2219 2226 2228 2217
844.76001 2281 2251 2264 2255 2274 2246 2233 2196 2206
844.780029 2274 2270 2268 2251 2262 2264 2205 2220 2193
844.799988 2292 2257 2258 2224 2215 2260 2232 2221 2193
844.820007 2279 2271 2271 2233 2236 2242 2255 2223 2202
844.840027 2270 2261 2273 2268 2224 2250 2205 2227 2222
844.859985 2294 2256 2230 2262 2217 2244 2226 2205 2217
844.880005 2276 2286 2275 2275 2239 2242 2237 2236 2183
844.900024 2305 2290 2293 2252 2246 2237 2248 2267 2235
844.919983 2291 2238 2232 2228 2229 2211 2233 2215 2219
844.940002 2285 2231 2262 2263 2270 2223 2235 2201 2206
844.960022 2266 2267 2291 2252 2268 2268 2207 2220 2219
844.97998 2270 2261 2268 2263 2261 2230 2219 2219 2230
845 2281 2303 2261 2266 2259 2205 2215 2272 2238
845.02002 2252 2256 2288 2268 2235 2243 2257 2215 2247
845.039978 2305 2273 2249 2287 2261 2246 2251 2243 2217
845.059998 2299 2268 2278 2254 2275 2250 2246 2222 2239
845.080017 2318 2298 2276 2271 2270 2259 2260 2251 2247
845.099976 2290 2283 2250 2265 2256 2247 2225 2211 2226
845.119995 2306 2293 2271 2275 2291 2266 2273 2230 2218
845.140015 2293 2284 2297 2253 2261 2256 2249 2248 2228
845.159973 2306 2309 2287 2279 2275 2268 2259 2249 2234
845.179993 2306 2277 2288 2259 2278 2256 2222 2229 2224
845.200012 2276 2287 2268 2282 2268 2248 2261 2246 2244
845.219971 2324 2289 2288 2267 2281 2230 2270 2240 2225
845.23999 2320 2272 2263 2281 2278 2274 2286 2243 2238
845.26001 2318 2329 2297 2315 2265 2270 2243 2264 2250
845.280029 2305 2309 2303 2298 2270 2277 2254 2244 2222
845.299011 2325 2270 2319 2274 2269 2269 2259 2304 2247
845.31897 2307 2286 2304 2265 2282 2250 2279 2263 2255
845.338989 2310 2300 2313 2293 2280 2281 2288 2250 2240
845.359009 2318 2315 2299 2297 2301 2276 2266 2294 2250
845.379028 2341 2307 2295 2287 2308 2276 2286 2249 2273
845.398987 2335 2304 2295 2273 2299 2271 2266 2271 2272
845.419006 2317 2350 2311 2328 2315 2287 2270 2271 2248
845.439026 2308 2323 2308 2305 2309 2286 2279 2271 2267
845.458984 2390 2331 2323 2307 2305 2304 2299 2288 2290
845.479004 2354 2354 2329 2317 2294 2308 2315 2308 2265
845.499023 2349 2334 2349 2322 2305 2312 2274 2258 2271
845.518982 2357 2387 2335 2337 2323 2301 2323 2291 2293
845.539001 2340 2339 2358 2367 2360 2342 2289 2308 2304
845.559021 2376 2388 2347 2306 2323 2352 2324 2318 2308
845.578979 2361 2408 2382 2323 2350 2313 2311 2319 2303
845.598999 2384 2386 2355 2362 2304 2305 2318 2301 2291
845.619019 2409 2411 2400 2378 2398 2353 2347 2308 2328
845.638977 2401 2394 2384 2368 2381 2357 2323 2340 2308
845.658997 2395 2397 2370 2352 2355 2356 2328 2327 2328
845.679016 2415 2381 2378 2392 2369 2347 2369 2323 2345
845.698975 2420 2363 2376 2409 2360 2321 2381 2344 2335
845.718994 2407 2393 2382 2387 2365 2341 2333 2348 2337
845.737976 2425 2380 2392 2370 2405 2363 2350 2350 2351
845.757996 2429 2378 2411 2379 2384 2372 2334 2359 2320
845.778015 2412 2396 2405 2332 2381 2336 2372 2312 2360
845.797974 2433 2382 2420 2390 2325 2404 2353 2325 2327
845.817993 2419 2407 2382 2372 2316 2316 2327 2306 2328
845.838013 2437 2387 2386 2367 2343 2368 2343 2282 2332
845.857971 2415 2405 2408 2333 2366 2365 2330 2325 2352
845.877991 2423 2404 2375 2397 2350 2360 2367 2359 2337
845.89801 2413 2428 2361 2389 2352 2358 2341 2337 2352
845.91803 2399 2444 2396 2382 2392 2360 2370 2355 2379
845.937988 2452 2401 2416 2393 2399 2363 2361 2382 2353
845.958008 2394 2410 2391 2379 2392 2356 2352 2353 2365
845.978027 2427 2389 2363 2402 2364 2356 2384 2308 2313
845.997986 2452 2435 2426 2405 2393 2377 2374 2369 2338
846.018005 2427 2426 2396 2392 2387 2376 2392 2333 2368
846.038025 2415 2411 2415 2360 2358 2383 2376 2370 2356
846.057983 2450 2419 2414 2395 2368 2372 2353 2368 2338
846.078003 2450 2413 2426 2386 2372 2384 2364 2340 2337
846.096985 2416 2380 2388 2395 2343 2396 2385 2320 2350
846.117004 2413 2418 2384 2414 2377 2394 2376 2320 2346
846.137024 2421 2373 2394 2416 2375 2372 2329 2326 2357
846.156982 2405 2427 2385 2345 2364 2335 2337 2319 2327
846.177002 2421 2405 2393 2404 2372 2361 2354 2370 2318
846.197021 2406 2396 2386 2367 2322 2384 2333 2359 2323
846.21698 2423 2391 2411 2389 2358 2366 2356 2354 2328
846.237 2440 2419 2405 2374 2374 2351 2373 2325 2333
846.257019 2423 2424 2425 2409 2369 2370 2393 2362 2354
846.276978 2426 2403 2414 2375 2385 2381 2367 2343 2314
846.296997 2449 2429 2434 2410 2347 2383 2366 2368 2353
846.317017 2406 2423 2410 2369 2404 2402 2373 2365 2346
846.336975 2466 2375 2383 2404 2385 2367 2372 2347 2363
846.356995 2469 2446 2414 2411 2378 2390 2367 2372 2368
846.377014 2460 2461 2435 2410 2426 2388 2393 2382 2332
846.395996 2449 2446 2414 2408 2358 2402 2392 2414 2351
846.416016 2424 2423 2407 2435 2394 2401 2375 2322 2367
846.435974 2452 2450 2434 2425 2436 2393 2355 2385 2358
846.455994 2456 2399 2439 2399 2419 2401 2370 2371 2350
846.476013 2453 2425 2434 2413 2408 2395 2371 2378 2350
846.495972 2431 2407 2390 2399 2386 2389 2408 2357 2372
846.515991 2473 2444 2431 2394 2390 2419 2403 2408 2368
846.536011 2483 2426 2392 2390 2414 2406 2388 2387 2357
846.55603 2438 2453 2419 2403 2371 2387 2341 2373 2308
846.575989 2455 2442 2402 2414 2390 2400 2370 2380 2356
846.596008 2430 2427 2415 2407 2410 2378 2383 2355 2349
846.616028 2416 2438 2382 2383 2381 2347 2362 2366 2345
846.63501 2437 2425 2400 2415 2366 2378 2336 2366 2354
846.655029 2426 2412 2379 2364 2397 2376 2326 2354 2311
846.674988 2406 2423 2384 2374 2383 2382 2353 2375 2323
846.695007 2432 2419 2416 2421 2417 2375 2373 2343 2338
846.715027 2413 2408 2420 2405 2377 2381 2368 2364 2338
846.734985 2430 2430 2395 2404 2375 2398 2361 2371 2337
846.755005 2446 2385 2408 2385 2372 2381 2356 2366 2379
846.775024 2429 2413 2413 2390 2396 2396 2383 2350 2355
846.794983 2447 2407 2403 2400 2365 2371 2351 2335 2319
846.815002 2417 2433 2443 2397 2400 2381 2367 2353 2324
846.835022 2434 2409 2403 2389 2373 2345 2344 2369 2344
846.85498 2424 2402 2414 2386 2327 2365 2332 2333 2354
846.875 2423 2416 2390 2389 2372 2384 2367 2384 2380
846.893982 2469 2435 2448 2430 2398 2399 2377 2360 2361
846.914001 2441 2429 2433 2382 2405 2392 2383 2406 2382
846.934021 2424 2401 2396 2403 2385 2376 2364 2363 2299
846.953979 2457 2396 2426 2406 2417 2387 2379 2354 2344
846.973999 2437 2433 2420 2437 2393 2378 2356 2343 2346
846.994019 2480 2448 2425 2432 2420 2408 2413 2396 2363
847.013977 2449 2430 2415 2430 2394 2393 2388 2375 2361
847.033997 2479 2481 2446 2391 2374 2402 2398 2377 2358
847.054016 2416 2431 2428 2430 2418 2370 2373 2367 2374
847.073975 2475 2451 2416 2428 2415 2409 2394 2396 2334
847.093994 2465 2444 2448 2409 2415 2388 2368 2386 2374
847.112976 2456 2452 2425 2385 2393 2438 2376 2370 2379
847.132996 2485 2460 2456 2439 2406 2381 2416 2385 2362
847.153015 2448 2479 2412 2430 2431 2372 2394 2388 2375
847.172974 2485 2451 2471 2456 2457 2410 2419 2398 2406
847.192993 2456 2450 2433 2430 2432 2401 2448 2416 2397
847.213013 2496 2489 2472 2452 2447 2403 2426 2369 2381
847.232971 2472 2486 2419 2448 2423 2427 2394 2413 2365
847.252991 2478 2480 2439 2460 2426 2425 2397 2384 2397
847.27301 2516 2462 2460 2457 2421 2451 2393 2429 2397
847.29303 2489 2456 2453 2472 2433 2413 2443 2413 2377
847.312012 2453 2444 2436 2450 2443 2365 2371 2395 2430
847.33197 2472 2456 2433 2410 2426 2438 2418 2390 2371
847.35199 2452 2470 2451 2478 2425 2438 2395 2374 2351
847.372009 2465 2456 2464 2451 2414 2397 2400 2419 2430
847.392029 2483 2468 2441 2408 2401 2440 2380 2395 2402
847.411987 2451 2444 2438 2426 2432 2398 2382 2365 2386
847.432007 2498 2431 2461 2400 2417 2377 2388 2390 2352
847.452026 2459 2402 2432 2396 2376 2383 2386 2352 2347
847.471985 2469 2451 2448 2384 2415 2378 2381 2351 2376
847.492004 2444 2459 2438 2465 2376 2397 2367 2388 2370
847.510986 2443 2439 2409 2405 2376 2385 2386 2380 2342
847.531006 2442 2399 2401 2426 2411 2417 2404 2381 2366
847.551025 2428 2463 2409 2401 2398 2379 2379 2368 2340
847.570984 2424 2465 2407 2389 2369 2393 2383 2369 2355
847.591003 2462 2436 2410 2439 2402 2388 2383 2382 2355
847.611023 2476 2461 2420 2389 2413 2420 2385 2398 2365
847.630981 2485 2413 2430 2447 2430 2399 2376 2384 2353
847.651001 2468 2472 2461 2435 2410 2420 2375 2381 2332
847.669983 2483 2480 2424 2425 2404 2397 2366 2369 2364
847.690002 2502 2476 2470 2466 2410 2372 2408 2380 2319
847.710022 2506 2458 2437 2429 2412 2388 2407 2364 2372
847.72998 2489 2475 2476 2448 2410 2399 2403 2377 2362
847.75 2496 2456 2434 2437 2420 2447 2387 2394 2367
847.77002 2442 2472 2441 2411 2386 2401 2399 2406 2390
847.789978 2513 2458 2466 2458 2432 2446 2395 2421 2389
847.809998 2469 2488 2468 2447 2448 2441 2416 2396 2395
847.830017 2530 2469 2465 2465 2418 2419 2409 2409 2386
847.848999 2480 2505 2447 2478 2436 2439 2405 2386 2408
847.869019 2515 2530 2468 2441 2406 2425 2421 2406 2378
847.888977 2468 2475 2453 2443 2430 2426 2414 2388 2417
847.908997 2500 2454 2440 2421 2398 2449 2410 2377 2383
847.929016 2470 2445 2478 2442 2468 2424 2403 2373 2396
847.948975 2533 2480 2459 2433 2438 2406 2441 2433 2421
847.968994 2433 2480 2445 2406 2432 2438 2427 2389 2337
847.989014 2479 2499 2490 2477 2434 2447 2394 2412 2391
848.007996 2481 2442 2458 2473 2439 2433 2424 2388 2353
848.028015 2489 2523 2484 2419 2469 2417 2410 2420 2399
848.047974 2507 2503 2463 2481 2444 2482 2432 2388 2401
848.067993 2477 2456 2493 2472 2471 2448 2422 2428 2416
848.088013 2516 2504 2491 2455 2460 2463 2440 2393 2429
848.107971 2522 2477 2476 2451 2440 2423 2440 2433 2430
848.127991 2529 2511 2487 2445 2460 2466 2394 2425 2395
848.14801 2525 2515 2482 2508 2469 2458 2424 2423 2398
848.166992 2522 2517 2496 2480 2471 2438 2429 2435 2419
848.187012 2516 2496 2503 2455 2474 2427 2425 2427 2403
848.20697 2529 2478 2466 2467 2449 2434 2434 2443 2412
848.22699 2493 2539 2492 2465 2437 2479 2438 2422 2422
848.247009 2550 2498 2498 2480 2475 2429 2441 2454 2399
848.267029 2540 2525 2543 2508 2471 2469 2461 2458 2425
848.286987 2504 2567 2479 2481 2448 2467 2411 2426 2393
848.307007 2508 2512 2505 2472 2503 2480 2447 2432 2416
848.325989 2509 2535 2521 2469 2453 2476 2459 2434 2416
848.346008 2512 2536 2543 2525 2474 2498 2446 2433 2430
848.366028 2545 2511 2506 2491 2457 2485 2457 2441 2417
848.385986 2561 2571 2499 2489 2492 2494 2446 2425 2451
848.406006 2543 2503 2493 2511 2518 2485 2470 2486 2415
848.426025 2581 2534 2525 2496 2532 2488 2474 2454 2458
848.445984 2583 2542 2525 2487 2457 2508 2459 2452 2458
848.466003 2538 2508 2543 2491 2481 2477 2460 2472 2424
848.484985 2550 2517 2542 2511 2501 2477 2505 2434 2462
848.505005 2578 2557 2525 2518 2460 2480 2457 2443 2472
848.525024 2575 2529 2549 2497 2502 2462 2485 2447 2460
848.544983 2593 2560 2505 2515 2491 2485 2508 2459 2493
848.565002 2587 2545 2536 2505 2483 2473 2463 2474 2455
848.585022 2585 2498 2501 2552 2476 2480 2488 2469 2449
848.604004 2589 2533 2530 2502 2493 2509 2495 2472 2456
848.624023 2574 2549 2534 2485 2516 2472 2477 2475 2426
848.643982 2547 2519 2531 2476 2476 2496 2445 2473 2447
848.664001 2537 2549 2530 2486 2465 2459 2444 2447 2456
848.684021 2563 2536 2533 2478 2474 2492 2450 2430 2446
848.703979 2529 2548 2504 2501 2494 2491 2464 2463 2466
848.723999 2560 2524 2489 2490 2527 2481 2472 2466 2445
848.742981 2539 2495 2488 2493 2478 2471 2466 2462 2455
848.763 2553 2513 2495 2490 2516 2469 2435 2450 2461
848.78302 2512 2516 2511 2466 2483 2460 2464 2439 2398
848.802979 2504 2504 2498 2482 2469 2471 2438 2445 2449
848.822998 2541 2523 2517 2463 2466 2454 2472 2460 2461
848.843018 2605 2552 2555 2504 2497 2531 2454 2474 2483
848.862976 2577 2583 2552 2530 2541 2529 2436 2489 2518
848.882019 2594 2595 2562 2550 2523 2507 2485 2498 2512
848.901978 2589 2590 2582 2575 2540 2551 2517 2487 2483
848.921997 2592 2605 2574 2586 2563 2538 2543 2518 2515
848.942017 2610 2612 2587 2544 2557 2528 2532 2518 2512
848.961975 2626 2580 2585 2559 2544 2530 2522 2531 2490
848.981995 2618 2632 2585 2553 2586 2540 2540 2505 2524
849.002014 2611 2559 2562 2569 2525 2494 2494 2515 2502
849.020996 2617 2553 2561 2559 2563 2545 2523 2542 2494
849.041016 2625 2564 2588 2568 2545 2529 2572 2527 2511
849.060974 2620 2577 2597 2558 2528 2515 2547 2533 2516
849.080994 2642 2612 2586 2557 2538 2562 2513 2515 2492
849.101013 2628 2579 2554 2554 2600 2548 2540 2492 2517
849.120972 2631 2581 2598 2591 2564 2548 2510 2523 2538
849.140015 2630 2585 2586 2572 2555 2559 2548 2517 2511
849.159973 2581 2583 2573 2565 2543 2532 2542 2525 2525
849.179993 2589 2571 2581 2571 2598 2540 2559 2510 2502
849.200012 2602 2581 2572 2552 2533 2538 2516 2486 2484
849.219971 2596 2576 2571 2550 2560 2553 2524 2500 2497
849.23999 2577 2611 2555 2554 2519 2534 2473 2514 2476
849.258972 2585 2638 2563 2567 2542 2542 2525 2504 2520
849.278992 2561 2577 2566 2557 2512 2523 2502 2473 2450
849.299011 2599 2609 2577 2536 2498 2528 2520 2483 2488
849.31897 2603 2546 2568 2540 2504 2545 2531 2484 2457
849.338989 2588 2595 2544 2568 2532 2517 2505 2499 2462
849.359009 2595 2567 2551 2545 2539 2507 2492 2494 2484
849.377991 2596 2561 2534 2528 2559 2516 2459 2480 2429
849.39801 2593 2542 2596 2560 2543 2526 2517 2482 2482
849.41803 2587 2578 2566 2554 2544 2516 2510 2485 2493
849.437988 2565 2571 2551 2536 2561 2535 2497 2525 2490
849.458008 2622 2552 2556 2491 2521 2528 2491 2480 2442
849.478027 2554 2519 2552 2526 2492 2539 2465 2479 2453
849.497009 2526 2574 2520 2496 2510 2458 2450 2444 2420
849.517029 2541 2539 2531 2538 2437 2528 2445 2470 2430
849.536987 2544 2534 2522 2525 2510 2465 2485 2473 2461
849.557007 2555 2565 2489 2544 2479 2509 2512 2447 2442
849.577026 2516 2521 2481 2513 2483 2504 2454 2469 2435
849.596985 2553 2530 2514 2445 2475 2465 2447 2465 2434
849.616028 2537 2532 2489 2488 2466 2491 2473 2440 2470
849.635986 2567 2532 2511 2472 2493 2498 2436 2479 2439
849.656006 2548 2459 2476 2504 2479 2489 2454 2454 2416
849.676025 2543 2496 2500 2490 2479 2473 2435 2418 2437
849.695984 2519 2538 2480 2481 2478 2455 2463 2467 2418
849.716003 2530 2518 2483 2508 2513 2489 2451 2435 2421
849.734985 2557 2510 2514 2478 2493 2511 2468 2473 2410
849.755005 2562 2510 2490 2508 2483 2481 2478 2450 2447
849.775024 2512 2520 2519 2516 2493 2443 2465 2473 2456
849.794983 2544 2521 2508 2495 2464 2495 2449 2457 2448
849.815002 2566 2518 2512 2463 2469 2484 2420 2445 2416
849.833984 2544 2546 2528 2471 2466 2478 2484 2439 2442
849.854004 2531 2503 2505 2510 2491 2500 2461 2456 2451
849.874023 2574 2531 2518 2511 2474 2473 2452 2445 2455
849.893982 2587 2575 2510 2520 2463 2448 2449 2432 2440
849.914001 2558 2552 2497 2512 2501 2448 2454 2461 2440
849.934021 2554 2482 2498 2525 2488 2502 2451 2445 2435
849.953003 2567 2560 2508 2473 2514 2489 2471 2482 2440
849.973022 2532 2554 2543 2500 2499 2503 2463 2442 2445
849.992981 2528 2520 2561 2548 2496 2497 2454 2463 2452
850.013 2551 2562 2497 2495 2500 2488 2466 2459 2450
850.03302 2554 2561 2509 2537 2481 2481 2444 2446 2449
850.052002 2582 2554 2544 2546 2492 2514 2474 2488 2492
850.072021 2532 2529 2535 2502 2479 2505 2466 2456 2451
850.09198 2574 2541 2517 2520 2534 2500 2484 2484 2466
850.112 2558 2525 2501 2534 2513 2489 2471 2442 2448
850.132019 2548 2489 2483 2465 2471 2464 2441 2432 2463
850.151001 2549 2516 2522 2496 2498 2475 2459 2481 2453
850.171021 2532 2522 2468 2471 2451 2479 2436 2395 2426
850.190979 2508 2489 2463 2473 2470 2466 2418 2406 2410
850.210999 2521 2550 2497 2464 2459 2475 2424 2438 2406
850.231018 2516 2502 2487 2511 2492 2460 2447 2425 2424
850.250977 2532 2516 2506 2468 2458 2473 2464 2431 2446
850.27002 2539 2496 2510 2471 2443 2507 2471 2430 2403
850.289978 2541 2527 2473 2479 2464 2441 2468 2423 2416
850.309998 2554 2496 2487 2455 2443 2478 2447 2414 2414
850.330017 2530 2521 2485 2474 2457 2469 2449 2411 2418
850.349976 2530 2509 2485 2463 2461 2426 2453 2421 2450
850.369019 2530 2500 2478 2474 2450 2443 2445 2448 2402
850.388977 2560 2479 2522 2472 2460 2470 2419 2434 2415
850.408997 2540 2518 2528 2506 2458 2473 2423 2460 2404
850.429016 2534 2489 2516 2487 2460 2443 2424 2423 2410
850.448975 2497 2507 2494 2467 2460 2458 2481 2429 2399
850.468018 2545 2527 2499 2487 2472 2445 2412 2450 2399
850.487976 2530 2452 2486 2484 2441 2445 2458 2441 2417
850.507996 2530 2511 2517 2462 2466 2464 2427 2439 2410
850.528015 2528 2520 2500 2505 2469 2446 2461 2424 2414
850.547974 2519 2493 2479 2463 2440 2443 2403 2435 2397
850.567017 2537 2486 2482 2462 2456 2415 2414 2412 2367
850.586975 2542 2478 2467 2442 2486 2428 2417 2409 2378
850.606995 2516 2462 2475 2455 2453 2470 2434 2401 2422
850.627014 2467 2466 2473 2439 2486 2435 2356 2417 2422
850.645996 2509 2473 2472 2458 2412 2399 2438 2426 2414
850.666016 2508 2492 2485 2494 2491 2457 2458 2414 2381
850.685974 2497 2466 2467 2471 2435 2385 2412 2395 2373
850.705994 2488 2480 2486 2451 2426 2453 2419 2387 2404
850.726013 2504 2500 2491 2486 2440 2435 2392 2398 2392
850.744995 2495 2478 2432 2471 2437 2428 2437 2411 2421
850.765015 2493 2459 2489 2461 2429 2412 2408 2411 2387
850.784973 2492 2466 2474 2450 2462 2429 2398 2401 2418
850.804993 2455 2504 2459 2495 2432 2409 2423 2414 2367
850.825012 2514 2479 2468 2434 2450 2420 2404 2378 2374
850.843994 2509 2479 2474 2463 2487 2445 2392 2399 2424
850.864014 2502 2483 2466 2475 2456 2402 2411 2381 2416
850.883972 2522 2511 2486 2492 2427 2459 2401 2407 2382
850.903992 2513 2502 2475 2445 2443 2440 2428 2409 2400
850.924011 2524 2487 2475 2457 2441 2444 2409 2404 2408
850.942993 2501 2488 2483 2469 2436 2453 2452 2400 2394
850.963013 2515 2469 2486 2501 2433 2415 2416 2409 2400
850.982971 2522 2482 2490 2465 2459 2454 2430 2416 2401
851.002991 2491 2491 2425 2452 2452 2441 2456 2405 2385
851.021973 2525 2515 2495 2486 2482 2428 2440 2406 2433
851.041992 2530 2451 2462 2484 2453 2466 2397 2416 2402
851.062012 2484 2510 2470 2484 2468 2453 2414 2423 2437
851.08197 2523 2485 2497 2461 2417 2455 2394 2449 2407
851.10199 2511 2513 2465 2440 2435 2475 2430 2408 2405
851.120972 2488 2486 2434 2453 2460 2451 2422 2403 2381
851.140991 2491 2468 2503 2497 2403 2427 2426 2389 2362
851.161011 2517 2522 2483 2456 2451 2426 2398 2417 2393
851.18103 2520 2520 2490 2445 2400 2459 2425 2408 2400
851.200012 2522 2463 2495 2470 2435 2440 2407 2415 2415
851.219971 2497 2496 2474 2458 2471 2446 2410 2434 2380
851.23999 2487 2482 2470 2461 2450 2407 2422 2443 2398
851.26001 2505 2515 2490 2467 2453 2423 2414 2394 2408
851.280029 2501 2467 2470 2454 2408 2394 2408 2403 2415
851.299011 2489 2517 2460 2429 2425 2406 2407 2411 2410
851.31897 2502 2526 2450 2435 2455 2440 2410 2408 2395
851.338989 2479 2501 2453 2438 2433 2395 2436 2409 2402
851.359009 2488 2461 2508 2446 2446 2424 2370 2422 2373
851.377991 2488 2504 2458 2485 2451 2408 2430 2404 2393
851.39801 2475 2440 2488 2431 2468 2433 2397 2390 2378
851.41803 2511 2474 2443 2444 2438 2412 2438 2395 2411
851.437988 2510 2471 2471 2454 2446 2413 2384 2393 2368
851.45697 2492 2465 2469 2423 2405 2423 2406 2404 2362
851.47699 2469 2487 2452 2442 2414 2395 2398 2399 2389
851.497009 2483 2462 2436 2422 2412 2381 2397 2410 2363
851.517029 2477 2472 2439 2431 2404 2416 2413 2384 2360
851.536011 2451 2460 2431 2435 2414 2397 2376 2361 2347
851.55603 2458 2457 2393 2426 2394 2345 2372 2361 2362
851.575989 2463 2438 2438 2402 2406 2366 2413 2355 2402
851.596008 2474 2443 2444 2397 2405 2443 2378 2356 2378
851.616028 2481 2463 2449 2416 2387 2405 2370 2377 2344
851.63501 2474 2434 2455 2408 2376 2386 2409 2395 2349
851.655029 2507 2447 2427 2426 2369 2378 2367 2367 2376
851.674988 2452 2434 2437 2374 2395 2368 2321 2364 2327
851.695007 2441 2436 2415 2374 2391 2348 2383 2360 2305
851.713989 2485 2461 2406 2390 2386 2381 2364 2380 2357
851.734009 2461 2429 2427 2398 2410 2389 2362 2342 2386
851.754028 2468 2474 2412 2412 2406 2380 2358 2334 2363
851.773987 2441 2444 2418 2397 2399 2376 2370 2383 2330
851.79303 2459 2426 2406 2406 2391 2385 2363 2384 2391
851.812988 2481 2449 2375 2404 2392 2379 2353 2338 2361
851.833008 2455 2437 2406 2399 2383 2375 2376 2347 2331
851.853027 2462 2420 2416 2385 2375 2369 2344 2345 2346
851.872009 2493 2427 2416 2420 2396 2382 2392 2374 2363
851.892029 2463 2444 2426 2439 2367 2364 2389 2377 2340
851.911987 2473 2461 2420 2415 2437 2408 2364 2325 2355
851.932007 2469 2432 2416 2400 2393 2402 2373 2369 2355
851.950989 2414 2409 2454 2397 2424 2386 2394 2347 2352
851.971008 2464 2432 2406 2403 2393 2405 2399 2363 2367
851.991028 2460 2442 2393 2428 2410 2421 2386 2390 2360
852.010986 2455 2462 2456 2430 2394 2386 2369 2382 2360
852.030029 2492 2441 2425 2406 2409 2422 2381 2387 2355
852.049988 2451 2440 2419 2434 2371 2387 2344 2341 2371
852.070007 2474 2425 2452 2402 2378 2399 2358 2389 2347
852.090027 2481 2465 2427 2389 2381 2368 2417 2391 2351
852.109009 2449 2437 2426 2460 2385 2409 2366 2366 2345
852.129028 2473 2458 2390 2432 2410 2392 2384 2320 2349
852.148987 2438 2443 2439 2408 2419 2408 2377 2355 2358
852.169006 2485 2431 2411 2449 2380 2394 2386 2364 2312
852.187988 2471 2453 2467 2418 2397 2397 2390 2354 2348
852.208008 2495 2473 2417 2460 2427 2414 2403 2397 2355
852.228027 2478 2464 2446 2392 2383 2376 2396 2396 2394
852.247986 2474 2430 2437 2397 2379 2423 2418 2362 2356
852.267029 2481 2474 2474 2417 2375 2372 2404 2378 2353
852.286987 2437 2458 2408 2386 2410 2391 2396 2363 2357
852.307007 2503 2468 2450 2459 2444 2365 2372 2350 2368
852.327026 2472 2494 2448 2421 2381 2373 2376 2384 2369
852.346008 2478 2416 2448 2436 2427 2392 2393 2348 2336
852.366028 2457 2475 2424 2430 2417 2406 2400 2374 2363
852.385986 2474 2431 2460 2457 2408 2357 2409 2376 2402
852.406006 2458 2457 2436 2404 2386 2398 2397 2367 2348
852.424988 2466 2428 2436 2407 2446 2430 2351 2404 2382
852.445007 2476 2492 2445 2379 2389 2413 2375 2391 2375
852.465027 2462 2463 2448 2429 2436 2423 2403 2397 2352
852.484009 2466 2467 2470 2423 2421 2363 2394 2369 2366
852.504028 2491 2469 2430 2469 2411 2360 2390 2374 2375
852.523987 2480 2456 2444 2431 2432 2359 2350 2344 2348
852.544006 2447 2453 2445 2410 2400 2412 2405 2375 2378
852.562988 2457 2450 2462 2442 2423 2431 2396 2368 2352
852.583008 2420 2442 2432 2407 2402 2401 2405 2382 2366
852.603027 2467 2458 2465 2429 2421 2436 2351 2387 2378
852.622986 2472 2455 2400 2420 2396 2403 2405 2388 2371
852.642029 2503 2397 2479 2421 2387 2431 2417 2373 2372
852.661987 2467 2455 2484 2424 2403 2443 2419 2422 2369
852.682007 2489 2458 2459 2431 2399 2440 2385 2373 2354
852.700989 2523 2448 2445 2435 2433 2380 2430 2390 2394
852.721008 2475 2460 2441 2434 2399 2402 2397 2408 2344
852.741028 2475 2486 2438 2430 2398 2416 2414 2366 2392
852.760986 2470 2452 2475 2423 2434 2384 2395 2385 2393
852.780029 2460 2428 2424 2416 2426 2463 2396 2342 2354
852.799988 2482 2418 2407 2425 2408 2407 2345 2365 2364
852.820007 2452 2433 2453 2420 2408 2382 2376 2389 2382
852.840027 2478 2471 2457 2423 2407 2394 2376 2376 2340
852.859009 2449 2439 2414 2399 2376 2419 2386 2402 2360
852.879028 2489 2450 2425 2414 2407 2441 2381 2377 2363
852.898987 2482 2466 2479 2427 2416 2399 2386 2351 2354
852.91803 2469 2447 2425 2423 2368 2410 2414 2400 2363
852.937988 2473 2481 2440 2423 2416 2381 2422 2399 2347
852.958008 2483 2466 2442 2472 2442 2434 2398 2384 2368
852.978027 2468 2452 2451 2416 2440 2431 2415 2394 2407
852.997009 2467 2478 2457 2442 2419 2471 2418 2376 2346
853.017029 2483 2411 2390 2429 2415 2423 2404 2400 2332
853.036987 2499 2443 2467 2432 2431 2396 2356 2389 2394
853.05603 2486 2484 2425 2465 2414 2419 2367 2383 2383
853.075989 2497 2466 2437 2470 2432 2444 2444 2381 2372
853.096008 2504 2487 2456 2419 2430 2430 2370 2405 2364
853.116028 2501 2457 2452 2423 2439 2424 2400 2387 2378
853.13501 2486 2470 2468 2431 2401 2416 2407 2357 2420
853.155029 2495 2451 2511 2471 2441 2454 2461 2402 2381
853.174988 2470 2465 2450 2447 2413 2424 2436 2411 2367
853.19397 2499 2483 2462 2466 2431 2431 2396 2415 2387
853.213989 2514 2484 2451 2460 2409 2435 2381 2404 2408
853.234009 2497 2447 2498 2436 2421 2424 2420 2388 2394
853.254028 2466 2486 2450 2484 2418 2405 2420 2398 2372
853.27301 2466 2467 2464 2473 2425 2395 2432 2372 2391
853.29303 2494 2431 2479 2458 2428 2443 2396 2391 2361
853.312988 2505 2469 2477 2461 2433 2462 2405 2406 2410
853.33197 2447 2482 2467 2438 2413 2442 2424 2369 2397
853.35199 2501 2499 2466 2423 2431 2423 2392 2433 2393
853.372009 2451 2498 2449 2416 2460 2407 2432 2419 2380
853.390991 2518 2506 2477 2420 2435 2469 2381 2402 2377
853.411011 2459 2509 2482 2427 2435 2430 2417 2391 2366
853.43103 2482 2512 2471 2458 2404 2460 2411 2391 2377
853.450989 2513 2488 2469 2438 2417 2446 2406 2394 2380
853.469971 2518 2497 2478 2459 2451 2439 2414 2417 2388
853.48999 2525 2520 2518 2449 2438 2477 2425 2416 2368
853.51001 2534 2500 2488 2513 2459 2428 2422 2438 2433
853.528992 2522 2483 2507 2456 2452 2436 2448 2404 2408
853.549011 2525 2491 2495 2496 2454 2441 2429 2441 2389
853.56897 2539 2481 2511 2430 2445 2469 2449 2415 2399
853.588989 2512 2466 2462 2479 2449 2426 2420 2421 2429
853.607971 2514 2491 2462 2460 2468 2464 2437 2411 2386
853.627991 2487 2484 2481 2485 2458 2458 2444 2408 2399
853.64801 2538 2512 2455 2445 2462 2457 2408 2425 2409
853.666992 2521 2524 2484 2443 2436 2455 2445 2387 2418
853.687012 2524 2496 2484 2463 2480 2448 2434 2439 2418
853.70697 2512 2490 2488 2485 2448 2461 2415 2439 2377
853.726013 2514 2503 2467 2467 2445 2467 2406 2431 2440
853.745972 2505 2470 2485 2493 2466 2430 2441 2427 2406
853.765991 2523 2486 2509 2452 2450 2431 2418 2402 2417
853.784973 2507 2513 2519 2454 2453 2442 2404 2388 2410
853.804993 2486 2501 2510 2483 2489 2445 2463 2428 2407
853.825012 2557 2485 2478 2508 2489 2458 2421 2426 2426
853.844971 2551 2501 2473 2465 2472 2483 2448 2411 2402
853.864014 2522 2496 2492 2464 2471 2447 2453 2444 2410
853.883972 2529 2517 2517 2527 2474 2483 2446 2449 2435
853.903992 2550 2522 2508 2485 2501 2477 2469 2455 2458
853.922974 2564 2520 2509 2494 2505 2505 2458 2427 2441
853.942993 2520 2550 2524 2482 2468 2487 2429 2436 2444
853.963013 2590 2507 2540 2509 2484 2519 2475 2472 2457
853.981995 2563 2572 2529 2531 2487 2459 2470 2494 2431
854.002014 2572 2526 2507 2541 2456 2494 2498 2459 2453
854.021973 2563 2549 2545 2536 2505 2501 2496 2470 2432
854.041016 2624 2564 2564 2528 2496 2456 2486 2449 2476
854.060974 2549 2615 2508 2542 2526 2522 2481 2449 2470
854.080994 2577 2567 2538 2520 2512 2467 2465 2463 2449
854.099976 2578 2552 2545 2539 2486 2532 2499 2513 2469
854.119995 2625 2580 2558 2513 2472 2509 2525 2495 2442
854.140015 2609 2578 2546 2517 2542 2505 2466 2486 2468
854.158997 2596 2590 2545 2522 2543 2473 2520 2492 2470
854.179016 2563 2595 2531 2507 2513 2513 2487 2490 2485
854.198975 2583 2571 2507 2552 2504 2530 2499 2509 2443
854.218994 2554 2547 2522 2549 2482 2490 2519 2429 2451
854.237976 2582 2576 2518 2535 2513 2521 2496 2460 2434
854.257996 2583 2574 2512 2535 2506 2526 2471 2458 2461
854.278015 2541 2541 2497 2497 2507 2515 2479 2460 2437
854.296997 2596 2542 2548 2524 2497 2508 2468 2470 2486
854.317017 2575 2568 2527 2493 2451 2491 2484 2434 2432
854.336975 2557 2554 2526 2503 2503 2463 2460 2506 2446
854.356018 2553 2548 2497 2488 2507 2481 2460 2422 2414
854.375977 2549 2502 2549 2472 2476 2499 2463 2445 2454
854.395996 2517 2552 2509 2497 2506 2456 2473 2440 2431
854.414978 2538 2532 2486 2484 2438 2432 2460 2417 2406
854.434998 2567 2512 2483 2504 2495 2463 2440 2417 2444
854.455017 2549 2528 2513 2524 2458 2438 2439 2444 2416
854.473999 2547 2554 2482 2508 2472 2470 2466 2434 2427
854.494019 2544 2485 2510 2475 2480 2449 2461 2420 2376
854.513977 2504 2481 2497 2447 2488 2430 2415 2428 2426
854.53302 2526 2476 2489 2431 2448 2447 2419 2416 2390
854.552979 2517 2476 2507 2490 2452 2455 2464 2392 2375
854.572998 2519 2521 2481 2479 2480 2427 2435 2445 2416
854.59198 2522 2513 2498 2446 2454 2423 2428 2424 2385
854.612 2532 2454 2500 2417 2427 2411 2418 2417 2349
854.632019 2508 2492 2478 2439 2452 2419 2423 2419 2411
854.651001 2519 2468 2450 2453 2469 2404 2388 2406 2359
854.671021 2508 2496 2462 2448 2479 2438 2406 2397 2361
854.690979 2496 2455 2413 2454 2442 2420 2387 2365 2395
854.710022 2454 2455 2461 2449 2445 2433 2401 2405 2378
854.72998 2447 2472 2441 2411 2443 2445 2424 2382 2339
854.75 2511 2447 2450 2428 2433 2410 2406 2421 2369
854.768982 2481 2476 2428 2461 2394 2389 2389 2376 2363
854.789001 2460 2462 2448 2438 2431 2438 2395 2371 2372
854.807983 2485 2473 2432 2389 2423 2383 2387 2391 2380
854.828003 2465 2462 2438 2451 2430 2466 2383 2399 2374
854.848022 2461 2482 2447 2427 2409 2399 2418 2406 2363
854.867004 2469 2477 2425 2437 2411 2385 2426 2377 2340
854.887024 2483 2467 2426 2405 2445 2413 2376 2387 2370
854.906982 2474 2460 2443 2437 2422 2406 2386 2343 2366
854.926025 2459 2476 2430 2415 2406 2443 2416 2397 2355
854.945984 2439 2484 2429 2454 2410 2382 2371 2403 2348
854.966003 2494 2441 2385 2444 2400 2400 2363 2397 2371
854.984985 2467 2433 2451 2428 2406 2396 2341 2387 2351
855.005005 2490 2485 2434 2406 2400 2377 2365 2373 2357
855.025024 2451 2452 2467 2421 2410 2392 2384 2385 2371
855.044006 2453 2417 2457 2435 2409 2394 2363 2360 2349
855.064026 2474 2438 2404 2410 2394 2376 2410 2366 2350
855.083984 2474 2423 2437 2393 2394 2386 2368 2369 2350
855.103027 2468 2453 2468 2397 2411 2404 2381 2367 2370
855.122986 2422 2444 2449 2379 2400 2360 2331 2359 2360
855.143005 2446 2432 2437 2388 2381 2396 2368 2349 2374
855.161987 2450 2444 2414 2413 2389 2381 2380 2374 2321
855.182007 2458 2461 2448 2428 2399 2368 2365 2347 2366
855.200989 2477 2459 2413 2382 2422 2385 2394 2336 2347
855.221008 2440 2467 2410 2399 2361 2378 2383 2366 2336
855.241028 2446 2443 2458 2421 2395 2396 2406 2309 2332
855.26001 2457 2443 2469 2408 2385 2421 2398 2384 2340
855.280029 2460 2482 2440 2393 2390 2413 2408 2389 2384
855.299988 2459 2458 2458 2421 2399 2380 2341 2339 2334
855.31897 2451 2446 2429 2414 2382 2408 2371 2375 2347
855.338989 2472 2433 2455 2381 2373 2371 2381 2360 2303
855.359009 2447 2467 2414 2394 2407 2392 2409 2344 2356
855.377991 2486 2433 2477 2394 2415 2408 2364 2385 2374
855.39801 2432 2425 2416 2381 2409 2383 2402 2368 2371
855.41803 2489 2446 2432 2412 2397 2392 2376 2384 2329
855.437012 2441 2465 2461 2423 2405 2393 2359 2375 2365
855.45697 2458 2453 2463 2407 2414 2402 2364 2364 2343
855.476013 2455 2426 2429 2406 2406 2393 2380 2361 2357
855.495972 2421 2467 2405 2446 2365 2401 2401 2361 2379
855.515991 2464 2452 2397 2424 2403 2366 2364 2343 2338
855.534973 2462 2466 2402 2436 2395 2426 2394 2385 2354
855.554993 2444 2388 2424 2410 2395 2386 2394 2390 2376
855.575012 2480 2437 2408 2420 2404 2350 2407 2405 2347
855.593994 2452 2478 2486 2428 2397 2388 2361 2388 2357
855.614014 2456 2456 2436 2406 2420 2382 2386 2340 2356
855.633972 2416 2402 2414 2385 2402 2382 2396 2363 2354
855.653015 2479 2444 2452 2421 2376 2383 2391 2383 2369
855.672974 2476 2432 2433 2418 2400 2371 2354 2405 2369
855.692017 2458 2428 2397 2376 2411 2372 2377 2376 2348
855.711975 2457 2459 2428 2395 2395 2390 2369 2343 2376
855.731995 2468 2440 2435 2409 2430 2369 2386 2355 2371
855.750977 2463 2459 2396 2401 2372 2368 2384 2344 2354
855.770996 2460 2436 2423 2410 2383 2375 2384 2363 2353
855.791016 2472 2435 2400 2400 2398 2385 2365 2372 2322
855.809998 2443 2432 2409 2416 2392 2385 2349 2383 2352
855.830017 2463 2434 2425 2427 2409 2378 2351 2363 2379
855.848999 2486 2467 2438 2376 2389 2382 2371 2333 2346
855.869019 2467 2426 2447 2392 2394 2410 2345 2369 2365
855.888977 2482 2449 2377 2413 2373 2369 2398 2352 2346
855.90802 2442 2433 2432 2423 2356 2391 2373 2345 2324
855.927979 2453 2423 2442 2407 2379 2432 2358 2363 2343
855.947998 2433 2455 2428 2446 2384 2416 2406 2357 2339
855.96698 2455 2436 2453 2399 2400 2385 2397 2339 2364
855.987 2450 2450 2411 2439 2412 2395 2391 2424 2376
856.005981 2480 2430 2403 2368 2397 2369 2397 2365 2357
856.026001 2447 2468 2472 2405 2380 2376 2378 2346 2370
856.046021 2486 2449 2430 2401 2410 2397 2365 2360 2354
856.065002 2488 2457 2407 2449 2427 2400 2377 2365 2335
856.085022 2480 2458 2462 2438 2410 2396 2415 2324 2368
856.104004 2505 2459 2435 2407 2408 2431 2388 2378 2375
856.124023 2490 2470 2432 2425 2423 2400 2414 2360 2346
856.143982 2487 2421 2419 2409 2409 2408 2418 2399 2351
856.163025 2440 2414 2432 2416 2423 2406 2414 2361 2343
856.182983 2479 2470 2434 2442 2402 2396 2385 2382 2400
856.203003 2446 2477 2428 2433 2401 2404 2386 2354 2348
856.221985 2455 2442 2440 2420 2416 2414 2376 2356 2352
856.242004 2469 2459 2428 2440 2429 2406 2368 2354 2344
856.260986 2436 2424 2428 2436 2411 2401 2388 2361 2349
856.281006 2440 2455 2449 2439 2411 2386 2394 2340 2386
856.301025 2476 2454 2449 2449 2389 2404 2363 2374 2345
856.320007 2459 2464 2433 2431 2407 2374 2367 2357 2351
856.340027 2461 2431 2406 2420 2401 2391 2396 2407 2371
856.359009 2483 2433 2457 2447 2393 2390 2382 2373 2390
856.379028 2462 2423 2435 2383 2377 2382 2359 2371 2373
856.398987 2462 2452 2406 2409 2408 2381 2383 2365 2350
856.41803 2444 2413 2463 2398 2403 2340 2353 2343 2315
856.437988 2425 2421 2424 2391 2397 2382 2362 2361 2348
856.45697 2439 2435 2386 2374 2365 2402 2376 2358 2346
856.47699 2423 2406 2383 2375 2389 2382 2369 2322 2329
856.497009 2435 2418 2384 2376 2373 2373 2359 2353 2312
856.515991 2424 2431 2372 2373 2392 2369 2363 2368 2331
856.536011 2418 2466 2384 2393 2357 2370 2352 2360 2334
856.554993 2391 2379 2391 2378 2419 2351 2352 2347 2334
856.575012 2461 2420 2402 2402 2361 2357 2352 2364 2351
856.594971 2430 2407 2409 2401 2368 2372 2350 2337 2301
856.614014 2411 2407 2401 2382 2355 2369 2334 2331 2348
856.633972 2458 2386 2429 2361 2367 2382 2362 2332 2313
856.653015 2412 2396 2396 2372 2355 2333 2340 2356 2313
856.672974 2383 2408 2384 2408 2369 2360 2349 2328 2344
856.692993 2404 2399 2392 2394 2363 2321 2349 2327 2334
856.711975 2397 2384 2380 2377 2358 2354 2345 2325 2309
856.731995 2381 2411 2388 2360 2375 2344 2370 2305 2343
856.750977 2395 2405 2359 2376 2341 2351 2335 2353 2302
856.770996 2410 2414 2383 2383 2360 2336 2346 2326 2291
856.791016 2402 2376 2402 2321 2354 2341 2349 2303 2328
856.809998 2417 2384 2388 2343 2352 2329 2325 2309 2299
856.830017 2392 2379 2362 2358 2332 2339 2326 2309 2297
856.848999 2406 2395 2392 2358 2341 2330 2344 2332 2312
856.869019 2412 2403 2362 2358 2336 2354 2327 2330 2322
856.888 2420 2402 2357 2359 2332 2342 2310 2339 2285
856.90802 2447 2422 2387 2377 2345 2332 2336 2301 2318
856.927979 2389 2372 2389 2369 2391 2330 2318 2298 2311
856.947021 2412 2373 2374 2357 2379 2346 2350 2310 2299
856.96698 2413 2423 2393 2368 2342 2354 2322 2324 2336
856.986023 2377 2378 2376 2381 2346 2335 2347 2305 2317
857.005981 2408 2403 2353 2344 2354 2341 2325 2302 2300
857.026001 2411 2371 2399 2367 2374 2325 2370 2324 2308
857.044983 2410 2387 2380 2374 2336 2337 2342 2334 2296
857.065002 2436 2423 2363 2364 2364 2348 2306 2343 2302
857.083984 2397 2374 2365 2375 2359 2330 2298 2324 2316
857.104004 2416 2428 2374 2396 2353 2297 2312 2337 2312
857.122986 2401 2388 2371 2360 2364 2319 2324 2315 2318
857.143005 2415 2376 2405 2343 2353 2334 2331 2326 2296
857.163025 2422 2396 2360 2374 2349 2333 2335 2313 2307
857.182007 2393 2400 2380 2324 2371 2344 2342 2344 2278
857.202026 2354 2361 2390 2379 2335 2348 2310 2326 2342
857.221008 2409 2398 2361 2314 2370 2363 2319 2332 2315
857.241028 2420 2404 2375 2351 2376 2345 2367 2324 2292
857.260986 2445 2406 2391 2385 2371 2380 2386 2347 2350
857.280029 2429 2405 2383 2352 2368 2341 2339 2312 2312
857.299988 2419 2374 2358 2369 2333 2346 2328 2311 2291
857.31897 2416 2379 2382 2340 2354 2316 2346 2355 2303
857.338989 2413 2400 2387 2373 2339 2349 2322 2349 2331
857.357971 2432 2415 2371 2361 2343 2322 2368 2313 2306
857.377991 2389 2379 2387 2374 2348 2334 2338 2316 2298
857.39801 2404 2370 2354 2348 2371 2349 2341 2324 2316
857.416992 2387 2375 2369 2364 2349 2347 2344 2341 2277
857.437012 2386 2400 2396 2354 2351 2351 2323 2307 2340
857.455994 2377 2346 2382 2336 2351 2355 2325 2314 2283
857.476013 2387 2406 2392 2393 2349 2353 2335 2312 2296
857.494995 2396 2394 2370 2375 2301 2308 2321 2339 2318
857.515015 2392 2391 2334 2342 2334 2311 2323 2318 2285
857.534973 2395 2372 2361 2361 2355 2336 2333 2346 2262
857.554016 2410 2377 2365 2374 2340 2336 2329 2295 2313
857.573975 2384 2412 2360 2337 2328 2340 2308 2294 2295
857.593018 2416 2388 2357 2372 2320 2355 2303 2305 2316
857.612976 2367 2392 2359 2378 2348 2325 2289 2320 2314
857.632019 2397 2371 2347 2370 2300 2316 2313 2339 2312
857.651978 2388 2353 2359 2331 2363 2337 2339 2308 2294
857.671997 2398 2366 2361 2333 2321 2314 2315 2331 2308
857.690979 2381 2396 2380 2331 2348 2318 2315 2347 2298
857.710999 2388 2370 2365 2356 2367 2339 2303 2325 2303
857.72998 2389 2386 2382 2348 2352 2349 2305 2306 2313
857.75 2394 2360 2360 2347 2328 2321 2356 2296 2304
857.768982 2387 2384 2345 2369 2350 2336 2291 2303 2296
857.789001 2365 2374 2362 2366 2352 2331 2307 2344 2279
857.807983 2434 2355 2342 2334 2334 2326 2326 2287 2319
857.828003 2397 2355 2343 2325 2342 2361 2337 2313 2272
857.848022 2422 2379 2382 2349 2352 2347 2319 2307 2310
857.867004 2400 2384 2362 2350 2296 2342 2334 2292 2291
857.887024 2385 2356 2387 2354 2316 2344 2323 2323 2287
857.906006 2359 2384 2351 2336 2350 2319 2308 2290 2309
857.926025 2410 2323 2374 2316 2363 2373 2297 2305 2317
857.945007 2387 2353 2362 2307 2351 2323 2288 2316 2277
857.965027 2411 2379 2371 2362 2374 2336 2328 2252 2330
857.984009 2369 2366 2375 2347 2318 2290 2342 2313 2284
858.004028 2397 2350 2362 2331 2350 2338 2335 2301 2284
858.02301 2374 2380 2385 2331 2344 2352 2301 2330 2285
858.04303 2401 2348 2354 2366 2354 2326 2323 2324 2278
858.062988 2364 2401 2371 2368 2300 2330 2314 2310 2312
858.08197 2363 2382 2405 2326 2362 2354 2309 2327 2329
858.10199 2408 2397 2364 2337 2337 2323 2311 2326 2323
858.120972 2359 2365 2361 2365 2319 2352 2343 2334 2303
858.140991 2421 2401 2381 2364 2386 2343 2339 2336 2310
858.159973 2382 2367 2323 2336 2352 2363 2314 2332 2307
858.179993 2397 2371 2356 2359 2362 2344 2344 2344 2281
858.198975 2356 2399 2343 2334 2335 2322 2338 2350 2285
858.218994 2405 2377 2359 2330 2333 2331 2340 2315 2304
858.239014 2412 2350 2356 2348 2341 2311 2324 2342 2295
858.257996 2393 2366 2387 2337 2333 2334 2287 2303 2270
858.278015 2363 2372 2385 2339 2338 2299 2309 2307 2296
858.296997 2395 2380 2331 2324 2321 2338 2292 2299 2260
858.317017 2366 2370 2355 2355 2298 2340 2276 2288 2262
858.335999 2370 2374 2340 2317 2336 2321 2308 2291 2269
858.356018 2367 2334 2352 2367 2291 2342 2303 2306 2305
858.375 2350 2385 2371 2328 2316 2286 2346 2298 2263
858.39502 2372 2313 2349 2337 2289 2317 2284 2287 2280
858.414001 2380 2378 2353 2299 2341 2341 2309 2320 2298
858.434021 2370 2351 2312 2331 2304 2320 2312 2303 2280
858.453003 2372 2358 2353 2360 2318 2335 2336 2276 2298
858.473022 2345 2354 2330 2333 2306 2309 2315 2304 2269
858.492004 2355 2331 2352 2331 2332 2312 2341 2308 2262
858.512024 2369 2363 2331 2324 2301 2312 2324 2307 2262
858.531982 2371 2363 2371 2352 2347 2308 2310 2298 2278
858.551025 2384 2332 2346 2326 2294 2292 2294 2305 2302
858.570984 2386 2395 2377 2327 2342 2315 2325 2340 2328
858.590027 2383 2333 2374 2324 2327 2303 2326 2272 2292
858.609985 2394 2373 2354 2328 2328 2281 2285 2268 2276
858.629028 2417 2384 2382 2351 2367 2340 2331 2324 2309
858.648987 2377 2373 2345 2327 2359 2339 2339 2300 2302
858.66803 2388 2392 2359 2375 2338 2330 2361 2299 2315
858.687988 2401 2392 2374 2339 2349 2339 2308 2325 2345
858.70697 2413 2379 2400 2387 2332 2344 2330 2318 2335
858.72699 2384 2407 2364 2329 2359 2351 2314 2295 2309
858.745972 2389 2398 2399 2345 2385 2363 2347 2292 2324
858.765991 2381 2391 2374 2362 2322 2334 2351 2299 2291
858.784973 2420 2408 2377 2386 2362 2347 2334 2337 2316
858.804993 2360 2392 2361 2372 2380 2344 2348 2326 2316
858.823975 2402 2386 2401 2360 2353 2339 2331 2353 2328
858.843994 2400 2397 2379 2348 2351 2324 2333 2326 2313
858.864014 2426 2426 2383 2363 2358 2349 2305 2305 2315
858.882996 2386 2395 2371 2362 2339 2354 2369 2327 2325
858.903015 2435 2396 2377 2369 2363 2334 2324 2349 2318
858.921997 2365 2380 2379 2352 2343 2341 2301 2312 2278
858.942017 2399 2357 2387 2360 2337 2330 2331 2288 2306
858.960999 2389 2385 2346 2351 2374 2351 2357 2319 2325
858.981018 2448 2398 2362 2357 2320 2338 2344 2325 2309
859 2395 2386 2337 2328 2368 2325 2325 2294 2314
859.02002 2396 2367 2369 2378 2355 2333 2314 2287 2299
859.039001 2404 2365 2365 2354 2315 2345 2300 2287 2282
859.059021 2398 2373 2350 2355 2377 2327 2323 2336 2307
859.078003 2388 2381 2357 2377 2323 2328 2296 2300 2315
859.098022 2408 2393 2345 2348 2343 2347 2332 2314 2293
859.117004 2386 2359 2344 2332 2308 2320 2323 2307 2312
859.137024 2379 2373 2362 2312 2352 2322 2335 2314 2282
859.156006 2373 2366 2318 2336 2302 2318 2309 2269 2295
859.176025 2378 2365 2318 2346 2316 2325 2318 2297 2297
859.195007 2366 2391 2340 2337 2307 2322 2304 2330 2308
859.215027 2359 2355 2337 2357 2308 2302 2301 2308 2274
859.234009 2406 2395 2361 2323 2283 2323 2306 2322 2296
859.254028 2372 2372 2351 2338 2333 2305 2287 2277 2313
859.27301 2353 2355 2372 2335 2317 2323 2313 2345 2295
859.29303 2395 2356 2323 2345 2317 2324 2322 2303 2287
859.312012 2401 2413 2387 2302 2334 2310 2315 2330 2268
859.33197 2380 2378 2341 2362 2333 2327 2318 2309 2293
859.351013 2350 2372 2324 2327 2364 2346 2335 2294 2285
859.370972 2395 2405 2353 2354 2338 2311 2300 2309 2271
859.390015 2365 2333 2345 2368 2317 2336 2325 2292 2280
859.409973 2413 2369 2356 2328 2324 2353 2327 2314 2284
859.429016 2392 2375 2362 2352 2349 2330 2305 2304 2295
859.448975 2399 2342 2321 2318 2315 2356 2322 2312 2318
859.468018 2394 2385 2388 2372 2328 2338 2315 2296 2296
859.487976 2388 2399 2373 2363 2347 2342 2350 2310 2294
859.507019 2401 2377 2379 2380 2352 2340 2330 2302 2302
859.526978 2422 2376 2381 2378 2376 2312 2330 2313 2338
859.546021 2404 2374 2373 2379 2373 2327 2292 2295 2311
859.565979 2377 2394 2379 2386 2358 2364 2334 2279 2303
859.585022 2441 2377 2377 2341 2342 2357 2297 2334 2322
859.60498 2405 2369 2398 2387 2334 2340 2321 2325 2262
859.624023 2404 2415 2394 2378 2364 2344 2339 2323 2299
859.643982 2405 2407 2376 2405 2359 2362 2355 2324 2322
859.663025 2429 2382 2390 2371 2379 2368 2372 2311 2294
859.682983 2414 2372 2406 2379 2368 2336 2334 2327 2313
859.702026 2441 2441 2405 2396 2374 2366 2364 2342 2340
859.721985 2417 2367 2368 2344 2358 2324 2349 2321 2272
859.741028 2387 2374 2384 2355 2387 2364 2355 2337 2352
859.760986 2380 2363 2374 2352 2359 2323 2303 2331 2289
859.780029 2386 2371 2391 2361 2366 2351 2358 2320 2299
859.799988 2412 2365 2371 2341 2349 2341 2312 2301 2297
859.81897 2376 2376 2334 2378 2344 2348 2349 2328 2286
859.838989 2420 2368 2356 2346 2352 2319 2298 2309 2306
859.857971 2368 2359 2375 2335 2317 2341 2308 2293 2296
859.877991 2386 2369 2364 2344 2336 2354 2328 2302 2303
859.896973 2409 2338 2376 2364 2368 2335 2334 2328 2330
859.916992 2389 2363 2354 2348 2357 2315 2309 2320 2307
859.935974 2388 2329 2371 2351 2310 2336 2320 2324 2303
859.955994 2403 2411 2351 2365 2339 2314 2354 2320 2308
859.974976 2385 2374 2348 2325 2365 2369 2338 2309 2307
859.994995 2390 2395 2346 2363 2364 2304 2325 2308 2306
860.013977 2375 2379 2353 2362 2362 2297 2312 2301 2303
860.033997 2406 2371 2380 2364 2337 2338 2313 2329 2329
860.052979 2403 2385 2367 2375 2360 2328 2342 2328 2288
860.072998 2401 2379 2364 2376 2346 2293 2308 2351 2293
860.09198 2372 2383 2352 2360 2312 2342 2349 2284 2278
860.112 2409 2395 2347 2343 2359 2321 2298 2311 2286
860.130981 2389 2363 2353 2368 2363 2339 2330 2315 2322
860.151001 2392 2407 2383 2348 2330 2334 2303 2287 2286
860.169983 2403 2404 2377 2361 2333 2319 2323 2307 2272
860.189026 2404 2380 2365 2353 2343 2364 2341 2320 2299
860.208984 2396 2373 2388 2338 2334 2331 2317 2312 2281
860.228027 2388 2385 2349 2344 2338 2361 2359 2312 2307
860.247986 2404 2407 2348 2342 2326 2350 2331 2311 2299
860.267029 2407 2373 2328 2370 2310 2334 2343 2302 2278
860.286987 2403 2353 2363 2332 2353 2348 2326 2299 2329
860.30603 2439 2367 2391 2375 2321 2351 2328 2318 2305
860.325989 2379 2383 2338 2368 2354 2357 2313 2329 2278
860.344971 2421 2374 2387 2354 2371 2344 2311 2309 2314
860.36499 2436 2387 2392 2380 2327 2339 2291 2319 2304
860.383972 2371 2392 2373 2345 2344 2331 2359 2329 2287
860.403992 2405 2410 2375 2381 2370 2350 2343 2310 2301
860.422974 2395 2415 2382 2361 2357 2342 2328 2334 2328
860.442993 2417 2387 2394 2350 2346 2355 2339 2324 2329
860.461975 2398 2394 2385 2378 2349 2327 2321 2310 2338
860.481995 2406 2434 2396 2377 2343 2361 2329 2322 2318
860.500977 2390 2394 2358 2392 2352 2373 2331 2297 2327
860.520996 2400 2436 2357 2345 2339 2396 2344 2335 2322
860.539978 2424 2390 2400 2364 2402 2378 2322 2348 2323
860.559021 2423 2419 2398 2389 2382 2338 2345 2327 2285
860.578979 2406 2394 2404 2378 2371 2339 2350 2343 2315
860.598022 2448 2398 2420 2381 2395 2344 2372 2342 2320
860.617981 2426 2409 2417 2368 2407 2354 2344 2331 2357
860.637024 2430 2401 2413 2389 2409 2392 2373 2339 2355
860.656982 2410 2405 2405 2403 2331 2396 2352 2349 2363
860.676025 2412 2430 2402 2390 2375 2366 2345 2347 2339
860.695984 2428 2447 2379 2425 2368 2379 2347 2323 2346
860.715027 2458 2435 2430 2399 2358 2364 2349 2350 2350
860.734985 2474 2392 2425 2405 2379 2372 2328 2343 2370
860.754028 2453 2404 2397 2357 2366 2357 2352 2334 2294
860.77301 2446 2460 2423 2410 2339 2355 2378 2343 2331
