10 9.75 9.5 9.25 9 8.75 8.5 8.25 8
828.851013 2117 2094 2128 2101 2086 2078 2095 2089 2090
828.870972 2077 2130 2108 2103 2129 2125 2088 2092 2080
828.890991 2103 2101 2106 2089 2089 2108 2133 2080 2105
828.911987 2138 2109 2100 2094 2092 2099 2088 2095 2077
828.932007 2110 2111 2100 2104 2115 2108 2067 2093 2101
828.953003 2117 2116 2099 2091 2117 2096 2085 2063 2082
828.973022 2114 2097 2116 2086 2080 2099 2086 2062 2119
828.994019 2114 2096 2073 2104 2079 2074 2070 2069 2103
829.013977 2090 2093 2077 2087 2095 2082 2091 2091 2087
829.034973 2110 2099 2071 2073 2077 2064 2082 2086 2057
829.054993 2068 2049 2060 2050 2085 2038 2063 2066 2072
829.075012 2047 2077 2091 2055 2072 2060 2058 2051 2066
829.096008 2075 2078 2094 2056 2080 2082 2053 2087 2064
829.116028 2044 2068 2075 2062 2061 2067 2066 2082 2086
829.137024 2080 2072 2077 2060 2073 2059 2066 2070 2088
829.156982 2097 2057 2079 2063 2060 2029 2060 2078 2076
829.177979 2052 2092 2047 2060 2069 2048 2073 2055 2056
829.197998 2066 2064 2066 2085 2069 2044 2043 2047 2053
829.218994 2033 2040 2083 2056 2022 2062 2048 2085 2057
829.239014 2079 2056 2058 2056 2080 2065 2073 2077 2049
829.258972 2062 2044 2035 2072 2060 2074 2037 2047 2053
829.280029 2061 2068 2074 2076 2058 2060 2066 2056 2037
829.299988 2077 2043 2060 2054 2066 2055 2080 2065 2047
829.320984 2054 2028 2041 2023 2054 2033 2062 2067 2052
829.341003 2060 2044 2059 2094 2068 2057 2082 2049 2049
829.362 2053 2062 2043 2064 2045 2058 2085 2064 2062
829.382019 2070 2051 2060 2054 2078 2061 2090 2066 2061
829.401978 2050 2068 2037 2050 2073 2047 2041 2059 2040
829.422974 2036 2083 2073 2073 2076 2057 2080 2062 2083
829.442993 2069 2070 2057 2040 2072 2063 2062 2067 2075
829.463989 2057 2081 2034 2067 2061 2085 2077 2077 2060
829.484009 2059 2072 2083 2051 2062 2055 2060 2050 2044
829.505005 2077 2048 2074 2058 2082 2074 2043 2068 2071
829.525024 2071 2088 2044 2067 2077 2068 2067 2062 2069
829.544983 2075 2084 2066 2079 2080 2069 2055 2078 2097
829.565979 2084 2052 2060 2058 2052 2062 2044 2040 2064
829.585999 2059 2074 2084 2089 2082 2068 2064 2045 2078
829.606995 2056 2069 2067 2069 2039 2057 2047 2059 2085
829.627014 2086 2056 2068 2060 2077 2078 2088 2086 2057
829.64801 2047 2074 2076 2048 2056 2058 2100 2065 2053
829.66803 2063 2058 2070 2077 2067 2047 2043 2065 2050
829.687988 2094 2067 2052 2080 2065 2077 2061 2090 2060
829.708984 2070 2091 2061 2061 2090 2046 2091 2071 2066
829.729004 2062 2048 2074 2067 2072 2078 2062 2072 2082
829.75 2063 2079 2091 2080 2074 2100 2064 2091 2065
829.77002 2083 2051 2065 2080 2048 2070 2080 2036 2084
829.791016 2096 2072 2065 2073 2081 2072 2077 2033 2060
829.810974 2083 2081 2075 2071 2104 2039 2076 2071 2063
829.830994 2104 2054 2078 2075 2058 2069 2072 2073 2080
829.85199 2084 2091 2081 2098 2068 2065 2048 2060 2091
829.872009 2099 2102 2074 2064 2087 2077 2082 2070 2115
829.893005 2075 2086 2056 2069 2084 2100 2047 2069 2069
829.913025 2078 2069 2082 2081 2092 2086 2054 2108 2111
829.932983 2092 2079 2091 2062 2055 2058 2087 2080 2067
829.953979 2088 2074 2103 2069 2076 2085 2090 2073 2058
829.973999 2049 2056 2070 2096 2065 2098 2079 2096 2050
829.994995 2085 2068 2056 2080 2085 2100 2064 2076 2040
830.015015 2109 2111 2091 2094 2099 2097 2093 2107 2095
830.036011 2116 2094 2059 2098 2094 2060 2092 2082 2101
830.05603 2110 2100 2072 2067 2098 2083 2103 2085 2089
830.075989 2096 2104 2097 2079 2087 2081 2100 2090 2107
830.096985 2111 2084 2110 2111 2125 2113 2109 2093 2099
830.117004 2107 2121 2099 2116 2091 2106 2082 2112 2104
830.138 2128 2086 2114 2103 2131 2151 2108 2109 2103
830.15802 2119 2114 2104 2107 2130 2140 2110 2085 2107
830.177979 2109 2122 2122 2123 2121 2117 2132 2125 2133
830.198975 2135 2097 2112 2136 2133 2148 2118 2124 2094
830.218994 2114 2133 2155 2131 2116 2119 2148 2105 2167
830.23999 2114 2099 2118 2127 2099 2101 2139 2125 2109
830.26001 2144 2084 2112 2119 2115 2110 2136 2107 2121
830.280029 2097 2139 2093 2110 2115 2106 2114 2092 2097
830.301025 2125 2133 2113 2108 2141 2100 2128 2109 2125
830.320984 2126 2119 2122 2118 2129 2111 2127 2135 2114
830.34198 2118 2099 2162 2120 2089 2120 2130 2132 2085
830.362 2119 2129 2108 2118 2135 2119 2126 2103 2104
830.382996 2102 2138 2133 2107 2122 2115 2132 2121 2121
830.403015 2129 2121 2117 2123 2134 2095 2091 2094 2120
830.422974 2116 2116 2124 2121 2093 2106 2114 2118 2080
830.44397 2157 2129 2136 2109 2128 2123 2122 2143 2126
830.463989 2127 2149 2129 2122 2123 2123 2147 2112 2130
830.484009 2111 2136 2134 2094 2097 2107 2149 2088 2094
830.505005 2139 2102 2103 2122 2130 2149 2109 2123 2133
830.525024 2148 2128 2134 2132 2104 2103 2113 2114 2125
830.546021 2133 2155 2139 2117 2109 2130 2106 2133 2142
830.565979 2117 2130 2133 2111 2109 2109 2139 2102 2103
830.585999 2115 2114 2124 2093 2127 2113 2092 2135 2125
830.606995 2116 2115 2109 2099 2130 2127 2127 2107 2098
830.627014 2121 2100 2107 2131 2088 2099 2106 2104 2092
830.64801 2099 2098 2118 2100 2094 2076 2075 2080 2125
830.66803 2093 2096 2110 2092 2067 2081 2084 2093 2086
830.687988 2085 2107 2086 2103 2062 2094 2089 2091 2098
830.708984 2103 2093 2096 2112 2085 2099 2125 2110 2088
830.729004 2110 2107 2105 2120 2090 2089 2090 2096 2115
830.75 2125 2104 2088 2069 2085 2085 2118 2084 2089
830.77002 2106 2097 2095 2084 2094 2109 2111 2093 2062
830.789978 2100 2108 2101 2100 2101 2096 2095 2096 2107
830.810974 2080 2104 2091 2091 2095 2072 2081 2061 2092
830.830994 2104 2103 2087 2100 2061 2067 2066 2076 2062
830.85199 2095 2078 2069 2084 2067 2064 2063 2070 2055
830.872009 2099 2071 2075 2062 2057 2098 2056 2071 2050
830.892029 2098 2129 2074 2078 2088 2071 2068 2067 2092
830.913025 2080 2098 2106 2070 2081 2083 2074 2079 2047
830.932983 2096 2094 2071 2080 2064 2075 2061 2056 2067
830.953979 2074 2071 2089 2093 2099 2067 2092 2082 2070
830.973999 2056 2087 2088 2090 2040 2076 2097 2097 2070
830.994019 2059 2089 2044 2071 2079 2086 2071 2070 2088
831.015015 2076 2067 2092 2057 2082 2077 2073 2060 2028
831.034973 2097 2068 2093 2073 2091 2075 2058 2068 2096
831.054993 2058 2081 2086 2076 2076 2082 2079 2078 2100
831.075989 2049 2074 2060 2054 2064 2078 2065 2057 2060
831.096008 2064 2041 2053 2069 2073 2074 2049 2063 2039
831.117004 2061 2089 2055 2072 2062 2071 2081 2058 2061
831.137024 2075 2047 2052 2050 2071 2066 2031 2070 2073
831.156982 2069 2092 2073 2081 2065 2059 2075 2069 2053
831.177979 2082 2064 2066 2086 2094 2081 2091 2073 2072
831.197998 2054 2072 2080 2061 2085 2076 2054 2064 2094
831.218994 2063 2063 2054 2058 2087 2073 2067 2052 2064
831.239014 2082 2073 2054 2047 2036 2065 2058 2070 2044
831.258972 2067 2073 2052 2051 2051 2065 2067 2066 2065
831.280029 2073 2050 2096 2043 2078 2051 2052 2035 2080
831.299988 2055 2076 2073 2065 2068 2059 2076 2091 2082
831.320007 2074 2097 2048 2090 2045 2075 2054 2065 2078
831.341003 2086 2054 2048 2066 2067 2080 2085 2065 2078
831.361023 2065 2064 2039 2071 2049 2052 2059 2069 2058
831.382019 2049 2066 2071 2085 2066 2057 2058 2037 2055
831.401978 2062 2050 2076 2063 2036 2056 2061 2064 2049
831.421997 2088 2107 2045 2063 2063 2065 2099 2100 2067
831.442993 2070 2050 2035 2047 2048 2060 2066 2078 2047
831.463013 2090 2052 2083 2062 2065 2060 2066 2064 2074
831.482971 2051 2090 2078 2054 2087 2071 2063 2073 2053
831.504028 2071 2073 2071 2064 2061 2034 2071 2064 2081
831.523987 2052 2058 2071 2084 2083 2070 2049 2040 2078
831.544983 2056 2077 2082 2070 2083 2083 2067 2068 2074
831.565002 2055 2039 2074 2050 2088 2058 2091 2075 2096
831.585022 2061 2091 2088 2059 2062 2054 2070 2095 2054
831.606018 2095 2068 2090 2082 2096 2067 2074 2052 2080
831.625977 2087 2085 2079 2062 2059 2080 2076 2077 2099
831.645996 2085 2082 2075 2043 2064 2059 2065 2083 2109
831.666992 2074 2090 2056 2078 2088 2105 2041 2062 2073
831.687012 2091 2074 2069 2065 2079 2085 2089 2072 2065
831.708008 2067 2065 2068 2055 2082 2062 2086 2059 2052
831.728027 2075 2054 2082 2106 2073 2077 2091 2096 2058
831.747986 2089 2122 2085 2087 2091 2059 2069 2049 2064
831.768982 2081 2085 2072 2087 2080 2062 2058 2083 2079
831.789001 2070 2092 2102 2073 2069 2075 2085 2078 2100
831.809021 2086 2077 2088 2068 2079 2104 2081 2065 2074
831.830017 2110 2092 2124 2043 2085 2077 2080 2097 2089
831.849976 2105 2080 2103 2052 2092 2072 2056 2089 2055
831.869995 2077 2057 2072 2081 2086 2075 2067 2075 2091
831.890991 2104 2081 2089 2091 2066 2091 2096 2120 2099
831.911011 2087 2058 2096 2100 2095 2074 2064 2068 2090
831.932007 2086 2099 2094 2078 2073 2089 2078 2096 2100
831.952026 2099 2079 2083 2117 2070 2054 2069 2091 2068
831.971985 2104 2087 2098 2087 2084 2107 2081 2076 2105
831.992981 2099 2079 2099 2083 2082 2087 2097 2077 2098
832.013 2101 2060 2114 2107 2112 2105 2116 2079 2125
832.03302 2087 2076 2122 2097 2099 2107 2101 2106 2093
832.054016 2093 2078 2094 2102 2071 2112 2087 2122 2093
832.073975 2113 2098 2089 2102 2092 2103 2135 2126 2107
832.093994 2081 2097 2110 2089 2090 2094 2080 2080 2082
832.11499 2090 2139 2103 2105 2091 2125 2133 2075 2091
832.13501 2088 2101 2127 2083 2086 2102 2102 2109 2084
832.155029 2121 2117 2086 2109 2113 2107 2123 2086 2098
832.176025 2129 2110 2083 2135 2099 2110 2124 2070 2071
832.195984 2110 2127 2112 2076 2091 2118 2116 2107 2133
832.216003 2127 2094 2060 2109 2117 2136 2116 2091 2116
832.237 2128 2114 2103 2104 2095 2106 2096 2107 2107
832.257019 2111 2121 2093 2140 2102 2087 2113 2112 2129
832.278015 2124 2132 2116 2092 2073 2121 2120 2158 2091
832.297974 2107 2113 2120 2122 2109 2132 2108 2120 2117
832.317993 2142 2146 2091 2123 2111 2119 2136 2095 2126
832.338989 2110 2146 2141 2091 2111 2127 2105 2107 2093
832.359009 2105 2118 2118 2120 2117 2102 2121 2108 2089
832.379028 2090 2126 2128 2121 2096 2098 2114 2149 2100
832.400024 2122 2161 2126 2103 2125 2115 2108 2115 2127
832.419983 2116 2108 2115 2111 2110 2100 2125 2113 2118
832.440002 2107 2150 2118 2126 2142 2117 2123 2124 2131
832.460999 2103 2158 2105 2106 2131 2104 2132 2121 2134
832.481018 2098 2123 2088 2123 2117 2082 2155 2122 2091
832.500977 2116 2106 2090 2090 2133 2116 2110 2091 2131
832.521973 2133 2121 2101 2137 2120 2122 2090 2095 2123
832.541992 2124 2117 2117 2118 2106 2111 2108 2115 2139
832.562012 2104 2105 2147 2099 2132 2118 2124 2098 2128
832.583008 2137 2123 2131 2070 2132 2113 2120 2095 2126
832.603027 2106 2116 2102 2133 2121 2108 2101 2112 2155
832.622986 2134 2139 2118 2125 2113 2119 2119 2090 2116
832.643982 2131 2135 2146 2114 2113 2111 2130 2130 2124
832.664001 2124 2124 2135 2117 2124 2108 2123 2109 2109
832.684021 2108 2099 2103 2120 2100 2106 2122 2128 2120
832.705017 2125 2142 2114 2094 2124 2145 2105 2126 2133
832.724976 2105 2104 2128 2138 2146 2125 2123 2107 2119
832.744995 2121 2111 2125 2130 2085 2112 2121 2099 2102
832.765991 2116 2088 2125 2124 2108 2103 2100 2080 2127
832.786011 2093 2112 2085 2096 2077 2116 2081 2106 2117
832.80603 2122 2104 2092 2111 2114 2110 2123 2068 2099
832.827026 2114 2105 2100 2099 2116 2094 2109 2098 2113
832.846985 2096 2083 2090 2125 2102 2090 2095 2122 2106
832.867004 2119 2095 2122 2107 2095 2100 2096 2092 2115
832.888 2106 2114 2082 2109 2081 2102 2109 2103 2103
832.90802 2106 2097 2115 2095 2090 2136 2102 2122 2128
832.927979 2109 2120 2103 2124 2118 2091 2104 2090 2092
832.948975 2134 2108 2114 2082 2115 2103 2115 2111 2133
832.968994 2092 2104 2118 2085 2103 2106 2111 2102 2114
832.989014 2109 2079 2102 2099 2105 2071 2110 2112 2115
833.01001 2101 2089 2105 2107 2077 2115 2104 2096 2075
833.030029 2112 2117 2090 2074 2125 2097 2076 2096 2074
833.049988 2090 2111 2117 2127 2133 2111 2118 2115 2104
833.070984 2099 2097 2105 2106 2069 2068 2111 2063 2059
833.091003 2107 2117 2111 2089 2099 2102 2090 2103 2130
833.111023 2108 2089 2057 2097 2105 2089 2084 2085 2088
833.132019 2101 2093 2105 2090 2076 2077 2099 2097 2086
833.151978 2100 2096 2109 2105 2050 2087 2083 2108 2089
833.171997 2103 2102 2106 2105 2101 2108 2121 2094 2107
833.192993 2088 2096 2106 2083 2113 2107 2097 2105 2105
833.213013 2099 2079 2090 2090 2102 2080 2105 2101 2079
833.232971 2097 2095 2054 2075 2087 2074 2051 2079 2116
833.254028 2092 2095 2075 2087 2085 2096 2102 2093 2109
833.273987 2076 2076 2109 2105 2095 2095 2081 2069 2076
833.294006 2064 2110 2097 2092 2082 2094 2116 2071 2111
833.315002 2079 2094 2076 2076 2053 2109 2092 2072 2079
833.335022 2081 2101 2060 2085 2086 2099 2079 2083 2059
833.35498 2066 2085 2077 2079 2094 2100 2087 2107 2072
833.375977 2085 2126 2071 2111 2088 2077 2098 2077 2056
833.395996 2105 2077 2083 2093 2051 2053 2070 2077 2086
833.416016 2070 2081 2075 2075 2105 2077 2077 2085 2069
833.437012 2071 2055 2103 2092 2084 2089 2105 2083 2103
833.45697 2083 2074 2079 2072 2070 2073 2076 2110 2066
833.47699 2083 2075 2074 2055 2102 2090 2055 2092 2073
833.497009 2094 2069 2067 2035 2078 2043 2075 2095 2056
833.518005 2117 2080 2102 2097 2080 2087 2076 2099 2075
833.538025 2071 2081 2072 2084 2073 2091 2076 2059 2071
833.557983 2076 2099 2063 2084 2080 2071 2075 2066 2094
833.578979 2069 2081 2072 2088 2067 2052 2068 2066 2073
833.598999 2050 2082 2045 2094 2058 2067 2060 2112 2090
833.619019 2067 2060 2071 2093 2092 2069 2063 2086 2089
833.640015 2073 2062 2087 2057 2105 2063 2055 2059 2069
833.659973 2090 2057 2076 2084 2088 2087 2064 2066 2049
833.679993 2084 2053 2069 2075 2078 2091 2054 2096 2101
833.700989 2110 2090 2073 2076 2089 2067 2088 2062 2078
833.721008 2095 2080 2075 2079 2084 2071 2082 2080 2084
833.741028 2113 2055 2067 2079 2096 2084 2069 2100 2085
833.762024 2102 2080 2083 2072 2088 2072 2063 2076 2074
833.781982 2100 2041 2089 2101 2061 2085 2080 2073 2071
833.802002 2104 2087 2083 2087 2079 2068 2087 2065 2077
833.822021 2092 2073 2053 2110 2062 2080 2063 2058 2066
833.843018 2056 2053 2058 2070 2079 2079 2075 2061 2108
833.862976 2069 2095 2070 2084 2071 2070 2076 2092 2078
833.882996 2072 2065 2086 2079 2102 2092 2090 2061 2074
833.903992 2081 2108 2090 2071 2081 2076 2068 2062 2060
833.924011 2128 2101 2097 2100 2122 2104 2092 2084 2089
833.94397 2106 2076 2087 2052 2073 2065 2072 2087 2073
833.965027 2078 2072 2090 2084 2074 2082 2065 2092 2082
833.984985 2088 2080 2099 2073 2096 2083 2100 2074 2076
834.005005 2073 2064 2081 2078 2073 2087 2083 2090 2068
834.026001 2067 2053 2077 2071 2089 2082 2081 2062 2092
834.046021 2102 2115 2033 2083 2089 2077 2070 2089 2073
834.065979 2071 2078 2071 2068 2076 2059 2087 2068 2076
834.085999 2082 2086 2077 2071 2087 2097 2085 2084 2082
834.106995 2104 2091 2055 2109 2072 2062 2061 2084 2068
834.127014 2095 2084 2060 2083 2056 2088 2080 2061 2053
834.146973 2085 2082 2064 2064 2070 2113 2071 2081 2064
834.16803 2073 2090 2107 2090 2081 2081 2087 2073 2074
834.187988 2070 2059 2086 2060 2078 2117 2094 2082 2082
834.208008 2073 2084 2086 2102 2071 2062 2070 2061 2070
834.228027 2086 2065 2068 2108 2086 2076 2090 2072 2069
834.249023 2096 2094 2066 2078 2068 2067 2068 2069 2068
834.268982 2103 2075 2073 2101 2071 2079 2074 2094 2071
834.289001 2090 2041 2091 2098 2059 2086 2066 2077 2081
834.309998 2101 2075 2077 2078 2089 2080 2088 2057 2114
834.330017 2061 2114 2092 2093 2108 2092 2070 2065 2069
834.349976 2087 2078 2092 2104 2069 2104 2063 2084 2075
834.369995 2088 2076 2078 2085 2090 2087 2068 2080 2101
834.390991 2080 2061 2104 2085 2058 2086 2096 2094 2085
834.411011 2074 2053 2078 2094 2077 2074 2077 2091 2109
834.43103 2086 2059 2070 2066 2097 2088 2065 2069 2081
834.452026 2085 2092 2082 2119 2068 2057 2088 2086 2089
834.471985 2097 2086 2081 2099 2096 2100 2088 2097 2078
834.492004 2082 2076 2078 2102 2093 2089 2059 2086 2061
834.513 2091 2092 2106 2085 2089 2084 2096 2104 2078
834.53302 2097 2079 2094 2077 2071 2082 2068 2068 2107
834.552979 2110 2094 2081 2115 2069 2095 2090 2129 2101
834.572998 2101 2090 2071 2111 2062 2107 2071 2071 2100
834.593994 2115 2108 2109 2081 2091 2096 2113 2095 2077
834.614014 2116 2084 2105 2135 2082 2076 2095 2088 2115
834.633972 2105 2072 2091 2099 2089 2088 2103 2097 2090
834.653992 2103 2094 2088 2098 2108 2076 2072 2078 2075
834.674988 2081 2067 2103 2083 2093 2087 2073 2090 2101
834.695007 2122 2098 2085 2080 2089 2084 2086 2106 2084
834.715027 2088 2063 2111 2100 2110 2102 2105 2108 2061
834.736023 2102 2078 2085 2100 2095 2111 2091 2104 2087
834.755981 2121 2112 2088 2100 2106 2064 2098 2094 2118
834.776001 2115 2121 2083 2092 2088 2092 2126 2129 2102
834.796021 2125 2108 2098 2127 2121 2089 2082 2081 2122
834.817017 2113 2095 2083 2115 2094 2108 2089 2072 2101
834.836975 2108 2100 2094 2108 2094 2096 2094 2108 2126
834.856995 2104 2111 2102 2093 2091 2118 2097 2127 2103
834.877991 2116 2120 2110 2095 2103 2088 2104 2118 2112
834.89801 2114 2113 2136 2129 2099 2113 2124 2125 2121
834.91803 2117 2117 2130 2117 2101 2121 2120 2101 2142
834.937988 2104 2119 2115 2113 2129 2117 2111 2089 2145
834.958984 2100 2131 2092 2092 2105 2128 2125 2103 2086
834.979004 2102 2113 2097 2111 2128 2110 2097 2109 2127
834.999023 2099 2094 2112 2119 2134 2097 2110 2090 2071
835.018982 2085 2110 2105 2075 2097 2122 2087 2081 2099
835.039978 2095 2139 2101 2122 2093 2124 2103 2114 2093
835.059998 2085 2095 2114 2076 2091 2119 2113 2102 2131
835.080017 2114 2085 2111 2102 2135 2112 2124 2091 2099
835.101013 2120 2146 2106 2142 2126 2128 2089 2087 2093
835.120972 2136 2120 2110 2123 2109 2120 2115 2127 2116
835.140991 2083 2114 2123 2075 2090 2105 2107 2128 2103
835.161011 2102 2086 2086 2097 2101 2122 2108 2087 2096
835.182007 2121 2125 2098 2113 2099 2115 2113 2092 2110
835.202026 2092 2117 2106 2096 2106 2124 2122 2090 2109
835.221985 2110 2077 2114 2128 2103 2100 2100 2080 2079
835.242004 2116 2121 2125 2129 2104 2110 2114 2101 2113
835.263 2098 2105 2086 2116 2112 2131 2091 2091 2123
835.28302 2144 2135 2101 2131 2121 2102 2119 2097 2116
835.302979 2125 2111 2135 2131 2110 2115 2110 2112 2089
835.322998 2109 2107 2142 2116 2100 2118 2106 2097 2132
835.343994 2118 2081 2086 2104 2106 2129 2106 2101 2087
835.364014 2129 2093 2123 2095 2134 2101 2097 2117 2123
835.383972 2133 2135 2093 2086 2090 2085 2121 2083 2107
835.403992 2119 2122 2151 2118 2107 2105 2137 2108 2117
835.424988 2116 2112 2135 2124 2135 2117 2130 2152 2098
835.445007 2118 2099 2102 2106 2097 2116 2107 2088 2118
835.465027 2131 2110 2117 2114 2068 2141 2117 2159 2127
835.486023 2118 2106 2118 2085 2117 2105 2088 2071 2094
835.505981 2111 2099 2097 2098 2111 2116 2098 2086 2147
835.526001 2112 2078 2103 2104 2098 2116 2120 2106 2097
835.546021 2116 2090 2101 2097 2100 2105 2071 2098 2079
835.567017 2116 2114 2092 2104 2095 2098 2120 2123 2097
835.586975 2110 2105 2118 2113 2102 2115 2092 2112 2101
835.606995 2122 2134 2098 2115 2114 2116 2138 2097 2104
835.627014 2099 2085 2086 2097 2088 2070 2097 2101 2093
835.64801 2099 2085 2107 2116 2094 2121 2090 2094 2140
835.66803 2097 2110 2086 2108 2113 2088 2101 2096 2113
835.687988 2094 2083 2122 2102 2092 2110 2095 2092 2085
835.708008 2094 2091 2119 2114 2110 2112 2109 2112 2098
835.729004 2089 2118 2076 2105 2090 2086 2112 2101 2103
835.749023 2129 2109 2122 2126 2126 2124 2125 2107 2121
835.768982 2113 2124 2081 2094 2116 2095 2106 2095 2106
835.789001 2118 2110 2096 2110 2111 2102 2135 2105 2123
835.809998 2092 2104 2131 2106 2081 2096 2108 2121 2110
835.830017 2135 2133 2108 2115 2138 2131 2108 2134 2110
835.849976 2095 2118 2091 2111 2102 2091 2086 2112 2131
835.869995 2128 2120 2130 2125 2124 2083 2081 2124 2103
835.890991 2092 2089 2133 2094 2075 2121 2108 2109 2091
835.911011 2129 2133 2147 2117 2134 2119 2122 2136 2114
835.93103 2122 2105 2132 2113 2130 2112 2141 2117 2121
835.950989 2136 2145 2100 2129 2093 2117 2111 2101 2103
835.971985 2129 2100 2125 2126 2151 2113 2102 2138 2142
835.992004 2108 2124 2137 2113 2107 2107 2112 2121 2132
836.012024 2112 2128 2119 2105 2129 2154 2121 2115 2126
836.031982 2137 2121 2119 2113 2132 2135 2108 2094 2118
836.052002 2129 2129 2114 2128 2133 2131 2129 2146 2107
836.072998 2123 2139 2155 2149 2145 2153 2100 2129 2159
836.093018 2115 2136 2124 2122 2104 2112 2121 2110 2110
836.112976 2120 2163 2114 2114 2099 2103 2100 2084 2122
836.132996 2132 2141 2118 2137 2127 2130 2136 2130 2130
836.153992 2143 2164 2119 2084 2118 2109 2126 2117 2122
836.174011 2136 2135 2146 2130 2118 2115 2116 2108 2123
836.19397 2122 2122 2124 2101 2120 2125 2122 2109 2093
836.213989 2088 2124 2135 2102 2096 2098 2129 2089 2118
836.234985 2121 2119 2085 2124 2108 2117 2127 2124 2125
836.255005 2107 2135 2114 2102 2124 2114 2105 2096 2101
836.275024 2150 2113 2155 2105 2106 2123 2142 2125 2101
836.294983 2119 2112 2091 2140 2112 2129 2113 2107 2103
836.315979 2130 2089 2113 2107 2113 2122 2116 2101 2134
836.335999 2106 2110 2105 2131 2137 2107 2112 2108 2136
836.356018 2151 2120 2130 2109 2090 2123 2110 2122 2088
836.375977 2108 2133 2137 2133 2123 2114 2119 2116 2098
836.395996 2092 2140 2144 2126 2129 2120 2115 2119 2096
836.416992 2126 2136 2099 2118 2118 2105 2124 2128 2116
836.437012 2101 2142 2108 2121 2122 2118 2116 2132 2097
836.45697 2139 2156 2117 2117 2153 2127 2108 2090 2122
836.47699 2128 2116 2119 2151 2098 2136 2140 2133 2093
836.497986 2118 2114 2126 2126 2104 2125 2104 2110 2128
836.518005 2140 2113 2164 2155 2118 2128 2122 2140 2127
836.538025 2126 2108 2127 2114 2130 2131 2132 2117 2124
836.557983 2133 2133 2125 2136 2099 2133 2147 2117 2114
836.578979 2130 2134 2136 2147 2125 2123 2148 2113 2134
836.598999 2150 2127 2137 2123 2150 2130 2120 2121 2170
836.619019 2151 2117 2138 2141 2104 2096 2140 2109 2095
836.638977 2127 2174 2147 2128 2131 2156 2109 2127 2085
836.658997 2145 2134 2122 2150 2158 2125 2147 2137 2144
836.679993 2130 2117 2127 2132 2130 2122 2126 2131 2115
836.700012 2104 2111 2140 2130 2114 2154 2121 2103 2133
836.719971 2115 2136 2123 2120 2152 2108 2107 2101 2095
836.73999 2106 2119 2105 2113 2122 2118 2122 2135 2105
836.760986 2125 2119 2127 2117 2120 2115 2125 2123 2131
836.781006 2115 2131 2127 2117 2095 2133 2125 2112 2091
836.801025 2116 2118 2138 2140 2135 2123 2114 2138 2135
836.820984 2133 2127 2127 2124 2139 2130 2140 2094 2142
836.841003 2117 2137 2113 2127 2115 2124 2109 2100 2118
836.862 2148 2139 2150 2132 2104 2139 2141 2118 2122
836.882019 2147 2149 2118 2152 2138 2122 2121 2157 2109
836.901978 2148 2137 2155 2091 2159 2109 2114 2113 2072
836.921997 2152 2141 2135 2157 2112 2151 2137 2133 2119
836.942993 2117 2154 2151 2138 2130 2138 2137 2162 2148
836.963013 2153 2164 2144 2161 2170 2148 2134 2135 2164
836.982971 2125 2141 2136 2142 2158 2149 2124 2157 2141
837.002991 2180 2172 2141 2157 2142 2160 2148 2159 2131
837.02301 2145 2187 2141 2161 2135 2174 2150 2167 2159
837.044006 2180 2205 2197 2201 2214 2190 2205 2184 2179
837.064026 2220 2224 2222 2210 2210 2238 2231 2218 2206
837.083984 2236 2245 2232 2205 2222 2231 2233 2212 2201
837.104004 2268 2235 2165 2225 2235 2265 2236 2241 2239
837.124023 2270 2263 2298 2234 2261 2264 2193 2255 2242
837.14502 2267 2236 2271 2229 2235 2229 2227 2242 2255
837.164978 2246 2248 2234 2265 2268 2240 2230 2252 2234
837.184998 2276 2231 2270 2231 2240 2273 2267 2249 2225
837.205017 2275 2238 2273 2277 2250 2268 2255 2252 2243
837.224976 2226 2251 2259 2262 2250 2252 2257 2254 2242
837.245972 2261 2259 2289 2268 2248 2222 2281 2249 2253
837.265991 2238 2253 2264 2239 2308 2230 2240 2267 2227
837.286011 2265 2240 2265 2287 2271 2257 2278 2213 2246
837.30603 2276 2280 2289 2262 2242 2245 2264 2227 2250
837.325989 2246 2267 2235 2256 2263 2251 2277 2284 2262
837.346985 2241 2281 2250 2251 2240 2261 2219 2265 2235
837.367004 2261 2251 2277 2271 2263 2209 2225 2249 2271
837.387024 2245 2257 2265 2231 2272 2245 2241 2263 2293
837.406982 2238 2249 2240 2236 2256 2287 2269 2268 2234
837.427002 2252 2279 2261 2268 2240 2248 2278 2240 2264
837.447998 2272 2291 2273 2276 2253 2243 2289 2239 2265
837.468018 2258 2271 2237 2265 2244 2277 2288 2247 2250
837.487976 2262 2254 2234 2313 2256 2226 2265 2257 2253
837.507996 2275 2272 2278 2278 2268 2247 2281 2262 2248
837.528992 2269 2260 2250 2251 2261 2280 2247 2283 2276
837.549011 2253 2271 2281 2236 2267 2266 2269 2260 2267
837.56897 2259 2282 2258 2269 2283 2280 2224 2242 2223
837.588989 2290 2298 2317 2266 2285 2252 2274 2279 2257
837.609009 2269 2299 2275 2250 2283 2286 2267 2289 2289
837.629028 2314 2273 2303 2269 2242 2300 2276 2265 2235
837.650024 2294 2304 2298 2268 2278 2285 2290 2280 2260
837.669983 2268 2328 2316 2260 2289 2278 2301 2277 2284
837.690002 2301 2296 2295 2289 2262 2285 2283 2274 2233
837.710022 2315 2291 2263 2326 2318 2296 2272 2290 2279
837.72998 2362 2333 2317 2295 2316 2310 2299 2313 2285
837.750977 2305 2334 2325 2306 2330 2321 2295 2304 2244
837.770996 2341 2360 2337 2320 2333 2353 2339 2294 2311
837.791016 2339 2319 2353 2313 2328 2339 2328 2333 2291
837.810974 2369 2366 2337 2310 2356 2295 2314 2329 2320
837.830994 2359 2372 2358 2315 2323 2329 2334 2299 2285
837.85199 2398 2348 2381 2367 2337 2351 2343 2343 2306
837.872009 2365 2386 2385 2388 2365 2367 2354 2378 2360
837.892029 2426 2378 2384 2366 2380 2342 2354 2360 2335
837.911987 2394 2413 2384 2388 2418 2392 2338 2380 2324
837.932007 2430 2411 2407 2416 2414 2397 2374 2356 2367
837.953003 2451 2425 2410 2419 2386 2411 2403 2357 2399
837.973022 2431 2410 2443 2419 2405 2416 2411 2403 2393
837.992981 2429 2463 2458 2430 2424 2410 2402 2429 2425
838.013 2472 2461 2439 2438 2493 2426 2413 2409 2371
838.03302 2494 2457 2464 2480 2468 2485 2439 2418 2447
838.052979 2523 2509 2505 2495 2478 2457 2478 2450 2448
838.073975 2518 2528 2528 2508 2502 2475 2490 2442 2456
838.093994 2565 2551 2568 2549 2534 2483 2513 2469 2502
838.114014 2550 2529 2557 2577 2543 2534 2549 2516 2507
838.133972 2603 2604 2567 2571 2579 2576 2535 2544 2551
838.153992 2605 2617 2604 2593 2623 2571 2572 2585 2567
838.174011 2637 2614 2634 2596 2621 2617 2586 2574 2534
838.195007 2676 2663 2635 2666 2610 2633 2610 2571 2571
838.215027 2717 2702 2678 2651 2670 2652 2662 2621 2592
838.234985 2699 2692 2672 2682 2658 2666 2608 2579 2618
838.255005 2729 2763 2741 2685 2695 2666 2662 2628 2637
838.275024 2764 2771 2752 2718 2682 2705 2666 2648 2679
838.296021 2743 2777 2779 2768 2691 2710 2711 2698 2666
838.315979 2741 2773 2772 2774 2706 2735 2706 2640 2659
838.335999 2837 2787 2771 2743 2733 2718 2675 2687 2621
838.356018 2800 2783 2770 2748 2716 2739 2662 2667 2659
838.375977 2805 2828 2761 2779 2745 2731 2719 2711 2659
838.395996 2798 2779 2756 2736 2735 2721 2699 2657 2652
838.416992 2841 2808 2802 2799 2769 2709 2718 2683 2675
838.437012 2823 2839 2845 2813 2713 2740 2724 2668 2652
838.45697 2873 2842 2801 2775 2791 2718 2740 2708 2709
838.47699 2878 2849 2833 2844 2802 2772 2758 2731 2714
838.497009 2854 2861 2847 2847 2827 2735 2776 2725 2700
838.517029 2883 2834 2859 2805 2804 2825 2748 2739 2711
838.538025 2850 2837 2828 2865 2789 2769 2763 2689 2716
838.557983 2892 2849 2837 2852 2833 2770 2776 2683 2730
838.578003 2909 2914 2868 2871 2810 2816 2749 2716 2648
838.598022 2897 2884 2895 2822 2828 2780 2789 2753 2739
838.617981 2889 2880 2890 2824 2784 2786 2761 2738 2706
838.638 2830 2911 2852 2811 2829 2765 2733 2729 2665
838.658997 2903 2884 2850 2805 2789 2761 2742 2717 2700
838.679016 2921 2851 2804 2806 2788 2747 2733 2717 2680
838.698975 2892 2877 2876 2845 2814 2798 2778 2702 2690
838.718994 2921 2896 2889 2858 2801 2796 2716 2725 2713
838.739014 2915 2879 2868 2858 2793 2775 2750 2742 2709
838.758972 2887 2848 2907 2864 2798 2784 2739 2712 2711
838.780029 2939 2853 2865 2850 2831 2796 2747 2730 2680
838.799988 2892 2919 2819 2864 2844 2799 2725 2710 2727
838.820007 2948 2945 2889 2829 2824 2786 2746 2708 2737
838.840027 2911 2884 2854 2873 2813 2745 2755 2730 2721
838.859985 2940 2867 2846 2803 2794 2765 2772 2749 2698
838.880005 2938 2919 2856 2821 2837 2784 2744 2746 2703
838.901001 2942 2914 2867 2856 2827 2831 2765 2745 2726
838.921021 2995 2909 2882 2857 2889 2783 2741 2741 2704
838.940979 2977 2915 2875 2864 2815 2833 2758 2773 2711
838.960999 2999 2942 2895 2856 2809 2776 2814 2740 2754
838.981018 2986 2960 2911 2912 2845 2842 2813 2786 2701
839.000977 2975 2921 2924 2907 2855 2804 2780 2749 2727
839.020996 2929 2940 2886 2861 2812 2784 2786 2737 2707
839.041992 2983 2933 2926 2899 2860 2771 2778 2725 2721
839.062012 2984 2965 2929 2875 2879 2811 2815 2779 2698
839.08197 3028 2947 2896 2881 2876 2814 2795 2791 2729
839.10199 3056 2997 2933 2885 2871 2820 2786 2773 2744
839.122009 3022 3006 2933 2913 2917 2910 2863 2791 2767
839.142029 3082 2988 2964 2911 2906 2867 2825 2781 2735
839.161987 3032 3016 2981 2936 2882 2843 2824 2767 2757
839.182983 3077 3041 2984 2981 2917 2891 2850 2837 2764
839.203003 3063 3038 2998 2984 2916 2937 2867 2835 2794
839.223022 3116 3061 3028 2994 2960 2913 2883 2867 2822
839.242981 3138 3070 3062 2990 2918 2916 2884 2834 2787
839.263 3233 3178 3065 3044 2943 2926 2938 2876 2865
839.28302 3199 3233 3118 3083 3058 2989 2913 2916 2877
839.304016 3261 3196 3168 3128 3034 3044 2931 2928 2886
839.323975 3307 3256 3135 3139 3100 3092 3006 2944 2876
839.343994 3331 3287 3218 3207 3115 3088 3040 2981 2923
839.364014 3385 3309 3301 3202 3160 3091 3086 3000 2977
839.383972 3440 3325 3315 3261 3218 3140 3091 3050 3003
839.403992 3423 3400 3346 3312 3269 3210 3143 3049 3063
839.424011 3436 3389 3371 3316 3287 3217 3152 3106 3046
839.445007 3518 3432 3406 3345 3322 3260 3242 3178 3131
839.465027 3569 3522 3465 3407 3350 3317 3310 3196 3140
839.484985 3629 3547 3489 3400 3390 3328 3290 3236 3193
839.505005 3639 3611 3567 3494 3415 3428 3349 3258 3203
839.525024 3654 3631 3539 3509 3445 3430 3324 3308 3231
839.544983 3693 3644 3640 3580 3520 3450 3391 3344 3274
839.565002 3702 3692 3598 3628 3506 3545 3416 3371 3284
839.585999 3820 3772 3665 3575 3540 3512 3490 3371 3372
839.606018 3814 3748 3686 3651 3591 3579 3513 3482 3422
839.625977 3922 3805 3722 3713 3700 3642 3501 3462 3385
839.645996 3943 3864 3802 3744 3680 3720 3601 3540 3469
839.666016 3949 3910 3870 3806 3760 3727 3642 3563 3479
839.685974 3949 3961 3890 3786 3802 3655 3693 3616 3559
839.705994 4026 4009 3935 3906 3803 3745 3662 3622 3527
839.726013 4062 3969 3936 3892 3839 3742 3675 3617 3601
839.747009 4044 4024 3917 3889 3777 3737 3672 3639 3572
839.767029 4128 3987 3947 3871 3812 3705 3715 3682 3586
839.786987 4087 4053 3950 3950 3869 3764 3654 3658 3563
839.807007 4073 4062 4043 3924 3858 3803 3751 3655 3565
839.827026 4132 4071 4014 3884 3846 3853 3744 3639 3607
839.846985 4141 4126 3979 3925 3891 3809 3784 3683 3575
839.867004 4165 4051 4021 3947 3931 3826 3754 3679 3647
839.887024 4216 4117 4099 3961 3908 3869 3795 3737 3653
839.90802 4239 4143 4011 3997 3951 3880 3798 3693 3646
839.927979 4184 4100 4046 3977 3917 3880 3822 3692 3695
839.947998 4209 4139 4098 4001 3889 3888 3849 3744 3690
839.968018 4243 4207 4097 4007 3910 3912 3840 3762 3694
839.987976 4271 4158 4115 3995 3970 3894 3861 3805 3680
840.007996 4270 4161 4049 3977 3925 3907 3838 3815 3696
840.028015 4244 4183 4047 3939 3983 3893 3849 3756 3690
840.047974 4251 4149 4059 3985 3880 3891 3834 3803 3672
840.06897 4283 4239 4103 4024 3929 3867 3807 3738 3698
840.088989 4258 4109 4088 3986 3892 3833 3739 3669 3690
840.109009 4266 4093 3972 4020 3889 3832 3784 3688 3622
840.129028 4232 4080 4002 3911 3849 3788 3742 3707 3624
840.148987 4217 4124 4028 3890 3847 3736 3752 3653 3624
840.169006 4155 4049 3996 3819 3827 3753 3682 3644 3544
840.189026 4075 4029 3920 3793 3809 3737 3671 3605 3614
840.208984 4137 4018 3900 3822 3761 3714 3658 3627 3539
840.22998 4079 3928 3850 3786 3749 3682 3581 3545 3466
840.25 4032 3887 3829 3699 3710 3624 3592 3519 3456
840.27002 3998 3893 3749 3700 3580 3625 3562 3565 3486
840.289978 3946 3874 3744 3629 3636 3541 3543 3506 3380
840.309998 3950 3840 3705 3616 3607 3559 3515 3390 3382
840.330017 3855 3794 3682 3646 3602 3552 3451 3434 3367
840.349976 3823 3731 3674 3531 3522 3497 3428 3359 3332
840.369995 3794 3672 3591 3572 3518 3448 3380 3370 3244
840.390015 3761 3637 3590 3490 3461 3394 3348 3305 3263
840.411011 3720 3708 3587 3547 3500 3418 3343 3336 3267
840.43103 3666 3588 3478 3455 3374 3362 3298 3257 3212
840.450989 3622 3565 3462 3421 3349 3284 3278 3202 3174
840.471008 3599 3511 3430 3372 3250 3291 3253 3192 3173
840.491028 3542 3434 3407 3354 3279 3188 3174 3119 3069
840.510986 3492 3422 3328 3287 3240 3169 3124 3089 3021
840.531006 3421 3398 3281 3227 3186 3102 3117 3023 2944
840.551025 3338 3308 3274 3172 3164 3084 3034 2981 3001
840.570984 3352 3244 3222 3111 3116 3041 2995 2966 2933
840.59198 3291 3173 3112 3105 3009 3013 2960 2902 2895
840.612 3280 3171 3067 3081 3014 2964 2910 2855 2814
840.632019 3167 3123 3021 2949 2975 2866 2846 2830 2800
840.651978 3136 3077 3048 2894 2909 2861 2816 2784 2749
840.671997 3059 3052 2959 2871 2849 2814 2739 2702 2659
840.692017 3003 2949 2842 2822 2834 2765 2715 2672 2678
840.711975 2981 2899 2836 2830 2771 2745 2694 2651 2623
840.731995 2952 2903 2805 2769 2714 2673 2623 2638 2580
840.752014 2862 2832 2731 2699 2654 2610 2613 2578 2555
840.771973 2873 2800 2676 2673 2616 2626 2604 2531 2476
840.79303 2768 2740 2676 2612 2573 2556 2540 2545 2469
840.812988 2739 2683 2647 2604 2596 2553 2500 2486 2466
840.833008 2704 2656 2585 2592 2541 2502 2490 2462 2457
840.853027 2688 2616 2560 2545 2471 2457 2499 2411 2409
840.872986 2631 2602 2560 2515 2495 2461 2451 2423 2402
840.893005 2600 2531 2523 2485 2473 2405 2452 2394 2382
840.913025 2552 2514 2520 2467 2423 2417 2380 2429 2392
840.932983 2588 2483 2443 2448 2410 2392 2387 2394 2362
840.953003 2519 2446 2435 2442 2377 2413 2364 2344 2347
840.973022 2505 2454 2442 2422 2425 2355 2365 2310 2341
840.994019 2477 2425 2396 2398 2370 2365 2347 2349 2313
841.013977 2444 2439 2384 2349 2357 2326 2318 2296 2323
841.033997 2433 2410 2345 2387 2339 2328 2300 2309 2286
841.054016 2424 2374 2369 2359 2367 2314 2268 2288 2312
841.073975 2402 2347 2306 2329 2330 2285 2298 2278 2245
841.093994 2344 2357 2311 2299 2302 2258 2264 2277 2236
841.114014 2354 2332 2315 2312 2261 2298 2261 2259 2220
841.133972 2300 2314 2286 2285 2277 2256 2246 2258 2221
841.153992 2322 2310 2282 2268 2246 2268 2233 2244 2220
841.174011 2335 2302 2269 2274 2283 2258 2276 2269 2221
841.19397 2319 2284 2284 2252 2278 2264 2247 2238 2217
841.215027 2303 2256 2260 2285 2229 2250 2237 2227 2227
841.234985 2311 2259 2229 2277 2253 2244 2213 2237 2214
841.255005 2279 2296 2288 2245 2258 2248 2240 2215 2225
841.275024 2287 2273 2281 2255 2242 2253 2243 2212 2200
841.294983 2268 2282 2261 2244 2261 2246 2243 2197 2217
841.315002 2299 2256 2281 2227 2217 2245 2263 2236 2230
841.335022 2291 2254 2236 2235 2257 2223 2225 2225 2228
841.35498 2265 2272 2265 2206 2233 2232 2249 2250 2224
841.375 2282 2245 2267 2242 2213 2220 2227 2218 2214
841.39502 2256 2292 2238 2256 2236 2249 2218 2225 2221
841.414978 2275 2280 2236 2231 2246 2229 2215 2202 2192
841.434998 2256 2245 2230 2236 2242 2233 2206 2188 2207
841.455994 2244 2246 2237 2218 2213 2220 2203 2211 2200
841.476013 2235 2283 2219 2200 2236 2240 2231 2201 2236
841.495972 2269 2253 2252 2244 2208 2209 2176 2236 2194
841.515991 2254 2248 2264 2253 2222 2223 2205 2207 2190
841.536011 2252 2247 2235 2229 2242 2239 2208 2229 2210
841.55603 2238 2253 2223 2200 2229 2192 2183 2202 2211
841.575989 2263 2264 2231 2233 2193 2203 2216 2199 2194
841.596008 2257 2225 2230 2225 2207 2225 2226 2217 2231
841.616028 2277 2291 2249 2232 2226 2203 2211 2212 2230
841.635986 2262 2271 2241 2219 2205 2213 2212 2207 2180
841.656006 2248 2213 2233 2243 2205 2204 2212 2211 2232
841.676025 2222 2236 2268 2210 2214 2212 2175 2215 2220
841.695984 2257 2239 2234 2189 2228 2201 2227 2220 2185
841.716003 2240 2253 2239 2229 2236 2190 2239 2196 2194
841.737 2242 2256 2241 2249 2254 2233 2228 2205 2220
841.757019 2247 2226 2252 2221 2194 2219 2223 2210 2184
841.776978 2250 2209 2230 2189 2203 2176 2187 2167 2209
841.796997 2239 2199 2213 2229 2221 2202 2232 2231 2205
841.817017 2251 2267 2212 2228 2215 2196 2216 2231 2191
841.836975 2237 2209 2240 2221 2215 2209 2179 2212 2180
841.856995 2246 2228 2208 2204 2218 2215 2195 2218 2190
841.877014 2243 2229 2165 2204 2201 2226 2206 2186 2190
841.896973 2249 2254 2216 2211 2208 2206 2199 2230 2194
841.916992 2223 2233 2234 2193 2196 2241 2213 2170 2193
841.937012 2234 2231 2212 2245 2222 2206 2212 2163 2199
841.95697 2232 2233 2233 2220 2182 2196 2219 2208 2214
841.97699 2221 2249 2215 2208 2250 2188 2177 2216 2205
841.997009 2240 2248 2252 2238 2214 2231 2216 2239 2222
842.018005 2234 2234 2212 2224 2218 2197 2220 2198 2193
842.038025 2233 2231 2191 2209 2195 2214 2224 2174 2209
842.057983 2266 2203 2264 2213 2208 2231 2254 2185 2173
842.078003 2241 2240 2231 2214 2228 2205 2191 2198 2209
842.098022 2231 2248 2231 2220 2213 2206 2204 2210 2182
842.117981 2222 2248 2231 2202 2203 2211 2213 2201 2205
842.138 2250 2219 2195 2212 2233 2196 2195 2201 2191
842.15802 2240 2224 2198 2200 2195 2216 2201 2208 2173
842.177979 2229 2235 2233 2220 2234 2211 2205 2188 2159
842.197998 2223 2228 2200 2205 2172 2205 2193 2171 2188
842.218018 2218 2195 2223 2199 2247 2175 2179 2174 2176
842.237976 2230 2222 2213 2205 2216 2192 2174 2178 2181
842.257996 2221 2234 2232 2198 2209 2188 2208 2193 2186
842.278015 2248 2192 2227 2234 2204 2193 2177 2193 2168
842.297974 2239 2199 2199 2189 2192 2207 2242 2181 2194
842.317993 2253 2210 2210 2192 2201 2216 2227 2187 2183
842.338013 2240 2235 2207 2179 2193 2192 2197 2195 2202
842.357971 2247 2215 2227 2203 2192 2187 2218 2209 2215
842.379028 2235 2236 2223 2186 2209 2213 2181 2210 2175
842.398987 2234 2210 2212 2230 2212 2197 2221 2190 2182
842.419006 2239 2211 2200 2189 2193 2228 2213 2204 2207
842.439026 2234 2213 2208 2197 2215 2212 2210 2175 2191
842.458984 2199 2213 2208 2216 2210 2179 2206 2172 2169
842.479004 2262 2220 2244 2211 2203 2226 2181 2201 2188
842.499023 2193 2230 2173 2201 2209 2180 2182 2174 2170
842.518982 2229 2229 2210 2247 2248 2185 2170 2208 2179
842.539001 2231 2219 2202 2225 2189 2181 2209 2219 2197
842.559021 2232 2213 2226 2189 2216 2203 2216 2229 2199
842.578979 2261 2200 2199 2203 2215 2207 2198 2195 2214
842.598999 2198 2210 2244 2219 2197 2200 2199 2206 2233
842.619019 2240 2232 2215 2210 2224 2203 2203 2191 2216
842.638977 2247 2262 2241 2201 2242 2176 2211 2196 2198
842.658997 2267 2237 2215 2230 2207 2197 2222 2195 2209
842.679016 2231 2241 2210 2210 2236 2214 2227 2191 2229
842.698975 2256 2225 2233 2208 2234 2206 2193 2208 2194
842.718994 2267 2239 2244 2251 2237 2227 2206 2214 2184
842.739014 2227 2217 2207 2207 2199 2211 2213 2187 2231
842.758972 2225 2236 2205 2218 2219 2198 2208 2199 2205
842.778992 2229 2204 2195 2244 2192 2209 2200 2214 2220
842.799011 2224 2205 2219 2207 2199 2185 2187 2209 2199
842.820007 2225 2216 2215 2194 2211 2230 2201 2198 2173
842.840027 2241 2216 2203 2189 2175 2206 2212 2180 2193
842.859985 2258 2227 2236 2223 2216 2179 2192 2177 2182
842.880005 2232 2229 2213 2196 2183 2201 2205 2208 2196
842.900024 2241 2201 2242 2204 2191 2217 2224 2210 2187
842.919983 2240 2244 2233 2186 2218 2231 2232 2208 2186
842.940002 2225 2256 2206 2216 2194 2208 2175 2210 2195
842.960022 2231 2209 2197 2184 2199 2205 2217 2228 2211
842.97998 2232 2212 2210 2158 2217 2173 2195 2180 2191
843 2218 2203 2210 2209 2192 2210 2207 2205 2168
843.02002 2208 2208 2222 2211 2211 2205 2173 2189 2181
843.039978 2211 2212 2222 2154 2220 2232 2211 2204 2180
843.059998 2236 2193 2220 2211 2197 2202 2200 2196 2202
843.080017 2221 2214 2190 2184 2197 2195 2219 2181 2199
843.099976 2211 2212 2208 2212 2190 2215 2201 2213 2191
843.119995 2224 2208 2203 2217 2203 2184 2199 2157 2193
843.140015 2230 2188 2199 2209 2209 2162 2198 2176 2160
843.159973 2214 2220 2201 2227 2211 2198 2171 2184 2191
843.179993 2265 2223 2214 2205 2213 2191 2187 2222 2165
843.200012 2221 2176 2201 2252 2200 2194 2167 2196 2182
843.219971 2223 2223 2196 2203 2160 2179 2188 2190 2163
843.23999 2224 2232 2226 2175 2218 2221 2206 2198 2219
843.26001 2232 2227 2202 2202 2218 2187 2180 2182 2160
843.280029 2213 2221 2203 2228 2229 2194 2200 2174 2204
843.299988 2208 2240 2248 2214 2229 2184 2210 2207 2218
843.320007 2211 2213 2218 2192 2209 2200 2180 2187 2201
843.340027 2209 2229 2222 2218 2201 2203 2213 2205 2186
843.359985 2227 2203 2206 2212 2218 2167 2194 2187 2193
843.380005 2193 2215 2229 2197 2157 2205 2212 2192 2182
843.400024 2212 2212 2174 2188 2206 2188 2209 2186 2170
843.419983 2202 2196 2216 2226 2221 2191 2194 2203 2195
843.440002 2209 2207 2219 2218 2199 2175 2168 2173 2172
843.460022 2196 2230 2204 2229 2187 2191 2195 2204 2184
843.47998 2211 2249 2213 2218 2215 2204 2195 2213 2185
843.5 2235 2245 2196 2198 2198 2214 2206 2182 2190
843.52002 2213 2206 2208 2211 2217 2207 2170 2197 2155
843.539978 2224 2230 2237 2218 2207 2179 2186 2181 2237
843.559998 2219 2199 2198 2204 2196 2191 2156 2174 2154
843.580994 2198 2214 2217 2184 2219 2206 2175 2183 2159
843.601013 2226 2202 2208 2192 2206 2216 2200 2194 2188
843.620972 2222 2210 2198 2257 2203 2186 2193 2184 2168
843.640991 2205 2213 2202 2205 2209 2199 2210 2183 2186
843.661011 2214 2204 2221 2208 2206 2194 2210 2186 2180
843.68103 2230 2206 2206 2200 2219 2196 2180 2176 2196
843.700989 2236 2224 2218 2199 2218 2204 2184 2183 2186
843.721008 2209 2214 2215 2190 2192 2175 2182 2153 2172
843.741028 2247 2208 2188 2229 2196 2239 2191 2202 2185
843.760986 2253 2230 2186 2215 2186 2166 2202 2214 2193
843.781006 2224 2231 2183 2212 2231 2195 2210 2208 2168
843.801025 2248 2236 2192 2228 2224 2190 2196 2202 2194
843.820984 2229 2223 2236 2223 2228 2192 2212 2189 2209
843.841003 2232 2213 2228 2223 2199 2227 2209 2205 2192
843.861023 2242 2238 2206 2235 2220 2177 2179 2189 2198
843.880981 2232 2201 2198 2210 2193 2173 2194 2156 2153
843.901001 2219 2209 2219 2185 2248 2186 2189 2215 2190
843.921021 2216 2201 2187 2214 2218 2217 2185 2158 2165
843.940979 2215 2205 2193 2203 2190 2166 2184 2164 2188
843.960999 2212 2178 2185 2191 2160 2217 2195 2195 2189
843.981018 2216 2230 2223 2204 2202 2212 2171 2192 2177
844.000977 2227 2235 2202 2193 2175 2198 2184 2161 2167
844.020996 2223 2226 2196 2177 2218 2174 2173 2186 2196
844.041016 2208 2176 2192 2208 2220 2193 2200 2202 2187
844.060974 2225 2234 2202 2201 2219 2189 2186 2172 2193
844.080994 2244 2233 2209 2170 2185 2177 2174 2169 2175
844.101013 2238 2200 2187 2204 2201 2182 2194 2210 2186
844.120972 2234 2203 2224 2202 2204 2195 2206 2158 2212
844.140991 2238 2216 2200 2205 2218 2202 2199 2189 2188
844.161011 2197 2251 2213 2199 2196 2202 2203 2181 2207
844.18103 2208 2226 2227 2199 2229 2195 2208 2185 2197
844.200989 2224 2208 2241 2207 2188 2181 2208 2159 2153
844.221008 2214 2210 2162 2213 2230 2213 2175 2196 2180
844.241028 2215 2187 2231 2202 2205 2188 2204 2220 2188
844.260986 2196 2228 2233 2222 2222 2212 2218 2211 2209
844.281006 2238 2221 2213 2228 2193 2177 2220 2214 2183
844.301025 2225 2216 2203 2183 2205 2214 2203 2181 2161
844.320984 2233 2204 2212 2198 2235 2187 2184 2190 2194
844.341003 2223 2244 2235 2214 2221 2173 2185 2177 2174
844.361023 2245 2218 2219 2207 2229 2201 2206 2193 2171
844.380981 2215 2214 2209 2172 2203 2178 2173 2166 2191
844.401001 2212 2233 2193 2211 2203 2195 2187 2181 2195
844.421021 2210 2212 2207 2189 2186 2189 2176 2186 2191
844.440979 2219 2237 2206 2221 2208 2207 2209 2177 2205
844.460999 2199 2200 2233 2180 2201 2207 2170 2183 2155
844.481018 2222 2193 2196 2166 2179 2208 2180 2187 2191
844.500977 2176 2175 2219 2185 2181 2194 2187 2141 2189
844.520996 2205 2185 2212 2182 2174 2159 2184 2147 2163
844.541016 2192 2240 2222 2211 2180 2169 2175 2164 2175
844.559998 2217 2188 2187 2205 2172 2186 2195 2187 2166
844.580017 2184 2174 2183 2163 2191 2167 2178 2169 2189
844.599976 2239 2210 2158 2168 2189 2175 2166 2155 2148
844.619995 2195 2177 2211 2163 2209 2165 2174 2198 2169
844.640015 2216 2197 2190 2167 2186 2193 2159 2188 2151
844.659973 2235 2200 2183 2175 2182 2166 2170 2177 2141
844.679993 2212 2202 2216 2221 2183 2200 2177 2185 2165
844.700012 2204 2226 2189 2149 2164 2195 2138 2176 2182
844.719971 2209 2195 2192 2198 2195 2187 2144 2199 2176
844.73999 2201 2163 2205 2184 2196 2168 2151 2168 2177
844.76001 2205 2184 2216 2195 2167 2207 2199 2193 2137
844.780029 2207 2213 2172 2203 2187 2180 2155 2141 2175
844.799988 2205 2183 2201 2186 2175 2194 2168 2179 2171
844.820007 2207 2194 2194 2178 2198 2194 2176 2169 2160
844.840027 2173 2199 2211 2188 2180 2169 2189 2167 2164
844.859985 2190 2195 2191 2149 2181 2177 2184 2177 2157
844.880005 2229 2220 2199 2176 2180 2187 2177 2204 2178
844.900024 2224 2184 2210 2232 2205 2166 2155 2189 2186
844.919983 2203 2181 2188 2182 2189 2199 2135 2160 2157
844.940002 2207 2183 2204 2172 2170 2167 2147 2180 2200
844.960022 2191 2196 2175 2204 2162 2192 2151 2172 2160
844.97998 2210 2181 2181 2178 2179 2165 2192 2163 2167
845 2189 2178 2184 2178 2188 2172 2177 2147 2145
845.02002 2210 2179 2178 2202 2170 2190 2184 2163 2186
845.039978 2214 2189 2197 2207 2190 2176 2196 2185 2153
845.059998 2222 2187 2188 2198 2196 2172 2183 2161 2178
845.080017 2212 2220 2222 2204 2213 2182 2167 2202 2161
845.099976 2217 2187 2207 2186 2177 2160 2203 2174 2192
845.119995 2212 2191 2187 2176 2207 2178 2195 2196 2166
845.140015 2219 2211 2214 2194 2217 2173 2187 2160 2191
845.159973 2226 2194 2181 2239 2194 2176 2176 2166 2184
845.179993 2226 2192 2217 2182 2190 2186 2172 2128 2172
845.200012 2232 2198 2189 2203 2193 2195 2175 2183 2156
845.219971 2230 2160 2209 2204 2202 2187 2192 2182 2168
845.23999 2219 2212 2191 2192 2187 2196 2162 2191 2181
845.26001 2197 2187 2217 2222 2206 2173 2178 2200 2162
845.280029 2199 2220 2191 2228 2211 2219 2188 2227 2185
845.299011 2208 2218 2201 2202 2203 2197 2181 2202 2159
845.31897 2247 2229 2210 2203 2221 2184 2182 2203 2175
845.338989 2233 2223 2244 2186 2199 2202 2193 2183 2163
845.359009 2224 2228 2229 2217 2180 2241 2222 2178 2191
845.379028 2247 2226 2198 2224 2173 2213 2218 2176 2155
845.398987 2222 2214 2208 2217 2217 2211 2186 2175 2182
845.419006 2228 2232 2215 2208 2230 2220 2179 2204 2208
845.439026 2238 2243 2213 2199 2217 2176 2205 2204 2187
845.458984 2236 2263 2239 2230 2227 2232 2209 2211 2210
845.479004 2240 2255 2224 2207 2222 2232 2242 2226 2178
845.499023 2296 2248 2226 2228 2240 2230 2208 2201 2223
845.518982 2249 2249 2263 2268 2236 2232 2239 2227 2223
845.539001 2259 2275 2266 2240 2227 2225 2261 2227 2223
845.559021 2267 2286 2227 2240 2250 2236 2222 2242 2224
845.578979 2294 2234 2234 2273 2247 2241 2246 2230 2255
845.598999 2284 2256 2264 2249 2257 2254 2231 2271 2207
845.619019 2323 2323 2308 2275 2273 2279 2255 2293 2260
845.638977 2293 2278 2251 2257 2244 2269 2237 2247 2232
845.658997 2284 2272 2262 2304 2270 2276 2224 2224 2255
845.679016 2301 2293 2284 2294 2270 2242 2253 2248 2233
845.698975 2315 2281 2264 2257 2272 2306 2243 2275 2283
845.718994 2275 2246 2266 2269 2274 2272 2260 2252 2221
845.737976 2328 2279 2299 2262 2272 2265 2295 2238 2252
845.757996 2281 2273 2271 2253 2295 2293 2261 2247 2241
845.778015 2282 2301 2254 2233 2258 2263 2234 2263 2237
845.797974 2297 2315 2293 2306 2259 2272 2266 2268 2250
845.817993 2284 2279 2275 2269 2284 2233 2294 2232 2258
845.838013 2313 2304 2245 2261 2270 2295 2264 2263 2254
845.857971 2304 2289 2244 2263 2300 2235 2256 2242 2245
845.877991 2314 2281 2271 2244 2274 2241 2230 2262 2252
845.89801 2323 2264 2294 2299 2275 2272 2269 2252 2251
845.91803 2288 2300 2303 2302 2299 2316 2251 2258 2246
845.937988 2299 2290 2254 2294 2248 2272 2274 2234 2229
845.958008 2267 2308 2286 2263 2282 2266 2281 2231 2238
845.978027 2320 2300 2270 2284 2248 2279 2258 2243 2252
845.997986 2319 2298 2312 2298 2317 2298 2283 2255 2272
846.018005 2318 2299 2280 2257 2284 2255 2269 2271 2260
846.038025 2322 2309 2273 2285 2289 2293 2262 2220 2254
846.057983 2317 2280 2289 2265 2277 2261 2241 2252 2213
846.078003 2310 2304 2283 2280 2305 2287 2263 2283 2241
846.096985 2319 2296 2305 2275 2289 2254 2280 2272 2257
846.117004 2296 2270 2276 2276 2285 2240 2251 2259 2274
846.137024 2299 2308 2279 2288 2298 2268 2280 2251 2243
846.156982 2331 2282 2292 2292 2269 2276 2220 2264 2228
846.177002 2314 2276 2279 2275 2262 2243 2256 2248 2245
846.197021 2310 2309 2275 2291 2271 2247 2226 2235 2231
846.21698 2289 2300 2307 2272 2254 2266 2252 2266 2231
846.237 2294 2319 2267 2254 2272 2264 2303 2245 2262
846.257019 2299 2290 2291 2292 2246 2261 2258 2282 2250
846.276978 2299 2290 2281 2280 2276 2276 2275 2238 2218
846.296997 2299 2305 2294 2260 2280 2283 2273 2262 2281
846.317017 2318 2333 2316 2298 2266 2286 2271 2247 2270
846.336975 2332 2330 2338 2276 2288 2278 2259 2243 2274
846.356995 2324 2304 2302 2322 2283 2267 2301 2265 2259
846.377014 2305 2323 2308 2293 2331 2279 2276 2257 2264
846.395996 2326 2300 2304 2305 2260 2299 2257 2280 2254
846.416016 2314 2294 2295 2309 2291 2246 2238 2262 2250
846.435974 2330 2318 2297 2297 2282 2272 2279 2274 2253
846.455994 2306 2309 2320 2290 2295 2262 2325 2279 2246
846.476013 2325 2323 2318 2303 2285 2270 2280 2300 2278
846.495972 2300 2321 2305 2291 2268 2260 2285 2246 2272
846.515991 2350 2321 2346 2303 2314 2306 2284 2282 2289
846.536011 2313 2286 2298 2302 2291 2313 2275 2304 2274
846.55603 2322 2287 2278 2300 2286 2260 2259 2258 2275
846.575989 2297 2303 2318 2309 2275 2249 2270 2266 2258
846.596008 2330 2300 2306 2273 2264 2299 2270 2280 2249
846.616028 2310 2277 2290 2299 2300 2290 2249 2227 2235
846.63501 2284 2291 2267 2259 2287 2290 2267 2252 2263
846.655029 2270 2245 2272 2269 2275 2267 2238 2269 2255
846.674988 2294 2291 2257 2277 2252 2291 2253 2223 2248
846.695007 2332 2296 2285 2306 2265 2252 2277 2255 2243
846.715027 2280 2269 2270 2249 2257 2265 2236 2247 2228
846.734985 2288 2312 2290 2290 2280 2244 2251 2248 2279
846.755005 2306 2316 2252 2283 2279 2248 2253 2253 2261
846.775024 2284 2256 2290 2290 2249 2287 2259 2257 2249
846.794983 2289 2281 2285 2265 2261 2252 2247 2226 2199
846.815002 2286 2311 2290 2255 2291 2274 2262 2255 2234
846.835022 2304 2298 2307 2270 2271 2308 2265 2258 2251
846.85498 2318 2306 2278 2286 2299 2268 2236 2215 2235
846.875 2310 2325 2256 2271 2267 2288 2274 2272 2295
846.893982 2281 2297 2313 2255 2299 2271 2277 2260 2267
846.914001 2341 2279 2278 2306 2262 2273 2274 2246 2265
846.934021 2331 2283 2286 2284 2263 2279 2261 2233 2220
846.953979 2330 2288 2323 2251 2306 2279 2305 2262 2261
846.973999 2343 2322 2306 2296 2264 2246 2299 2275 2223
846.994019 2319 2348 2281 2286 2304 2281 2291 2287 2261
847.013977 2339 2314 2323 2292 2309 2275 2261 2265 2268
847.033997 2336 2306 2287 2316 2270 2303 2285 2294 2285
847.054016 2304 2333 2310 2286 2304 2256 2288 2278 2275
847.073975 2327 2340 2302 2301 2304 2339 2294 2276 2240
847.093994 2326 2319 2288 2289 2272 2287 2226 2271 2244
847.112976 2303 2319 2277 2316 2257 2274 2290 2259 2268
847.132996 2331 2306 2302 2293 2280 2271 2281 2285 2250
847.153015 2298 2317 2281 2299 2315 2321 2261 2262 2255
847.172974 2336 2343 2303 2302 2303 2293 2268 2295 2290
847.192993 2330 2337 2300 2311 2336 2302 2289 2290 2269
847.213013 2344 2328 2323 2322 2270 2300 2279 2300 2294
847.232971 2374 2301 2345 2290 2328 2298 2295 2288 2262
847.252991 2332 2306 2313 2298 2265 2290 2291 2304 2279
847.27301 2352 2316 2311 2295 2297 2259 2274 2279 2282
847.29303 2354 2355 2319 2321 2322 2286 2270 2262 2263
847.312012 2337 2323 2315 2304 2282 2285 2303 2261 2289
847.33197 2313 2331 2331 2316 2269 2282 2303 2244 2294
847.35199 2328 2299 2321 2294 2329 2295 2244 2285 2267
847.372009 2336 2334 2319 2322 2297 2325 2282 2251 2281
847.392029 2337 2321 2340 2291 2294 2276 2268 2269 2241
847.411987 2288 2326 2338 2322 2264 2286 2275 2299 2251
847.432007 2329 2285 2323 2267 2294 2273 2243 2231 2262
847.452026 2291 2290 2325 2289 2299 2256 2251 2270 2245
847.471985 2312 2286 2270 2283 2276 2294 2247 2268 2250
847.492004 2309 2300 2301 2294 2272 2274 2278 2243 2249
847.510986 2371 2304 2329 2278 2273 2289 2277 2261 2244
847.531006 2314 2298 2274 2285 2274 2288 2260 2227 2255
847.551025 2312 2308 2290 2296 2277 2255 2237 2221 2243
847.570984 2308 2307 2281 2269 2283 2244 2292 2232 2247
847.591003 2321 2312 2304 2281 2271 2262 2251 2240 2214
847.611023 2276 2308 2298 2293 2273 2297 2254 2259 2274
847.630981 2318 2315 2294 2303 2291 2280 2292 2282 2242
847.651001 2280 2326 2251 2279 2269 2272 2278 2264 2247
847.669983 2325 2308 2313 2308 2298 2281 2259 2299 2255
847.690002 2271 2318 2296 2298 2282 2261 2282 2280 2234
847.710022 2322 2315 2299 2324 2293 2280 2292 2287 2261
847.72998 2308 2293 2297 2283 2259 2269 2262 2258 2227
847.75 2353 2322 2291 2317 2300 2268 2272 2278 2248
847.77002 2339 2318 2297 2300 2304 2277 2245 2295 2238
847.789978 2334 2342 2314 2306 2305 2313 2297 2258 2260
847.809998 2342 2335 2345 2327 2292 2258 2296 2267 2254
847.830017 2333 2330 2341 2318 2319 2289 2263 2266 2267
847.848999 2343 2319 2310 2336 2272 2298 2302 2277 2306
847.869019 2354 2317 2296 2298 2356 2312 2288 2272 2269
847.888977 2334 2354 2309 2333 2302 2294 2295 2304 2272
847.908997 2331 2312 2318 2287 2273 2295 2269 2296 2271
847.929016 2328 2352 2307 2305 2287 2313 2275 2251 2258
847.948975 2349 2315 2278 2312 2313 2320 2281 2255 2278
847.968994 2322 2289 2322 2298 2301 2282 2284 2270 2272
847.989014 2321 2327 2313 2353 2286 2312 2277 2299 2300
848.007996 2367 2309 2318 2314 2336 2301 2291 2242 2321
848.028015 2370 2345 2339 2360 2309 2285 2298 2286 2286
848.047974 2365 2325 2322 2328 2317 2350 2310 2319 2286
848.067993 2352 2355 2319 2319 2305 2295 2315 2291 2266
848.088013 2358 2369 2322 2340 2324 2283 2326 2273 2297
848.107971 2353 2388 2375 2326 2302 2304 2307 2278 2291
848.127991 2362 2309 2326 2314 2321 2335 2283 2287 2256
848.14801 2365 2323 2297 2312 2303 2290 2326 2295 2270
848.166992 2372 2331 2352 2340 2299 2321 2285 2309 2304
848.187012 2342 2367 2339 2343 2337 2302 2316 2324 2286
848.20697 2362 2332 2318 2338 2316 2311 2327 2282 2286
848.22699 2354 2344 2343 2318 2332 2305 2317 2310 2271
848.247009 2352 2350 2351 2305 2330 2320 2295 2322 2296
848.267029 2363 2353 2367 2345 2316 2316 2337 2317 2313
848.286987 2370 2366 2340 2340 2320 2332 2328 2293 2287
848.307007 2364 2378 2366 2337 2331 2331 2297 2312 2319
848.325989 2345 2321 2320 2340 2329 2329 2345 2303 2303
848.346008 2419 2340 2332 2321 2330 2367 2339 2310 2286
848.366028 2402 2363 2345 2360 2335 2326 2345 2348 2302
848.385986 2381 2385 2383 2361 2354 2308 2345 2335 2309
848.406006 2347 2366 2332 2380 2335 2345 2333 2310 2293
848.426025 2380 2359 2372 2351 2320 2337 2338 2301 2289
848.445984 2388 2361 2348 2362 2371 2349 2305 2330 2310
848.466003 2373 2401 2370 2362 2361 2316 2369 2337 2310
848.484985 2384 2366 2394 2345 2338 2305 2349 2323 2330
848.505005 2364 2340 2310 2346 2327 2333 2313 2305 2275
848.525024 2365 2359 2357 2346 2363 2332 2324 2313 2334
848.544983 2413 2408 2378 2369 2361 2328 2352 2354 2309
848.565002 2381 2371 2343 2359 2353 2328 2311 2313 2321
848.585022 2402 2385 2336 2356 2349 2359 2381 2336 2320
848.604004 2358 2398 2369 2366 2349 2340 2313 2323 2303
848.624023 2392 2350 2342 2332 2326 2353 2325 2322 2294
848.643982 2390 2379 2341 2314 2327 2336 2309 2319 2304
848.664001 2383 2344 2365 2331 2311 2323 2269 2301 2283
848.684021 2374 2392 2354 2351 2358 2308 2299 2296 2308
848.703979 2374 2370 2364 2358 2330 2333 2322 2317 2317
848.723999 2350 2362 2362 2360 2341 2353 2353 2320 2289
848.742981 2353 2332 2359 2347 2356 2314 2329 2320 2306
848.763 2377 2333 2322 2326 2315 2331 2304 2324 2269
848.78302 2374 2364 2348 2346 2332 2324 2318 2309 2309
848.802979 2360 2390 2366 2321 2370 2328 2301 2323 2276
848.822998 2376 2357 2350 2353 2340 2303 2321 2287 2321
848.843018 2388 2382 2366 2398 2337 2319 2343 2333 2313
848.862976 2431 2394 2380 2378 2362 2375 2358 2377 2325
848.882019 2427 2418 2406 2397 2402 2386 2390 2331 2308
848.901978 2430 2404 2388 2399 2383 2399 2376 2389 2350
848.921997 2440 2428 2403 2426 2400 2395 2363 2385 2325
848.942017 2451 2431 2427 2423 2418 2404 2394 2372 2371
848.961975 2449 2462 2456 2451 2427 2400 2380 2350 2362
848.981995 2414 2449 2397 2385 2386 2404 2366 2354 2351
849.002014 2443 2429 2389 2364 2388 2419 2418 2363 2368
849.020996 2447 2415 2415 2410 2394 2394 2372 2364 2363
849.041016 2454 2424 2398 2441 2407 2412 2397 2357 2373
849.060974 2423 2404 2406 2396 2403 2434 2371 2370 2336
849.080994 2419 2416 2414 2422 2422 2359 2422 2364 2359
849.101013 2439 2417 2430 2388 2409 2421 2375 2416 2366
849.120972 2389 2417 2390 2404 2398 2391 2382 2373 2350
849.140015 2406 2449 2398 2422 2421 2382 2372 2392 2364
849.159973 2423 2441 2422 2397 2374 2391 2377 2381 2373
849.179993 2405 2421 2427 2377 2365 2364 2413 2362 2324
849.200012 2410 2425 2395 2393 2361 2397 2377 2359 2360
849.219971 2441 2422 2408 2406 2413 2401 2375 2324 2335
849.23999 2406 2411 2398 2362 2373 2363 2353 2351 2363
849.258972 2403 2393 2433 2372 2412 2359 2389 2355 2343
849.278992 2390 2393 2376 2381 2396 2376 2334 2317 2395
849.299011 2422 2412 2418 2350 2416 2387 2360 2354 2332
849.31897 2398 2390 2412 2389 2353 2401 2353 2345 2371
849.338989 2421 2400 2365 2354 2375 2360 2333 2343 2310
849.359009 2418 2354 2386 2386 2373 2352 2399 2359 2334
849.377991 2397 2395 2380 2383 2355 2362 2335 2332 2304
849.39801 2374 2380 2406 2384 2378 2384 2376 2339 2356
849.41803 2393 2352 2418 2388 2399 2392 2344 2367 2344
849.437988 2468 2417 2344 2395 2339 2323 2363 2347 2335
849.458008 2436 2377 2384 2368 2385 2340 2365 2325 2340
849.478027 2407 2400 2362 2382 2362 2342 2368 2333 2334
849.497009 2358 2390 2346 2316 2324 2337 2331 2335 2313
849.517029 2410 2390 2344 2342 2365 2395 2351 2302 2324
849.536987 2388 2352 2380 2348 2358 2347 2356 2334 2335
849.557007 2383 2333 2379 2360 2358 2326 2345 2339 2324
849.577026 2344 2352 2354 2341 2328 2325 2366 2317 2302
849.596985 2412 2374 2342 2358 2338 2379 2325 2307 2302
849.616028 2353 2391 2361 2334 2332 2335 2331 2312 2325
849.635986 2365 2342 2329 2348 2356 2352 2317 2282 2328
849.656006 2360 2377 2346 2318 2334 2325 2293 2317 2330
849.676025 2378 2332 2345 2331 2379 2336 2322 2319 2314
849.695984 2363 2346 2352 2323 2327 2323 2338 2283 2287
849.716003 2360 2353 2342 2333 2339 2348 2305 2304 2305
849.734985 2377 2371 2357 2329 2312 2318 2306 2321 2317
849.755005 2342 2336 2354 2336 2320 2338 2334 2312 2307
849.775024 2367 2362 2359 2371 2332 2324 2295 2307 2314
849.794983 2392 2396 2348 2366 2311 2338 2327 2333 2303
849.815002 2363 2331 2362 2309 2344 2304 2302 2289 2298
849.833984 2378 2360 2345 2356 2335 2348 2321 2321 2280
849.854004 2375 2336 2361 2388 2350 2365 2341 2315 2294
849.874023 2352 2349 2341 2340 2369 2313 2344 2311 2299
849.893982 2375 2391 2346 2371 2354 2348 2342 2347 2303
849.914001 2332 2365 2339 2351 2348 2312 2326 2309 2307
849.934021 2339 2356 2371 2309 2335 2340 2303 2309 2298
849.953003 2393 2382 2362 2345 2359 2350 2301 2308 2311
849.973022 2400 2386 2363 2336 2341 2332 2343 2309 2319
849.992981 2391 2395 2374 2359 2363 2369 2349 2354 2330
850.013 2361 2379 2342 2366 2319 2306 2362 2298 2306
850.03302 2397 2388 2367 2408 2375 2337 2356 2320 2361
850.052002 2382 2394 2363 2349 2348 2317 2356 2322 2332
850.072021 2392 2348 2355 2342 2365 2366 2309 2323 2332
850.09198 2336 2372 2389 2360 2345 2347 2347 2349 2319
850.112 2376 2357 2343 2334 2319 2352 2314 2357 2321
850.132019 2397 2352 2297 2332 2324 2348 2292 2291 2321
850.151001 2363 2345 2333 2345 2330 2333 2295 2319 2334
850.171021 2322 2320 2329 2324 2313 2299 2294 2286 2303
850.190979 2323 2330 2312 2287 2307 2279 2275 2259 2251
850.210999 2348 2311 2307 2325 2298 2304 2265 2254 2246
850.231018 2350 2330 2313 2298 2302 2307 2282 2268 2297
850.250977 2340 2321 2315 2300 2301 2296 2309 2303 2238
850.27002 2334 2310 2343 2318 2305 2306 2285 2269 2257
850.289978 2328 2329 2322 2312 2298 2277 2316 2296 2272
850.309998 2322 2332 2300 2322 2303 2288 2279 2292 2266
850.330017 2362 2324 2299 2306 2278 2276 2294 2263 2277
850.349976 2354 2310 2298 2296 2309 2287 2269 2305 2285
850.369019 2298 2303 2316 2314 2305 2270 2286 2288 2276
850.388977 2316 2323 2314 2267 2299 2286 2253 2269 2277
850.408997 2340 2306 2287 2293 2289 2317 2280 2275 2264
850.429016 2316 2320 2305 2305 2276 2278 2253 2270 2270
850.448975 2310 2274 2314 2292 2285 2249 2268 2260 2299
850.468018 2335 2309 2305 2296 2275 2294 2289 2262 2266
850.487976 2326 2331 2315 2295 2278 2297 2327 2279 2267
850.507996 2353 2321 2330 2280 2309 2292 2254 2281 2246
850.528015 2351 2330 2330 2304 2283 2311 2275 2270 2253
850.547974 2320 2316 2293 2301 2300 2264 2289 2282 2274
850.567017 2324 2334 2307 2301 2285 2268 2285 2258 2268
850.586975 2343 2287 2311 2290 2303 2294 2262 2273 2237
850.606995 2346 2348 2298 2297 2261 2293 2286 2286 2255
850.627014 2330 2340 2288 2321 2278 2291 2272 2266 2270
850.645996 2315 2322 2302 2276 2263 2299 2288 2271 2266
850.666016 2299 2302 2304 2304 2301 2312 2270 2292 2271
850.685974 2296 2315 2285 2258 2296 2280 2254 2258 2258
850.705994 2347 2286 2288 2282 2291 2276 2276 2252 2272
850.726013 2312 2315 2304 2298 2274 2288 2264 2250 2252
850.744995 2299 2295 2322 2293 2314 2277 2258 2271 2270
850.765015 2295 2292 2247 2254 2260 2250 2247 2273 2276
850.784973 2336 2283 2263 2281 2274 2252 2252 2249 2278
850.804993 2296 2280 2281 2277 2291 2269 2279 2265 2233
850.825012 2286 2284 2287 2253 2317 2260 2274 2246 2249
850.843994 2309 2305 2303 2288 2298 2280 2296 2264 2263
850.864014 2319 2312 2298 2297 2303 2261 2298 2265 2266
850.883972 2312 2315 2293 2278 2291 2276 2300 2260 2260
850.903992 2327 2336 2269 2277 2285 2282 2267 2239 2248
850.924011 2286 2269 2279 2304 2312 2304 2289 2278 2278
850.942993 2295 2306 2315 2296 2287 2269 2257 2276 2257
850.963013 2322 2325 2313 2284 2293 2261 2290 2282 2254
850.982971 2306 2311 2306 2302 2280 2294 2287 2279 2252
851.002991 2329 2294 2350 2299 2309 2275 2302 2270 2253
851.021973 2298 2325 2339 2283 2257 2281 2283 2306 2297
851.041992 2326 2313 2276 2282 2308 2296 2256 2323 2259
851.062012 2329 2327 2284 2296 2303 2288 2296 2285 2267
851.08197 2331 2342 2301 2281 2297 2288 2280 2288 2255
851.10199 2323 2319 2303 2276 2292 2308 2267 2253 2278
851.120972 2337 2307 2312 2293 2278 2325 2287 2280 2245
851.140991 2354 2302 2306 2283 2249 2282 2289 2277 2262
851.161011 2327 2304 2302 2264 2292 2304 2253 2275 2269
851.18103 2338 2334 2289 2270 2303 2276 2289 2254 2281
851.200012 2346 2337 2300 2296 2267 2298 2287 2277 2277
851.219971 2292 2318 2261 2308 2298 2289 2255 2271 2278
851.23999 2342 2296 2295 2321 2262 2267 2266 2244 2271
851.26001 2319 2292 2290 2289 2253 2259 2263 2272 2255
851.280029 2292 2297 2288 2270 2260 2268 2243 2273 2250
851.299011 2310 2260 2284 2271 2265 2259 2285 2253 2235
851.31897 2316 2324 2315 2280 2285 2298 2310 2295 2257
851.338989 2347 2297 2298 2276 2287 2271 2246 2245 2253
851.359009 2331 2314 2287 2284 2287 2284 2258 2271 2234
851.377991 2337 2314 2280 2255 2260 2291 2260 2275 2239
851.39801 2311 2302 2307 2282 2274 2266 2241 2241 2259
851.41803 2270 2292 2270 2286 2262 2287 2268 2234 2253
851.437988 2292 2301 2317 2301 2279 2215 2236 2244 2245
851.45697 2300 2303 2294 2307 2261 2254 2247 2247 2270
851.47699 2281 2286 2293 2268 2264 2249 2264 2231 2245
851.497009 2303 2291 2312 2271 2259 2280 2241 2259 2257
851.517029 2301 2300 2285 2260 2292 2291 2240 2238 2270
851.536011 2286 2240 2272 2247 2276 2256 2225 2234 2235
851.55603 2288 2261 2270 2257 2247 2260 2230 2238 2233
851.575989 2277 2254 2276 2234 2242 2241 2223 2226 2217
851.596008 2310 2308 2285 2278 2281 2241 2238 2243 2216
851.616028 2283 2258 2286 2263 2238 2261 2242 2206 2209
851.63501 2284 2264 2267 2246 2255 2258 2224 2234 2222
851.655029 2287 2281 2261 2254 2277 2259 2220 2203 2220
851.674988 2250 2259 2267 2209 2230 2243 2242 2198 2181
851.695007 2251 2242 2263 2263 2215 2243 2253 2224 2214
851.713989 2280 2267 2277 2246 2265 2219 2223 2244 2215
851.734009 2276 2273 2267 2244 2258 2251 2259 2205 2226
851.754028 2255 2249 2230 2233 2272 2264 2233 2234 2186
851.773987 2281 2254 2284 2261 2254 2255 2252 2248 2193
851.79303 2278 2268 2257 2258 2223 2215 2251 2242 2221
851.812988 2283 2231 2265 2246 2241 2238 2252 2210 2222
851.833008 2279 2283 2241 2250 2269 2242 2229 2207 2220
851.853027 2252 2265 2260 2243 2267 2266 2259 2254 2229
851.872009 2269 2277 2259 2237 2236 2237 2243 2240 2227
851.892029 2265 2246 2273 2262 2235 2251 2224 2224 2219
851.911987 2305 2277 2273 2251 2251 2263 2233 2245 2238
851.932007 2284 2284 2276 2260 2256 2239 2240 2228 2212
851.950989 2306 2286 2244 2280 2225 2287 2268 2231 2232
851.971008 2263 2296 2258 2237 2244 2241 2239 2232 2263
851.991028 2281 2294 2277 2266 2262 2279 2220 2244 2253
852.010986 2283 2268 2245 2248 2204 2218 2219 2226 2245
852.030029 2277 2277 2262 2259 2261 2209 2204 2258 2237
852.049988 2287 2299 2279 2247 2226 2250 2260 2243 2237
852.070007 2295 2292 2258 2248 2237 2220 2241 2244 2226
852.090027 2252 2286 2298 2252 2269 2256 2228 2231 2253
852.109009 2277 2270 2255 2291 2251 2245 2253 2246 2247
852.129028 2249 2280 2257 2247 2228 2259 2214 2235 2236
852.148987 2290 2281 2267 2259 2239 2256 2257 2233 2195
852.169006 2313 2278 2306 2281 2236 2228 2233 2228 2206
852.187988 2286 2296 2274 2236 2273 2273 2210 2245 2232
852.208008 2311 2260 2263 2253 2270 2252 2284 2252 2252
852.228027 2274 2289 2265 2249 2252 2281 2271 2221 2231
852.247986 2300 2231 2263 2271 2246 2246 2247 2194 2230
852.267029 2284 2280 2270 2250 2283 2285 2231 2250 2247
852.286987 2288 2290 2266 2273 2254 2253 2269 2231 2244
852.307007 2292 2310 2278 2274 2288 2284 2259 2234 2243
852.327026 2300 2243 2279 2274 2254 2233 2250 2249 2235
852.346008 2302 2291 2261 2250 2267 2263 2245 2284 2236
852.366028 2313 2310 2280 2292 2254 2283 2251 2253 2222
852.385986 2270 2302 2282 2268 2278 2254 2242 2245 2219
852.406006 2285 2282 2282 2268 2258 2231 2248 2265 2251
852.424988 2285 2294 2278 2246 2271 2221 2249 2224 2224
852.445007 2282 2278 2295 2254 2258 2267 2269 2220 2205
852.465027 2306 2301 2256 2284 2267 2269 2262 2244 2263
852.484009 2304 2270 2267 2287 2257 2274 2250 2231 2239
852.504028 2296 2309 2252 2266 2252 2257 2239 2242 2227
852.523987 2298 2312 2256 2301 2251 2243 2248 2252 2249
852.544006 2271 2286 2271 2245 2283 2266 2240 2240 2237
852.562988 2303 2279 2272 2289 2268 2247 2260 2230 2208
852.583008 2310 2291 2277 2270 2257 2243 2228 2273 2241
852.603027 2279 2294 2296 2254 2245 2256 2235 2236 2265
852.622986 2304 2282 2264 2235 2265 2258 2249 2250 2245
852.642029 2301 2289 2294 2267 2260 2207 2262 2260 2220
852.661987 2303 2308 2266 2276 2248 2277 2240 2244 2262
852.682007 2292 2316 2278 2262 2271 2249 2271 2243 2235
852.700989 2276 2311 2267 2277 2298 2302 2242 2234 2249
852.721008 2309 2298 2263 2280 2283 2274 2271 2238 2223
852.741028 2299 2298 2300 2269 2264 2264 2253 2252 2233
852.760986 2300 2271 2246 2253 2250 2263 2268 2235 2238
852.780029 2292 2273 2256 2264 2268 2279 2260 2235 2237
852.799988 2291 2293 2289 2278 2258 2226 2252 2250 2244
852.820007 2280 2313 2307 2297 2309 2290 2266 2257 2249
852.840027 2292 2268 2266 2258 2275 2253 2264 2238 2243
852.859009 2293 2279 2272 2260 2283 2275 2257 2258 2234
852.879028 2286 2269 2296 2305 2278 2258 2260 2219 2227
852.898987 2314 2289 2301 2284 2286 2309 2253 2237 2222
852.91803 2331 2280 2303 2250 2290 2277 2269 2263 2272
852.937988 2314 2291 2274 2268 2287 2239 2243 2237 2235
852.958008 2335 2323 2299 2258 2258 2245 2267 2239 2253
852.978027 2293 2265 2298 2286 2235 2236 2246 2240 2250
852.997009 2325 2295 2300 2279 2256 2267 2248 2255 2254
853.017029 2308 2314 2318 2242 2278 2263 2263 2257 2195
853.036987 2322 2299 2311 2276 2293 2274 2267 2241 2246
853.05603 2309 2290 2298 2304 2280 2224 2247 2243 2237
853.075989 2306 2318 2274 2303 2269 2233 2265 2252 2244
853.096008 2307 2287 2275 2282 2282 2254 2267 2261 2250
853.116028 2332 2315 2288 2300 2266 2294 2273 2233 2271
853.13501 2329 2305 2271 2295 2268 2314 2272 2261 2256
853.155029 2349 2329 2272 2295 2303 2260 2274 2281 2244
853.174988 2298 2327 2288 2291 2289 2258 2269 2259 2290
853.19397 2330 2329 2291 2318 2246 2290 2296 2264 2235
853.213989 2327 2330 2273 2312 2329 2289 2270 2280 2277
853.234009 2322 2295 2286 2289 2312 2302 2239 2253 2231
853.254028 2323 2278 2307 2275 2285 2297 2257 2278 2199
853.27301 2341 2322 2273 2298 2292 2288 2263 2248 2241
853.29303 2299 2329 2301 2288 2292 2294 2279 2264 2281
853.312988 2357 2322 2314 2313 2294 2250 2259 2279 2259
853.33197 2331 2288 2307 2298 2275 2285 2275 2268 2254
853.35199 2306 2337 2328 2278 2286 2274 2275 2275 2246
853.372009 2315 2289 2315 2294 2279 2286 2273 2260 2267
853.390991 2297 2301 2277 2305 2304 2319 2288 2278 2269
853.411011 2353 2327 2291 2298 2278 2300 2264 2279 2251
853.43103 2342 2316 2319 2304 2284 2268 2271 2260 2246
853.450989 2363 2330 2314 2321 2313 2327 2269 2269 2264
853.469971 2368 2337 2325 2297 2317 2293 2295 2267 2275
853.48999 2361 2313 2321 2309 2330 2295 2284 2287 2237
853.51001 2333 2303 2309 2292 2267 2316 2315 2288 2252
853.528992 2322 2325 2326 2294 2291 2286 2278 2280 2266
853.549011 2335 2313 2327 2336 2290 2298 2307 2288 2297
853.56897 2344 2353 2324 2284 2327 2285 2285 2300 2252
853.588989 2336 2327 2278 2324 2304 2283 2281 2253 2273
853.607971 2377 2337 2344 2321 2322 2276 2292 2270 2252
853.627991 2325 2328 2316 2328 2313 2301 2266 2295 2250
853.64801 2323 2333 2314 2306 2319 2294 2267 2259 2283
853.666992 2368 2326 2310 2326 2298 2330 2288 2313 2286
853.687012 2330 2344 2325 2300 2306 2288 2323 2286 2268
853.70697 2346 2332 2328 2336 2311 2315 2305 2277 2275
853.726013 2321 2356 2302 2340 2295 2289 2290 2262 2292
853.745972 2351 2320 2325 2280 2335 2296 2296 2279 2234
853.765991 2369 2329 2319 2307 2314 2279 2301 2270 2284
853.784973 2365 2365 2353 2290 2315 2286 2302 2262 2280
853.804993 2388 2349 2349 2348 2327 2312 2288 2248 2263
853.825012 2362 2344 2330 2320 2328 2322 2312 2290 2284
853.844971 2390 2340 2309 2345 2303 2280 2296 2293 2256
853.864014 2395 2339 2327 2347 2291 2312 2314 2283 2284
853.883972 2350 2352 2341 2353 2333 2310 2288 2293 2279
853.903992 2407 2342 2358 2330 2342 2311 2311 2308 2299
853.922974 2365 2350 2365 2341 2329 2350 2312 2300 2296
853.942993 2385 2356 2342 2336 2353 2311 2322 2331 2300
853.963013 2376 2380 2363 2341 2359 2337 2293 2319 2295
853.981995 2393 2345 2381 2350 2316 2322 2321 2334 2281
854.002014 2349 2427 2361 2359 2296 2345 2309 2297 2296
854.021973 2381 2375 2374 2357 2333 2322 2319 2300 2308
854.041016 2384 2395 2363 2349 2350 2357 2335 2311 2315
854.060974 2405 2371 2350 2353 2336 2335 2345 2350 2324
854.080994 2397 2391 2367 2345 2314 2330 2322 2316 2338
854.099976 2394 2417 2348 2360 2355 2352 2300 2307 2286
854.119995 2408 2379 2377 2391 2355 2366 2335 2322 2321
854.140015 2426 2410 2379 2387 2363 2345 2332 2333 2314
854.158997 2397 2381 2391 2384 2317 2349 2322 2319 2307
854.179016 2402 2399 2388 2354 2381 2357 2356 2346 2300
854.198975 2392 2405 2378 2380 2392 2372 2318 2324 2328
854.218994 2392 2384 2378 2357 2359 2361 2352 2320 2324
854.237976 2430 2360 2349 2376 2342 2326 2340 2343 2317
854.257996 2382 2381 2371 2388 2386 2383 2317 2332 2313
854.278015 2401 2377 2389 2348 2338 2353 2334 2308 2335
854.296997 2392 2409 2345 2347 2366 2328 2338 2280 2323
854.317017 2373 2351 2346 2354 2342 2327 2349 2354 2273
854.336975 2383 2395 2354 2353 2338 2345 2331 2331 2296
854.356018 2387 2391 2350 2328 2354 2315 2301 2332 2291
854.375977 2379 2354 2384 2308 2308 2316 2307 2346 2315
854.395996 2372 2359 2341 2312 2324 2325 2290 2321 2301
854.414978 2382 2301 2326 2371 2325 2335 2298 2289 2295
854.434998 2355 2332 2337 2342 2314 2328 2301 2293 2277
854.455017 2386 2374 2315 2326 2335 2322 2320 2307 2288
854.473999 2377 2362 2320 2355 2344 2306 2304 2251 2300
854.494019 2352 2357 2315 2315 2300 2296 2295 2309 2267
854.513977 2367 2362 2314 2308 2310 2283 2290 2295 2249
854.53302 2374 2341 2318 2309 2303 2311 2267 2254 2290
854.552979 2348 2339 2319 2282 2300 2297 2308 2277 2276
854.572998 2334 2334 2313 2305 2298 2331 2286 2288 2271
854.59198 2360 2307 2305 2326 2292 2290 2287 2270 2257
854.612 2359 2303 2301 2293 2307 2278 2259 2263 2241
854.632019 2283 2314 2294 2291 2304 2269 2265 2268 2260
854.651001 2327 2313 2292 2261 2267 2276 2260 2279 2250
854.671021 2321 2287 2293 2278 2265 2275 2269 2252 2248
854.690979 2319 2330 2286 2303 2278 2232 2246 2247 2248
854.710022 2290 2307 2285 2269 2260 2239 2242 2286 2243
854.72998 2340 2302 2286 2309 2286 2263 2241 2240 2287
854.75 2295 2274 2303 2298 2292 2256 2244 2243 2218
854.768982 2306 2279 2275 2262 2286 2281 2251 2225 2227
854.789001 2277 2307 2331 2250 2269 2274 2248 2253 2246
854.807983 2336 2294 2314 2284 2271 2255 2277 2222 2245
854.828003 2343 2320 2304 2294 2281 2297 2253 2235 2243
854.848022 2299 2315 2264 2292 2291 2243 2273 2239 2233
854.867004 2309 2311 2299 2256 2266 2289 2258 2263 2201
854.887024 2327 2297 2282 2273 2269 2279 2251 2272 2213
854.906982 2285 2282 2279 2269 2282 2271 2241 2247 2235
854.926025 2291 2309 2290 2296 2283 2265 2242 2260 2268
854.945984 2287 2328 2299 2271 2284 2236 2238 2243 2231
854.966003 2309 2287 2228 2276 2273 2257 2226 2210 2224
854.984985 2312 2307 2297 2266 2265 2261 2228 2254 2224
855.005005 2299 2300 2242 2264 2257 2231 2218 2226 2232
855.025024 2310 2272 2280 2265 2261 2241 2257 2220 2234
855.044006 2298 2266 2296 2266 2253 2225 2253 2246 2238
855.064026 2277 2256 2251 2246 2259 2265 2266 2226 2236
855.083984 2289 2279 2277 2279 2268 2233 2256 2222 2236
855.103027 2289 2285 2284 2248 2260 2276 2239 2226 2234
855.122986 2307 2275 2277 2247 2233 2225 2239 2210 2229
855.143005 2299 2313 2258 2257 2245 2251 2237 2239 2199
855.161987 2294 2277 2270 2261 2250 2213 2244 2218 2231
855.182007 2320 2268 2299 2241 2268 2252 2282 2214 2230
855.200989 2325 2268 2282 2246 2254 2261 2232 2218 2213
855.221008 2275 2286 2293 2268 2226 2262 2254 2264 2194
855.241028 2281 2291 2267 2257 2244 2233 2240 2246 2210
855.26001 2285 2289 2263 2258 2251 2243 2267 2246 2256
855.280029 2261 2306 2270 2257 2248 2257 2232 2233 2249
855.299988 2282 2280 2261 2254 2276 2244 2213 2223 2231
855.31897 2284 2252 2261 2283 2272 2241 2228 2240 2254
855.338989 2270 2273 2257 2263 2270 2241 2227 2231 2192
855.359009 2279 2285 2273 2285 2214 2219 2242 2225 2190
855.377991 2296 2334 2262 2270 2244 2235 2233 2247 2214
855.39801 2278 2275 2256 2217 2266 2234 2218 2247 2235
855.41803 2299 2290 2274 2241 2234 2277 2214 2243 2196
855.437012 2299 2268 2249 2274 2248 2218 2245 2233 2231
855.45697 2288 2266 2234 2240 2285 2252 2257 2224 2238
855.476013 2287 2240 2263 2278 2258 2231 2256 2219 2238
855.495972 2256 2297 2276 2269 2235 2239 2262 2230 2213
855.515991 2278 2294 2265 2269 2277 2224 2226 2219 2228
855.534973 2291 2278 2278 2239 2244 2223 2229 2215 2206
855.554993 2283 2252 2248 2256 2278 2216 2237 2211 2244
855.575012 2283 2274 2268 2269 2275 2252 2233 2214 2212
855.593994 2246 2285 2287 2209 2235 2250 2234 2231 2203
855.614014 2307 2284 2261 2257 2263 2246 2224 2232 2214
855.633972 2307 2280 2255 2236 2252 2242 2240 2244 2232
855.653015 2279 2301 2297 2291 2257 2251 2207 2250 2220
855.672974 2314 2263 2246 2204 2258 2257 2244 2249 2203
855.692017 2275 2269 2242 2255 2249 2219 2257 2225 2226
855.711975 2295 2271 2289 2248 2262 2250 2241 2228 2231
855.731995 2279 2318 2269 2233 2242 2266 2228 2230 2217
855.750977 2275 2276 2308 2279 2251 2278 2247 2242 2201
855.770996 2285 2277 2277 2248 2251 2256 2249 2256 2243
855.791016 2287 2291 2275 2249 2260 2269 2244 2250 2241
855.809998 2287 2269 2277 2260 2278 2248 2266 2255 2220
855.830017 2285 2282 2274 2274 2234 2236 2239 2227 2218
855.848999 2262 2253 2271 2247 2258 2239 2231 2226 2207
855.869019 2308 2262 2264 2278 2272 2256 2222 2230 2222
855.888977 2289 2269 2259 2219 2281 2258 2237 2217 2204
855.90802 2266 2278 2253 2256 2246 2230 2247 2224 2230
855.927979 2294 2293 2280 2215 2258 2274 2229 2251 2261
855.947998 2304 2306 2289 2291 2300 2237 2266 2253 2218
855.96698 2290 2295 2292 2255 2262 2242 2274 2254 2229
855.987 2273 2284 2252 2247 2265 2265 2223 2263 2217
856.005981 2316 2325 2258 2269 2256 2240 2236 2223 2236
856.026001 2274 2303 2282 2264 2250 2237 2208 2199 2218
856.046021 2347 2278 2302 2274 2288 2260 2250 2225 2261
856.065002 2293 2288 2262 2245 2300 2268 2236 2242 2241
856.085022 2310 2308 2256 2267 2258 2257 2255 2246 2246
856.104004 2269 2288 2276 2272 2286 2249 2260 2220 2237
856.124023 2277 2276 2264 2274 2252 2256 2246 2269 2225
856.143982 2290 2305 2314 2260 2235 2266 2253 2257 2236
856.163025 2303 2278 2252 2252 2262 2230 2246 2239 2244
856.182983 2323 2303 2318 2252 2256 2252 2274 2263 2245
856.203003 2297 2270 2260 2230 2245 2215 2227 2237 2249
856.221985 2275 2272 2257 2268 2244 2256 2259 2246 2231
856.242004 2275 2262 2278 2269 2259 2235 2263 2284 2228
856.260986 2267 2278 2274 2254 2245 2229 2249 2249 2229
856.281006 2294 2262 2272 2269 2241 2267 2247 2200 2250
856.301025 2263 2293 2254 2257 2248 2245 2232 2232 2209
856.320007 2267 2227 2277 2287 2259 2234 2281 2254 2221
856.340027 2266 2231 2256 2250 2252 2230 2216 2228 2186
856.359009 2310 2305 2271 2254 2265 2240 2272 2231 2211
856.379028 2277 2281 2274 2218 2240 2223 2260 2271 2238
856.398987 2289 2252 2272 2258 2276 2237 2260 2245 2188
856.41803 2258 2234 2233 2268 2233 2294 2228 2214 2217
856.437988 2271 2254 2255 2241 2239 2218 2231 2236 2204
856.45697 2256 2247 2257 2255 2247 2236 2240 2206 2231
856.47699 2259 2259 2246 2249 2234 2244 2258 2244 2242
856.497009 2270 2219 2261 2248 2249 2240 2229 2245 2201
856.515991 2252 2250 2223 2243 2237 2231 2183 2222 2206
856.536011 2268 2267 2265 2237 2201 2237 2198 2231 2198
856.554993 2288 2265 2220 2227 2216 2238 2239 2242 2201
856.575012 2253 2240 2242 2236 2245 2235 2227 2215 2192
856.594971 2274 2248 2239 2225 2236 2233 2199 2192 2228
856.614014 2233 2197 2223 2231 2226 2217 2229 2209 2174
856.633972 2229 2218 2223 2212 2226 2219 2235 2198 2201
856.653015 2249 2261 2221 2207 2225 2202 2193 2199 2187
856.672974 2242 2243 2255 2211 2194 2189 2185 2195 2202
856.692993 2237 2241 2241 2231 2217 2204 2196 2228 2203
856.711975 2247 2232 2204 2247 2208 2184 2202 2187 2208
856.731995 2214 2206 2220 2218 2211 2207 2233 2184 2196
856.750977 2229 2236 2250 2219 2206 2193 2208 2206 2221
856.770996 2222 2197 2207 2209 2187 2206 2218 2211 2184
856.791016 2195 2209 2211 2225 2206 2220 2203 2215 2185
856.809998 2234 2209 2208 2217 2205 2191 2184 2206 2179
856.830017 2241 2203 2226 2222 2212 2228 2192 2209 2211
856.848999 2249 2208 2195 2194 2214 2189 2217 2207 2164
856.869019 2256 2246 2211 2222 2212 2190 2204 2174 2190
856.888 2257 2229 2227 2213 2205 2230 2174 2201 2189
856.90802 2224 2234 2226 2208 2181 2198 2142 2212 2186
856.927979 2222 2224 2249 2204 2211 2193 2192 2170 2215
856.947021 2237 2223 2199 2204 2198 2176 2199 2186 2185
856.96698 2232 2221 2258 2221 2227 2168 2192 2214 2195
856.986023 2230 2222 2224 2223 2216 2202 2204 2171 2181
857.005981 2205 2235 2216 2250 2229 2212 2209 2197 2207
857.026001 2251 2196 2199 2193 2232 2230 2211 2207 2201
857.044983 2244 2255 2221 2210 2244 2210 2196 2193 2167
857.065002 2238 2247 2222 2194 2206 2191 2222 2205 2186
857.083984 2241 2217 2236 2187 2231 2194 2187 2175 2174
857.104004 2233 2233 2202 2176 2191 2209 2216 2174 2180
857.122986 2218 2215 2201 2195 2168 2197 2160 2160 2160
857.143005 2241 2231 2205 2244 2192 2189 2206 2200 2182
857.163025 2242 2209 2206 2193 2225 2175 2206 2168 2174
857.182007 2239 2233 2190 2188 2189 2220 2198 2199 2201
857.202026 2207 2224 2211 2186 2203 2202 2203 2170 2166
857.221008 2214 2209 2186 2222 2210 2191 2192 2203 2204
857.241028 2215 2230 2196 2213 2251 2193 2202 2194 2165
857.260986 2222 2264 2224 2247 2233 2207 2191 2180 2224
857.280029 2227 2225 2224 2212 2212 2169 2218 2193 2191
857.299988 2211 2227 2210 2206 2188 2186 2203 2197 2190
857.31897 2194 2246 2216 2197 2197 2221 2203 2177 2207
857.338989 2227 2217 2218 2250 2210 2192 2213 2206 2197
857.357971 2240 2256 2231 2218 2216 2196 2196 2207 2185
857.377991 2225 2200 2228 2193 2201 2210 2190 2186 2163
857.39801 2230 2223 2206 2212 2199 2195 2179 2160 2193
857.416992 2202 2214 2202 2195 2174 2199 2211 2153 2199
857.437012 2224 2214 2212 2202 2175 2194 2221 2192 2175
857.455994 2234 2196 2157 2185 2196 2179 2149 2179 2172
857.476013 2229 2227 2192 2206 2164 2204 2165 2185 2164
857.494995 2232 2221 2237 2175 2198 2204 2183 2187 2134
857.515015 2217 2233 2203 2207 2195 2190 2176 2177 2187
857.534973 2217 2192 2178 2177 2185 2209 2221 2184 2176
857.554016 2237 2202 2204 2200 2203 2183 2218 2164 2153
857.573975 2215 2239 2206 2191 2194 2191 2175 2181 2196
857.593018 2225 2221 2209 2193 2214 2215 2197 2169 2170
857.612976 2214 2187 2176 2179 2175 2186 2169 2168 2151
857.632019 2194 2223 2201 2205 2219 2185 2165 2157 2165
857.651978 2210 2208 2190 2185 2176 2197 2173 2162 2176
857.671997 2233 2191 2216 2212 2214 2197 2206 2200 2180
857.690979 2240 2207 2178 2194 2183 2163 2167 2183 2181
857.710999 2226 2197 2168 2187 2228 2155 2185 2182 2176
857.72998 2205 2214 2176 2194 2232 2160 2190 2174 2187
857.75 2202 2211 2166 2184 2174 2172 2176 2162 2152
857.768982 2224 2193 2187 2180 2171 2192 2188 2160 2167
857.789001 2229 2211 2179 2227 2215 2179 2181 2160 2152
857.807983 2228 2191 2209 2172 2213 2168 2206 2169 2160
857.828003 2221 2195 2186 2217 2199 2174 2189 2147 2172
857.848022 2212 2191 2209 2225 2180 2173 2199 2188 2188
857.867004 2186 2198 2191 2177 2173 2166 2176 2157 2159
857.887024 2196 2208 2204 2183 2187 2177 2175 2178 2170
857.906006 2212 2212 2200 2197 2172 2189 2165 2151 2164
857.926025 2199 2202 2201 2196 2176 2180 2180 2175 2164
857.945007 2200 2192 2200 2174 2206 2192 2149 2150 2161
857.965027 2203 2209 2189 2194 2184 2182 2181 2178 2180
857.984009 2226 2190 2202 2172 2217 2194 2182 2185 2184
858.004028 2210 2210 2192 2181 2202 2194 2157 2179 2180
858.02301 2183 2183 2178 2193 2185 2163 2174 2205 2162
858.04303 2223 2214 2182 2193 2218 2201 2168 2219 2145
858.062988 2210 2215 2228 2199 2193 2208 2163 2184 2186
858.08197 2206 2199 2194 2197 2194 2200 2189 2181 2174
858.10199 2211 2202 2220 2198 2178 2165 2183 2170 2137
858.120972 2205 2226 2181 2214 2180 2197 2193 2194 2178
858.140991 2185 2216 2192 2174 2210 2210 2180 2186 2187
858.159973 2200 2218 2219 2201 2183 2172 2172 2190 2165
858.179993 2197 2213 2172 2185 2223 2167 2160 2179 2181
858.198975 2173 2192 2205 2179 2173 2187 2160 2176 2181
858.218994 2187 2213 2177 2177 2180 2207 2160 2140 2152
858.239014 2211 2175 2222 2142 2163 2173 2177 2168 2161
858.257996 2184 2155 2149 2159 2172 2162 2182 2182 2163
858.278015 2189 2191 2210 2154 2192 2171 2178 2169 2156
858.296997 2192 2182 2188 2169 2172 2170 2157 2166 2145
858.317017 2168 2189 2201 2180 2180 2162 2156 2151 2166
858.335999 2217 2178 2150 2187 2172 2173 2173 2115 2148
858.356018 2219 2203 2166 2188 2202 2191 2159 2167 2162
858.375 2178 2169 2207 2174 2184 2135 2121 2139 2170
858.39502 2191 2170 2126 2158 2184 2153 2167 2129 2130
858.414001 2187 2178 2188 2167 2218 2153 2166 2181 2180
858.434021 2173 2197 2188 2163 2174 2149 2163 2154 2151
858.453003 2186 2193 2171 2179 2173 2163 2160 2149 2168
858.473022 2189 2188 2206 2180 2140 2172 2176 2144 2153
858.492004 2191 2201 2180 2185 2186 2154 2158 2179 2180
858.512024 2178 2202 2179 2202 2193 2160 2164 2156 2169
858.531982 2213 2177 2161 2174 2180 2155 2175 2168 2186
858.551025 2196 2167 2171 2187 2167 2168 2161 2152 2154
858.570984 2211 2199 2212 2185 2164 2205 2171 2153 2190
858.590027 2203 2184 2190 2190 2158 2197 2147 2186 2146
858.609985 2198 2221 2177 2173 2194 2164 2176 2155 2173
858.629028 2194 2212 2193 2182 2188 2234 2179 2174 2184
858.648987 2208 2192 2185 2177 2201 2202 2168 2192 2188
858.66803 2209 2197 2192 2194 2190 2202 2162 2169 2163
858.687988 2180 2180 2209 2190 2214 2211 2205 2188 2169
858.70697 2199 2206 2197 2182 2190 2177 2158 2204 2199
858.72699 2203 2208 2172 2231 2182 2201 2187 2168 2169
858.745972 2202 2202 2166 2194 2197 2184 2186 2190 2160
858.765991 2227 2217 2204 2187 2199 2211 2173 2173 2190
858.784973 2207 2230 2216 2172 2210 2192 2190 2183 2171
858.804993 2213 2196 2190 2184 2233 2212 2211 2188 2164
858.823975 2209 2233 2220 2203 2212 2176 2183 2208 2180
858.843994 2182 2231 2196 2161 2202 2174 2189 2199 2175
858.864014 2245 2211 2184 2208 2198 2211 2164 2182 2190
858.882996 2227 2173 2215 2166 2191 2190 2155 2160 2183
858.903015 2247 2208 2205 2172 2217 2168 2192 2171 2193
858.921997 2217 2195 2184 2176 2184 2173 2149 2186 2148
858.942017 2204 2164 2192 2162 2214 2167 2166 2192 2156
858.960999 2197 2238 2190 2179 2175 2188 2190 2155 2185
858.981018 2230 2185 2211 2201 2194 2199 2217 2180 2168
859 2179 2203 2178 2173 2180 2187 2165 2167 2165
859.02002 2215 2173 2204 2171 2176 2174 2158 2161 2204
859.039001 2251 2195 2181 2203 2169 2153 2149 2161 2184
859.059021 2221 2203 2171 2163 2188 2178 2167 2173 2196
859.078003 2204 2204 2176 2194 2151 2176 2219 2183 2183
859.098022 2208 2170 2210 2203 2201 2156 2169 2182 2146
859.117004 2171 2204 2183 2171 2188 2178 2189 2173 2157
859.137024 2199 2210 2172 2169 2159 2178 2179 2161 2145
859.156006 2191 2175 2179 2164 2153 2179 2173 2185 2174
859.176025 2170 2189 2158 2206 2166 2160 2167 2184 2164
859.195007 2194 2201 2178 2145 2179 2144 2161 2168 2167
859.215027 2193 2161 2179 2179 2183 2142 2194 2177 2142
859.234009 2173 2174 2181 2174 2177 2158 2161 2153 2165
859.254028 2189 2199 2174 2152 2166 2161 2133 2181 2168
859.27301 2190 2193 2165 2201 2192 2183 2129 2172 2154
859.29303 2203 2186 2180 2156 2194 2171 2188 2179 2155
859.312012 2211 2177 2158 2190 2174 2149 2166 2156 2179
859.33197 2179 2230 2165 2167 2179 2196 2174 2178 2147
859.351013 2203 2209 2194 2166 2163 2176 2175 2141 2150
859.370972 2229 2194 2187 2170 2184 2181 2143 2159 2155
859.390015 2209 2163 2195 2178 2134 2178 2153 2155 2164
859.409973 2174 2184 2217 2169 2185 2183 2183 2179 2174
859.429016 2187 2176 2185 2170 2168 2167 2169 2158 2146
859.448975 2198 2184 2192 2179 2193 2212 2159 2150 2165
859.468018 2175 2184 2206 2187 2203 2179 2172 2176 2183
859.487976 2202 2224 2175 2180 2215 2162 2190 2175 2138
859.507019 2199 2217 2205 2164 2173 2195 2183 2167 2180
859.526978 2205 2205 2201 2181 2201 2161 2181 2197 2180
859.546021 2188 2216 2203 2169 2165 2203 2152 2157 2169
859.565979 2224 2202 2211 2182 2189 2188 2217 2185 2153
859.585022 2183 2209 2207 2187 2158 2215 2205 2155 2191
859.60498 2174 2197 2193 2197 2215 2216 2182 2169 2161
859.624023 2203 2224 2201 2180 2216 2161 2169 2151 2147
859.643982 2207 2198 2207 2189 2182 2191 2151 2200 2190
859.663025 2201 2215 2161 2178 2174 2201 2199 2179 2178
859.682983 2234 2207 2190 2173 2201 2204 2194 2166 2198
859.702026 2214 2232 2216 2219 2195 2236 2210 2186 2203
859.721985 2198 2198 2182 2183 2198 2191 2158 2143 2178
859.741028 2198 2209 2187 2191 2194 2180 2160 2181 2167
859.760986 2192 2195 2194 2166 2191 2164 2154 2153 2203
859.780029 2197 2203 2195 2232 2159 2135 2168 2163 2138
859.799988 2190 2162 2142 2177 2156 2171 2159 2155 2163
859.81897 2215 2171 2195 2187 2168 2163 2148 2184 2141
859.838989 2194 2173 2176 2177 2195 2160 2167 2135 2163
859.857971 2200 2165 2189 2155 2173 2177 2133 2176 2148
859.877991 2176 2214 2183 2194 2189 2166 2165 2164 2133
859.896973 2220 2187 2202 2190 2162 2181 2147 2167 2145
859.916992 2186 2181 2139 2179 2170 2156 2149 2187 2148
859.935974 2160 2234 2158 2152 2177 2153 2168 2177 2146
859.955994 2149 2175 2200 2173 2166 2169 2135 2173 2155
859.974976 2155 2171 2164 2179 2171 2152 2192 2162 2155
859.994995 2182 2151 2204 2169 2148 2140 2122 2156 2144
860.013977 2175 2174 2175 2175 2196 2164 2154 2155 2142
860.033997 2155 2189 2175 2172 2184 2181 2171 2163 2175
860.052979 2193 2173 2151 2155 2173 2175 2178 2161 2180
860.072998 2198 2191 2140 2149 2187 2191 2141 2162 2166
860.09198 2179 2184 2161 2187 2177 2146 2178 2179 2154
860.112 2169 2191 2171 2182 2138 2190 2170 2132 2144
860.130981 2188 2179 2175 2181 2164 2177 2192 2162 2161
860.151001 2190 2165 2191 2181 2203 2185 2148 2168 2164
860.169983 2194 2209 2191 2164 2184 2166 2171 2174 2137
860.189026 2184 2188 2196 2146 2181 2148 2169 2164 2192
860.208984 2191 2167 2177 2164 2199 2147 2154 2138 2138
860.228027 2184 2195 2193 2186 2175 2161 2193 2144 2166
860.247986 2190 2170 2162 2174 2171 2175 2148 2151 2180
860.267029 2201 2154 2155 2163 2184 2158 2168 2167 2187
860.286987 2203 2181 2172 2185 2149 2149 2161 2172 2144
860.30603 2183 2220 2167 2156 2195 2160 2142 2141 2156
860.325989 2154 2212 2158 2148 2144 2184 2171 2153 2151
860.344971 2186 2151 2205 2174 2160 2165 2137 2169 2172
860.36499 2171 2185 2189 2177 2180 2185 2159 2164 2191
860.383972 2174 2164 2162 2175 2178 2154 2151 2151 2176
860.403992 2189 2196 2205 2176 2184 2175 2188 2137 2143
860.422974 2172 2178 2162 2196 2183 2161 2164 2188 2173
860.442993 2179 2197 2164 2186 2178 2152 2188 2170 2196
860.461975 2186 2138 2202 2199 2194 2189 2171 2166 2132
860.481995 2168 2180 2194 2161 2204 2191 2157 2189 2197
860.500977 2190 2204 2187 2173 2187 2195 2177 2172 2203
860.520996 2172 2187 2210 2162 2167 2155 2136 2191 2169
860.539978 2189 2191 2170 2175 2174 2139 2172 2146 2172
860.559021 2184 2195 2209 2190 2150 2170 2184 2160 2153
860.578979 2210 2203 2206 2181 2182 2167 2161 2156 2173
860.598022 2211 2170 2188 2186 2180 2171 2163 2156 2156
860.617981 2203 2220 2168 2162 2201 2188 2155 2175 2170
860.637024 2173 2205 2200 2187 2178 2199 2184 2175 2183
860.656982 2203 2205 2194 2187 2183 2210 2214 2158 2176
860.676025 2188 2185 2181 2217 2159 2167 2177 2156 2181
860.695984 2205 2189 2183 2176 2185 2170 2178 2166 2167
860.715027 2205 2206 2195 2191 2173 2218 2162 2189 2166
860.734985 2209 2177 2199 2221 2187 2175 2199 2180 2179
860.754028 2196 2212 2186 2206 2193 2160 2173 2157 2186
860.77301 2201 2191 2178 2180 2195 2142 2153 2170 2186
