0 2.8125 5.625
518.322998 1883 1882 1878
518.877991 1886 1876 1881
519.432983 1884 1880 1887
519.987 1881 1881 1886
520.541992 1888 1882 1882
521.096985 1879 1879 1886
521.651978 1884 1885 1880
522.20697 1881 1887 1881
522.760986 1882 1886 1880
523.315979 1884 1886 1879
523.870972 1880 1878 1883
524.426025 1883 1882 1876
524.97998 1883 1885 1887
525.534973 1882 1882 1879
526.090027 1881 1888 1884
526.643982 1884 1881 1884
527.198975 1885 1883 1885
527.754028 1887 1880 1885
528.307983 1880 1882 1880
528.862976 1881 1887 1880
529.41803 1881 1882 1884
529.971985 1879 1890 1880
530.526978 1884 1884 1887
531.080994 1886 1884 1887
531.635986 1892 1897 1895
532.190002 1890 1891 1891
532.744995 1884 1885 1891
533.299011 1885 1883 1888
533.854004 1882 1881 1886
534.408997 1882 1889 1888
534.963013 1881 1884 1886
535.517029 1888 1893 1883
536.072021 1890 1889 1882
536.625977 1885 1890 1889
537.18103 1886 1887 1883
537.734985 1890 1888 1881
538.289978 1887 1885 1895
538.843994 1889 1888 1890
539.39801 1895 1891 1891
539.953003 1891 1897 1891
540.507019 1896 1898 1901
541.062012 1906 1903 1902
541.616028 1899 1908 1906
542.169983 1908 1905 1910
542.724976 1911 1908 1911
543.278992 1907 1915 1910
543.833008 1904 1920 1914
544.387024 1910 1925 1911
544.942017 1926 1922 1924
545.495972 1915 1918 1925
546.049988 1918 1929 1922
546.604004 1926 1923 1928
547.158997 1918 1919 1918
547.713013 1906 1911 1903
548.267029 1909 1911 1901
548.820984 1896 1899 1909
549.375 1900 1894 1896
549.929016 1896 1893 1898
550.484009 1899 1895 1890
551.038025 1899 1898 1897
551.59198 1888 1894 1890
552.145996 1886 1882 1889
552.700012 1886 1883 1892
553.254028 1894 1888 1887
553.807983 1888 1885 1892
554.362 1883 1886 1887
554.916016 1886 1890 1883
555.469971 1887 1891 1890
556.023987 1886 1882 1883
556.578003 1884 1889 1885
557.132019 1885 1885 1882
557.685974 1885 1888 1884
558.23999 1885 1884 1884
558.794006 1885 1884 1885
559.348022 1883 1888 1888
559.901978 1885 1884 1886
560.455994 1886 1889 1885
561.01001 1880 1885 1886
561.564026 1887 1886 1883
562.117004 1879 1884 1886
562.671021 1892 1888 1881
563.224976 1884 1887 1884
563.778992 1882 1880 1888
564.333008 1885 1880 1883
564.887024 1882 1885 1883
565.440002 1884 1882 1885
565.994019 1880 1890 1886
566.547974 1880 1886 1882
567.10199 1886 1880 1882
567.655029 1882 1884 1880
568.208984 1878 1882 1884
568.763 1884 1884 1883
569.315979 1882 1881 1880
569.869995 1885 1886 1887
570.424011 1879 1886 1887
570.97699 1880 1886 1883
571.531006 1879 1878 1883
572.085022 1883 1880 1885
572.638 1885 1879 1882
573.192017 1886 1887 1883
573.745972 1881 1882 1879
574.299011 1883 1883 1885
574.853027 1883 1883 1885
575.406006 1885 1890 1889
575.960022 1882 1892 1879
576.513 1887 1885 1883
577.067017 1887 1888 1890
577.619995 1891 1888 1897
578.174011 1891 1888 1892
578.72699 1889 1892 1889
579.281006 1894 1880 1885
579.833984 1891 1889 1894
580.388 1894 1887 1890
580.940979 1886 1887 1887
581.494019 1885 1891 1886
582.047974 1892 1888 1888
582.601013 1893 1884 1894
583.153992 1897 1892 1894
583.708008 1894 1883 1894
584.260986 1896 1894 1889
584.814026 1889 1888 1895
585.367981 1895 1898 1890
585.921021 1887 1888 1891
586.473999 1894 1893 1892
587.028015 1894 1895 1893
587.580994 1899 1897 1892
588.133972 1892 1896 1891
588.687012 1893 1892 1897
589.23999 1888 1888 1885
589.794006 1886 1892 1884
590.346985 1900 1892 1888
590.900024 1892 1893 1893
591.453003 1888 1889 1892
592.005981 1887 1885 1896
592.559021 1891 1889 1885
593.112976 1893 1889 1890
593.666016 1893 1896 1892
594.218994 1887 1890 1887
594.771973 1893 1889 1890
595.325012 1889 1885 1888
595.877991 1891 1884 1886
596.43103 1886 1888 1892
596.984009 1886 1883 1876
597.536987 1888 1893 1889
598.090027 1894 1891 1888
598.643005 1894 1892 1888
599.195984 1885 1886 1892
599.749023 1888 1891 1889
600.302002 1891 1885 1888
600.85498 1883 1899 1885
601.40802 1894 1890 1886
601.960022 1890 1891 1887
602.513 1888 1885 1884
603.065979 1884 1885 1886
603.619019 1887 1883 1887
604.171997 1893 1891 1883
604.724976 1885 1891 1886
605.278015 1885 1892 1885
605.830017 1892 1892 1881
606.382996 1885 1890 1880
606.935974 1887 1886 1889
607.489014 1887 1896 1892
608.041016 1888 1887 1887
608.593994 1889 1894 1890
609.146973 1898 1889 1896
609.698975 1911 1899 1904
610.252014 1912 1921 1918
610.804993 1924 1923 1923
611.356995 1943 1942 1942
611.909973 1945 1947 1944
612.463013 1942 1949 1949
613.015015 1940 1938 1935
613.567993 1932 1939 1926
614.119995 1944 1930 1929
614.672974 1920 1921 1925
615.226013 1918 1920 1914
615.778015 1915 1918 1912
616.330994 1916 1906 1906
616.882996 1896 1904 1909
617.435974 1904 1906 1899
617.987976 1901 1892 1899
618.541016 1897 1893 1893
619.093018 1894 1900 1900
619.645996 1895 1896 1901
620.197998 1886 1899 1898
620.75 1890 1891 1892
621.302979 1896 1895 1899
621.85498 1898 1894 1889
622.406982 1898 1889 1890
622.960022 1893 1892 1894
623.512024 1904 1896 1889
624.064026 1893 1890 1896
624.617004 1899 1894 1894
625.169006 1897 1893 1889
625.721008 1892 1894 1888
626.273987 1893 1905 1890
626.825989 1893 1896 1892
627.377991 1897 1886 1896
627.929993 1889 1891 1892
628.482971 1885 1901 1895
629.034973 1897 1883 1892
629.586975 1898 1893 1889
630.138977 1893 1896 1892
630.690979 1898 1896 1891
631.242981 1892 1895 1895
631.794983 1893 1887 1892
632.348022 1893 1889 1895
632.900024 1889 1889 1897
633.452026 1888 1885 1887
634.004028 1894 1891 1888
634.55603 1892 1891 1887
635.107971 1890 1885 1889
635.659973 1886 1881 1883
636.211975 1889 1887 1881
636.763977 1887 1886 1890
637.315979 1887 1885 1886
637.867981 1881 1887 1883
638.419983 1882 1878 1888
638.971985 1885 1887 1882
639.523987 1887 1885 1885
640.075989 1881 1891 1882
640.627014 1890 1888 1885
641.179016 1887 1880 1889
641.731018 1887 1892 1893
642.28302 1886 1890 1887
642.835022 1885 1888 1884
643.387024 1888 1875 1888
643.937988 1887 1888 1888
644.48999 1883 1885 1884
645.041992 1886 1886 1882
645.593994 1886 1892 1888
646.14502 1885 1888 1888
646.697021 1885 1886 1885
647.249023 1890 1889 1881
647.799988 1888 1883 1882
648.35199 1887 1890 1884
648.903992 1889 1886 1886
649.455994 1885 1887 1886
650.007019 1889 1891 1889
650.559021 1892 1884 1887
651.109985 1884 1884 1888
651.661987 1887 1886 1889
652.213989 1887 1882 1890
652.765015 1886 1884 1880
653.317017 1892 1889 1889
653.867981 1889 1888 1887
654.419983 1889 1887 1888
654.971008 1885 1890 1888
655.52301 1890 1886 1889
656.073975 1888 1882 1885
656.625 1882 1886 1886
657.177002 1891 1885 1891
657.728027 1888 1881 1883
658.280029 1888 1891 1884
658.830994 1884 1884 1888
659.382996 1889 1881 1888
659.934021 1889 1891 1883
660.484985 1885 1883 1885
661.036987 1890 1884 1883
661.588013 1889 1884 1887
662.138977 1891 1892 1884
662.690002 1886 1886 1891
663.242004 1887 1891 1887
663.79303 1887 1885 1887
664.343994 1889 1896 1886
664.89502 1888 1886 1885
665.447021 1885 1890 1880
665.997986 1885 1892 1886
666.549011 1888 1888 1884
667.099976 1888 1889 1884
667.651001 1886 1889 1882
668.202026 1885 1886 1886
668.754028 1890 1887 1884
669.304993 1883 1888 1885
669.856018 1879 1889 1891
670.406982 1886 1888 1884
670.958008 1886 1888 1894
671.508972 1885 1887 1883
672.059998 1885 1884 1888
672.611023 1891 1884 1884
673.161987 1887 1885 1884
673.713013 1887 1888 1886
674.263977 1893 1885 1889
674.815002 1891 1896 1888
675.366028 1895 1897 1901
675.916992 1904 1912 1917
676.46698 1909 1917 1926
677.018005 1928 1925 1933
677.56897 1955 1951 1967
678.119995 1959 1963 1973
678.671021 1971 1978 1978
679.221985 1981 1987 1997
679.77301 1995 2017 2017
680.322998 2011 2001 2033
680.874023 2021 2011 2028
681.424988 2027 2017 2013
681.976013 2010 2045 2029
682.526001 2025 2049 2040
683.077026 2033 2034 2051
683.627991 2046 2040 2057
684.177979 2058 2059 2068
684.729004 2058 2059 2095
685.280029 2060 2071 2076
685.830017 2056 2084 2080
686.380981 2075 2076 2097
686.932007 2083 2087 2076
687.481995 2097 2099 2106
688.03302 2098 2091 2106
688.583008 2090 2099 2103
689.133972 2093 2090 2103
689.684021 2107 2088 2128
690.234985 2090 2095 2104
690.784973 2095 2107 2120
691.335999 2087 2107 2097
691.885986 2107 2105 2115
692.437012 2071 2108 2108
692.987 2101 2093 2105
693.536987 2088 2110 2125
694.088013 2059 2108 2107
694.638 2085 2092 2106
695.189026 2104 2102 2112
695.739014 2111 2083 2085
696.289001 2075 2082 2108
696.840027 2075 2086 2080
697.390015 2066 2085 2082
697.940002 2052 2070 2060
698.48999 2076 2060 2087
699.041016 2068 2061 2091
699.591003 2064 2058 2056
700.140991 2055 2062 2065
700.690979 2054 2055 2082
701.241028 2052 2063 2060
701.791992 2030 2073 2065
702.34198 2053 2060 2061
702.892029 2036 2052 2046
703.442017 2036 2043 2057
703.992004 2039 2035 2041
704.541992 2027 2045 2045
705.09198 2048 2037 2060
705.642029 2032 2053 2056
706.192017 2014 2034 2027
706.742004 2023 2033 2036
707.291992 2032 2048 2041
707.84198 2028 2012 2059
708.392029 2024 2030 2029
708.942017 2037 2033 2042
709.492004 2015 2037 2031
710.041992 2023 2015 2034
710.59198 2022 2027 2014
711.142029 2006 2016 2032
711.692017 2018 2011 2032
712.242004 2028 2008 2022
712.791992 2006 2021 2012
713.341003 1994 2009 2029
713.890991 1999 2017 2015
714.440979 1985 2007 2006
714.991028 1993 2013 2005
715.541016 1983 1993 1996
716.090027 1994 2004 1996
716.640015 2001 2000 1974
717.190002 1993 1986 1987
717.739014 1973 1978 1988
718.289001 1973 1979 1968
718.838989 1978 1983 1971
719.388 1981 1978 1990
719.937988 1986 1975 1982
720.487976 1964 1971 1973
721.036987 1974 1981 1975
721.586975 1973 1973 1973
722.135986 1969 1971 1965
722.685974 1969 1974 1973
723.234985 1975 1969 1969
723.784973 1972 1962 1966
724.333984 1967 1956 1962
724.883972 1964 1955 1971
725.432983 1951 1963 1968
725.982971 1962 1977 1972
726.531982 1957 1954 1966
727.08197 1962 1953 1956
727.630981 1944 1959 1952
728.179993 1957 1958 1943
728.72998 1950 1948 1952
729.278992 1950 1962 1949
729.828003 1955 1952 1961
730.377991 1959 1946 1958
730.927002 1944 1956 1939
731.476013 1945 1943 1950
732.026001 1945 1956 1947
732.575012 1954 1948 1952
733.124023 1941 1929 1943
733.672974 1958 1948 1941
734.221985 1950 1940 1937
734.771973 1921 1945 1950
735.320984 1946 1944 1946
735.869995 1936 1945 1940
736.419006 1942 1953 1944
736.968018 1941 1952 1949
737.517029 1946 1943 1947
738.065979 1942 1951 1949
738.61499 1937 1932 1933
739.164001 1939 1939 1931
739.713013 1934 1936 1945
740.262024 1929 1940 1941
740.810974 1948 1933 1938
741.359985 1943 1943 1938
741.908997 1943 1945 1937
742.458008 1937 1942 1948
743.007019 1944 1936 1940
743.55603 1934 1944 1936
744.10498 1944 1934 1935
744.653992 1935 1945 1936
745.203003 1931 1936 1937
745.752014 1945 1943 1933
746.299988 1933 1945 1932
746.848999 1938 1943 1943
747.39801 1951 1942 1947
747.947021 1934 1936 1942
748.494995 1934 1941 1940
749.044006 1944 1939 1940
749.593018 1943 1942 1935
750.142029 1935 1941 1938
750.690002 1941 1939 1940
751.239014 1940 1941 1948
751.788025 1938 1934 1945
752.335999 1940 1945 1943
752.88501 1943 1941 1939
753.432983 1945 1943 1939
753.981995 1944 1923 1942
754.531006 1943 1947 1942
755.078979 1939 1938 1935
755.627991 1940 1943 1942
756.176025 1936 1946 1945
756.724976 1947 1946 1939
757.27301 1937 1937 1933
757.822021 1938 1939 1938
758.369995 1932 1954 1935
758.91803 1932 1944 1937
759.46698 1932 1940 1938
760.015015 1938 1939 1932
760.564026 1932 1932 1942
761.112 1944 1952 1935
761.659973 1937 1948 1948
762.208984 1944 1954 1949
762.757019 1928 1941 1944
763.304993 1947 1937 1936
763.854004 1942 1944 1946
764.401978 1948 1942 1932
764.950012 1943 1940 1934
765.497986 1930 1933 1948
766.046021 1942 1936 1928
766.594971 1939 1933 1946
767.143005 1940 1943 1946
767.690979 1944 1941 1937
768.239014 1937 1949 1939
768.786987 1949 1942 1943
769.335022 1948 1932 1940
769.882996 1950 1946 1939
770.43103 1946 1946 1933
770.979004 1932 1934 1938
771.526978 1946 1935 1938
772.075012 1942 1938 1939
772.622986 1934 1944 1939
773.171021 1934 1947 1942
773.718994 1931 1942 1947
774.267029 1948 1935 1938
774.815002 1948 1942 1952
775.362976 1935 1941 1942
775.911011 1948 1941 1933
776.458984 1940 1937 1941
777.007019 1948 1945 1942
777.554016 1950 1954 1938
778.10199 1935 1940 1938
778.650024 1949 1942 1941
779.197998 1936 1943 1940
779.744995 1944 1932 1946
780.29303 1935 1929 1953
780.841003 1935 1938 1937
781.388977 1946 1941 1933
781.935974 1932 1948 1935
782.484009 1948 1929 1934
783.031982 1943 1950 1934
783.578979 1939 1938 1935
784.127014 1936 1937 1934
784.674011 1938 1940 1935
785.221985 1940 1928 1934
785.77002 1946 1937 1947
786.317017 1935 1936 1940
786.86499 1944 1936 1934
787.411987 1945 1939 1927
787.960022 1940 1936 1925
788.507019 1943 1932 1927
789.054993 1920 1940 1939
789.60199 1932 1934 1937
790.148987 1931 1930 1932
790.697021 1937 1936 1941
791.244019 1928 1920 1935
791.791992 1930 1932 1934
792.338989 1929 1938 1943
792.885986 1939 1924 1927
793.432983 1937 1938 1940
793.981018 1928 1934 1927
794.528015 1933 1935 1928
795.075012 1929 1942 1945
795.622009 1934 1923 1941
796.169983 1930 1934 1934
796.71698 1940 1928 1940
797.263977 1938 1933 1926
797.810974 1932 1932 1929
798.357971 1929 1938 1935
798.905029 1937 1928 1936
799.453003 1931 1927 1939
800 1933 1929 1920
800.546997 1937 1939 1923
801.093994 1928 1933 1930
801.640991 1929 1935 1937
802.187988 1917 1933 1936
802.734985 1925 1926 1931
803.281982 1930 1929 1929
803.828979 1927 1925 1926
804.375977 1929 1930 1933
804.922974 1929 1924 1933
805.468994 1929 1928 1928
806.015991 1923 1929 1924
806.562988 1938 1938 1942
807.109985 1937 1930 1934
807.656982 1932 1929 1936
808.203979 1934 1941 1939
808.75 1945 1939 1935
809.296997 1943 1956 1958
809.843994 2052 2028 2042
810.390991 2606 2514 2462
810.937012 3878 3677 3536
811.484009 4003 3845 3700
812.031006 2951 2885 2870
812.578003 2276 2249 2287
813.124023 2068 2070 2064
813.671021 2011 1996 2017
814.21698 1989 1982 1986
814.763977 1957 1955 1960
815.309998 1940 1955 1950
815.856995 1949 1940 1941
816.403992 1931 1930 1930
816.950012 1927 1937 1929
817.497009 1922 1927 1926
818.04303 1921 1921 1932
818.588989 1928 1929 1920
819.135986 1923 1914 1920
819.682007 1919 1934 1924
820.229004 1924 1915 1915
820.775024 1929 1922 1924
821.320984 1919 1927 1919
821.867981 1931 1930 1928
822.414001 1935 1939 1927
822.960022 1923 1914 1927
823.507019 1921 1925 1925
824.052979 1922 1919 1921
824.598999 1928 1922 1927
825.14502 1930 1921 1931
825.692017 1932 1927 1925
826.237976 1924 1921 1925
826.783997 1935 1925 1921
827.330017 1934 1933 1934
827.875977 1929 1925 1936
828.421997 1936 1930 1934
828.968994 1935 1929 1922
829.515015 1923 1935 1921
830.060974 1930 1938 1928
830.606995 1928 1928 1933
831.153015 1927 1930 1933
831.698975 1936 1930 1936
832.244995 1924 1940 1933
832.791016 1936 1940 1926
833.336975 1929 1927 1921
833.882996 1925 1921 1924
834.427979 1934 1931 1918
834.973999 1924 1928 1930
835.52002 1927 1930 1931
836.065979 1928 1939 1928
836.612 1929 1939 1932
837.15802 1936 1927 1925
837.703003 1929 1939 1932
838.249023 1932 1930 1917
838.794983 1940 1926 1931
839.341003 1928 1940 1936
839.885986 1935 1932 1928
840.432007 1933 1925 1926
840.978027 1928 1930 1929
841.52301 1937 1935 1937
842.06897 1923 1928 1929
842.61499 1936 1939 1928
843.159973 1925 1920 1945
843.705994 1925 1931 1929
844.250977 1923 1934 1932
844.796997 1923 1924 1927
845.343018 1934 1923 1933
845.888 1924 1924 1919
846.434021 1932 1920 1926
846.979004 1934 1926 1926
847.523987 1929 1933 1932
848.070007 1927 1922 1919
848.61499 1924 1929 1920
849.161011 1923 1926 1933
849.705994 1928 1927 1922
850.250977 1921 1923 1927
850.796997 1930 1927 1929
851.34198 1922 1926 1935
851.887024 1927 1919 1914
852.432983 1926 1930 1918
852.978027 1921 1934 1923
853.52301 1919 1919 1913
854.067993 1930 1929 1916
854.612976 1931 1914 1931
855.158997 1916 1920 1917
855.703979 1912 1920 1919
856.249023 1925 1923 1923
856.794006 1918 1921 1917
857.338989 1917 1929 1915
857.883972 1919 1923 1925
858.429016 1913 1923 1917
858.973999 1915 1924 1929
859.518982 1915 1919 1923
860.064026 1921 1919 1916
860.609009 1911 1915 1917
861.153992 1924 1920 1919
861.698975 1924 1911 1914
862.244019 1919 1912 1914
862.789001 1918 1909 1906
863.333984 1923 1924 1916
863.879028 1914 1914 1915
864.424011 1911 1917 1908
864.968018 1909 1911 1920
865.513 1915 1913 1918
866.057983 1909 1919 1915
866.603027 1914 1912 1910
867.146973 1912 1924 1918
867.692017 1917 1918 1915
868.237 1911 1918 1913
868.781006 1917 1916 1914
869.325989 1911 1917 1917
869.870972 1906 1917 1908
870.414978 1910 1919 1910
870.960022 1911 1904 1917
871.505005 1913 1918 1916
872.049011 1920 1924 1915
872.593994 1922 1918 1918
873.138 1918 1916 1915
873.682983 1910 1914 1920
874.22699 1918 1914 1911
874.771973 1921 1925 1917
875.315979 1917 1919 1905
875.861023 1915 1920 1918
876.405029 1912 1910 1913
876.948975 1914 1915 1912
877.494019 1911 1919 1913
878.038025 1915 1915 1905
878.58197 1919 1905 1918
879.127014 1907 1916 1908
879.671021 1905 1906 1908
880.215027 1903 1913 1907
880.758972 1909 1904 1908
881.304016 1912 1908 1910
881.848022 1911 1916 1907
882.392029 1910 1902 1902
882.935974 1897 1920 1912
883.47998 1904 1919 1906
884.023987 1903 1906 1913
884.56897 1899 1906 1910
885.112976 1910 1908 1905
885.656982 1903 1910 1911
886.200989 1911 1913 1902
886.744995 1916 1912 1915
887.289001 1908 1911 1899
887.833008 1905 1916 1916
888.377014 1912 1900 1901
888.921021 1909 1914 1910
889.465027 1910 1904 1909
890.007996 1911 1904 1909
890.552002 1907 1914 1911
891.096008 1909 1904 1910
891.640015 1912 1906 1913
892.184021 1913 1899 1916
892.728027 1906 1911 1907
893.270996 1903 1910 1911
893.815002 1911 1910 1909
894.359009 1912 1904 1909
894.903015 1911 1906 1911
895.445984 1912 1909 1907
895.98999 1903 1907 1912
896.533997 1906 1913 1910
897.077026 1916 1914 1909
897.620972 1914 1913 1904
898.164001 1910 1912 1913
898.708008 1908 1910 1912
899.252014 1914 1913 1911
899.794983 1915 1909 1918
900.338989 1915 1916 1917
900.882019 1916 1909 1906
901.426025 1918 1923 1906
901.968994 1916 1920 1911
902.512024 1919 1918 1922
903.05603 1927 1911 1923
903.598999 1920 1912 1921
904.143005 1926 1907 1930
904.685974 1920 1920 1914
905.229004 1927 1920 1928
905.77301 1925 1923 1916
906.315979 1920 1926 1917
906.859009 1929 1927 1915
907.401978 1921 1923 1926
907.945984 1933 1923 1935
908.489014 1933 1929 1924
909.031982 1930 1938 1928
909.575012 1946 1938 1924
910.117981 1935 1916 1939
910.661011 1927 1939 1925
911.203979 1942 1934 1934
911.747986 1948 1943 1934
912.291016 1935 1937 1930
912.833984 1948 1929 1930
913.377014 1934 1935 1940
913.919983 1945 1930 1942
914.463013 1937 1944 1934
915.005981 1934 1932 1937
915.549011 1925 1937 1945
916.091003 1945 1929 1929
916.633972 1933 1928 1941
917.177002 1933 1924 1934
917.719971 1927 1937 1924
918.263 1941 1925 1940
918.80603 1927 1928 1929
919.348022 1935 1925 1925
919.890991 1927 1929 1927
920.434021 1924 1925 1922
920.97699 1918 1925 1931
921.518982 1921 1931 1923
922.062012 1926 1927 1918
922.60498 1924 1927 1922
923.146973 1934 1924 1928
923.690002 1927 1924 1920
924.232971 1923 1913 1917
924.775024 1930 1909 1923
925.317993 1916 1918 1928
925.859985 1918 1919 1919
926.403015 1918 1916 1917
926.945007 1924 1910 1930
927.487976 1917 1933 1913
928.030029 1918 1916 1920
928.572998 1924 1914 1923
929.11499 1917 1918 1917
929.656982 1923 1923 1913
930.200012 1917 1918 1915
930.742004 1914 1915 1920
931.283997 1917 1920 1917
931.827026 1914 1915 1919
932.369019 1916 1914 1919
932.911011 1922 1912 1917
933.453003 1916 1917 1926
933.995972 1916 1921 1908
934.538025 1920 1916 1926
935.080017 1915 1917 1919
935.622009 1922 1917 1913
936.164001 1915 1915 1915
936.705994 1913 1904 1916
937.247986 1908 1922 1915
937.789978 1921 1920 1910
938.333008 1924 1910 1907
938.875 1917 1910 1918
939.416992 1919 1920 1905
939.958984 1921 1912 1912
940.5 1916 1914 1917
941.041992 1913 1916 1917
941.583984 1910 1909 1912
942.125977 1915 1914 1913
942.66803 1910 1902 1915
943.210022 1907 1910 1907
943.752014 1912 1911 1915
944.294006 1903 1915 1903
944.835022 1916 1912 1900
945.377014 1918 1915 1911
945.919006 1910 1905 1911
946.460999 1914 1901 1905
947.002014 1904 1906 1913
947.544006 1911 1903 1910
948.085999 1906 1906 1907
948.627014 1909 1906 1903
949.169006 1907 1908 1909
949.710022 1904 1896 1905
950.252014 1907 1910 1904
950.794006 1911 1899 1900
951.335022 1903 1898 1902
951.877014 1910 1903 1902
952.41803 1904 1903 1908
952.960022 1900 1904 1905
953.500977 1906 1902 1905
954.041992 1894 1900 1897
954.583984 1907 1904 1910
955.125 1905 1906 1898
955.666992 1904 1909 1901
956.208008 1910 1902 1892
956.749023 1904 1898 1895
957.289978 1903 1903 1897
957.83197 1904 1896 1906
958.372986 1901 1903 1903
958.914001 1899 1901 1896
959.455017 1897 1895 1895
959.997009 1900 1897 1896
960.538025 1893 1898 1902
961.078979 1896 1904 1897
961.619995 1899 1905 1900
962.161011 1898 1899 1903
962.702026 1900 1900 1893
963.242981 1902 1894 1899
963.783997 1900 1900 1896
964.325012 1893 1899 1906
964.866028 1896 1901 1898
965.406982 1899 1894 1893
965.947998 1903 1902 1895
966.489014 1899 1897 1900
967.030029 1898 1896 1891
967.570984 1899 1900 1891
968.112 1896 1891 1900
968.651978 1898 1898 1895
969.192993 1890 1892 1896
969.734009 1893 1894 1897
970.275024 1892 1892 1899
970.815002 1901 1894 1890
971.356018 1891 1902 1895
971.896973 1898 1894 1897
972.437988 1895 1896 1898
972.978027 1895 1900 1896
973.518982 1898 1900 1894
974.059021 1906 1896 1893
974.599976 1894 1898 1893
975.140991 1889 1897 1894
975.68103 1891 1896 1898
976.221985 1897 1897 1895
976.762024 1898 1894 1901
977.302979 1899 1892 1898
977.843018 1891 1898 1903
978.382996 1896 1896 1895
978.924011 1897 1896 1896
979.463989 1899 1891 1899
980.005005 1890 1900 1889
980.544983 1889 1891 1893
981.085022 1895 1896 1892
981.625977 1896 1889 1897
982.166016 1890 1893 1899
982.705994 1894 1896 1895
983.245972 1893 1888 1897
983.786987 1899 1892 1895
984.327026 1890 1893 1891
984.867004 1894 1896 1892
985.406982 1893 1895 1898
985.947021 1892 1893 1892
986.487 1894 1888 1894
987.026978 1890 1889 1889
987.567017 1889 1889 1899
988.106995 1889 1887 1897
988.646973 1886 1889 1899
989.187012 1894 1890 1894
989.72699 1891 1888 1885
990.267029 1888 1890 1888
990.807007 1891 1883 1889
991.346985 1890 1891 1885
991.887024 1890 1890 1890
992.427002 1886 1894 1889
992.96698 1893 1888 1889
993.505981 1888 1897 1888
994.046021 1888 1889 1893
994.585999 1892 1888 1895
995.125977 1888 1889 1886
995.664978 1889 1888 1892
996.205017 1891 1895 1899
996.744995 1891 1891 1890
997.283997 1890 1887 1885
997.823975 1887 1893 1892
998.364014 1886 1894 1890
998.903015 1886 1889 1889
999.442993 1890 1889 1893
999.981995 1891 1887 1884
1000.52002 1888 1891 1890
1001.06 1887 1888 1884
1001.59998 1882 1886 1890
1002.14001 1885 1893 1887
1002.67999 1885 1888 1886
1003.21997 1886 1887 1881
1003.76001 1888 1889 1890
1004.29999 1882 1892 1888
1004.84003 1885 1885 1881
1005.38 1887 1887 1888
1005.91998 1890 1893 1880
1006.45001 1891 1882 1891
1006.98999 1892 1885 1890
1007.53003 1886 1884 1891
1008.07001 1889 1887 1887
1008.60999 1887 1885 1887
1009.15002 1891 1890 1886
1009.69 1888 1886 1885
1010.22998 1887 1887 1888
1010.77002 1887 1883 1886
1011.31 1888 1886 1889
1011.84998 1886 1892 1883
1012.38 1887 1883 1887
1012.91998 1890 1895 1889
1013.46002 1884 1889 1895
1014 1887 1890 1887
1014.53998 1889 1887 1889
1015.08002 1894 1888 1897
1015.62 1889 1892 1891
1016.15997 1888 1889 1889
1016.70001 1888 1891 1882
1017.22998 1890 1892 1888
1017.77002 1890 1889 1883
1018.31 1885 1889 1881
1018.84998 1891 1882 1884
1019.39001 1885 1887 1886
1019.92999 1888 1887 1884
1020.46997 1888 1880 1888
1021.01001 1882 1885 1885
1021.53998 1883 1884 1885
1022.08002 1887 1885 1885
1022.62 1887 1878 1885
1023.15997 1885 1880 1888
1023.70001 1884 1885 1891
1024.23999 1883 1884 1881
1024.78003 1886 1885 1883
1025.31006 1883 1888 1885
1025.84998 1888 1882 1881
1026.39001 1888 1884 1890
1026.93005 1888 1886 1881
1027.46997 1888 1885 1892
1028.01001 1884 1885 1881
1028.54004 1886 1886 1887
1029.07996 1887 1895 1880
1029.62 1884 1886 1886
1030.16003 1884 1878 1888
1030.69995 1881 1884 1887
1031.23999 1885 1891 1884
1031.77002 1891 1884 1886
1032.31006 1888 1885 1882
1032.84998 1879 1875 1880
1033.39001 1885 1889 1879
1033.93005 1886 1884 1887
1034.45996 1889 1886 1878
1035 1887 1890 1883
1035.54004 1879 1883 1886
1036.07996 1884 1882 1883
1036.62 1884 1878 1883
1037.15002 1886 1878 1887
1037.68994 1883 1884 1892
1038.22998 1882 1889 1885
1038.77002 1881 1890 1893
1039.31006 1881 1886 1878
1039.83997 1884 1890 1889
1040.38 1883 1886 1885
1040.92004 1885 1883 1879
1041.45996 1882 1889 1885
1041.98999 1884 1881 1885
1042.53003 1886 1886 1885
1043.06995 1883 1882 1878
1043.60999 1892 1887 1884
1044.14001 1885 1886 1883
1044.68005 1883 1884 1884
1045.21997 1885 1880 1882
1045.76001 1884 1883 1882
1046.30005 1885 1881 1880
1046.82996 1880 1890 1882
1047.37 1886 1883 1882
1047.91003 1885 1886 1884
1048.43994 1888 1883 1885
1048.97998 1886 1883 1887
1049.52002 1885 1886 1888
1050.06006 1884 1887 1883
1050.58997 1882 1885 1881
1051.13 1881 1884 1883
1051.67004 1883 1882 1885
1052.20996 1884 1885 1887
1052.73999 1890 1885 1888
1053.28003 1884 1887 1880
1053.81995 1882 1883 1885
1054.34998 1883 1883 1882
1054.89001 1888 1884 1887
1055.43005 1883 1879 1890
1055.96997 1880 1883 1884
1056.5 1887 1878 1880
1057.04004 1884 1880 1889
1057.57996 1889 1886 1884
1058.10999 1881 1886 1883
1058.65002 1881 1879 1883
1059.18994 1882 1882 1877
1059.72998 1881 1885 1880
1060.26001 1885 1883 1885
1060.80005 1886 1887 1889
1061.33997 1888 1881 1886
1061.87 1885 1885 1887
1062.41003 1888 1889 1890
1062.94995 1883 1888 1887
1063.47998 1895 1886 1888
1064.02002 1886 1886 1891
1064.56006 1895 1895 1896
1065.08997 1899 1901 1896
1065.63 1891 1890 1894
1066.17004 1889 1883 1883
1066.69995 1885 1891 1884
1067.23999 1885 1891 1883
1067.78003 1887 1887 1883
1068.31006 1890 1881 1885
1068.84998 1890 1882 1893
1069.39001 1882 1885 1887
1069.92004 1880 1885 1884
1070.45996 1888 1889 1885
1071 1886 1887 1888
1071.53003 1889 1892 1886
1072.06995 1884 1882 1885
1072.59998 1886 1886 1885
1073.14001 1889 1883 1885
1073.68005 1889 1884 1888
1074.20996 1888 1881 1881
1074.75 1883 1885 1890
1075.29004 1889 1887 1891
1075.81995 1886 1888 1883
1076.35999 1891 1891 1884
1076.89001 1890 1886 1882
1077.43005 1888 1889 1883
