0 12.8571429 25.7142857 38.5714286 51.4285714 64.2857143 77.1428571 90
828.851013 1627 1636 1639 1645 1617 1609 1613 1627
828.870972 1621 1652 1661 1643 1622 1621 1613 1629
828.890991 1621 1644 1658 1644 1634 1614 1611 1631
828.911987 1617 1629 1659 1645 1623 1604 1610 1629
828.932007 1637 1638 1650 1634 1629 1604 1609 1616
828.953003 1633 1665 1661 1647 1630 1610 1619 1616
828.973022 1629 1647 1648 1642 1625 1612 1612 1621
828.994019 1622 1636 1641 1634 1622 1605 1616 1614
829.013977 1637 1632 1657 1632 1626 1615 1610 1613
829.034973 1620 1640 1647 1647 1618 1605 1615 1628
829.054993 1646 1622 1645 1637 1625 1617 1603 1630
829.075012 1626 1642 1660 1634 1612 1599 1608 1616
829.096008 1624 1636 1657 1632 1615 1608 1600 1626
829.116028 1632 1623 1643 1644 1636 1612 1609 1623
829.137024 1610 1634 1653 1620 1614 1602 1610 1615
829.156982 1618 1638 1652 1639 1606 1610 1609 1619
829.177979 1609 1639 1639 1632 1618 1619 1599 1627
829.197998 1625 1642 1628 1634 1612 1612 1607 1632
829.218994 1622 1625 1643 1629 1621 1600 1613 1622
829.239014 1616 1623 1652 1639 1618 1602 1609 1609
829.258972 1622 1632 1647 1643 1611 1618 1600 1616
829.280029 1618 1637 1645 1628 1626 1615 1623 1623
829.299988 1617 1622 1631 1624 1617 1605 1611 1620
829.320984 1619 1642 1642 1637 1620 1609 1616 1622
829.341003 1617 1641 1641 1631 1612 1603 1614 1609
829.362 1625 1631 1639 1621 1611 1603 1617 1606
829.382019 1631 1640 1642 1632 1624 1603 1603 1627
829.401978 1631 1625 1645 1638 1623 1608 1602 1610
829.422974 1623 1637 1636 1627 1617 1611 1622 1616
829.442993 1617 1633 1652 1635 1624 1617 1596 1615
829.463989 1633 1631 1641 1634 1620 1603 1610 1611
829.484009 1620 1620 1629 1632 1622 1614 1594 1617
829.505005 1625 1633 1641 1644 1610 1610 1609 1618
829.525024 1622 1636 1639 1635 1620 1607 1602 1617
829.544983 1628 1632 1646 1634 1626 1606 1605 1613
829.565979 1610 1632 1640 1639 1619 1597 1607 1594
829.585999 1628 1638 1646 1641 1638 1622 1613 1621
829.606995 1621 1636 1648 1632 1614 1603 1615 1610
829.627014 1618 1646 1643 1631 1635 1618 1588 1623
829.64801 1612 1627 1638 1627 1615 1606 1604 1610
829.66803 1629 1628 1650 1627 1613 1621 1608 1613
829.687988 1628 1629 1639 1627 1618 1605 1609 1622
829.708984 1616 1640 1652 1631 1623 1602 1615 1620
829.729004 1621 1627 1649 1634 1640 1604 1615 1608
829.75 1612 1639 1638 1641 1639 1614 1606 1629
829.77002 1614 1641 1652 1636 1618 1613 1603 1625
829.791016 1632 1645 1665 1638 1632 1608 1612 1622
829.810974 1624 1639 1635 1625 1615 1601 1605 1621
829.830994 1603 1642 1658 1637 1623 1596 1607 1612
829.85199 1617 1637 1645 1647 1614 1599 1594 1625
829.872009 1615 1634 1639 1636 1625 1610 1613 1619
829.893005 1611 1636 1632 1637 1633 1603 1622 1622
829.913025 1627 1632 1661 1635 1623 1612 1611 1624
829.932983 1628 1635 1636 1635 1617 1618 1613 1624
829.953979 1631 1633 1657 1637 1627 1610 1610 1627
829.973999 1624 1635 1642 1635 1626 1608 1600 1623
829.994995 1627 1628 1638 1624 1625 1614 1604 1641
830.015015 1627 1649 1651 1629 1627 1611 1608 1644
830.036011 1604 1639 1652 1649 1628 1619 1608 1622
830.05603 1609 1656 1661 1644 1627 1612 1618 1650
830.075989 1630 1642 1646 1630 1633 1615 1616 1640
830.096985 1626 1647 1653 1637 1625 1616 1610 1627
830.117004 1631 1641 1658 1654 1618 1610 1618 1629
830.138 1627 1642 1661 1655 1622 1612 1616 1636
830.15802 1635 1652 1645 1643 1646 1603 1616 1631
830.177979 1632 1651 1654 1643 1635 1609 1613 1631
830.198975 1631 1657 1642 1639 1625 1624 1625 1637
830.218994 1628 1637 1662 1634 1630 1625 1624 1636
830.23999 1624 1645 1655 1652 1636 1610 1609 1643
830.26001 1640 1653 1664 1656 1634 1612 1623 1630
830.280029 1627 1650 1659 1635 1637 1615 1628 1626
830.301025 1636 1651 1657 1649 1627 1621 1612 1624
830.320984 1642 1660 1668 1639 1622 1609 1612 1640
830.34198 1633 1650 1650 1647 1616 1618 1610 1623
830.362 1625 1645 1660 1659 1619 1624 1617 1616
830.382996 1637 1655 1662 1640 1625 1623 1613 1623
830.403015 1630 1636 1645 1654 1625 1605 1611 1626
830.422974 1628 1653 1663 1633 1619 1617 1613 1640
830.44397 1644 1663 1651 1647 1632 1626 1620 1635
830.463989 1632 1644 1681 1650 1626 1607 1630 1626
830.484009 1618 1646 1658 1652 1623 1617 1615 1647
830.505005 1633 1649 1657 1662 1644 1617 1621 1629
830.525024 1622 1644 1653 1653 1642 1620 1619 1621
830.546021 1624 1659 1636 1648 1644 1613 1622 1630
830.565979 1632 1637 1670 1648 1637 1610 1616 1626
830.585999 1619 1648 1661 1650 1634 1623 1610 1640
830.606995 1632 1638 1667 1650 1622 1626 1611 1631
830.627014 1616 1659 1663 1650 1644 1624 1624 1634
830.64801 1620 1659 1634 1655 1633 1602 1621 1614
830.66803 1631 1657 1641 1649 1629 1609 1606 1624
830.687988 1641 1634 1648 1639 1630 1607 1620 1634
830.708984 1623 1656 1661 1634 1640 1603 1614 1630
830.729004 1634 1659 1645 1642 1630 1615 1616 1631
830.75 1637 1644 1655 1639 1625 1598 1621 1631
830.77002 1635 1649 1654 1642 1621 1610 1600 1624
830.789978 1640 1642 1647 1644 1631 1616 1614 1633
830.810974 1638 1645 1647 1637 1619 1606 1600 1623
830.830994 1625 1634 1655 1633 1617 1621 1611 1627
830.85199 1623 1650 1643 1632 1637 1610 1604 1624
830.872009 1625 1640 1647 1634 1629 1594 1604 1620
830.892029 1628 1649 1667 1639 1632 1617 1610 1623
830.913025 1630 1638 1662 1639 1621 1619 1616 1614
830.932983 1620 1634 1643 1642 1626 1604 1609 1622
830.953979 1625 1646 1659 1648 1603 1618 1614 1622
830.973999 1613 1649 1631 1643 1620 1608 1600 1622
830.994019 1613 1641 1661 1624 1615 1599 1603 1614
831.015015 1626 1631 1643 1630 1634 1608 1604 1612
831.034973 1621 1637 1649 1645 1622 1607 1615 1631
831.054993 1619 1643 1644 1640 1615 1611 1613 1619
831.075989 1637 1624 1648 1637 1624 1599 1613 1622
831.096008 1618 1654 1656 1633 1618 1605 1612 1625
831.117004 1632 1647 1649 1645 1623 1622 1605 1607
831.137024 1638 1617 1648 1636 1624 1612 1606 1633
831.156982 1620 1645 1638 1645 1609 1615 1604 1619
831.177979 1620 1642 1652 1638 1617 1613 1616 1628
831.197998 1624 1629 1657 1629 1628 1603 1612 1619
831.218994 1612 1630 1643 1636 1626 1611 1607 1609
831.239014 1621 1637 1653 1637 1621 1615 1618 1625
831.258972 1619 1647 1636 1629 1618 1604 1618 1619
831.280029 1616 1625 1656 1630 1611 1606 1596 1618
831.299988 1613 1656 1636 1624 1630 1602 1611 1627
831.320007 1629 1648 1631 1638 1627 1600 1610 1621
831.341003 1631 1632 1653 1624 1620 1602 1610 1618
831.361023 1628 1637 1646 1636 1628 1601 1610 1612
831.382019 1620 1656 1646 1631 1622 1604 1626 1613
831.401978 1619 1627 1637 1628 1609 1598 1611 1616
831.421997 1615 1657 1651 1653 1609 1607 1621 1620
831.442993 1618 1625 1643 1635 1627 1607 1617 1626
831.463013 1614 1632 1660 1635 1626 1606 1602 1612
831.482971 1621 1626 1654 1634 1624 1596 1607 1623
831.504028 1630 1633 1651 1643 1615 1604 1611 1615
831.523987 1627 1640 1651 1630 1620 1608 1602 1625
831.544983 1623 1633 1649 1636 1641 1607 1598 1614
831.565002 1620 1634 1652 1644 1602 1603 1613 1617
831.585022 1618 1627 1654 1641 1609 1615 1613 1624
831.606018 1615 1634 1657 1641 1610 1609 1607 1612
831.625977 1632 1629 1658 1635 1629 1615 1614 1614
831.645996 1626 1639 1651 1636 1638 1619 1603 1635
831.666992 1625 1648 1649 1639 1623 1603 1613 1614
831.687012 1629 1645 1645 1633 1616 1605 1615 1624
831.708008 1622 1635 1649 1642 1622 1612 1620 1629
831.728027 1621 1646 1652 1645 1628 1600 1604 1626
831.747986 1619 1632 1643 1632 1619 1617 1609 1622
831.768982 1616 1637 1649 1633 1622 1620 1616 1617
831.789001 1609 1642 1652 1633 1627 1615 1618 1629
831.809021 1637 1632 1644 1638 1633 1613 1618 1617
831.830017 1634 1641 1648 1642 1632 1621 1635 1620
831.849976 1623 1639 1655 1644 1632 1604 1616 1620
831.869995 1633 1649 1644 1628 1620 1607 1612 1640
831.890991 1636 1647 1656 1643 1623 1605 1618 1614
831.911011 1638 1646 1648 1636 1627 1614 1610 1617
831.932007 1634 1638 1653 1631 1615 1602 1595 1627
831.952026 1635 1643 1664 1641 1631 1618 1608 1613
831.971985 1623 1639 1642 1658 1627 1603 1621 1625
831.992981 1624 1659 1663 1636 1625 1608 1623 1638
832.013 1618 1659 1657 1648 1628 1619 1616 1624
832.03302 1627 1638 1644 1636 1635 1614 1606 1638
832.054016 1633 1646 1656 1641 1621 1596 1608 1636
832.073975 1627 1645 1665 1647 1619 1612 1623 1626
832.093994 1627 1652 1656 1644 1628 1602 1621 1613
832.11499 1642 1640 1644 1633 1629 1615 1610 1630
832.13501 1625 1670 1649 1655 1626 1619 1616 1626
832.155029 1635 1648 1646 1645 1624 1607 1632 1624
832.176025 1630 1646 1665 1636 1624 1610 1627 1636
832.195984 1640 1652 1659 1653 1631 1607 1610 1629
832.216003 1623 1641 1658 1656 1622 1629 1613 1631
832.237 1645 1637 1672 1648 1625 1619 1604 1642
832.257019 1630 1655 1667 1644 1619 1614 1627 1632
832.278015 1626 1667 1653 1646 1637 1619 1628 1630
832.297974 1631 1658 1673 1654 1623 1609 1622 1624
832.317993 1632 1642 1661 1648 1626 1616 1614 1625
832.338989 1637 1650 1657 1659 1636 1609 1622 1619
832.359009 1624 1640 1653 1662 1633 1619 1624 1633
832.379028 1635 1650 1656 1649 1631 1607 1613 1623
832.400024 1639 1647 1646 1634 1624 1608 1613 1636
832.419983 1637 1654 1664 1652 1618 1621 1629 1636
832.440002 1622 1639 1668 1658 1643 1615 1615 1633
832.460999 1644 1646 1668 1650 1627 1616 1617 1630
832.481018 1633 1647 1660 1642 1639 1614 1620 1636
832.500977 1620 1646 1671 1654 1625 1613 1610 1631
832.521973 1645 1662 1663 1647 1632 1611 1618 1636
832.541992 1635 1655 1667 1656 1627 1617 1601 1637
832.562012 1641 1648 1660 1646 1628 1600 1614 1626
832.583008 1641 1670 1652 1641 1634 1615 1617 1638
832.603027 1639 1641 1662 1652 1632 1625 1614 1638
832.622986 1630 1663 1647 1646 1644 1602 1606 1627
832.643982 1635 1659 1658 1640 1636 1617 1619 1620
832.664001 1632 1661 1660 1651 1637 1616 1606 1631
832.684021 1626 1648 1668 1648 1640 1617 1615 1647
832.705017 1641 1638 1653 1657 1631 1619 1611 1618
832.724976 1643 1634 1660 1652 1638 1610 1615 1635
832.744995 1633 1659 1657 1638 1625 1611 1617 1629
832.765991 1637 1669 1652 1649 1634 1626 1611 1631
832.786011 1636 1644 1644 1626 1627 1613 1615 1630
832.80603 1625 1644 1647 1654 1620 1608 1610 1637
832.827026 1648 1647 1648 1641 1623 1612 1601 1627
832.846985 1631 1647 1649 1650 1632 1616 1615 1626
832.867004 1626 1637 1668 1645 1639 1611 1618 1638
832.888 1645 1652 1661 1651 1623 1617 1606 1632
832.90802 1631 1659 1655 1658 1616 1614 1608 1641
832.927979 1621 1650 1652 1650 1625 1627 1623 1628
832.948975 1639 1653 1660 1650 1638 1617 1614 1620
832.968994 1630 1646 1658 1645 1632 1616 1612 1637
832.989014 1629 1665 1645 1636 1637 1615 1611 1624
833.01001 1630 1653 1646 1635 1620 1616 1603 1633
833.030029 1627 1643 1664 1640 1622 1624 1622 1625
833.049988 1633 1630 1651 1643 1627 1610 1609 1617
833.070984 1640 1656 1655 1649 1625 1606 1603 1631
833.091003 1626 1635 1669 1658 1627 1618 1614 1622
833.111023 1636 1644 1667 1649 1636 1606 1631 1627
833.132019 1636 1640 1653 1639 1614 1617 1614 1617
833.151978 1621 1645 1652 1648 1628 1605 1623 1626
833.171997 1632 1650 1662 1667 1631 1609 1621 1626
833.192993 1629 1650 1656 1641 1639 1617 1611 1626
833.213013 1631 1642 1657 1646 1623 1609 1595 1621
833.232971 1623 1653 1649 1644 1626 1620 1605 1623
833.254028 1623 1634 1647 1645 1625 1617 1612 1624
833.273987 1630 1652 1669 1636 1636 1611 1615 1613
833.294006 1636 1660 1648 1652 1610 1617 1606 1633
833.315002 1620 1650 1642 1639 1625 1608 1613 1613
833.335022 1614 1643 1640 1636 1628 1603 1614 1620
833.35498 1628 1636 1644 1645 1623 1604 1610 1622
833.375977 1625 1647 1656 1640 1619 1599 1602 1630
833.395996 1631 1633 1648 1631 1626 1611 1612 1626
833.416016 1617 1652 1640 1641 1635 1614 1609 1620
833.437012 1633 1640 1642 1641 1631 1607 1603 1633
833.45697 1621 1654 1651 1631 1624 1605 1609 1631
833.47699 1625 1631 1653 1640 1612 1612 1614 1624
833.497009 1644 1647 1657 1641 1625 1612 1597 1623
833.518005 1617 1646 1646 1638 1631 1617 1614 1625
833.538025 1622 1636 1644 1643 1625 1600 1605 1618
833.557983 1619 1650 1665 1634 1627 1597 1612 1618
833.578979 1630 1644 1636 1631 1632 1602 1598 1621
833.598999 1633 1631 1648 1653 1622 1607 1615 1611
833.619019 1609 1640 1636 1644 1637 1610 1614 1609
833.640015 1628 1645 1658 1653 1630 1605 1606 1624
833.659973 1631 1642 1642 1641 1617 1622 1607 1627
833.679993 1634 1644 1658 1646 1619 1602 1609 1615
833.700989 1630 1642 1655 1636 1622 1615 1608 1628
833.721008 1623 1654 1647 1633 1628 1615 1608 1624
833.741028 1634 1650 1657 1630 1630 1614 1604 1631
833.762024 1616 1642 1646 1631 1611 1597 1607 1630
833.781982 1632 1640 1652 1645 1629 1608 1600 1630
833.802002 1629 1643 1641 1644 1622 1598 1601 1624
833.822021 1630 1624 1652 1637 1626 1598 1612 1621
833.843018 1625 1634 1658 1655 1628 1598 1614 1627
833.862976 1625 1637 1662 1640 1626 1611 1608 1623
833.882996 1619 1632 1641 1638 1623 1606 1599 1610
833.903992 1628 1650 1647 1640 1600 1611 1602 1619
833.924011 1629 1649 1663 1648 1629 1602 1610 1636
833.94397 1631 1633 1637 1649 1622 1605 1606 1611
833.965027 1632 1650 1650 1647 1625 1602 1608 1614
833.984985 1622 1640 1663 1648 1615 1603 1617 1621
834.005005 1615 1638 1659 1639 1629 1609 1613 1615
834.026001 1632 1650 1644 1633 1623 1602 1604 1617
834.046021 1620 1624 1651 1643 1622 1611 1614 1631
834.065979 1621 1650 1657 1627 1628 1615 1598 1626
834.085999 1629 1648 1654 1645 1611 1608 1601 1628
834.106995 1634 1635 1657 1635 1636 1601 1608 1635
834.127014 1623 1637 1652 1642 1623 1603 1615 1613
834.146973 1611 1640 1650 1630 1627 1617 1607 1623
834.16803 1632 1645 1649 1645 1639 1603 1612 1625
834.187988 1619 1641 1648 1638 1614 1597 1614 1613
834.208008 1629 1642 1656 1637 1621 1603 1617 1630
834.228027 1628 1642 1650 1641 1623 1610 1610 1632
834.249023 1617 1643 1656 1642 1613 1598 1612 1620
834.268982 1633 1646 1654 1634 1622 1609 1609 1617
834.289001 1622 1642 1650 1654 1623 1602 1595 1624
834.309998 1633 1645 1657 1643 1627 1606 1599 1621
834.330017 1627 1636 1651 1645 1633 1615 1607 1630
834.349976 1640 1644 1648 1631 1610 1612 1611 1628
834.369995 1618 1641 1652 1642 1627 1614 1617 1613
834.390991 1630 1649 1651 1644 1626 1620 1603 1622
834.411011 1631 1635 1665 1651 1627 1608 1619 1637
834.43103 1623 1647 1649 1641 1622 1603 1611 1632
834.452026 1631 1643 1658 1646 1627 1609 1609 1626
834.471985 1640 1635 1647 1646 1630 1609 1618 1626
834.492004 1624 1645 1653 1644 1636 1596 1626 1626
834.513 1631 1649 1658 1658 1640 1608 1611 1626
834.53302 1627 1655 1652 1644 1621 1616 1610 1632
834.552979 1630 1643 1675 1650 1638 1627 1608 1629
834.572998 1620 1647 1647 1647 1625 1616 1604 1623
834.593994 1623 1650 1658 1638 1623 1603 1598 1619
834.614014 1625 1658 1661 1644 1629 1611 1620 1639
834.633972 1631 1658 1655 1655 1619 1610 1600 1622
834.653992 1620 1658 1655 1645 1638 1619 1616 1617
834.674988 1627 1651 1654 1653 1621 1608 1610 1626
834.695007 1636 1651 1662 1646 1623 1609 1605 1621
834.715027 1640 1647 1651 1641 1637 1622 1622 1637
834.736023 1610 1641 1653 1638 1617 1613 1604 1633
834.755981 1626 1644 1667 1647 1623 1610 1605 1623
834.776001 1631 1655 1661 1641 1633 1612 1613 1627
834.796021 1630 1660 1657 1649 1638 1601 1620 1639
834.817017 1616 1645 1641 1657 1635 1616 1608 1631
834.836975 1633 1647 1667 1651 1634 1616 1608 1617
834.856995 1629 1648 1654 1638 1621 1606 1630 1626
834.877991 1635 1643 1652 1648 1624 1611 1624 1631
834.89801 1635 1635 1653 1652 1621 1622 1615 1622
834.91803 1634 1657 1666 1634 1627 1624 1620 1632
834.937988 1642 1668 1674 1651 1639 1621 1622 1640
834.958984 1631 1654 1648 1658 1636 1621 1627 1626
834.979004 1643 1653 1678 1637 1635 1623 1616 1643
834.999023 1625 1655 1663 1636 1646 1613 1608 1638
835.018982 1630 1647 1664 1641 1625 1610 1611 1635
835.039978 1631 1642 1661 1634 1637 1625 1603 1637
835.059998 1630 1643 1656 1653 1622 1612 1619 1630
835.080017 1625 1660 1668 1646 1625 1616 1610 1631
835.101013 1636 1657 1670 1650 1628 1609 1614 1629
835.120972 1629 1655 1655 1654 1633 1608 1620 1637
835.140991 1637 1656 1657 1638 1625 1611 1613 1639
835.161011 1633 1657 1665 1644 1624 1614 1599 1631
835.182007 1629 1667 1655 1662 1639 1618 1610 1632
835.202026 1636 1654 1656 1654 1627 1615 1624 1629
835.221985 1632 1661 1656 1652 1639 1618 1619 1630
835.242004 1628 1644 1674 1649 1616 1613 1619 1627
835.263 1633 1663 1676 1640 1631 1620 1623 1638
835.28302 1625 1650 1673 1635 1622 1614 1613 1627
835.302979 1635 1653 1663 1660 1628 1612 1627 1630
835.322998 1632 1646 1646 1649 1643 1611 1614 1627
835.343994 1630 1650 1652 1642 1628 1599 1622 1629
835.364014 1631 1650 1673 1649 1633 1611 1619 1624
835.383972 1635 1639 1662 1642 1630 1614 1614 1624
835.403992 1638 1657 1655 1642 1617 1624 1619 1617
835.424988 1634 1661 1661 1655 1639 1620 1624 1630
835.445007 1634 1647 1662 1655 1630 1619 1607 1633
835.465027 1642 1651 1650 1644 1635 1616 1625 1625
835.486023 1626 1653 1672 1645 1636 1610 1608 1629
835.505981 1643 1642 1651 1643 1627 1615 1613 1636
835.526001 1650 1640 1659 1650 1635 1606 1612 1624
835.546021 1620 1648 1650 1641 1633 1620 1618 1630
835.567017 1624 1644 1665 1648 1621 1617 1611 1630
835.586975 1626 1636 1657 1652 1638 1612 1610 1633
835.606995 1623 1643 1646 1644 1628 1614 1610 1627
835.627014 1635 1643 1642 1651 1632 1617 1623 1637
835.64801 1639 1643 1679 1658 1631 1612 1622 1631
835.66803 1625 1639 1661 1642 1621 1610 1610 1631
835.687988 1616 1647 1674 1638 1615 1601 1619 1622
835.708008 1620 1645 1656 1653 1643 1610 1612 1643
835.729004 1622 1656 1663 1653 1631 1610 1620 1626
835.749023 1632 1654 1643 1658 1630 1608 1623 1628
835.768982 1632 1667 1662 1633 1628 1605 1613 1629
835.789001 1619 1652 1664 1657 1638 1610 1625 1634
835.809998 1644 1643 1659 1648 1614 1608 1622 1628
835.830017 1636 1652 1664 1652 1624 1621 1611 1634
835.849976 1628 1651 1669 1640 1632 1613 1611 1645
835.869995 1637 1636 1662 1644 1649 1609 1609 1634
835.890991 1622 1658 1665 1654 1634 1610 1611 1631
835.911011 1636 1654 1664 1645 1636 1618 1631 1635
835.93103 1624 1654 1666 1670 1632 1617 1617 1624
835.950989 1635 1657 1659 1650 1641 1605 1605 1632
835.971985 1618 1650 1667 1647 1635 1611 1631 1637
835.992004 1642 1653 1656 1639 1631 1613 1615 1631
836.012024 1648 1642 1674 1650 1622 1618 1618 1631
836.031982 1629 1639 1681 1651 1644 1608 1605 1632
836.052002 1635 1662 1667 1649 1623 1612 1621 1620
836.072998 1640 1670 1682 1642 1650 1621 1624 1633
836.093018 1645 1664 1668 1646 1648 1613 1601 1636
836.112976 1646 1647 1664 1664 1631 1609 1615 1645
836.132996 1634 1655 1672 1655 1626 1610 1617 1641
836.153992 1633 1653 1665 1649 1628 1624 1608 1645
836.174011 1630 1670 1671 1656 1634 1602 1621 1642
836.19397 1641 1647 1668 1655 1633 1607 1612 1633
836.213989 1633 1659 1678 1638 1657 1619 1612 1621
836.234985 1633 1647 1676 1650 1633 1613 1608 1638
836.255005 1631 1657 1678 1653 1631 1615 1617 1629
836.275024 1636 1658 1675 1657 1627 1615 1618 1626
836.294983 1628 1657 1663 1651 1631 1624 1614 1647
836.315979 1628 1652 1661 1641 1642 1611 1617 1629
836.335999 1630 1644 1663 1645 1641 1606 1608 1616
836.356018 1641 1650 1662 1656 1629 1620 1617 1624
836.375977 1617 1653 1655 1641 1620 1619 1609 1634
836.395996 1628 1658 1657 1647 1640 1606 1616 1643
836.416992 1643 1663 1663 1653 1631 1609 1616 1629
836.437012 1626 1649 1670 1656 1633 1621 1613 1628
836.45697 1633 1652 1659 1662 1639 1611 1606 1618
836.47699 1630 1657 1678 1656 1631 1622 1633 1641
836.497986 1627 1661 1666 1638 1622 1603 1608 1629
836.518005 1646 1658 1671 1666 1620 1622 1611 1647
836.538025 1621 1663 1670 1661 1637 1614 1611 1636
836.557983 1638 1653 1666 1643 1634 1622 1610 1627
836.578979 1642 1652 1677 1659 1643 1616 1628 1629
836.598999 1639 1668 1666 1648 1638 1620 1629 1619
836.619019 1637 1656 1673 1655 1628 1607 1616 1629
836.638977 1644 1648 1653 1668 1626 1609 1612 1627
836.658997 1639 1649 1693 1666 1631 1624 1611 1630
836.679993 1647 1650 1661 1658 1634 1617 1609 1628
836.700012 1644 1663 1661 1651 1641 1614 1613 1623
836.719971 1620 1650 1660 1650 1632 1626 1600 1629
836.73999 1631 1646 1674 1662 1643 1618 1615 1627
836.760986 1631 1659 1661 1658 1646 1607 1631 1623
836.781006 1632 1670 1676 1643 1648 1608 1612 1618
836.801025 1631 1665 1667 1651 1629 1606 1619 1631
836.820984 1633 1656 1683 1660 1630 1620 1613 1637
836.841003 1626 1652 1660 1641 1626 1614 1621 1641
836.862 1619 1661 1678 1656 1640 1619 1608 1637
836.882019 1646 1650 1667 1650 1633 1599 1615 1640
836.901978 1637 1673 1672 1659 1630 1607 1610 1645
836.921997 1628 1654 1665 1660 1639 1638 1612 1645
836.942993 1626 1665 1667 1665 1639 1611 1628 1623
836.963013 1651 1651 1668 1659 1639 1612 1620 1636
836.982971 1648 1670 1680 1654 1647 1626 1611 1642
837.002991 1650 1667 1682 1666 1662 1616 1628 1634
837.02301 1645 1655 1675 1663 1646 1603 1616 1655
837.044006 1656 1664 1681 1655 1641 1615 1647 1653
837.064026 1657 1674 1699 1681 1641 1628 1653 1641
837.083984 1660 1681 1692 1674 1656 1642 1635 1651
837.104004 1654 1685 1713 1685 1653 1637 1636 1649
837.124023 1666 1668 1704 1696 1672 1638 1627 1658
837.14502 1660 1702 1709 1682 1653 1618 1638 1666
837.164978 1662 1682 1707 1683 1665 1640 1623 1652
837.184998 1664 1680 1701 1692 1658 1649 1642 1673
837.205017 1641 1681 1691 1681 1666 1636 1632 1648
837.224976 1661 1682 1701 1686 1670 1645 1644 1662
837.245972 1668 1676 1701 1674 1663 1648 1639 1654
837.265991 1659 1684 1709 1672 1656 1633 1643 1660
837.286011 1667 1686 1689 1681 1669 1625 1645 1648
837.30603 1665 1683 1699 1680 1659 1639 1653 1657
837.325989 1667 1681 1705 1693 1648 1647 1643 1651
837.346985 1659 1684 1704 1693 1660 1632 1634 1662
837.367004 1660 1687 1707 1677 1661 1636 1652 1665
837.387024 1665 1686 1698 1697 1651 1655 1643 1679
837.406982 1660 1693 1705 1682 1662 1632 1641 1666
837.427002 1657 1679 1683 1695 1649 1639 1622 1660
837.447998 1661 1678 1716 1681 1669 1645 1644 1658
837.468018 1661 1696 1714 1694 1671 1640 1637 1671
837.487976 1664 1695 1698 1688 1653 1643 1637 1647
837.507996 1673 1697 1701 1691 1666 1642 1642 1664
837.528992 1669 1692 1697 1705 1648 1644 1639 1651
837.549011 1671 1677 1684 1689 1659 1648 1645 1667
837.56897 1678 1690 1710 1669 1672 1637 1641 1662
837.588989 1672 1696 1693 1684 1660 1644 1639 1663
837.609009 1661 1688 1712 1687 1664 1635 1647 1671
837.629028 1660 1687 1710 1706 1667 1642 1655 1647
837.650024 1661 1710 1721 1688 1653 1645 1647 1664
837.669983 1679 1685 1701 1690 1674 1644 1642 1657
837.690002 1672 1693 1713 1689 1669 1655 1656 1654
837.710022 1671 1712 1715 1697 1658 1658 1641 1673
837.72998 1664 1704 1724 1699 1666 1655 1632 1667
837.750977 1661 1690 1708 1703 1668 1642 1642 1677
837.770996 1672 1705 1713 1705 1681 1640 1650 1677
837.791016 1662 1695 1727 1685 1667 1657 1641 1664
837.810974 1671 1700 1713 1685 1689 1649 1630 1682
837.830994 1674 1705 1711 1698 1673 1637 1646 1663
837.85199 1672 1703 1731 1707 1675 1652 1653 1653
837.872009 1675 1716 1723 1714 1674 1647 1655 1672
837.892029 1681 1707 1740 1703 1689 1650 1663 1670
837.911987 1678 1718 1723 1706 1677 1641 1652 1671
837.932007 1687 1712 1727 1717 1679 1645 1646 1675
837.953003 1678 1706 1728 1702 1676 1644 1653 1674
837.973022 1686 1722 1744 1705 1681 1637 1650 1686
837.992981 1676 1706 1722 1691 1688 1638 1656 1682
838.013 1662 1720 1738 1720 1675 1637 1650 1663
838.03302 1673 1720 1736 1714 1686 1640 1647 1677
838.052979 1697 1727 1749 1729 1681 1638 1660 1682
838.073975 1676 1734 1738 1727 1694 1653 1655 1680
838.093994 1703 1729 1760 1733 1699 1650 1657 1694
838.114014 1676 1735 1748 1721 1686 1665 1672 1682
838.133972 1694 1719 1751 1728 1688 1656 1662 1687
838.153992 1702 1726 1777 1753 1699 1651 1660 1686
838.174011 1688 1745 1758 1745 1696 1659 1661 1682
838.195007 1693 1742 1761 1758 1704 1661 1674 1709
838.215027 1694 1736 1771 1770 1697 1660 1677 1686
838.234985 1703 1750 1771 1740 1702 1658 1640 1713
838.255005 1708 1758 1774 1755 1713 1655 1669 1701
838.275024 1707 1766 1796 1745 1710 1672 1663 1723
838.296021 1715 1755 1776 1764 1717 1665 1673 1719
838.315979 1717 1771 1790 1744 1706 1660 1658 1719
838.335999 1700 1771 1807 1775 1701 1670 1666 1709
838.356018 1693 1773 1792 1763 1714 1642 1664 1707
838.375977 1713 1758 1814 1769 1718 1665 1660 1711
838.395996 1702 1777 1811 1773 1725 1642 1663 1702
838.416992 1733 1782 1817 1777 1737 1668 1658 1724
838.437012 1726 1807 1830 1796 1725 1658 1672 1720
838.45697 1719 1782 1833 1792 1720 1677 1662 1723
838.47699 1722 1796 1836 1820 1737 1667 1658 1726
838.497009 1748 1807 1845 1803 1749 1656 1673 1730
838.517029 1716 1786 1863 1809 1724 1659 1683 1753
838.538025 1746 1834 1850 1802 1734 1663 1666 1720
838.557983 1730 1813 1858 1819 1746 1664 1682 1736
838.578003 1756 1826 1854 1839 1764 1666 1664 1722
838.598022 1745 1826 1876 1831 1748 1675 1666 1759
838.617981 1748 1851 1853 1828 1750 1675 1667 1750
838.638 1763 1831 1874 1843 1772 1663 1671 1772
838.658997 1757 1838 1889 1850 1764 1673 1675 1739
838.679016 1749 1851 1884 1840 1756 1672 1676 1771
838.698975 1737 1836 1874 1858 1757 1671 1687 1753
838.718994 1763 1843 1897 1856 1771 1676 1665 1764
838.739014 1757 1832 1900 1863 1765 1676 1679 1738
838.758972 1758 1853 1894 1869 1778 1677 1677 1761
838.780029 1752 1863 1896 1878 1761 1675 1690 1754
838.799988 1752 1855 1922 1864 1761 1684 1678 1761
838.820007 1751 1856 1890 1873 1749 1686 1685 1747
838.840027 1752 1861 1907 1871 1760 1683 1672 1799
838.859985 1766 1853 1915 1875 1759 1674 1679 1750
838.880005 1752 1865 1914 1871 1780 1672 1677 1762
838.901001 1763 1865 1886 1866 1765 1690 1681 1774
838.921021 1753 1871 1899 1885 1763 1680 1679 1744
838.940979 1768 1866 1913 1867 1778 1680 1678 1749
838.960999 1766 1860 1913 1869 1769 1665 1681 1765
838.981018 1770 1856 1908 1880 1775 1668 1692 1757
839.000977 1767 1860 1898 1865 1776 1667 1672 1751
839.020996 1759 1846 1913 1860 1752 1672 1688 1777
839.041992 1751 1857 1905 1848 1754 1657 1655 1768
839.062012 1756 1870 1931 1868 1767 1656 1671 1764
839.08197 1763 1868 1919 1860 1769 1675 1679 1761
839.10199 1759 1864 1927 1837 1781 1682 1667 1747
839.122009 1763 1860 1914 1891 1754 1688 1667 1758
839.142029 1759 1877 1908 1864 1773 1685 1683 1773
839.161987 1750 1860 1900 1855 1769 1678 1700 1773
839.182983 1761 1872 1913 1873 1777 1691 1659 1765
839.203003 1751 1878 1920 1877 1772 1689 1662 1753
839.223022 1785 1874 1920 1867 1783 1689 1686 1767
839.242981 1765 1861 1934 1864 1778 1674 1681 1755
839.263 1773 1893 1915 1873 1766 1685 1686 1768
839.28302 1767 1884 1908 1897 1777 1698 1688 1777
839.304016 1763 1896 1925 1889 1780 1677 1685 1788
839.323975 1787 1884 1948 1856 1776 1678 1671 1774
839.343994 1771 1880 1931 1887 1777 1679 1668 1783
839.364014 1789 1881 1930 1867 1789 1684 1696 1796
839.383972 1773 1913 1975 1893 1790 1691 1701 1787
839.403992 1781 1881 1949 1888 1793 1691 1681 1785
839.424011 1784 1914 1944 1907 1791 1692 1697 1794
839.445007 1808 1903 1964 1917 1783 1697 1693 1791
839.465027 1790 1939 1957 1914 1806 1700 1687 1793
839.484985 1808 1917 1961 1909 1810 1703 1702 1789
839.505005 1819 1938 1991 1907 1827 1706 1694 1801
839.525024 1813 1942 1994 1934 1818 1711 1706 1803
839.544983 1805 1963 1978 1951 1815 1712 1701 1816
839.565002 1808 1950 1984 1940 1839 1710 1701 1792
839.585999 1830 1982 2006 1950 1827 1716 1699 1832
839.606018 1824 1976 2060 1960 1865 1717 1720 1849
839.625977 1845 2009 2044 1991 1857 1729 1734 1838
839.645996 1848 1999 2065 1983 1857 1727 1716 1853
839.666016 1860 2003 2051 1996 1875 1755 1728 1871
839.685974 1858 2041 2105 2022 1909 1744 1745 1867
839.705994 1890 2026 2123 2043 1885 1746 1749 1874
839.726013 1894 2070 2131 2065 1907 1758 1750 1886
839.747009 1910 2064 2138 2057 1913 1763 1772 1899
839.767029 1883 2081 2153 2061 1910 1763 1770 1894
839.786987 1901 2077 2150 2087 1949 1785 1769 1909
839.807007 1929 2113 2187 2113 1937 1778 1769 1920
839.827026 1934 2112 2175 2121 1967 1769 1787 1916
839.846985 1950 2135 2201 2143 1968 1770 1779 1962
839.867004 1967 2155 2212 2165 1953 1791 1792 1963
839.887024 1957 2172 2233 2164 1980 1798 1780 1953
839.90802 1988 2184 2239 2181 1994 1798 1791 1969
839.927979 1995 2189 2268 2196 1992 1797 1805 1977
839.947998 1998 2224 2260 2238 2009 1804 1812 2000
839.968018 1997 2197 2296 2194 2029 1803 1793 1988
839.987976 2032 2236 2268 2234 2031 1819 1797 2037
840.007996 2028 2233 2304 2251 2038 1829 1826 2009
840.028015 2046 2297 2363 2239 2032 1833 1795 1998
840.047974 2031 2268 2352 2288 2073 1842 1834 2026
840.06897 2022 2271 2352 2264 2062 1833 1824 2017
840.088989 2019 2277 2367 2282 2088 1821 1838 2023
840.109009 2037 2283 2386 2294 2046 1829 1819 2036
840.129028 2028 2278 2398 2298 2054 1846 1819 1996
840.148987 2037 2264 2365 2282 2038 1837 1847 2021
840.169006 2026 2261 2362 2279 2073 1817 1836 2028
840.189026 2026 2261 2339 2301 2014 1817 1824 2020
840.208984 2026 2242 2326 2281 2028 1826 1815 2026
840.22998 2021 2222 2332 2243 2024 1806 1793 1995
840.25 2001 2235 2323 2246 2004 1819 1796 1988
840.27002 1976 2226 2283 2217 2025 1808 1780 1982
840.289978 1962 2174 2278 2223 2007 1805 1797 2007
840.309998 1950 2182 2314 2200 1987 1789 1793 1966
840.330017 1960 2175 2295 2165 1974 1776 1784 1949
840.349976 1938 2134 2240 2166 1949 1769 1760 1947
840.369995 1934 2170 2210 2124 1969 1752 1768 1925
840.390015 1918 2114 2189 2139 1935 1764 1769 1927
840.411011 1898 2113 2200 2123 1930 1782 1748 1912
840.43103 1895 2112 2143 2109 1876 1744 1729 1888
840.450989 1893 2053 2153 2052 1915 1727 1732 1857
840.471008 1855 2027 2140 2044 1879 1728 1725 1840
840.491028 1856 1997 2115 2028 1849 1728 1721 1826
840.510986 1840 2004 2081 2019 1847 1720 1712 1841
840.531006 1830 1983 2083 1995 1838 1711 1701 1831
840.551025 1812 1961 2011 1988 1843 1697 1698 1791
840.570984 1802 1947 2041 1952 1816 1688 1693 1804
840.59198 1814 1918 2023 1927 1790 1688 1694 1779
840.612 1755 1930 1989 1914 1802 1687 1680 1775
840.632019 1760 1909 1943 1910 1770 1669 1680 1771
840.651978 1777 1885 1968 1891 1783 1682 1680 1757
840.671997 1759 1885 1920 1877 1766 1677 1670 1758
840.692017 1745 1866 1924 1878 1748 1660 1664 1753
840.711975 1734 1850 1918 1847 1759 1675 1670 1715
840.731995 1738 1826 1918 1851 1742 1667 1662 1714
840.752014 1734 1837 1893 1838 1743 1660 1655 1718
840.771973 1727 1834 1883 1809 1713 1657 1657 1732
840.79303 1709 1816 1850 1802 1727 1654 1664 1708
840.812988 1733 1799 1849 1821 1720 1651 1649 1714
840.833008 1704 1803 1859 1789 1715 1656 1653 1700
840.853027 1710 1799 1839 1785 1728 1640 1648 1707
840.872986 1699 1781 1842 1791 1704 1651 1647 1717
840.893005 1698 1790 1824 1788 1714 1637 1648 1708
840.913025 1694 1759 1830 1788 1711 1653 1647 1706
840.932983 1701 1775 1815 1773 1701 1649 1643 1695
840.953003 1710 1759 1817 1769 1691 1638 1639 1692
840.973022 1684 1767 1807 1766 1702 1626 1643 1689
840.994019 1692 1744 1817 1772 1701 1653 1648 1680
841.013977 1686 1748 1807 1758 1695 1630 1643 1692
841.033997 1689 1764 1798 1748 1703 1634 1648 1685
841.054016 1670 1728 1772 1756 1687 1634 1639 1694
841.073975 1686 1753 1779 1756 1693 1638 1630 1666
841.093994 1677 1727 1747 1735 1651 1635 1644 1669
841.114014 1686 1750 1783 1747 1680 1633 1634 1672
841.133972 1689 1716 1782 1732 1687 1628 1633 1671
841.153992 1681 1749 1761 1734 1679 1628 1636 1663
841.174011 1653 1740 1740 1737 1680 1633 1626 1662
841.19397 1673 1720 1765 1741 1662 1632 1642 1660
841.215027 1666 1717 1769 1732 1695 1628 1628 1665
841.234985 1672 1724 1750 1718 1670 1618 1626 1677
841.255005 1670 1725 1765 1707 1672 1626 1641 1671
841.275024 1678 1728 1750 1715 1662 1627 1636 1661
841.294983 1670 1717 1750 1730 1666 1621 1627 1681
841.315002 1673 1721 1748 1732 1669 1629 1635 1666
841.335022 1662 1711 1744 1723 1655 1630 1619 1672
841.35498 1661 1727 1755 1738 1664 1634 1638 1661
841.375 1666 1721 1730 1707 1657 1630 1626 1673
841.39502 1662 1723 1749 1726 1665 1616 1634 1661
841.414978 1655 1717 1750 1728 1663 1634 1626 1661
841.434998 1667 1707 1733 1723 1669 1638 1622 1673
841.455994 1678 1706 1747 1720 1661 1624 1623 1665
841.476013 1665 1712 1737 1726 1672 1632 1625 1664
841.495972 1655 1709 1740 1711 1668 1624 1637 1660
841.515991 1668 1708 1728 1723 1670 1627 1627 1670
841.536011 1663 1718 1733 1710 1665 1621 1628 1663
841.55603 1662 1728 1744 1696 1653 1617 1625 1655
841.575989 1653 1715 1746 1725 1672 1628 1638 1660
841.596008 1660 1718 1734 1704 1677 1621 1620 1660
841.616028 1665 1698 1720 1704 1687 1632 1629 1658
841.635986 1659 1713 1739 1708 1667 1636 1630 1659
841.656006 1663 1712 1724 1709 1670 1625 1615 1666
841.676025 1665 1703 1736 1708 1669 1636 1634 1656
841.695984 1649 1720 1732 1689 1664 1628 1637 1651
841.716003 1665 1722 1722 1701 1658 1620 1633 1660
841.737 1666 1718 1749 1711 1668 1615 1624 1681
841.757019 1655 1703 1732 1703 1664 1622 1621 1665
841.776978 1663 1693 1728 1710 1671 1623 1628 1659
841.796997 1672 1694 1731 1706 1665 1617 1616 1672
841.817017 1660 1721 1732 1704 1678 1619 1643 1661
841.836975 1649 1700 1741 1689 1664 1626 1635 1667
841.856995 1653 1719 1710 1692 1668 1625 1629 1661
841.877014 1656 1681 1719 1717 1667 1635 1624 1670
841.896973 1677 1721 1719 1692 1658 1613 1621 1657
841.916992 1664 1699 1735 1721 1664 1615 1624 1664
841.937012 1652 1700 1728 1713 1658 1627 1625 1661
841.95697 1655 1708 1728 1694 1663 1631 1625 1646
841.97699 1666 1702 1706 1701 1670 1643 1627 1653
841.997009 1672 1695 1727 1711 1660 1628 1630 1649
842.018005 1649 1699 1727 1695 1671 1621 1629 1655
842.038025 1655 1695 1718 1695 1663 1629 1624 1657
842.057983 1647 1696 1720 1677 1667 1606 1624 1650
842.078003 1653 1694 1709 1705 1657 1612 1636 1631
842.098022 1655 1706 1705 1683 1656 1620 1647 1664
842.117981 1646 1686 1707 1688 1655 1634 1630 1658
842.138 1649 1701 1708 1691 1654 1620 1621 1646
842.15802 1652 1715 1699 1676 1657 1626 1623 1650
842.177979 1651 1683 1706 1700 1641 1635 1620 1657
842.197998 1657 1692 1702 1697 1668 1623 1622 1642
842.218018 1646 1695 1701 1698 1660 1617 1620 1639
842.237976 1649 1686 1711 1695 1650 1615 1633 1648
842.257996 1648 1695 1722 1689 1653 1617 1621 1642
842.278015 1655 1685 1703 1691 1668 1614 1617 1656
842.297974 1641 1703 1713 1686 1672 1610 1618 1638
842.317993 1653 1682 1710 1686 1657 1609 1625 1641
842.338013 1657 1690 1702 1685 1656 1627 1627 1653
842.357971 1656 1684 1717 1683 1657 1626 1625 1640
842.379028 1657 1700 1706 1688 1655 1615 1628 1650
842.398987 1657 1693 1717 1685 1648 1638 1628 1663
842.419006 1648 1699 1718 1709 1653 1627 1617 1649
842.439026 1656 1710 1718 1698 1653 1631 1626 1656
842.458984 1652 1674 1730 1687 1647 1619 1621 1653
842.479004 1655 1685 1710 1681 1661 1622 1617 1651
842.499023 1645 1697 1717 1686 1652 1615 1623 1656
842.518982 1648 1691 1708 1686 1648 1633 1622 1646
842.539001 1644 1684 1704 1707 1641 1626 1615 1649
842.559021 1654 1690 1701 1692 1645 1636 1627 1666
842.578979 1656 1702 1705 1674 1648 1617 1614 1653
842.598999 1659 1698 1728 1702 1640 1616 1628 1654
842.619019 1659 1694 1713 1698 1660 1615 1619 1645
842.638977 1650 1700 1722 1698 1658 1631 1625 1647
842.658997 1666 1716 1706 1705 1639 1632 1625 1649
842.679016 1665 1695 1711 1706 1662 1627 1630 1642
842.698975 1662 1662 1710 1690 1665 1617 1633 1657
842.718994 1664 1688 1723 1704 1654 1618 1625 1656
842.739014 1651 1695 1724 1697 1663 1626 1634 1660
842.758972 1660 1703 1715 1689 1661 1629 1631 1651
842.778992 1654 1703 1718 1710 1656 1615 1621 1650
842.799011 1661 1705 1714 1695 1672 1623 1624 1656
842.820007 1654 1692 1703 1699 1661 1625 1621 1668
842.840027 1666 1705 1728 1690 1659 1625 1634 1660
842.859985 1650 1703 1726 1699 1653 1631 1633 1664
842.880005 1651 1699 1703 1692 1658 1633 1634 1653
842.900024 1655 1697 1718 1683 1666 1625 1632 1654
842.919983 1656 1704 1713 1697 1644 1631 1637 1655
842.940002 1663 1711 1736 1703 1647 1631 1631 1659
842.960022 1657 1694 1730 1707 1659 1607 1637 1653
842.97998 1660 1707 1722 1687 1655 1618 1624 1649
843 1642 1712 1728 1715 1655 1622 1617 1676
843.02002 1658 1693 1732 1711 1658 1627 1626 1652
843.039978 1648 1687 1706 1701 1673 1626 1621 1669
843.059998 1659 1697 1718 1710 1664 1629 1619 1650
843.080017 1668 1689 1706 1683 1647 1628 1635 1646
843.099976 1665 1703 1717 1687 1661 1627 1627 1656
843.119995 1649 1687 1735 1693 1657 1615 1632 1666
843.140015 1660 1708 1720 1692 1665 1620 1628 1660
843.159973 1655 1687 1710 1692 1650 1612 1623 1654
843.179993 1657 1700 1725 1697 1646 1636 1635 1654
843.200012 1656 1699 1712 1695 1660 1624 1625 1663
843.219971 1639 1703 1700 1690 1665 1623 1612 1661
843.23999 1661 1702 1735 1693 1664 1617 1633 1644
843.26001 1647 1699 1728 1681 1669 1631 1615 1649
843.280029 1666 1690 1721 1684 1647 1624 1632 1650
843.299988 1664 1676 1726 1709 1656 1637 1624 1647
843.320007 1666 1701 1708 1706 1659 1632 1615 1669
843.340027 1670 1717 1721 1694 1657 1621 1631 1658
843.359985 1660 1712 1721 1693 1663 1627 1633 1660
843.380005 1645 1705 1720 1707 1652 1619 1622 1641
843.400024 1659 1691 1710 1684 1668 1636 1638 1647
843.419983 1665 1686 1732 1704 1663 1628 1625 1652
843.440002 1652 1704 1727 1695 1680 1616 1636 1656
843.460022 1657 1702 1715 1690 1662 1636 1632 1667
843.47998 1655 1691 1722 1715 1667 1623 1616 1657
843.5 1654 1696 1716 1688 1669 1630 1615 1670
843.52002 1655 1696 1731 1697 1667 1615 1619 1659
843.539978 1656 1699 1718 1689 1659 1635 1630 1658
843.559998 1653 1704 1708 1698 1667 1636 1632 1664
843.580994 1675 1675 1719 1695 1661 1622 1617 1648
843.601013 1670 1714 1717 1693 1658 1636 1627 1658
843.620972 1668 1702 1727 1703 1652 1648 1645 1641
843.640991 1661 1703 1731 1697 1667 1638 1612 1658
843.661011 1665 1700 1739 1699 1666 1629 1622 1670
843.68103 1655 1705 1731 1702 1659 1625 1624 1662
843.700989 1667 1712 1727 1721 1663 1617 1628 1665
843.721008 1662 1694 1713 1706 1668 1633 1616 1652
843.741028 1665 1698 1714 1722 1662 1617 1627 1659
843.760986 1652 1703 1723 1693 1659 1629 1629 1647
843.781006 1657 1701 1721 1710 1653 1615 1635 1669
843.801025 1668 1703 1733 1690 1654 1625 1631 1645
843.820984 1663 1691 1731 1701 1656 1622 1638 1656
843.841003 1671 1699 1725 1698 1665 1626 1628 1660
843.861023 1667 1690 1725 1707 1661 1635 1627 1665
843.880981 1666 1704 1733 1699 1664 1632 1629 1657
843.901001 1652 1706 1714 1700 1648 1625 1624 1652
843.921021 1656 1696 1715 1689 1665 1632 1626 1658
843.940979 1656 1700 1725 1690 1663 1640 1633 1646
843.960999 1656 1697 1718 1698 1655 1623 1618 1657
843.981018 1667 1699 1730 1697 1663 1631 1633 1656
844.000977 1663 1702 1720 1698 1658 1628 1613 1648
844.020996 1673 1706 1738 1708 1665 1619 1630 1651
844.041016 1656 1711 1733 1700 1664 1635 1632 1680
844.060974 1656 1693 1709 1701 1661 1625 1628 1658
844.080994 1655 1686 1740 1694 1650 1630 1615 1658
844.101013 1674 1689 1728 1694 1658 1631 1621 1650
844.120972 1667 1704 1726 1686 1659 1628 1625 1654
844.140991 1648 1697 1726 1697 1652 1633 1618 1658
844.161011 1675 1720 1724 1698 1658 1621 1625 1651
844.18103 1660 1703 1717 1706 1650 1634 1624 1674
844.200989 1658 1708 1716 1708 1659 1623 1645 1666
844.221008 1657 1688 1737 1701 1663 1639 1622 1659
844.241028 1659 1699 1725 1709 1663 1625 1629 1654
844.260986 1662 1700 1723 1718 1682 1623 1635 1654
844.281006 1644 1706 1727 1720 1673 1642 1627 1649
844.301025 1654 1702 1716 1701 1657 1630 1619 1662
844.320984 1644 1695 1731 1697 1658 1641 1617 1651
844.341003 1677 1708 1720 1709 1656 1612 1624 1662
844.361023 1664 1702 1716 1724 1657 1640 1611 1659
844.380981 1660 1709 1710 1714 1664 1612 1626 1658
844.401001 1662 1694 1732 1696 1652 1614 1618 1652
844.421021 1660 1694 1709 1697 1653 1635 1628 1650
844.440979 1655 1698 1717 1708 1659 1633 1619 1670
844.460999 1675 1685 1727 1696 1664 1620 1622 1663
844.481018 1671 1703 1716 1696 1681 1632 1629 1650
844.500977 1640 1714 1719 1699 1643 1609 1631 1643
844.520996 1664 1694 1741 1691 1675 1613 1618 1653
844.541016 1649 1708 1728 1697 1669 1626 1614 1645
844.559998 1646 1697 1710 1704 1661 1624 1621 1652
844.580017 1648 1683 1716 1699 1666 1636 1620 1652
844.599976 1657 1717 1722 1692 1654 1628 1619 1649
844.619995 1660 1690 1725 1701 1673 1628 1612 1656
844.640015 1666 1698 1722 1695 1672 1628 1612 1645
844.659973 1664 1681 1720 1692 1659 1627 1620 1642
844.679993 1656 1712 1734 1703 1656 1636 1619 1652
844.700012 1659 1711 1722 1687 1664 1636 1630 1639
844.719971 1656 1697 1731 1699 1652 1622 1625 1652
844.73999 1673 1708 1710 1688 1656 1629 1630 1662
844.76001 1656 1704 1710 1704 1664 1621 1616 1644
844.780029 1644 1700 1721 1696 1662 1622 1625 1662
844.799988 1653 1698 1726 1679 1651 1618 1620 1662
844.820007 1652 1702 1716 1695 1665 1620 1624 1658
844.840027 1650 1697 1724 1705 1680 1629 1619 1652
844.859985 1659 1709 1719 1692 1665 1617 1615 1651
844.880005 1633 1698 1715 1694 1670 1620 1621 1668
844.900024 1643 1692 1724 1703 1645 1629 1628 1662
844.919983 1654 1693 1724 1693 1653 1614 1623 1646
844.940002 1662 1693 1729 1700 1658 1620 1631 1654
844.960022 1660 1704 1707 1719 1651 1637 1624 1650
844.97998 1663 1682 1724 1707 1657 1628 1632 1648
845 1658 1709 1717 1724 1654 1618 1621 1642
845.02002 1669 1708 1748 1697 1654 1622 1623 1668
845.039978 1662 1689 1725 1701 1681 1608 1626 1667
845.059998 1669 1699 1723 1719 1660 1622 1628 1651
845.080017 1668 1723 1710 1705 1666 1637 1625 1661
845.099976 1658 1704 1733 1713 1668 1629 1625 1660
845.119995 1669 1695 1719 1706 1664 1631 1623 1671
845.140015 1655 1687 1723 1681 1663 1610 1618 1658
845.159973 1646 1687 1739 1699 1665 1612 1619 1640
845.179993 1668 1707 1727 1693 1649 1618 1617 1655
845.200012 1667 1688 1715 1705 1669 1610 1623 1649
845.219971 1668 1705 1725 1702 1660 1629 1615 1664
845.23999 1663 1706 1722 1684 1650 1628 1631 1659
845.26001 1658 1705 1720 1715 1671 1620 1612 1674
845.280029 1666 1700 1724 1700 1663 1635 1613 1664
845.299011 1666 1703 1717 1716 1659 1626 1630 1659
845.31897 1661 1688 1711 1712 1658 1618 1616 1671
845.338989 1647 1679 1723 1707 1651 1630 1617 1662
845.359009 1660 1700 1726 1709 1672 1645 1623 1662
845.379028 1662 1697 1732 1688 1669 1623 1631 1656
845.398987 1665 1711 1741 1718 1650 1620 1623 1661
845.419006 1661 1708 1737 1701 1672 1637 1616 1663
845.439026 1672 1705 1724 1695 1662 1626 1629 1665
845.458984 1684 1723 1732 1719 1656 1625 1640 1668
845.479004 1669 1697 1730 1716 1671 1645 1626 1652
845.499023 1665 1713 1753 1716 1663 1616 1633 1679
845.518982 1670 1720 1748 1721 1675 1622 1647 1666
845.539001 1674 1727 1750 1727 1687 1613 1627 1667
845.559021 1662 1706 1740 1718 1680 1634 1635 1682
845.578979 1679 1728 1746 1721 1671 1625 1636 1664
845.598999 1671 1722 1742 1721 1679 1635 1636 1680
845.619019 1692 1743 1749 1729 1675 1644 1635 1665
845.638977 1667 1727 1753 1704 1692 1636 1634 1684
845.658997 1687 1716 1732 1736 1683 1635 1636 1679
845.679016 1660 1732 1742 1735 1674 1642 1637 1674
845.698975 1687 1720 1741 1731 1676 1631 1644 1658
845.718994 1683 1730 1734 1725 1677 1637 1630 1671
845.737976 1670 1735 1749 1706 1676 1628 1639 1671
845.757996 1672 1733 1756 1733 1684 1635 1631 1675
845.778015 1671 1731 1764 1727 1684 1627 1638 1679
845.797974 1685 1724 1750 1733 1683 1644 1630 1667
845.817993 1687 1732 1752 1734 1680 1637 1650 1666
845.838013 1696 1732 1750 1730 1683 1634 1626 1692
845.857971 1664 1742 1763 1702 1678 1640 1634 1676
845.877991 1676 1737 1777 1743 1681 1644 1635 1692
845.89801 1680 1732 1750 1728 1692 1634 1634 1679
845.91803 1676 1736 1762 1725 1688 1656 1651 1681
845.937988 1670 1721 1767 1733 1679 1639 1638 1670
845.958008 1686 1727 1769 1744 1671 1628 1629 1666
845.978027 1684 1739 1756 1725 1684 1637 1632 1667
845.997986 1675 1738 1764 1737 1690 1644 1645 1675
846.018005 1688 1733 1743 1729 1681 1638 1647 1657
846.038025 1668 1732 1765 1712 1693 1639 1632 1672
846.057983 1675 1732 1760 1742 1678 1632 1630 1679
846.078003 1685 1716 1760 1728 1672 1639 1638 1672
846.096985 1691 1739 1749 1725 1704 1632 1640 1680
846.117004 1678 1748 1755 1752 1692 1637 1639 1669
846.137024 1679 1735 1753 1746 1690 1628 1646 1670
846.156982 1685 1720 1769 1727 1690 1644 1629 1675
846.177002 1670 1731 1740 1731 1677 1637 1636 1683
846.197021 1674 1748 1761 1734 1680 1638 1635 1682
846.21698 1678 1720 1749 1729 1671 1633 1644 1691
846.237 1672 1743 1758 1738 1677 1645 1636 1699
846.257019 1679 1727 1766 1738 1687 1647 1634 1689
846.276978 1684 1733 1768 1738 1682 1637 1622 1676
846.296997 1680 1735 1773 1732 1688 1636 1625 1665
846.317017 1678 1717 1756 1736 1668 1642 1639 1674
846.336975 1689 1740 1753 1750 1691 1650 1637 1689
846.356995 1686 1739 1756 1728 1696 1631 1645 1691
846.377014 1675 1727 1776 1739 1697 1637 1637 1693
846.395996 1669 1748 1778 1765 1688 1641 1628 1679
846.416016 1685 1723 1759 1739 1686 1636 1630 1679
846.435974 1690 1755 1777 1753 1691 1647 1644 1681
846.455994 1685 1747 1790 1723 1681 1643 1640 1682
846.476013 1702 1735 1782 1742 1685 1627 1644 1669
846.495972 1670 1731 1772 1737 1690 1653 1655 1688
846.515991 1685 1736 1777 1757 1693 1628 1649 1684
846.536011 1683 1755 1781 1739 1696 1637 1636 1693
846.55603 1683 1728 1771 1734 1690 1639 1629 1681
846.575989 1684 1740 1767 1732 1681 1636 1643 1680
846.596008 1689 1722 1771 1741 1695 1645 1632 1681
846.616028 1676 1746 1776 1738 1679 1646 1626 1682
846.63501 1678 1726 1749 1720 1679 1646 1638 1675
846.655029 1686 1739 1771 1740 1697 1633 1652 1682
846.674988 1683 1742 1754 1755 1676 1627 1646 1671
846.695007 1669 1742 1767 1755 1692 1637 1645 1662
846.715027 1679 1725 1760 1727 1686 1637 1651 1661
846.734985 1682 1738 1752 1754 1680 1627 1655 1674
846.755005 1684 1731 1765 1735 1688 1631 1622 1678
846.775024 1685 1731 1771 1750 1677 1641 1640 1672
846.794983 1681 1733 1775 1741 1671 1627 1638 1681
846.815002 1672 1739 1755 1729 1689 1638 1633 1681
846.835022 1660 1735 1744 1738 1698 1639 1636 1670
846.85498 1664 1737 1766 1731 1674 1636 1650 1687
846.875 1683 1750 1769 1745 1691 1644 1633 1702
846.893982 1690 1734 1767 1732 1676 1622 1624 1675
846.914001 1666 1733 1772 1738 1671 1624 1635 1678
846.934021 1677 1735 1771 1744 1697 1631 1645 1685
846.953979 1676 1738 1783 1746 1684 1642 1633 1680
846.973999 1682 1737 1758 1741 1693 1650 1634 1671
846.994019 1679 1741 1767 1739 1692 1638 1643 1669
847.013977 1701 1764 1772 1747 1689 1651 1631 1677
847.033997 1686 1745 1797 1748 1680 1636 1640 1673
847.054016 1688 1743 1753 1753 1688 1642 1638 1688
847.073975 1697 1748 1779 1747 1700 1652 1642 1673
847.093994 1675 1748 1771 1734 1696 1635 1639 1687
847.112976 1684 1741 1784 1762 1686 1643 1646 1679
847.132996 1692 1737 1767 1748 1688 1644 1646 1690
847.153015 1692 1747 1765 1750 1694 1639 1636 1698
847.172974 1681 1766 1772 1744 1693 1639 1634 1695
847.192993 1688 1754 1753 1758 1689 1628 1638 1685
847.213013 1685 1759 1787 1750 1703 1644 1637 1679
847.232971 1694 1750 1780 1741 1690 1655 1626 1673
847.252991 1690 1760 1797 1739 1689 1643 1639 1686
847.27301 1686 1764 1777 1754 1673 1641 1634 1669
847.29303 1697 1733 1774 1734 1682 1633 1639 1686
847.312012 1677 1768 1798 1750 1679 1633 1636 1702
847.33197 1691 1740 1786 1743 1689 1635 1640 1688
847.35199 1686 1745 1775 1738 1693 1634 1638 1678
847.372009 1692 1761 1764 1724 1686 1647 1646 1673
847.392029 1678 1741 1769 1729 1696 1634 1644 1683
847.411987 1693 1743 1778 1749 1680 1637 1637 1675
847.432007 1701 1750 1774 1739 1680 1636 1629 1678
847.452026 1686 1761 1769 1741 1697 1632 1641 1657
847.471985 1691 1747 1778 1720 1680 1641 1627 1698
847.492004 1674 1752 1766 1749 1673 1645 1635 1685
847.510986 1680 1757 1781 1737 1695 1634 1637 1676
847.531006 1692 1757 1770 1753 1691 1634 1636 1685
847.551025 1682 1738 1779 1723 1675 1636 1628 1691
847.570984 1684 1763 1772 1743 1692 1641 1630 1673
847.591003 1693 1745 1765 1740 1683 1627 1638 1690
847.611023 1680 1743 1772 1752 1698 1648 1623 1674
847.630981 1691 1736 1773 1738 1675 1637 1641 1679
847.651001 1679 1741 1773 1741 1689 1630 1641 1683
847.669983 1700 1747 1771 1738 1697 1639 1637 1691
847.690002 1675 1769 1787 1748 1683 1622 1644 1679
847.710022 1682 1751 1775 1760 1684 1647 1638 1675
847.72998 1690 1751 1787 1741 1669 1643 1643 1676
847.75 1687 1738 1779 1751 1689 1633 1644 1685
847.77002 1697 1746 1767 1744 1681 1645 1628 1687
847.789978 1691 1750 1796 1734 1700 1637 1627 1687
847.809998 1685 1742 1792 1760 1694 1639 1639 1685
847.830017 1693 1741 1795 1751 1696 1640 1646 1684
847.848999 1696 1768 1778 1776 1697 1641 1635 1689
847.869019 1702 1758 1789 1737 1685 1628 1626 1693
847.888977 1683 1756 1797 1745 1715 1648 1658 1691
847.908997 1687 1761 1789 1766 1696 1641 1627 1702
847.929016 1691 1747 1790 1740 1691 1641 1635 1700
847.948975 1698 1758 1782 1758 1692 1649 1651 1688
847.968994 1673 1738 1769 1739 1697 1638 1637 1682
847.989014 1692 1776 1799 1765 1696 1641 1639 1698
848.007996 1705 1773 1799 1755 1701 1644 1657 1687
848.028015 1702 1747 1789 1760 1701 1635 1647 1691
848.047974 1687 1766 1798 1757 1689 1638 1640 1709
848.067993 1695 1775 1787 1758 1703 1648 1630 1695
848.088013 1703 1769 1792 1767 1699 1643 1634 1691
848.107971 1702 1768 1783 1757 1705 1632 1647 1705
848.127991 1704 1773 1789 1771 1687 1628 1650 1693
848.14801 1696 1765 1795 1748 1706 1647 1642 1701
848.166992 1705 1779 1800 1769 1696 1659 1650 1697
848.187012 1702 1767 1804 1780 1707 1644 1646 1697
848.20697 1698 1764 1797 1772 1698 1657 1640 1710
848.22699 1699 1754 1822 1769 1712 1639 1630 1710
848.247009 1705 1762 1796 1777 1708 1639 1646 1693
848.267029 1697 1782 1817 1788 1706 1651 1660 1703
848.286987 1711 1765 1816 1792 1707 1658 1650 1716
848.307007 1697 1763 1803 1762 1708 1643 1658 1696
848.325989 1704 1747 1807 1796 1702 1654 1645 1696
848.346008 1700 1766 1800 1792 1707 1639 1665 1688
848.366028 1707 1762 1807 1784 1697 1654 1651 1708
848.385986 1690 1784 1809 1784 1701 1663 1643 1689
848.406006 1691 1754 1800 1781 1713 1636 1641 1683
848.426025 1715 1778 1806 1779 1713 1646 1644 1694
848.445984 1692 1775 1809 1783 1712 1648 1647 1704
848.466003 1708 1797 1801 1770 1720 1652 1642 1710
848.484985 1677 1785 1817 1768 1698 1654 1653 1710
848.505005 1710 1768 1807 1769 1709 1655 1650 1700
848.525024 1699 1796 1814 1777 1700 1657 1653 1706
848.544983 1718 1770 1810 1784 1696 1652 1651 1698
848.565002 1696 1769 1814 1791 1719 1656 1638 1715
848.585022 1710 1778 1802 1754 1709 1641 1649 1710
848.604004 1690 1757 1796 1772 1709 1645 1645 1694
848.624023 1692 1788 1809 1773 1700 1646 1653 1699
848.643982 1701 1793 1805 1784 1701 1659 1652 1710
848.664001 1701 1767 1809 1768 1699 1646 1636 1696
848.684021 1700 1779 1798 1786 1709 1650 1648 1701
848.703979 1695 1771 1800 1769 1718 1648 1641 1703
848.723999 1714 1770 1795 1783 1694 1650 1646 1694
848.742981 1702 1767 1782 1771 1691 1652 1649 1696
848.763 1700 1788 1803 1765 1712 1640 1644 1700
848.78302 1713 1762 1806 1778 1714 1654 1644 1690
848.802979 1705 1775 1792 1765 1689 1641 1635 1706
848.822998 1699 1759 1790 1773 1698 1629 1640 1698
848.843018 1707 1779 1812 1773 1711 1659 1649 1709
848.862976 1714 1774 1806 1801 1727 1654 1642 1708
848.882019 1703 1792 1818 1780 1711 1653 1655 1704
848.901978 1724 1780 1828 1773 1716 1668 1664 1711
848.921997 1719 1775 1806 1793 1719 1664 1665 1713
848.942017 1716 1784 1839 1776 1716 1668 1666 1709
848.961975 1717 1789 1815 1778 1719 1671 1663 1708
848.981995 1715 1810 1831 1774 1712 1649 1669 1713
849.002014 1712 1780 1826 1807 1716 1641 1672 1717
849.020996 1709 1758 1798 1780 1722 1663 1651 1730
849.041016 1732 1799 1831 1779 1721 1657 1651 1713
849.060974 1718 1784 1827 1768 1728 1667 1638 1734
849.080994 1706 1802 1807 1775 1720 1663 1665 1712
849.101013 1709 1757 1797 1777 1727 1673 1656 1717
849.120972 1720 1784 1813 1791 1717 1655 1646 1718
849.140015 1715 1774 1839 1789 1710 1662 1651 1711
849.159973 1706 1777 1816 1778 1726 1651 1651 1722
849.179993 1728 1759 1809 1781 1731 1670 1661 1708
849.200012 1711 1772 1802 1798 1711 1652 1667 1702
849.219971 1693 1784 1808 1789 1707 1663 1649 1716
849.23999 1702 1781 1818 1794 1714 1655 1651 1727
849.258972 1714 1787 1811 1795 1708 1661 1666 1721
849.278992 1707 1774 1830 1779 1714 1655 1660 1692
849.299011 1712 1796 1817 1802 1711 1649 1644 1711
849.31897 1716 1776 1821 1774 1718 1655 1650 1708
849.338989 1733 1781 1816 1786 1709 1663 1635 1693
849.359009 1683 1783 1796 1794 1719 1650 1658 1690
849.377991 1720 1770 1791 1773 1723 1655 1655 1694
849.39801 1709 1795 1804 1754 1719 1671 1649 1709
849.41803 1708 1780 1806 1772 1707 1647 1646 1700
849.437988 1702 1777 1811 1787 1718 1651 1652 1710
849.458008 1721 1774 1815 1787 1723 1662 1652 1717
849.478027 1710 1778 1800 1764 1714 1652 1647 1693
849.497009 1701 1764 1814 1761 1701 1653 1662 1706
849.517029 1693 1766 1794 1756 1713 1635 1654 1697
849.536987 1709 1757 1822 1765 1702 1656 1646 1713
849.557007 1699 1779 1799 1757 1708 1646 1659 1711
849.577026 1675 1750 1797 1773 1705 1657 1640 1714
849.596985 1708 1770 1808 1762 1712 1631 1646 1704
849.616028 1718 1755 1801 1754 1703 1639 1653 1709
849.635986 1694 1756 1801 1786 1715 1648 1647 1697
849.656006 1706 1788 1797 1758 1707 1643 1655 1700
849.676025 1692 1766 1802 1767 1711 1646 1635 1714
849.695984 1680 1767 1809 1773 1706 1656 1657 1692
849.716003 1713 1763 1804 1744 1701 1655 1641 1705
849.734985 1708 1770 1807 1754 1706 1638 1651 1706
849.755005 1700 1768 1793 1757 1707 1642 1659 1712
849.775024 1713 1783 1816 1757 1709 1648 1643 1695
849.794983 1697 1765 1801 1770 1708 1648 1634 1699
849.815002 1697 1788 1790 1754 1707 1647 1656 1706
849.833984 1690 1772 1808 1775 1705 1650 1663 1703
849.854004 1699 1758 1792 1775 1712 1646 1648 1705
849.874023 1710 1764 1787 1763 1696 1650 1649 1697
849.893982 1717 1750 1811 1773 1690 1646 1659 1690
849.914001 1713 1757 1781 1759 1700 1650 1641 1708
849.934021 1715 1765 1805 1763 1705 1654 1651 1696
849.953003 1709 1786 1814 1766 1717 1641 1646 1700
849.973022 1701 1774 1805 1768 1713 1651 1645 1694
849.992981 1703 1786 1785 1765 1703 1656 1652 1696
850.013 1695 1752 1795 1766 1704 1647 1642 1702
850.03302 1702 1757 1799 1762 1713 1661 1654 1706
850.052002 1687 1772 1830 1768 1703 1649 1653 1712
850.072021 1705 1780 1795 1781 1722 1638 1657 1711
850.09198 1707 1772 1790 1764 1705 1658 1642 1696
850.112 1706 1779 1799 1769 1689 1650 1650 1697
850.132019 1708 1751 1791 1758 1692 1651 1651 1708
850.151001 1687 1766 1800 1773 1706 1662 1641 1688
850.171021 1682 1757 1784 1768 1693 1656 1638 1678
850.190979 1702 1771 1792 1770 1694 1636 1645 1705
850.210999 1687 1733 1797 1740 1686 1647 1632 1699
850.231018 1689 1771 1785 1762 1695 1639 1645 1687
850.250977 1707 1754 1794 1753 1700 1635 1643 1695
850.27002 1684 1746 1787 1763 1696 1640 1648 1691
850.289978 1704 1768 1785 1772 1698 1646 1633 1701
850.309998 1700 1758 1804 1752 1685 1644 1632 1696
850.330017 1696 1773 1796 1753 1692 1646 1632 1686
850.349976 1696 1760 1809 1746 1695 1652 1654 1704
850.369019 1696 1749 1789 1752 1706 1632 1642 1687
850.388977 1702 1763 1805 1767 1703 1647 1631 1698
850.408997 1693 1763 1797 1761 1692 1634 1645 1697
850.429016 1700 1764 1795 1753 1691 1661 1631 1692
850.448975 1689 1751 1790 1780 1720 1641 1644 1685
850.468018 1708 1772 1803 1752 1709 1648 1650 1688
850.487976 1687 1750 1788 1791 1694 1644 1643 1679
850.507996 1680 1757 1785 1754 1695 1646 1642 1689
850.528015 1692 1757 1801 1762 1706 1645 1632 1692
850.547974 1684 1773 1798 1759 1686 1647 1630 1695
850.567017 1700 1765 1782 1769 1709 1630 1619 1688
850.586975 1699 1764 1814 1770 1695 1643 1641 1692
850.606995 1702 1742 1798 1750 1691 1638 1644 1682
850.627014 1690 1762 1796 1760 1709 1633 1636 1711
850.645996 1697 1761 1790 1766 1707 1637 1649 1688
850.666016 1686 1755 1794 1760 1697 1647 1644 1686
850.685974 1695 1751 1787 1766 1672 1652 1644 1688
850.705994 1684 1754 1753 1763 1700 1649 1634 1687
850.726013 1693 1756 1796 1749 1686 1644 1650 1698
850.744995 1686 1753 1804 1742 1701 1629 1633 1681
850.765015 1687 1749 1772 1777 1685 1641 1640 1701
850.784973 1687 1759 1784 1752 1695 1636 1641 1685
850.804993 1685 1747 1791 1742 1686 1639 1632 1677
850.825012 1692 1755 1793 1766 1693 1641 1644 1717
850.843994 1693 1760 1788 1756 1700 1654 1639 1698
850.864014 1704 1772 1789 1766 1692 1660 1644 1685
850.883972 1695 1780 1790 1755 1705 1639 1639 1694
850.903992 1699 1752 1801 1768 1675 1651 1632 1681
850.924011 1676 1767 1788 1771 1703 1650 1637 1694
850.942993 1712 1750 1787 1787 1697 1635 1640 1680
850.963013 1679 1766 1796 1763 1698 1650 1643 1702
850.982971 1693 1745 1794 1755 1709 1646 1646 1688
851.002991 1695 1756 1812 1771 1685 1649 1642 1683
851.021973 1686 1774 1810 1772 1703 1654 1652 1688
851.041992 1696 1769 1779 1772 1703 1641 1639 1690
851.062012 1705 1760 1782 1757 1683 1627 1644 1694
851.08197 1683 1759 1792 1770 1706 1638 1635 1680
851.10199 1698 1758 1801 1756 1684 1646 1625 1689
851.120972 1704 1758 1817 1766 1711 1643 1646 1682
851.140991 1694 1755 1781 1765 1696 1636 1627 1699
851.161011 1713 1771 1805 1753 1697 1642 1637 1677
851.18103 1705 1744 1795 1747 1706 1643 1638 1694
851.200012 1695 1768 1791 1772 1688 1643 1640 1686
851.219971 1689 1756 1793 1758 1717 1645 1648 1685
851.23999 1685 1766 1789 1755 1689 1642 1648 1687
851.26001 1689 1761 1792 1765 1705 1647 1642 1687
851.280029 1675 1746 1775 1750 1703 1632 1630 1687
851.299011 1696 1747 1780 1747 1708 1633 1632 1681
851.31897 1723 1750 1778 1757 1693 1649 1639 1696
851.338989 1706 1764 1794 1756 1698 1638 1641 1687
851.359009 1697 1763 1777 1754 1690 1656 1643 1679
851.377991 1696 1760 1766 1734 1700 1635 1637 1687
851.39801 1678 1744 1785 1755 1694 1630 1625 1682
851.41803 1693 1759 1800 1753 1690 1645 1633 1695
851.437988 1687 1745 1792 1755 1700 1644 1641 1673
851.45697 1676 1750 1776 1747 1694 1629 1628 1696
851.47699 1688 1741 1787 1748 1688 1639 1625 1675
851.497009 1685 1753 1779 1752 1683 1635 1620 1682
851.517029 1674 1747 1787 1748 1691 1635 1634 1695
851.536011 1686 1756 1769 1741 1690 1643 1637 1681
851.55603 1682 1762 1773 1750 1698 1627 1652 1674
851.575989 1689 1756 1784 1748 1690 1631 1647 1661
851.596008 1703 1741 1774 1750 1683 1627 1629 1680
851.616028 1692 1749 1778 1760 1692 1639 1640 1682
851.63501 1676 1755 1767 1751 1685 1630 1640 1672
851.655029 1703 1752 1780 1745 1686 1634 1615 1671
851.674988 1684 1738 1767 1757 1679 1632 1618 1671
851.695007 1679 1732 1771 1742 1678 1637 1640 1678
851.713989 1678 1744 1769 1742 1676 1641 1624 1674
851.734009 1675 1735 1768 1725 1691 1627 1619 1663
851.754028 1678 1723 1748 1729 1679 1633 1626 1674
851.773987 1674 1733 1789 1738 1681 1636 1628 1679
851.79303 1679 1747 1751 1735 1664 1620 1628 1674
851.812988 1688 1746 1764 1757 1679 1629 1623 1675
851.833008 1681 1752 1748 1745 1681 1635 1631 1670
851.853027 1678 1740 1784 1733 1679 1624 1636 1682
851.872009 1683 1739 1777 1757 1694 1630 1623 1667
851.892029 1678 1744 1770 1764 1691 1631 1636 1674
851.911987 1678 1736 1770 1736 1681 1621 1642 1680
851.932007 1684 1742 1757 1747 1689 1634 1629 1678
851.950989 1679 1743 1771 1727 1693 1625 1632 1692
851.971008 1687 1738 1776 1731 1678 1620 1639 1683
851.991028 1674 1730 1793 1753 1691 1648 1628 1671
852.010986 1685 1747 1770 1739 1674 1644 1624 1684
852.030029 1679 1730 1767 1728 1683 1634 1629 1659
852.049988 1694 1751 1789 1746 1693 1628 1631 1690
852.070007 1687 1736 1769 1747 1683 1625 1622 1670
852.090027 1680 1737 1769 1730 1696 1619 1630 1671
852.109009 1687 1746 1773 1743 1678 1625 1633 1674
852.129028 1670 1730 1768 1730 1687 1634 1636 1669
852.148987 1684 1732 1758 1750 1677 1641 1622 1676
852.169006 1679 1760 1753 1759 1680 1632 1638 1677
852.187988 1685 1750 1763 1731 1702 1629 1628 1680
852.208008 1676 1736 1762 1769 1697 1628 1620 1673
852.228027 1689 1756 1776 1745 1685 1635 1629 1664
852.247986 1663 1741 1788 1738 1675 1633 1623 1683
852.267029 1686 1749 1773 1751 1682 1630 1637 1681
852.286987 1676 1730 1780 1739 1683 1634 1630 1689
852.307007 1699 1749 1781 1755 1674 1636 1629 1677
852.327026 1691 1744 1763 1755 1679 1636 1637 1668
852.346008 1691 1749 1766 1754 1681 1634 1613 1692
852.366028 1683 1745 1775 1724 1690 1629 1634 1672
852.385986 1691 1757 1764 1740 1688 1644 1636 1674
852.406006 1683 1753 1779 1755 1683 1636 1623 1685
852.424988 1665 1746 1763 1731 1687 1637 1635 1672
852.445007 1677 1749 1763 1754 1696 1640 1619 1678
852.465027 1670 1730 1777 1745 1699 1649 1632 1680
852.484009 1685 1756 1779 1760 1697 1636 1622 1672
852.504028 1689 1767 1790 1751 1673 1640 1637 1695
852.523987 1685 1738 1776 1734 1686 1628 1639 1667
852.544006 1671 1745 1773 1737 1682 1618 1635 1666
852.562988 1682 1739 1790 1752 1686 1641 1631 1685
852.583008 1685 1739 1799 1755 1697 1632 1630 1683
852.603027 1674 1739 1791 1746 1680 1636 1618 1692
852.622986 1678 1743 1768 1758 1689 1635 1633 1674
852.642029 1681 1743 1776 1744 1698 1639 1623 1690
852.661987 1689 1754 1768 1764 1681 1647 1640 1688
852.682007 1695 1749 1775 1748 1680 1633 1641 1680
852.700989 1690 1744 1775 1741 1692 1649 1631 1694
852.721008 1679 1734 1790 1742 1688 1640 1631 1686
852.741028 1683 1752 1770 1761 1676 1640 1640 1676
852.760986 1693 1746 1777 1743 1683 1638 1637 1677
852.780029 1682 1750 1777 1759 1695 1636 1632 1681
852.799988 1673 1739 1766 1735 1683 1640 1625 1679
852.820007 1689 1735 1778 1767 1688 1635 1628 1691
852.840027 1695 1745 1778 1756 1686 1624 1636 1675
852.859009 1669 1754 1768 1754 1688 1627 1623 1676
852.879028 1691 1759 1771 1751 1685 1629 1626 1680
852.898987 1677 1748 1786 1740 1694 1629 1626 1687
852.91803 1678 1760 1774 1748 1691 1641 1644 1684
852.937988 1680 1753 1779 1740 1698 1625 1631 1689
852.958008 1688 1736 1780 1733 1712 1643 1627 1668
852.978027 1682 1741 1793 1755 1690 1641 1636 1677
852.997009 1699 1751 1768 1756 1695 1641 1626 1664
853.017029 1692 1747 1768 1741 1699 1627 1617 1688
853.036987 1698 1747 1779 1756 1688 1627 1633 1671
853.05603 1682 1752 1774 1761 1690 1635 1627 1673
853.075989 1702 1757 1778 1766 1690 1644 1636 1671
853.096008 1689 1747 1771 1745 1696 1647 1629 1690
853.116028 1694 1767 1778 1740 1714 1633 1627 1677
853.13501 1684 1757 1775 1744 1686 1638 1639 1694
853.155029 1684 1735 1792 1752 1699 1645 1645 1691
853.174988 1682 1750 1769 1753 1686 1641 1635 1675
853.19397 1696 1749 1802 1763 1684 1634 1652 1696
853.213989 1692 1747 1780 1768 1703 1643 1630 1674
853.234009 1689 1750 1791 1755 1688 1634 1629 1692
853.254028 1694 1753 1782 1749 1692 1641 1627 1692
853.27301 1696 1741 1795 1759 1689 1640 1638 1674
853.29303 1681 1748 1803 1776 1685 1627 1633 1708
853.312988 1705 1759 1804 1771 1694 1634 1628 1690
853.33197 1699 1754 1778 1754 1685 1638 1636 1688
853.35199 1694 1761 1782 1750 1696 1634 1636 1686
853.372009 1690 1760 1795 1766 1678 1641 1637 1684
853.390991 1685 1757 1785 1753 1712 1634 1621 1663
853.411011 1685 1744 1808 1762 1687 1625 1643 1681
853.43103 1686 1755 1779 1763 1707 1637 1625 1689
853.450989 1693 1770 1797 1779 1709 1641 1635 1698
853.469971 1692 1757 1794 1774 1696 1640 1630 1687
853.48999 1695 1779 1787 1750 1703 1639 1648 1684
853.51001 1681 1752 1799 1769 1691 1639 1636 1679
853.528992 1691 1775 1779 1763 1675 1637 1624 1689
853.549011 1700 1767 1803 1785 1711 1649 1644 1694
853.56897 1697 1767 1796 1752 1701 1647 1638 1688
853.588989 1694 1767 1806 1756 1698 1639 1627 1677
853.607971 1698 1775 1813 1760 1700 1644 1639 1714
853.627991 1711 1773 1813 1747 1711 1645 1635 1696
853.64801 1698 1755 1785 1776 1699 1634 1642 1680
853.666992 1696 1762 1812 1763 1697 1644 1643 1695
853.687012 1688 1766 1802 1769 1698 1660 1641 1700
853.70697 1687 1775 1814 1744 1702 1640 1639 1691
853.726013 1704 1762 1798 1776 1700 1646 1641 1688
853.745972 1695 1772 1783 1780 1693 1637 1629 1691
853.765991 1695 1760 1800 1753 1695 1636 1633 1698
853.784973 1689 1769 1810 1756 1684 1627 1648 1691
853.804993 1705 1765 1789 1771 1708 1653 1649 1684
853.825012 1708 1772 1817 1779 1715 1632 1630 1691
853.844971 1687 1755 1787 1776 1707 1656 1652 1693
853.864014 1688 1777 1807 1761 1707 1652 1652 1683
853.883972 1717 1784 1814 1754 1712 1638 1640 1701
853.903992 1710 1783 1814 1776 1687 1650 1641 1692
853.922974 1699 1777 1800 1759 1721 1644 1654 1688
853.942993 1700 1783 1817 1775 1701 1647 1646 1690
853.963013 1715 1789 1802 1763 1726 1652 1633 1722
853.981995 1694 1768 1801 1773 1705 1647 1654 1713
854.002014 1720 1780 1809 1778 1714 1653 1650 1691
854.021973 1702 1791 1821 1795 1725 1645 1645 1690
854.041016 1700 1802 1816 1784 1717 1646 1651 1715
854.060974 1712 1783 1806 1796 1707 1635 1640 1724
854.080994 1712 1787 1836 1786 1705 1659 1654 1700
854.099976 1685 1794 1836 1790 1713 1643 1658 1699
854.119995 1717 1798 1828 1807 1719 1658 1648 1707
854.140015 1720 1802 1837 1778 1728 1654 1658 1685
854.158997 1706 1802 1820 1792 1721 1636 1646 1696
854.179016 1706 1788 1841 1794 1709 1646 1653 1703
854.198975 1695 1784 1816 1781 1710 1652 1637 1705
854.218994 1713 1789 1826 1807 1705 1654 1636 1686
854.237976 1705 1796 1818 1784 1719 1648 1650 1725
854.257996 1709 1795 1848 1794 1722 1646 1652 1701
854.278015 1707 1779 1834 1784 1717 1645 1657 1697
854.296997 1699 1779 1821 1785 1722 1634 1654 1699
854.317017 1708 1790 1829 1763 1713 1649 1638 1726
854.336975 1711 1766 1828 1787 1712 1649 1649 1696
854.356018 1715 1783 1819 1786 1702 1654 1638 1704
854.375977 1714 1780 1812 1774 1712 1662 1651 1701
854.395996 1720 1762 1823 1788 1719 1647 1643 1703
854.414978 1712 1780 1815 1785 1722 1646 1650 1706
854.434998 1712 1785 1800 1765 1695 1639 1653 1688
854.455017 1700 1760 1815 1772 1703 1650 1642 1704
854.473999 1703 1785 1808 1775 1711 1665 1658 1715
854.494019 1690 1769 1818 1794 1712 1627 1644 1684
854.513977 1683 1787 1821 1779 1713 1642 1655 1696
854.53302 1711 1764 1823 1771 1714 1645 1637 1691
854.552979 1704 1771 1795 1772 1700 1636 1636 1696
854.572998 1683 1774 1795 1774 1696 1638 1636 1688
854.59198 1685 1752 1800 1755 1705 1635 1638 1696
854.612 1692 1748 1799 1750 1717 1639 1648 1700
854.632019 1694 1771 1799 1778 1689 1638 1634 1697
854.651001 1692 1754 1812 1769 1706 1627 1634 1690
854.671021 1688 1758 1799 1746 1688 1641 1643 1701
854.690979 1693 1762 1801 1758 1689 1634 1636 1683
854.710022 1689 1769 1801 1753 1693 1634 1630 1680
854.72998 1679 1763 1791 1768 1701 1620 1650 1689
854.75 1682 1766 1785 1770 1682 1647 1634 1688
854.768982 1686 1752 1809 1756 1691 1641 1635 1690
854.789001 1699 1754 1796 1772 1692 1638 1638 1675
854.807983 1692 1739 1804 1763 1694 1638 1638 1677
854.828003 1692 1763 1806 1772 1693 1632 1641 1680
854.848022 1684 1755 1787 1742 1687 1631 1636 1689
854.867004 1672 1774 1794 1754 1685 1632 1643 1683
854.887024 1699 1743 1804 1751 1683 1644 1613 1683
854.906982 1676 1754 1790 1767 1704 1631 1638 1685
854.926025 1693 1741 1779 1759 1708 1627 1633 1681
854.945984 1695 1764 1801 1761 1697 1645 1634 1685
854.966003 1689 1758 1801 1757 1685 1637 1623 1683
854.984985 1670 1739 1783 1760 1680 1643 1636 1689
855.005005 1686 1754 1797 1759 1711 1636 1646 1680
855.025024 1677 1749 1778 1754 1693 1628 1630 1680
855.044006 1668 1740 1787 1746 1702 1623 1633 1676
855.064026 1682 1752 1786 1744 1677 1629 1631 1676
855.083984 1696 1743 1784 1749 1689 1626 1627 1670
855.103027 1684 1737 1789 1756 1694 1641 1642 1679
855.122986 1682 1745 1779 1737 1687 1621 1628 1672
855.143005 1689 1747 1773 1747 1670 1631 1635 1680
855.161987 1673 1753 1794 1762 1693 1637 1625 1673
855.182007 1672 1750 1779 1748 1674 1632 1631 1677
855.200989 1689 1751 1788 1749 1687 1626 1634 1691
855.221008 1675 1745 1770 1758 1686 1642 1635 1677
855.241028 1692 1752 1780 1739 1676 1625 1626 1681
855.26001 1673 1740 1780 1746 1688 1636 1628 1692
855.280029 1681 1744 1755 1754 1682 1634 1640 1673
855.299988 1668 1748 1781 1744 1673 1622 1625 1682
855.31897 1683 1754 1785 1751 1696 1631 1633 1694
855.338989 1680 1762 1774 1728 1672 1624 1639 1674
855.359009 1675 1755 1783 1741 1686 1640 1632 1679
855.377991 1681 1738 1783 1740 1691 1644 1627 1676
855.39801 1687 1733 1777 1740 1686 1633 1623 1690
855.41803 1677 1747 1756 1747 1686 1611 1636 1678
855.437012 1680 1735 1785 1745 1687 1631 1628 1684
855.45697 1682 1752 1774 1736 1687 1628 1628 1680
855.476013 1686 1739 1760 1734 1697 1629 1634 1669
855.495972 1688 1744 1770 1753 1678 1642 1632 1673
855.515991 1686 1749 1755 1763 1682 1635 1627 1681
855.534973 1684 1758 1779 1756 1680 1627 1635 1686
855.554993 1682 1741 1773 1757 1689 1628 1634 1684
855.575012 1680 1772 1786 1749 1690 1654 1619 1672
855.593994 1694 1738 1794 1751 1701 1631 1634 1689
855.614014 1679 1747 1799 1751 1682 1622 1642 1682
855.633972 1693 1746 1766 1766 1679 1621 1631 1681
855.653015 1686 1727 1784 1771 1699 1634 1624 1669
855.672974 1668 1767 1779 1740 1686 1622 1630 1680
855.692017 1697 1746 1793 1742 1694 1641 1622 1699
855.711975 1683 1741 1771 1753 1683 1628 1633 1668
855.731995 1683 1731 1810 1739 1675 1638 1635 1675
855.750977 1694 1746 1791 1756 1689 1624 1630 1671
855.770996 1700 1761 1763 1748 1686 1636 1634 1671
855.791016 1688 1733 1785 1757 1698 1622 1635 1687
855.809998 1696 1758 1774 1753 1680 1621 1640 1683
855.830017 1696 1755 1780 1738 1703 1621 1636 1684
855.848999 1677 1758 1769 1749 1679 1624 1613 1671
855.869019 1692 1748 1775 1749 1693 1641 1637 1674
855.888977 1672 1741 1779 1771 1702 1636 1627 1681
855.90802 1698 1747 1770 1757 1674 1638 1617 1676
855.927979 1676 1738 1781 1769 1692 1629 1630 1679
855.947998 1681 1742 1791 1756 1686 1623 1635 1673
855.96698 1691 1749 1778 1747 1687 1641 1645 1689
855.987 1680 1739 1771 1740 1689 1640 1631 1667
856.005981 1692 1732 1784 1749 1687 1636 1633 1662
856.026001 1674 1761 1781 1745 1684 1633 1637 1684
856.046021 1690 1749 1803 1759 1670 1645 1630 1673
856.065002 1677 1745 1778 1761 1692 1634 1621 1683
856.085022 1682 1756 1769 1753 1698 1642 1631 1691
856.104004 1694 1745 1773 1753 1685 1630 1633 1687
856.124023 1694 1749 1776 1758 1683 1635 1630 1698
856.143982 1690 1754 1766 1740 1704 1640 1645 1685
856.163025 1675 1747 1777 1747 1682 1630 1630 1690
856.182983 1694 1753 1789 1750 1683 1631 1629 1695
856.203003 1677 1765 1775 1753 1678 1633 1616 1679
856.221985 1676 1740 1782 1766 1698 1629 1626 1690
856.242004 1682 1749 1795 1758 1702 1632 1631 1671
856.260986 1681 1747 1779 1761 1684 1637 1634 1679
856.281006 1688 1757 1775 1737 1684 1643 1630 1678
856.301025 1689 1742 1796 1760 1688 1631 1624 1690
856.320007 1681 1739 1767 1756 1675 1633 1631 1666
856.340027 1702 1739 1776 1737 1694 1633 1630 1679
856.359009 1685 1752 1771 1752 1686 1638 1635 1697
856.379028 1684 1744 1777 1746 1677 1626 1632 1674
856.398987 1676 1737 1783 1741 1707 1639 1624 1676
856.41803 1683 1755 1792 1740 1685 1627 1633 1677
856.437988 1684 1755 1779 1738 1680 1630 1627 1676
856.45697 1690 1746 1782 1741 1693 1632 1630 1684
856.47699 1688 1751 1760 1763 1687 1626 1634 1683
856.497009 1684 1732 1770 1747 1676 1631 1609 1677
856.515991 1688 1748 1777 1742 1674 1629 1627 1678
856.536011 1671 1729 1764 1747 1694 1630 1628 1674
856.554993 1670 1737 1761 1757 1691 1636 1631 1676
856.575012 1681 1729 1767 1744 1679 1630 1624 1689
856.594971 1670 1727 1785 1746 1667 1617 1620 1667
856.614014 1669 1751 1773 1755 1681 1633 1633 1658
856.633972 1683 1737 1753 1740 1691 1626 1642 1674
856.653015 1678 1740 1752 1735 1688 1633 1629 1671
856.672974 1677 1726 1770 1722 1692 1622 1630 1680
856.692993 1680 1747 1761 1742 1684 1614 1630 1677
856.711975 1668 1732 1747 1737 1680 1626 1634 1679
856.731995 1666 1747 1772 1720 1677 1636 1623 1667
856.750977 1671 1721 1774 1739 1687 1640 1634 1673
856.770996 1674 1732 1771 1728 1671 1625 1614 1666
856.791016 1665 1738 1760 1722 1663 1624 1626 1663
856.809998 1676 1742 1757 1728 1679 1617 1630 1673
856.830017 1676 1735 1767 1741 1669 1620 1624 1676
856.848999 1678 1713 1779 1736 1675 1634 1613 1671
856.869019 1674 1720 1763 1742 1691 1626 1627 1674
856.888 1658 1736 1770 1729 1670 1636 1641 1665
856.90802 1665 1725 1757 1739 1667 1635 1629 1665
856.927979 1678 1741 1772 1725 1661 1615 1624 1667
856.947021 1684 1726 1759 1723 1690 1620 1624 1677
856.96698 1669 1711 1763 1737 1661 1634 1635 1666
856.986023 1671 1731 1751 1737 1696 1617 1626 1680
857.005981 1679 1731 1763 1738 1674 1621 1620 1675
857.026001 1695 1746 1742 1733 1666 1621 1630 1648
857.044983 1673 1733 1758 1744 1674 1624 1631 1676
857.065002 1686 1715 1761 1734 1673 1625 1619 1670
857.083984 1678 1732 1768 1726 1671 1633 1613 1664
857.104004 1670 1744 1753 1733 1677 1633 1631 1661
857.122986 1663 1730 1757 1735 1688 1629 1621 1659
857.143005 1660 1728 1754 1746 1673 1611 1629 1683
857.163025 1674 1735 1741 1732 1682 1624 1629 1681
857.182007 1671 1730 1761 1732 1677 1628 1630 1675
857.202026 1683 1718 1757 1720 1661 1627 1618 1663
857.221008 1676 1739 1748 1747 1668 1631 1624 1677
857.241028 1674 1706 1766 1751 1676 1629 1626 1668
857.260986 1684 1750 1779 1716 1676 1630 1620 1679
857.280029 1655 1717 1771 1721 1675 1626 1633 1666
857.299988 1664 1706 1768 1718 1679 1629 1613 1675
857.31897 1665 1729 1770 1723 1682 1628 1623 1667
857.338989 1681 1748 1763 1732 1672 1633 1614 1685
857.357971 1672 1717 1745 1738 1667 1628 1633 1668
857.377991 1662 1719 1749 1740 1676 1632 1624 1658
857.39801 1680 1716 1758 1718 1679 1621 1633 1670
857.416992 1671 1740 1762 1732 1678 1621 1624 1658
857.437012 1661 1718 1744 1718 1678 1620 1623 1670
857.455994 1658 1735 1750 1729 1689 1630 1623 1669
857.476013 1674 1739 1759 1732 1685 1626 1630 1668
857.494995 1667 1719 1750 1707 1660 1629 1620 1658
857.515015 1675 1712 1747 1733 1679 1623 1618 1669
857.534973 1667 1750 1750 1732 1672 1627 1624 1680
857.554016 1679 1716 1771 1729 1675 1634 1625 1660
857.573975 1691 1712 1770 1716 1659 1610 1631 1676
857.593018 1672 1737 1746 1718 1671 1628 1630 1669
857.612976 1673 1732 1757 1719 1672 1611 1621 1659
857.632019 1673 1722 1745 1745 1674 1614 1635 1665
857.651978 1669 1719 1776 1717 1678 1624 1632 1674
857.671997 1674 1730 1756 1736 1670 1628 1629 1683
857.690979 1664 1724 1760 1724 1668 1622 1618 1675
857.710999 1676 1721 1757 1744 1671 1617 1627 1682
857.72998 1674 1716 1761 1705 1661 1619 1614 1667
857.75 1683 1728 1767 1731 1683 1627 1625 1675
857.768982 1648 1702 1762 1732 1666 1634 1625 1651
857.789001 1673 1737 1739 1722 1659 1626 1619 1666
857.807983 1663 1731 1748 1719 1672 1627 1618 1662
857.828003 1655 1714 1749 1729 1665 1628 1634 1662
857.848022 1673 1734 1761 1732 1682 1621 1605 1662
857.867004 1671 1720 1756 1753 1662 1626 1627 1678
857.887024 1684 1728 1752 1731 1672 1628 1621 1671
857.906006 1674 1728 1751 1722 1673 1618 1615 1665
857.926025 1672 1723 1742 1727 1670 1621 1634 1660
857.945007 1667 1701 1757 1723 1682 1641 1627 1662
857.965027 1672 1731 1731 1727 1671 1627 1621 1673
857.984009 1686 1735 1746 1736 1670 1626 1625 1657
858.004028 1679 1712 1748 1723 1668 1627 1623 1677
858.02301 1650 1725 1744 1712 1662 1633 1637 1665
858.04303 1673 1707 1743 1733 1670 1626 1610 1666
858.062988 1653 1736 1741 1713 1676 1624 1619 1664
858.08197 1669 1736 1759 1740 1672 1621 1625 1673
858.10199 1660 1723 1784 1726 1682 1625 1631 1687
858.120972 1668 1723 1760 1736 1688 1613 1617 1673
858.140991 1661 1746 1742 1738 1663 1640 1627 1685
858.159973 1673 1723 1758 1715 1671 1627 1617 1669
858.179993 1679 1738 1735 1726 1681 1634 1614 1670
858.198975 1675 1724 1753 1721 1660 1632 1625 1654
858.218994 1678 1714 1739 1722 1656 1628 1617 1652
858.239014 1668 1712 1757 1709 1665 1625 1613 1669
858.257996 1665 1733 1751 1726 1657 1619 1621 1656
858.278015 1670 1729 1749 1710 1683 1622 1624 1654
858.296997 1680 1712 1734 1720 1669 1630 1622 1671
858.317017 1660 1717 1743 1724 1661 1610 1625 1657
858.335999 1650 1719 1758 1713 1672 1621 1616 1663
858.356018 1668 1722 1729 1718 1671 1630 1613 1658
858.375 1665 1724 1740 1721 1674 1622 1616 1654
858.39502 1657 1721 1743 1730 1660 1627 1627 1665
858.414001 1657 1727 1747 1716 1663 1622 1620 1655
858.434021 1661 1710 1740 1724 1674 1628 1630 1664
858.453003 1673 1729 1745 1716 1665 1625 1624 1670
858.473022 1672 1718 1752 1720 1662 1623 1624 1647
858.492004 1653 1708 1727 1723 1668 1612 1618 1657
858.512024 1658 1704 1739 1738 1677 1624 1627 1664
858.531982 1667 1725 1748 1706 1675 1635 1628 1659
858.551025 1668 1724 1744 1732 1668 1639 1619 1672
858.570984 1676 1712 1747 1729 1673 1615 1625 1664
858.590027 1682 1717 1771 1718 1677 1628 1614 1672
858.609985 1680 1730 1757 1729 1681 1630 1633 1680
858.629028 1680 1728 1751 1749 1665 1623 1619 1673
858.648987 1674 1720 1740 1715 1664 1617 1625 1653
858.66803 1667 1721 1752 1716 1665 1626 1622 1653
858.687988 1665 1728 1752 1725 1673 1624 1630 1665
858.70697 1660 1735 1762 1730 1678 1629 1631 1663
858.72699 1657 1724 1750 1715 1675 1622 1635 1672
858.745972 1659 1731 1771 1726 1680 1631 1629 1664
858.765991 1677 1743 1755 1726 1685 1626 1627 1662
858.784973 1671 1715 1751 1706 1687 1617 1621 1668
858.804993 1665 1739 1742 1720 1678 1616 1613 1673
858.823975 1686 1715 1754 1728 1679 1624 1626 1667
858.843994 1676 1728 1758 1731 1689 1616 1620 1682
858.864014 1671 1731 1762 1732 1675 1634 1624 1689
858.882996 1672 1723 1736 1733 1673 1625 1624 1656
858.903015 1679 1728 1747 1714 1682 1640 1630 1661
858.921997 1678 1727 1750 1722 1676 1626 1615 1669
858.942017 1656 1722 1760 1730 1672 1640 1620 1664
858.960999 1684 1709 1750 1729 1682 1612 1623 1669
858.981018 1671 1715 1769 1715 1669 1635 1626 1668
859 1673 1720 1747 1734 1679 1628 1633 1665
859.02002 1662 1726 1740 1722 1662 1628 1619 1664
859.039001 1673 1734 1756 1723 1663 1626 1631 1659
859.059021 1665 1721 1752 1709 1665 1633 1630 1672
859.078003 1676 1727 1736 1708 1682 1621 1642 1660
859.098022 1667 1715 1737 1722 1668 1622 1623 1655
859.117004 1662 1734 1741 1715 1655 1620 1624 1653
859.137024 1652 1722 1733 1717 1670 1633 1618 1660
859.156006 1665 1719 1748 1727 1668 1629 1611 1650
859.176025 1663 1720 1751 1721 1661 1617 1621 1652
859.195007 1663 1741 1747 1705 1656 1624 1611 1666
859.215027 1663 1717 1737 1716 1667 1618 1609 1665
859.234009 1671 1705 1732 1712 1663 1620 1632 1661
859.254028 1689 1717 1723 1713 1667 1619 1610 1675
859.27301 1671 1721 1737 1719 1662 1620 1621 1657
859.29303 1668 1713 1733 1707 1661 1630 1623 1664
859.312012 1666 1722 1750 1747 1679 1625 1628 1655
859.33197 1666 1729 1743 1715 1656 1631 1626 1656
859.351013 1663 1711 1742 1709 1674 1624 1620 1659
859.370972 1666 1694 1723 1726 1677 1621 1608 1657
859.390015 1669 1718 1748 1743 1674 1630 1622 1662
859.409973 1658 1716 1738 1702 1681 1621 1628 1659
859.429016 1672 1710 1742 1718 1674 1625 1629 1667
859.448975 1671 1719 1752 1711 1682 1624 1633 1663
859.468018 1673 1731 1751 1735 1682 1623 1621 1653
859.487976 1666 1730 1758 1719 1666 1639 1629 1660
859.507019 1668 1731 1768 1704 1666 1630 1624 1655
859.526978 1672 1717 1755 1735 1668 1620 1623 1667
859.546021 1676 1717 1768 1717 1666 1619 1617 1672
859.565979 1671 1712 1756 1730 1677 1616 1618 1664
859.585022 1660 1724 1761 1728 1679 1625 1621 1658
859.60498 1663 1720 1749 1728 1664 1624 1635 1679
859.624023 1669 1712 1761 1722 1679 1629 1618 1666
859.643982 1672 1733 1749 1718 1680 1609 1636 1665
859.663025 1672 1718 1751 1724 1681 1615 1616 1654
859.682983 1680 1719 1758 1727 1667 1628 1613 1682
859.702026 1674 1733 1769 1733 1691 1620 1625 1675
859.721985 1669 1722 1748 1723 1684 1622 1627 1661
859.741028 1667 1714 1744 1730 1666 1624 1623 1670
859.760986 1671 1725 1745 1726 1666 1609 1631 1659
859.780029 1677 1728 1744 1709 1674 1619 1628 1655
859.799988 1664 1713 1762 1731 1668 1625 1627 1663
859.81897 1659 1721 1748 1722 1665 1614 1617 1663
859.838989 1667 1718 1765 1718 1679 1619 1624 1675
859.857971 1668 1720 1764 1725 1658 1618 1604 1662
859.877991 1662 1730 1755 1711 1672 1621 1626 1660
859.896973 1665 1718 1745 1717 1682 1629 1626 1656
859.916992 1682 1717 1746 1729 1676 1612 1624 1658
859.935974 1660 1715 1743 1726 1658 1607 1620 1656
859.955994 1671 1717 1750 1721 1671 1620 1619 1660
859.974976 1687 1704 1720 1735 1667 1619 1637 1667
859.994995 1673 1700 1749 1723 1668 1608 1619 1667
860.013977 1655 1700 1729 1719 1682 1611 1627 1663
860.033997 1657 1702 1754 1728 1678 1634 1618 1663
860.052979 1663 1723 1754 1718 1652 1611 1631 1675
860.072998 1652 1717 1763 1728 1670 1620 1618 1664
860.09198 1673 1723 1760 1708 1654 1623 1627 1643
860.112 1682 1726 1746 1724 1653 1630 1624 1656
860.130981 1654 1721 1760 1699 1647 1630 1623 1648
860.151001 1670 1723 1756 1731 1663 1618 1618 1652
860.169983 1666 1723 1753 1708 1668 1630 1620 1649
860.189026 1675 1727 1763 1727 1674 1621 1625 1652
860.208984 1674 1711 1744 1725 1671 1618 1617 1667
860.228027 1648 1718 1765 1711 1655 1626 1630 1671
860.247986 1666 1725 1763 1732 1678 1629 1618 1675
860.267029 1671 1716 1737 1736 1664 1628 1611 1659
860.286987 1675 1728 1739 1721 1669 1617 1621 1660
860.30603 1665 1721 1741 1717 1681 1625 1638 1664
860.325989 1669 1726 1750 1721 1665 1621 1623 1665
860.344971 1661 1719 1738 1709 1670 1623 1629 1659
860.36499 1659 1729 1756 1722 1684 1625 1622 1658
860.383972 1655 1714 1749 1710 1665 1618 1622 1650
860.403992 1670 1721 1729 1745 1685 1612 1625 1674
860.422974 1676 1712 1751 1720 1666 1620 1621 1662
860.442993 1682 1717 1750 1713 1662 1623 1617 1661
860.461975 1681 1726 1749 1733 1653 1637 1631 1661
860.481995 1666 1711 1758 1715 1672 1626 1621 1654
860.500977 1677 1735 1760 1722 1676 1623 1624 1668
860.520996 1677 1740 1735 1736 1672 1624 1616 1663
860.539978 1662 1714 1745 1736 1671 1630 1615 1664
860.559021 1656 1739 1746 1741 1666 1612 1635 1660
860.578979 1674 1706 1772 1726 1679 1621 1614 1658
860.598022 1673 1729 1750 1710 1669 1638 1613 1674
860.617981 1672 1722 1734 1724 1665 1622 1633 1670
860.637024 1669 1716 1750 1736 1661 1623 1626 1676
860.656982 1658 1717 1763 1722 1680 1616 1625 1683
860.676025 1681 1740 1776 1724 1687 1622 1634 1664
860.695984 1663 1720 1750 1722 1664 1617 1636 1667
860.715027 1661 1727 1740 1723 1671 1620 1628 1662
860.734985 1667 1719 1741 1730 1668 1630 1623 1674
860.754028 1684 1726 1739 1729 1673 1629 1629 1673
860.77301 1672 1728 1767 1720 1689 1638 1608 1662
