0 12.8571429 25.7142857 38.5714286 51.4285714 64.2857143 77.1428571 90
828.851013 1625 1643 1644 1653 1611 1600 1607 1629
828.870972 1622 1647 1658 1640 1626 1606 1614 1616
828.890991 1615 1653 1664 1654 1619 1606 1593 1633
828.911987 1617 1665 1658 1646 1617 1600 1599 1628
828.932007 1624 1646 1663 1653 1615 1599 1598 1607
828.953003 1617 1646 1654 1645 1609 1595 1605 1611
828.973022 1619 1660 1662 1656 1620 1607 1605 1620
828.994019 1613 1651 1656 1629 1619 1595 1605 1629
829.013977 1617 1655 1646 1648 1616 1609 1620 1619
829.034973 1622 1648 1649 1634 1619 1603 1602 1630
829.054993 1619 1651 1645 1634 1604 1597 1599 1620
829.075012 1611 1643 1648 1668 1625 1599 1602 1624
829.096008 1609 1653 1658 1637 1609 1600 1605 1620
829.116028 1617 1640 1657 1634 1608 1593 1590 1628
829.137024 1630 1654 1656 1646 1618 1596 1597 1616
829.156982 1621 1637 1656 1629 1609 1600 1603 1611
829.177979 1617 1642 1641 1640 1624 1597 1592 1606
829.197998 1620 1644 1645 1631 1625 1589 1587 1616
829.218994 1619 1637 1646 1621 1602 1591 1591 1619
829.239014 1626 1638 1643 1628 1611 1592 1608 1626
829.258972 1613 1636 1643 1640 1619 1604 1600 1603
829.280029 1614 1650 1670 1640 1615 1595 1610 1612
829.299988 1608 1647 1644 1631 1613 1604 1599 1612
829.320984 1634 1638 1662 1642 1606 1595 1588 1611
829.341003 1627 1648 1661 1632 1621 1613 1608 1621
829.362 1618 1624 1645 1627 1609 1589 1591 1622
829.382019 1612 1635 1655 1638 1620 1591 1595 1615
829.401978 1623 1653 1646 1640 1612 1600 1602 1615
829.422974 1611 1641 1644 1645 1616 1594 1599 1620
829.442993 1612 1633 1660 1637 1606 1598 1594 1632
829.463989 1619 1641 1647 1637 1616 1587 1598 1617
829.484009 1644 1640 1640 1639 1606 1589 1575 1605
829.505005 1622 1636 1645 1648 1617 1589 1594 1620
829.525024 1622 1647 1652 1650 1607 1587 1598 1623
829.544983 1619 1637 1650 1628 1609 1583 1590 1611
829.565979 1626 1637 1644 1636 1608 1600 1589 1613
829.585999 1623 1626 1659 1642 1630 1596 1607 1622
829.606995 1617 1634 1640 1635 1611 1597 1599 1613
829.627014 1623 1637 1654 1633 1619 1595 1596 1622
829.64801 1620 1635 1654 1652 1617 1594 1594 1616
829.66803 1615 1645 1658 1635 1615 1608 1597 1614
829.687988 1616 1650 1657 1645 1604 1588 1594 1628
829.708984 1607 1643 1657 1635 1621 1605 1581 1617
829.729004 1609 1651 1654 1643 1611 1602 1594 1627
829.75 1623 1651 1657 1631 1603 1603 1587 1616
829.77002 1616 1645 1646 1641 1619 1603 1590 1628
829.791016 1626 1629 1655 1657 1616 1597 1602 1618
829.810974 1620 1634 1647 1645 1613 1596 1601 1619
829.830994 1618 1646 1634 1644 1624 1603 1592 1617
829.85199 1618 1652 1633 1636 1623 1600 1592 1626
829.872009 1614 1659 1657 1647 1614 1598 1596 1628
829.893005 1609 1635 1644 1636 1612 1588 1602 1622
829.913025 1618 1658 1645 1644 1599 1599 1596 1617
829.932983 1615 1649 1650 1638 1619 1599 1606 1629
829.953979 1646 1659 1658 1639 1626 1593 1600 1627
829.973999 1622 1647 1650 1636 1624 1605 1608 1628
829.994995 1620 1657 1661 1641 1617 1598 1597 1625
830.015015 1628 1644 1654 1651 1607 1613 1610 1635
830.036011 1636 1656 1668 1652 1624 1605 1607 1616
830.05603 1622 1650 1672 1635 1612 1602 1607 1632
830.075989 1639 1648 1657 1646 1621 1612 1594 1626
830.096985 1625 1653 1659 1627 1617 1612 1612 1620
830.117004 1636 1658 1668 1647 1613 1609 1606 1618
830.138 1646 1649 1664 1648 1619 1610 1610 1618
830.15802 1637 1656 1669 1640 1623 1602 1592 1622
830.177979 1640 1647 1662 1655 1616 1603 1600 1628
830.198975 1641 1655 1659 1643 1634 1610 1607 1625
830.218994 1643 1655 1679 1659 1617 1606 1613 1627
830.23999 1642 1665 1681 1647 1633 1599 1604 1628
830.26001 1627 1673 1665 1657 1632 1621 1618 1618
830.280029 1630 1671 1659 1662 1629 1605 1609 1632
830.301025 1637 1662 1671 1655 1622 1609 1622 1630
830.320984 1636 1663 1667 1660 1619 1595 1594 1626
830.34198 1651 1664 1663 1641 1618 1609 1610 1631
830.362 1627 1667 1664 1655 1620 1615 1597 1612
830.382996 1634 1641 1669 1649 1631 1620 1609 1632
830.403015 1626 1665 1670 1660 1627 1602 1612 1618
830.422974 1628 1658 1676 1651 1621 1598 1607 1632
830.44397 1632 1658 1666 1664 1620 1600 1609 1636
830.463989 1637 1650 1658 1654 1614 1621 1604 1632
830.484009 1643 1654 1670 1648 1628 1603 1612 1633
830.505005 1640 1649 1663 1653 1629 1624 1606 1623
830.525024 1645 1656 1668 1639 1638 1608 1607 1626
830.546021 1642 1652 1659 1660 1615 1619 1616 1634
830.565979 1615 1666 1659 1654 1625 1608 1612 1638
830.585999 1637 1653 1674 1655 1632 1606 1606 1615
830.606995 1634 1667 1654 1643 1600 1603 1602 1633
830.627014 1627 1668 1656 1652 1622 1603 1609 1623
830.64801 1630 1645 1665 1646 1618 1598 1592 1633
830.66803 1641 1645 1669 1643 1612 1600 1603 1619
830.687988 1638 1650 1670 1631 1621 1596 1611 1625
830.708984 1624 1632 1652 1633 1618 1606 1605 1628
830.729004 1632 1658 1662 1656 1625 1601 1605 1634
830.75 1622 1661 1661 1651 1614 1603 1604 1628
830.77002 1620 1638 1676 1645 1631 1592 1601 1623
830.789978 1621 1657 1658 1641 1622 1589 1596 1612
830.810974 1618 1644 1658 1636 1615 1610 1604 1623
830.830994 1628 1653 1659 1641 1625 1599 1599 1631
830.85199 1619 1641 1660 1633 1605 1610 1602 1613
830.872009 1625 1655 1644 1643 1625 1594 1588 1614
830.892029 1618 1655 1665 1656 1640 1609 1601 1627
830.913025 1627 1653 1676 1648 1628 1592 1599 1622
830.932983 1628 1661 1642 1638 1612 1587 1607 1622
830.953979 1626 1636 1667 1656 1621 1602 1604 1625
830.973999 1630 1640 1653 1644 1625 1601 1595 1616
830.994019 1622 1649 1663 1645 1614 1594 1592 1628
831.015015 1615 1642 1647 1644 1615 1597 1591 1611
831.034973 1622 1653 1649 1631 1620 1599 1603 1635
831.054993 1625 1647 1663 1643 1611 1600 1602 1613
831.075989 1613 1630 1652 1633 1613 1594 1592 1626
831.096008 1613 1643 1656 1641 1614 1591 1615 1610
831.117004 1630 1643 1659 1642 1599 1597 1595 1635
831.137024 1624 1661 1646 1619 1609 1588 1598 1623
831.156982 1625 1630 1655 1638 1613 1600 1607 1627
831.177979 1622 1646 1661 1642 1604 1605 1607 1616
831.197998 1629 1650 1651 1632 1606 1590 1600 1632
831.218994 1606 1648 1649 1632 1616 1599 1596 1611
831.239014 1622 1651 1654 1634 1613 1606 1596 1611
831.258972 1617 1660 1644 1643 1611 1598 1594 1611
831.280029 1611 1650 1650 1632 1609 1598 1597 1622
831.299988 1616 1636 1651 1634 1606 1604 1588 1623
831.320007 1609 1663 1648 1640 1615 1600 1596 1617
831.341003 1621 1649 1658 1642 1610 1591 1593 1619
831.361023 1616 1642 1652 1642 1609 1610 1608 1613
831.382019 1623 1649 1646 1637 1609 1604 1595 1610
831.401978 1613 1632 1649 1629 1609 1596 1597 1615
831.421997 1618 1653 1655 1646 1611 1593 1600 1617
831.442993 1613 1649 1645 1633 1608 1593 1593 1609
831.463013 1612 1642 1662 1635 1602 1593 1601 1614
831.482971 1612 1646 1653 1638 1622 1606 1601 1615
831.504028 1621 1649 1645 1646 1622 1595 1600 1609
831.523987 1623 1652 1659 1639 1625 1599 1589 1619
831.544983 1619 1646 1648 1629 1605 1599 1607 1623
831.565002 1614 1639 1659 1644 1612 1599 1592 1619
831.585022 1620 1634 1653 1639 1615 1598 1609 1615
831.606018 1635 1650 1654 1635 1621 1592 1609 1628
831.625977 1623 1646 1649 1653 1617 1594 1595 1625
831.645996 1616 1640 1664 1655 1611 1605 1596 1621
831.666992 1623 1653 1652 1629 1616 1610 1607 1629
831.687012 1627 1651 1646 1646 1612 1606 1611 1619
831.708008 1630 1645 1663 1639 1621 1596 1595 1616
831.728027 1620 1644 1671 1629 1621 1595 1603 1617
831.747986 1624 1640 1660 1650 1615 1592 1602 1622
831.768982 1623 1650 1642 1648 1612 1603 1603 1623
831.789001 1626 1641 1681 1636 1619 1596 1602 1619
831.809021 1642 1650 1653 1644 1621 1599 1600 1614
831.830017 1631 1637 1636 1627 1627 1597 1601 1614
831.849976 1621 1661 1650 1647 1617 1597 1605 1625
831.869995 1610 1665 1658 1638 1615 1604 1601 1626
831.890991 1611 1656 1664 1650 1627 1607 1596 1628
831.911011 1612 1655 1663 1645 1616 1595 1599 1622
831.932007 1624 1653 1654 1643 1629 1602 1600 1635
831.952026 1621 1664 1651 1638 1626 1607 1602 1625
831.971985 1632 1647 1672 1649 1622 1598 1596 1626
831.992981 1626 1652 1680 1653 1611 1601 1596 1631
832.013 1627 1648 1675 1648 1616 1605 1606 1639
832.03302 1626 1659 1653 1645 1622 1602 1612 1618
832.054016 1629 1655 1669 1663 1611 1599 1598 1618
832.073975 1629 1676 1671 1639 1631 1597 1610 1632
832.093994 1621 1641 1657 1651 1615 1604 1596 1618
832.11499 1646 1655 1663 1641 1624 1597 1606 1620
832.13501 1625 1643 1651 1650 1610 1600 1606 1629
832.155029 1633 1649 1664 1653 1613 1609 1604 1633
832.176025 1625 1645 1663 1656 1624 1610 1593 1630
832.195984 1634 1665 1661 1652 1615 1600 1611 1620
832.216003 1613 1656 1652 1643 1625 1596 1604 1632
832.237 1639 1659 1668 1649 1619 1607 1594 1619
832.257019 1619 1660 1665 1654 1622 1603 1616 1637
832.278015 1629 1655 1676 1644 1625 1608 1612 1634
832.297974 1629 1663 1669 1653 1630 1606 1598 1626
832.317993 1638 1658 1654 1639 1623 1609 1598 1624
832.338989 1634 1659 1650 1651 1614 1602 1609 1621
832.359009 1633 1664 1668 1654 1614 1596 1607 1629
832.379028 1640 1652 1677 1656 1633 1611 1599 1632
832.400024 1636 1679 1661 1650 1630 1611 1600 1642
832.419983 1641 1657 1678 1653 1613 1600 1610 1631
832.440002 1623 1649 1667 1662 1611 1614 1598 1624
832.460999 1636 1667 1655 1647 1620 1605 1606 1642
832.481018 1626 1644 1660 1640 1617 1600 1610 1619
832.500977 1628 1650 1652 1643 1620 1610 1605 1630
832.521973 1630 1666 1681 1654 1615 1607 1610 1619
832.541992 1645 1676 1663 1648 1623 1603 1610 1624
832.562012 1620 1650 1657 1665 1622 1614 1607 1633
832.583008 1633 1667 1672 1658 1625 1601 1606 1627
832.603027 1626 1652 1665 1655 1622 1607 1609 1634
832.622986 1626 1666 1659 1643 1630 1602 1604 1640
832.643982 1618 1659 1674 1670 1622 1596 1595 1622
832.664001 1629 1663 1664 1645 1624 1609 1618 1627
832.684021 1624 1665 1677 1650 1613 1606 1602 1629
832.705017 1639 1648 1668 1652 1628 1603 1599 1628
832.724976 1621 1663 1669 1659 1620 1605 1617 1623
832.744995 1621 1652 1664 1653 1617 1593 1599 1619
832.765991 1628 1656 1656 1651 1634 1609 1611 1626
832.786011 1630 1665 1664 1659 1638 1595 1612 1624
832.80603 1629 1648 1659 1654 1626 1600 1607 1619
832.827026 1628 1660 1651 1655 1630 1606 1609 1619
832.846985 1630 1647 1667 1633 1627 1615 1602 1614
832.867004 1621 1650 1653 1634 1620 1597 1591 1631
832.888 1621 1666 1657 1641 1621 1609 1605 1639
832.90802 1625 1667 1652 1640 1626 1613 1616 1633
832.927979 1637 1655 1666 1641 1606 1600 1612 1624
832.948975 1619 1660 1674 1643 1634 1608 1596 1619
832.968994 1616 1644 1651 1672 1621 1602 1609 1634
832.989014 1629 1659 1670 1658 1619 1608 1594 1626
833.01001 1632 1654 1667 1639 1610 1602 1598 1623
833.030029 1630 1643 1667 1663 1609 1594 1607 1617
833.049988 1627 1653 1669 1652 1629 1608 1601 1625
833.070984 1621 1646 1662 1645 1610 1602 1595 1632
833.091003 1632 1650 1663 1658 1617 1601 1611 1618
833.111023 1632 1648 1671 1643 1615 1611 1607 1627
833.132019 1623 1659 1652 1653 1613 1593 1607 1630
833.151978 1637 1650 1654 1649 1619 1585 1605 1625
833.171997 1631 1674 1658 1657 1597 1594 1597 1625
833.192993 1617 1649 1676 1655 1616 1604 1604 1620
833.213013 1618 1647 1656 1641 1607 1601 1596 1624
833.232971 1622 1653 1652 1649 1605 1603 1603 1613
833.254028 1620 1656 1672 1640 1628 1596 1591 1631
833.273987 1626 1666 1652 1643 1615 1600 1597 1618
833.294006 1619 1645 1653 1639 1605 1588 1597 1609
833.315002 1628 1640 1652 1633 1635 1601 1599 1609
833.335022 1619 1655 1664 1623 1616 1602 1603 1628
833.35498 1625 1650 1645 1651 1610 1602 1612 1617
833.375977 1639 1651 1662 1649 1622 1593 1602 1615
833.395996 1628 1652 1650 1634 1618 1601 1602 1627
833.416016 1621 1649 1663 1634 1611 1594 1610 1623
833.437012 1639 1649 1666 1657 1629 1609 1597 1628
833.45697 1623 1655 1648 1645 1617 1611 1597 1618
833.47699 1628 1653 1655 1637 1623 1596 1590 1617
833.497009 1620 1649 1659 1642 1609 1606 1598 1618
833.518005 1621 1655 1657 1653 1626 1608 1606 1624
833.538025 1624 1653 1660 1643 1630 1591 1593 1623
833.557983 1626 1637 1652 1640 1615 1601 1600 1636
833.578979 1620 1649 1651 1647 1626 1596 1608 1604
833.598999 1628 1662 1654 1632 1614 1596 1607 1625
833.619019 1626 1645 1653 1634 1615 1593 1597 1630
833.640015 1624 1660 1658 1642 1623 1614 1612 1626
833.659973 1617 1649 1662 1648 1612 1594 1594 1630
833.679993 1625 1660 1662 1642 1615 1602 1601 1624
833.700989 1620 1643 1655 1630 1612 1599 1600 1617
833.721008 1621 1637 1645 1633 1618 1594 1596 1614
833.741028 1624 1649 1648 1656 1619 1598 1601 1614
833.762024 1631 1649 1656 1659 1616 1599 1600 1621
833.781982 1627 1645 1653 1644 1613 1597 1603 1622
833.802002 1614 1650 1660 1641 1617 1597 1608 1621
833.822021 1631 1646 1668 1648 1618 1586 1596 1633
833.843018 1621 1658 1660 1638 1619 1603 1604 1622
833.862976 1612 1642 1663 1646 1616 1597 1605 1616
833.882996 1625 1637 1673 1643 1615 1591 1592 1606
833.903992 1627 1649 1661 1635 1612 1595 1611 1623
833.924011 1623 1654 1661 1648 1614 1584 1600 1616
833.94397 1610 1646 1651 1656 1613 1601 1595 1626
833.965027 1623 1658 1661 1648 1619 1595 1598 1630
833.984985 1630 1643 1663 1642 1623 1603 1600 1625
834.005005 1626 1660 1648 1637 1628 1597 1603 1612
834.026001 1627 1650 1661 1649 1615 1599 1598 1610
834.046021 1627 1648 1654 1624 1615 1592 1599 1618
834.065979 1620 1655 1649 1645 1616 1593 1610 1617
834.085999 1617 1650 1647 1636 1610 1593 1606 1629
834.106995 1608 1658 1668 1643 1601 1592 1600 1631
834.127014 1627 1642 1669 1650 1607 1591 1599 1609
834.146973 1621 1652 1649 1646 1609 1599 1608 1618
834.16803 1624 1638 1665 1635 1612 1609 1598 1613
834.187988 1628 1647 1661 1656 1605 1585 1600 1636
834.208008 1624 1654 1669 1647 1628 1594 1594 1618
834.228027 1611 1658 1661 1626 1612 1594 1599 1615
834.249023 1618 1642 1675 1645 1616 1607 1589 1619
834.268982 1624 1652 1665 1646 1623 1596 1592 1621
834.289001 1630 1663 1655 1654 1630 1592 1597 1622
834.309998 1628 1646 1645 1638 1630 1603 1593 1617
834.330017 1633 1649 1663 1640 1621 1592 1611 1612
834.349976 1629 1640 1646 1645 1618 1607 1618 1637
834.369995 1628 1658 1658 1651 1630 1602 1602 1612
834.390991 1626 1636 1655 1643 1605 1597 1602 1616
834.411011 1620 1644 1652 1648 1615 1595 1607 1614
834.43103 1618 1655 1656 1644 1623 1601 1591 1625
834.452026 1624 1643 1654 1641 1614 1595 1603 1627
834.471985 1616 1655 1655 1644 1626 1602 1598 1619
834.492004 1619 1640 1655 1641 1621 1601 1604 1624
834.513 1632 1646 1651 1647 1620 1611 1593 1626
834.53302 1620 1663 1658 1651 1613 1602 1609 1621
834.552979 1627 1662 1689 1654 1627 1603 1601 1627
834.572998 1637 1654 1656 1647 1624 1602 1596 1624
834.593994 1625 1657 1665 1623 1618 1598 1594 1617
834.614014 1623 1656 1650 1646 1618 1609 1603 1615
834.633972 1627 1660 1667 1645 1614 1600 1602 1625
834.653992 1625 1659 1676 1642 1623 1603 1597 1631
834.674988 1629 1651 1660 1650 1629 1604 1608 1614
834.695007 1630 1665 1654 1651 1627 1609 1606 1630
834.715027 1615 1654 1650 1655 1624 1600 1594 1614
834.736023 1625 1636 1656 1648 1614 1604 1610 1620
834.755981 1623 1654 1665 1641 1619 1609 1605 1614
834.776001 1628 1669 1664 1648 1616 1600 1594 1630
834.796021 1637 1664 1669 1652 1623 1596 1603 1631
834.817017 1619 1662 1676 1657 1624 1608 1607 1641
834.836975 1626 1660 1665 1647 1619 1612 1609 1624
834.856995 1619 1660 1658 1658 1626 1603 1598 1622
834.877991 1616 1646 1676 1655 1628 1600 1602 1634
834.89801 1637 1652 1658 1660 1615 1601 1594 1617
834.91803 1638 1656 1661 1650 1611 1607 1603 1631
834.937988 1608 1664 1669 1654 1637 1605 1614 1635
834.958984 1627 1663 1660 1657 1630 1602 1607 1633
834.979004 1620 1652 1670 1652 1630 1604 1612 1621
834.999023 1631 1670 1655 1636 1622 1598 1605 1621
835.018982 1620 1667 1667 1654 1622 1609 1602 1626
835.039978 1636 1642 1669 1658 1620 1606 1602 1626
835.059998 1608 1665 1657 1651 1612 1612 1602 1622
835.080017 1636 1656 1676 1648 1619 1598 1598 1641
835.101013 1633 1663 1667 1638 1613 1594 1610 1613
835.120972 1633 1653 1657 1657 1627 1603 1617 1621
835.140991 1642 1653 1666 1655 1630 1607 1591 1635
835.161011 1612 1657 1674 1656 1621 1602 1603 1609
835.182007 1631 1656 1655 1662 1633 1612 1611 1632
835.202026 1633 1653 1670 1658 1635 1590 1610 1630
835.221985 1623 1651 1668 1654 1623 1603 1609 1633
835.242004 1635 1661 1674 1648 1613 1606 1591 1634
835.263 1640 1671 1672 1652 1618 1607 1600 1640
835.28302 1634 1666 1665 1656 1629 1604 1613 1634
835.302979 1629 1653 1674 1645 1623 1596 1602 1620
835.322998 1623 1655 1668 1641 1625 1611 1605 1622
835.343994 1630 1656 1679 1662 1611 1597 1611 1620
835.364014 1627 1655 1662 1654 1619 1605 1594 1623
835.383972 1629 1648 1663 1652 1610 1596 1597 1629
835.403992 1637 1658 1660 1661 1623 1600 1603 1619
835.424988 1630 1663 1661 1667 1619 1602 1608 1622
835.445007 1625 1660 1667 1650 1623 1593 1601 1629
835.465027 1622 1656 1671 1647 1639 1604 1605 1644
835.486023 1642 1657 1664 1647 1619 1605 1604 1624
835.505981 1630 1654 1660 1659 1618 1604 1595 1648
835.526001 1631 1665 1666 1651 1614 1607 1597 1634
835.546021 1625 1658 1663 1648 1626 1591 1607 1624
835.567017 1629 1643 1662 1653 1632 1599 1607 1618
835.586975 1631 1666 1673 1648 1618 1599 1605 1633
835.606995 1620 1646 1669 1660 1621 1599 1608 1631
835.627014 1616 1645 1664 1651 1614 1593 1604 1624
835.64801 1626 1658 1664 1648 1621 1590 1584 1625
835.66803 1627 1655 1653 1638 1628 1599 1605 1627
835.687988 1639 1660 1663 1657 1620 1604 1608 1621
835.708008 1638 1658 1652 1648 1622 1596 1595 1613
835.729004 1621 1665 1651 1648 1630 1604 1607 1626
835.749023 1624 1650 1677 1643 1624 1613 1603 1641
835.768982 1635 1658 1669 1659 1626 1607 1601 1630
835.789001 1627 1645 1651 1656 1625 1600 1592 1624
835.809998 1630 1659 1664 1648 1613 1587 1597 1619
835.830017 1622 1657 1671 1639 1619 1605 1609 1623
835.849976 1624 1659 1680 1649 1639 1594 1601 1636
835.869995 1632 1649 1664 1641 1633 1606 1610 1632
835.890991 1631 1658 1679 1648 1615 1602 1614 1608
835.911011 1622 1661 1669 1648 1621 1602 1616 1617
835.93103 1638 1656 1661 1645 1621 1600 1601 1630
835.950989 1631 1651 1676 1660 1627 1586 1605 1623
835.971985 1632 1666 1664 1661 1621 1606 1595 1625
835.992004 1639 1679 1656 1644 1618 1603 1607 1624
836.012024 1646 1672 1676 1654 1623 1605 1609 1632
836.031982 1632 1651 1659 1645 1629 1598 1605 1633
836.052002 1630 1660 1675 1653 1628 1604 1602 1629
836.072998 1637 1665 1676 1657 1631 1607 1614 1620
836.093018 1622 1670 1651 1651 1623 1610 1610 1638
836.112976 1627 1657 1680 1655 1623 1591 1606 1631
836.132996 1637 1653 1670 1650 1617 1612 1604 1636
836.153992 1634 1664 1676 1642 1622 1607 1585 1618
836.174011 1631 1662 1673 1663 1625 1603 1605 1630
836.19397 1624 1649 1670 1672 1630 1612 1593 1623
836.213989 1640 1665 1662 1666 1610 1599 1595 1624
836.234985 1624 1652 1673 1658 1633 1598 1616 1632
836.255005 1618 1651 1671 1646 1619 1607 1602 1634
836.275024 1634 1656 1671 1660 1627 1602 1601 1631
836.294983 1636 1655 1664 1660 1628 1602 1608 1634
836.315979 1628 1656 1668 1642 1625 1604 1602 1632
836.335999 1632 1660 1673 1652 1617 1593 1608 1625
836.356018 1629 1645 1674 1659 1623 1598 1587 1626
836.375977 1615 1669 1654 1649 1619 1608 1608 1621
836.395996 1636 1678 1661 1656 1625 1600 1597 1623
836.416992 1623 1664 1661 1632 1630 1603 1599 1638
836.437012 1634 1660 1668 1648 1611 1603 1606 1629
836.45697 1636 1669 1663 1652 1618 1619 1606 1632
836.47699 1636 1659 1670 1656 1623 1603 1605 1624
836.497986 1621 1661 1668 1663 1628 1614 1606 1628
836.518005 1632 1669 1672 1654 1616 1601 1609 1638
836.538025 1642 1658 1673 1659 1632 1599 1615 1641
836.557983 1633 1663 1675 1669 1620 1609 1609 1631
836.578979 1631 1664 1669 1661 1622 1617 1608 1637
836.598999 1640 1671 1671 1639 1623 1604 1620 1639
836.619019 1629 1671 1671 1665 1617 1602 1603 1623
836.638977 1629 1663 1680 1648 1619 1603 1608 1634
836.658997 1637 1675 1676 1660 1618 1611 1599 1632
836.679993 1641 1656 1663 1651 1631 1603 1596 1632
836.700012 1630 1653 1656 1649 1618 1597 1603 1630
836.719971 1641 1667 1662 1660 1614 1597 1599 1634
836.73999 1633 1652 1687 1666 1630 1609 1601 1634
836.760986 1621 1666 1655 1657 1625 1605 1604 1642
836.781006 1634 1656 1685 1638 1625 1601 1602 1620
836.801025 1637 1662 1673 1641 1628 1618 1605 1638
836.820984 1636 1676 1660 1655 1620 1605 1601 1633
836.841003 1631 1650 1668 1656 1630 1600 1609 1620
836.862 1642 1674 1669 1666 1635 1589 1605 1634
836.882019 1621 1662 1672 1649 1642 1620 1610 1624
836.901978 1631 1666 1696 1658 1612 1602 1606 1624
836.921997 1636 1672 1674 1665 1624 1610 1605 1644
836.942993 1643 1668 1679 1645 1613 1601 1607 1621
836.963013 1635 1666 1680 1665 1630 1599 1608 1634
836.982971 1634 1677 1670 1656 1638 1603 1611 1625
837.002991 1639 1659 1695 1660 1637 1604 1608 1629
837.02301 1640 1665 1688 1660 1634 1608 1607 1634
837.044006 1635 1675 1676 1672 1628 1611 1621 1649
837.064026 1642 1680 1689 1705 1629 1624 1629 1637
837.083984 1659 1678 1687 1672 1634 1626 1613 1648
837.104004 1670 1687 1702 1678 1649 1629 1612 1636
837.124023 1655 1683 1705 1679 1642 1634 1621 1667
837.14502 1654 1694 1699 1682 1644 1632 1636 1659
837.164978 1653 1680 1694 1678 1641 1634 1636 1653
837.184998 1666 1685 1701 1683 1644 1633 1622 1646
837.205017 1670 1688 1713 1694 1644 1638 1633 1668
837.224976 1655 1700 1702 1690 1660 1630 1621 1654
837.245972 1672 1694 1696 1688 1647 1620 1634 1656
837.265991 1653 1703 1698 1688 1650 1621 1632 1639
837.286011 1660 1685 1723 1680 1652 1633 1629 1659
837.30603 1659 1702 1700 1688 1649 1621 1631 1650
837.325989 1673 1683 1701 1676 1648 1633 1636 1663
837.346985 1654 1688 1701 1689 1643 1637 1622 1653
837.367004 1665 1704 1700 1688 1652 1627 1634 1655
837.387024 1660 1687 1695 1699 1649 1627 1627 1668
837.406982 1653 1696 1703 1673 1644 1628 1628 1652
837.427002 1661 1699 1713 1665 1632 1614 1624 1658
837.447998 1658 1690 1692 1698 1651 1628 1630 1650
837.468018 1660 1703 1696 1695 1646 1617 1628 1654
837.487976 1656 1700 1696 1678 1642 1627 1635 1658
837.507996 1638 1696 1692 1693 1655 1627 1632 1661
837.528992 1654 1679 1720 1671 1652 1624 1626 1667
837.549011 1664 1686 1698 1684 1658 1627 1623 1656
837.56897 1650 1696 1714 1673 1647 1613 1644 1636
837.588989 1650 1694 1693 1683 1658 1615 1647 1679
837.609009 1667 1704 1701 1697 1662 1616 1631 1659
837.629028 1653 1694 1725 1686 1635 1636 1633 1670
837.650024 1653 1698 1708 1696 1644 1628 1622 1662
837.669983 1665 1703 1729 1706 1654 1635 1646 1671
837.690002 1663 1679 1720 1690 1650 1625 1623 1655
837.710022 1667 1690 1729 1694 1655 1629 1629 1660
837.72998 1664 1705 1717 1696 1671 1628 1635 1655
837.750977 1660 1700 1703 1688 1666 1636 1637 1678
837.770996 1671 1704 1714 1690 1648 1630 1653 1656
837.791016 1666 1692 1710 1695 1668 1636 1635 1665
837.810974 1653 1704 1735 1688 1644 1627 1632 1656
837.830994 1668 1700 1717 1699 1660 1616 1630 1663
837.85199 1680 1703 1719 1704 1667 1621 1637 1669
837.872009 1674 1721 1701 1696 1669 1642 1640 1661
837.892029 1660 1713 1732 1703 1667 1630 1624 1673
837.911987 1675 1697 1723 1687 1670 1638 1641 1679
837.932007 1675 1698 1714 1701 1673 1644 1642 1671
837.953003 1669 1721 1743 1698 1660 1636 1632 1675
837.973022 1659 1716 1728 1709 1676 1633 1647 1671
837.992981 1667 1708 1744 1709 1663 1633 1626 1667
838.013 1684 1711 1719 1712 1657 1627 1645 1670
838.03302 1684 1734 1709 1703 1660 1639 1633 1684
838.052979 1671 1731 1739 1713 1669 1639 1639 1680
838.073975 1671 1718 1733 1710 1672 1623 1632 1668
838.093994 1684 1723 1753 1726 1667 1644 1640 1677
838.114014 1689 1719 1751 1716 1669 1640 1653 1674
838.133972 1686 1720 1755 1721 1682 1652 1637 1682
838.153992 1684 1743 1766 1723 1672 1648 1651 1680
838.174011 1675 1721 1745 1718 1667 1628 1656 1688
838.195007 1693 1749 1763 1730 1669 1636 1636 1692
838.215027 1704 1754 1757 1746 1702 1649 1651 1695
838.234985 1693 1743 1762 1740 1681 1649 1640 1682
838.255005 1687 1768 1760 1743 1687 1644 1652 1697
838.275024 1701 1750 1771 1738 1691 1645 1636 1690
838.296021 1702 1747 1786 1741 1686 1637 1656 1711
838.315979 1706 1753 1783 1754 1689 1655 1643 1706
838.335999 1694 1745 1788 1759 1688 1644 1644 1714
838.356018 1699 1762 1762 1760 1694 1645 1630 1700
838.375977 1696 1760 1793 1750 1688 1626 1646 1684
838.395996 1694 1770 1786 1751 1697 1630 1656 1687
838.416992 1698 1787 1770 1770 1694 1637 1663 1699
838.437012 1704 1774 1785 1779 1687 1640 1651 1707
838.45697 1715 1769 1803 1759 1692 1648 1641 1705
838.47699 1721 1801 1812 1772 1690 1638 1631 1696
838.497009 1714 1789 1836 1798 1700 1650 1640 1717
838.517029 1719 1786 1828 1786 1701 1644 1654 1707
838.538025 1731 1783 1802 1774 1710 1654 1654 1730
838.557983 1727 1802 1833 1787 1699 1642 1644 1725
838.578003 1727 1788 1831 1794 1719 1645 1644 1713
838.598022 1725 1789 1820 1784 1718 1656 1661 1719
838.617981 1732 1801 1826 1797 1718 1651 1656 1704
838.638 1713 1782 1827 1809 1717 1653 1654 1728
838.658997 1735 1814 1838 1811 1715 1653 1656 1726
838.679016 1732 1805 1836 1796 1714 1642 1657 1713
838.698975 1716 1825 1843 1809 1727 1635 1652 1733
838.718994 1743 1826 1866 1810 1721 1648 1658 1730
838.739014 1719 1813 1854 1820 1719 1646 1664 1729
838.758972 1731 1822 1864 1822 1731 1635 1661 1722
838.780029 1722 1843 1867 1816 1731 1655 1656 1749
838.799988 1745 1818 1852 1815 1720 1648 1657 1723
838.820007 1752 1832 1854 1814 1718 1646 1655 1733
838.840027 1754 1816 1860 1824 1723 1651 1655 1742
838.859985 1737 1833 1859 1824 1739 1651 1653 1756
838.880005 1749 1828 1877 1815 1735 1652 1655 1740
838.901001 1747 1838 1848 1832 1735 1648 1652 1737
838.921021 1734 1828 1874 1853 1728 1657 1663 1720
838.940979 1738 1842 1911 1835 1733 1653 1661 1736
838.960999 1749 1839 1873 1846 1735 1654 1657 1736
838.981018 1741 1847 1864 1831 1730 1656 1667 1758
839.000977 1747 1841 1877 1837 1743 1655 1663 1737
839.020996 1733 1833 1886 1814 1730 1654 1665 1738
839.041992 1746 1827 1896 1828 1741 1662 1677 1743
839.062012 1737 1836 1887 1821 1740 1667 1664 1756
839.08197 1740 1854 1889 1840 1745 1647 1661 1736
839.10199 1739 1831 1887 1821 1745 1654 1664 1747
839.122009 1747 1849 1894 1843 1737 1646 1666 1740
839.142029 1765 1837 1888 1839 1733 1661 1668 1735
839.161987 1744 1847 1901 1824 1748 1669 1657 1739
839.182983 1749 1866 1903 1845 1742 1659 1675 1755
839.203003 1759 1848 1881 1850 1740 1667 1684 1742
839.223022 1734 1886 1869 1868 1761 1659 1662 1740
839.242981 1762 1869 1898 1862 1754 1668 1650 1760
839.263 1759 1850 1904 1859 1731 1654 1670 1767
839.28302 1757 1902 1914 1838 1742 1656 1666 1742
839.304016 1755 1868 1903 1864 1750 1661 1672 1754
839.323975 1755 1881 1901 1876 1755 1677 1670 1759
839.343994 1767 1887 1920 1848 1759 1673 1674 1758
839.364014 1760 1875 1922 1879 1759 1683 1680 1769
839.383972 1778 1880 1916 1895 1753 1660 1662 1765
839.403992 1762 1891 1926 1882 1763 1679 1668 1779
839.424011 1776 1889 1938 1875 1750 1664 1685 1763
839.445007 1773 1896 1943 1888 1786 1681 1664 1778
839.465027 1798 1904 1948 1907 1779 1674 1672 1791
839.484985 1790 1899 1945 1911 1782 1700 1682 1786
839.505005 1795 1921 1962 1899 1791 1686 1691 1788
839.525024 1797 1924 1965 1938 1792 1691 1708 1786
839.544983 1796 1953 1984 1922 1811 1691 1704 1813
839.565002 1819 1943 1967 1937 1802 1699 1704 1808
839.585999 1816 1955 2025 1947 1809 1694 1699 1815
839.606018 1819 1962 1988 1973 1835 1714 1706 1824
839.625977 1820 1980 2020 1990 1821 1710 1711 1840
839.645996 1855 1958 2037 1987 1832 1698 1696 1827
839.666016 1844 2004 2021 1991 1837 1711 1698 1839
839.685974 1871 2014 2080 1988 1862 1715 1723 1859
839.705994 1866 2036 2053 2029 1877 1715 1727 1841
839.726013 1867 2023 2074 2009 1869 1717 1732 1887
839.747009 1871 2033 2082 2020 1846 1725 1728 1845
839.767029 1897 2048 2100 2038 1859 1727 1722 1878
839.786987 1899 2080 2137 2050 1882 1730 1710 1883
839.807007 1897 2094 2132 2062 1898 1752 1744 1902
839.827026 1909 2067 2161 2058 1896 1724 1764 1907
839.846985 1943 2104 2148 2077 1905 1747 1776 1909
839.867004 1935 2094 2186 2098 1915 1762 1745 1911
839.887024 1932 2116 2164 2096 1919 1752 1771 1937
839.90802 1954 2107 2184 2114 1936 1785 1775 1935
839.927979 1956 2145 2184 2112 1926 1790 1762 1942
839.947998 1987 2157 2230 2134 1924 1761 1776 1965
839.968018 1981 2177 2239 2128 1952 1764 1764 1944
839.987976 1993 2160 2224 2191 1968 1787 1769 1942
840.007996 1965 2176 2213 2185 1961 1766 1777 1960
840.028015 1975 2178 2269 2163 1980 1779 1771 1976
840.047974 2009 2188 2265 2177 1969 1788 1781 1987
840.06897 1995 2179 2255 2183 1957 1760 1802 1965
840.088989 2005 2200 2296 2156 1994 1788 1786 1965
840.109009 1992 2165 2271 2179 1959 1786 1782 1959
840.129028 1982 2186 2266 2163 1959 1762 1785 1973
840.148987 1977 2198 2252 2161 1961 1765 1780 1993
840.169006 1979 2195 2254 2173 1951 1766 1755 1967
840.189026 1971 2189 2252 2159 1943 1766 1772 1981
840.208984 1962 2178 2220 2179 1964 1770 1757 1972
840.22998 1964 2141 2225 2103 1933 1740 1752 1931
840.25 1941 2150 2231 2121 1926 1758 1757 1934
840.27002 1930 2103 2232 2131 1929 1735 1772 1917
840.289978 1914 2138 2189 2116 1921 1743 1744 1934
840.309998 1912 2102 2165 2112 1898 1762 1747 1894
840.330017 1894 2087 2146 2054 1883 1730 1746 1888
840.349976 1904 2078 2155 2080 1875 1737 1752 1907
840.369995 1886 2059 2125 2068 1885 1714 1727 1887
840.390015 1886 2050 2098 2052 1893 1699 1739 1866
840.411011 1860 2048 2087 2078 1838 1732 1718 1856
840.43103 1833 2027 2076 2012 1835 1705 1711 1837
840.450989 1843 1996 2054 1997 1837 1688 1717 1848
840.471008 1842 1974 2031 1985 1810 1686 1703 1842
840.491028 1819 1940 2022 1945 1790 1678 1689 1806
840.510986 1815 1944 2004 1922 1804 1689 1668 1802
840.531006 1798 1935 1988 1917 1790 1679 1687 1789
840.551025 1777 1898 1996 1925 1791 1682 1670 1809
840.570984 1789 1922 1962 1884 1771 1678 1668 1785
840.59198 1811 1910 1945 1904 1751 1675 1664 1757
840.612 1762 1885 1925 1881 1757 1652 1652 1743
840.632019 1737 1880 1915 1881 1735 1656 1654 1744
840.651978 1747 1848 1894 1873 1728 1660 1661 1744
840.671997 1730 1846 1886 1839 1720 1650 1642 1730
840.692017 1729 1816 1883 1822 1734 1652 1660 1712
840.711975 1729 1828 1847 1813 1722 1636 1656 1713
840.731995 1709 1810 1873 1795 1712 1640 1648 1700
840.752014 1722 1802 1856 1784 1702 1632 1636 1707
840.771973 1726 1801 1838 1764 1709 1635 1638 1688
840.79303 1696 1779 1818 1784 1698 1627 1627 1707
840.812988 1698 1791 1831 1764 1709 1624 1619 1700
840.833008 1692 1774 1808 1766 1699 1639 1628 1703
840.853027 1681 1768 1786 1773 1690 1622 1636 1692
840.872986 1687 1772 1780 1753 1675 1637 1628 1680
840.893005 1684 1776 1807 1760 1674 1620 1630 1682
840.913025 1685 1737 1786 1740 1682 1632 1631 1679
840.932983 1682 1736 1784 1750 1665 1616 1625 1678
840.953003 1686 1743 1787 1760 1675 1622 1625 1680
840.973022 1666 1752 1783 1758 1662 1628 1621 1672
840.994019 1675 1731 1766 1728 1679 1620 1610 1686
841.013977 1666 1749 1748 1729 1664 1602 1607 1669
841.033997 1687 1734 1770 1731 1657 1620 1620 1677
841.054016 1680 1746 1749 1718 1647 1609 1621 1667
841.073975 1667 1724 1742 1720 1641 1619 1619 1670
841.093994 1673 1744 1756 1727 1656 1622 1608 1650
841.114014 1659 1731 1752 1726 1657 1622 1619 1668
841.133972 1652 1715 1747 1706 1655 1619 1615 1651
841.153992 1669 1717 1723 1710 1658 1617 1623 1667
841.174011 1659 1704 1737 1726 1649 1615 1627 1662
841.19397 1675 1705 1736 1712 1648 1617 1605 1663
841.215027 1658 1722 1735 1709 1653 1622 1619 1662
841.234985 1662 1713 1737 1723 1642 1605 1611 1649
841.255005 1663 1717 1737 1686 1660 1625 1615 1661
841.275024 1655 1717 1719 1696 1671 1614 1612 1656
841.294983 1661 1699 1729 1716 1651 1615 1621 1643
841.315002 1639 1706 1724 1711 1664 1604 1617 1658
841.335022 1654 1728 1719 1690 1657 1612 1611 1659
841.35498 1657 1709 1728 1717 1670 1613 1620 1662
841.375 1661 1704 1717 1692 1659 1603 1609 1643
841.39502 1644 1709 1734 1697 1642 1611 1620 1651
841.414978 1657 1704 1733 1692 1640 1607 1614 1652
841.434998 1658 1691 1710 1689 1651 1613 1610 1657
841.455994 1645 1711 1726 1702 1646 1617 1612 1652
841.476013 1639 1708 1716 1694 1641 1606 1602 1645
841.495972 1654 1706 1731 1676 1644 1600 1616 1654
841.515991 1642 1695 1713 1688 1655 1621 1609 1649
841.536011 1661 1700 1708 1700 1639 1614 1623 1651
841.55603 1652 1688 1714 1692 1654 1620 1628 1654
841.575989 1644 1704 1717 1695 1636 1609 1610 1657
841.596008 1647 1694 1710 1698 1640 1620 1617 1650
841.616028 1654 1716 1713 1687 1650 1620 1615 1649
841.635986 1649 1688 1703 1685 1643 1602 1621 1653
841.656006 1634 1697 1701 1699 1656 1617 1610 1646
841.676025 1658 1699 1707 1687 1640 1611 1613 1648
841.695984 1648 1688 1717 1696 1656 1618 1615 1652
841.716003 1650 1680 1709 1688 1635 1612 1624 1631
841.737 1653 1698 1717 1713 1657 1610 1606 1667
841.757019 1644 1705 1725 1690 1660 1621 1600 1659
841.776978 1640 1681 1701 1697 1640 1612 1619 1655
841.796997 1648 1703 1704 1673 1648 1622 1618 1655
841.817017 1647 1696 1705 1692 1663 1612 1604 1655
841.836975 1650 1685 1716 1693 1662 1619 1611 1645
841.856995 1650 1699 1716 1684 1639 1609 1611 1668
841.877014 1660 1690 1716 1688 1639 1604 1617 1642
841.896973 1659 1683 1705 1683 1647 1608 1616 1656
841.916992 1638 1702 1701 1691 1635 1608 1627 1643
841.937012 1650 1702 1711 1668 1637 1614 1619 1657
841.95697 1659 1698 1723 1686 1652 1610 1620 1643
841.97699 1647 1693 1704 1676 1641 1627 1614 1650
841.997009 1646 1693 1714 1698 1634 1608 1615 1652
842.018005 1653 1693 1703 1698 1643 1602 1605 1647
842.038025 1656 1690 1709 1682 1637 1619 1618 1639
842.057983 1651 1690 1689 1682 1628 1608 1610 1666
842.078003 1658 1690 1707 1686 1638 1612 1620 1632
842.098022 1655 1694 1688 1688 1642 1618 1611 1640
842.117981 1636 1686 1704 1691 1647 1610 1613 1641
842.138 1656 1664 1693 1666 1628 1611 1610 1648
842.15802 1651 1694 1707 1653 1640 1610 1616 1639
842.177979 1650 1691 1701 1690 1654 1607 1609 1643
842.197998 1652 1691 1700 1674 1649 1619 1609 1644
842.218018 1640 1703 1695 1685 1656 1617 1629 1646
842.237976 1655 1688 1698 1675 1647 1592 1618 1629
842.257996 1641 1686 1709 1680 1633 1600 1608 1657
842.278015 1659 1691 1707 1683 1636 1600 1619 1646
842.297974 1634 1698 1701 1681 1637 1605 1611 1648
842.317993 1648 1688 1708 1673 1628 1606 1599 1650
842.338013 1649 1685 1722 1671 1650 1601 1611 1637
842.357971 1642 1690 1709 1674 1647 1611 1613 1637
842.379028 1649 1685 1705 1696 1630 1612 1608 1652
842.398987 1638 1676 1702 1687 1632 1607 1609 1640
842.419006 1638 1686 1707 1676 1637 1599 1615 1632
842.439026 1643 1674 1697 1687 1622 1605 1618 1656
842.458984 1644 1687 1703 1675 1632 1612 1602 1640
842.479004 1642 1680 1696 1679 1640 1624 1617 1639
842.499023 1639 1690 1698 1671 1623 1616 1615 1638
842.518982 1647 1696 1696 1670 1623 1609 1608 1639
842.539001 1649 1676 1699 1684 1646 1608 1608 1646
842.559021 1658 1684 1693 1657 1630 1607 1601 1640
842.578979 1643 1668 1689 1680 1635 1609 1596 1645
842.598999 1650 1691 1703 1665 1653 1598 1616 1634
842.619019 1648 1687 1693 1671 1638 1599 1602 1635
842.638977 1647 1688 1708 1671 1632 1617 1600 1644
842.658997 1637 1703 1695 1686 1642 1615 1613 1646
842.679016 1652 1690 1709 1687 1628 1616 1604 1639
842.698975 1648 1713 1704 1686 1637 1624 1611 1641
842.718994 1648 1694 1708 1687 1646 1593 1615 1649
842.739014 1643 1693 1718 1668 1638 1612 1607 1639
842.758972 1630 1695 1702 1688 1648 1610 1613 1646
842.778992 1648 1694 1685 1702 1653 1611 1618 1645
842.799011 1650 1701 1718 1683 1641 1608 1616 1661
842.820007 1644 1696 1695 1686 1632 1603 1609 1641
842.840027 1661 1708 1726 1683 1650 1621 1611 1642
842.859985 1669 1683 1710 1679 1627 1619 1614 1637
842.880005 1655 1689 1719 1677 1642 1609 1622 1657
842.900024 1651 1713 1708 1696 1648 1614 1607 1646
842.919983 1656 1696 1706 1689 1636 1599 1628 1647
842.940002 1653 1687 1715 1703 1642 1611 1614 1647
842.960022 1653 1683 1711 1684 1645 1605 1609 1657
842.97998 1640 1704 1707 1664 1641 1612 1613 1651
843 1658 1688 1727 1690 1628 1616 1612 1653
843.02002 1647 1696 1708 1687 1635 1626 1610 1635
843.039978 1637 1696 1691 1680 1634 1607 1614 1643
843.059998 1649 1688 1706 1696 1641 1608 1598 1656
843.080017 1636 1707 1714 1688 1632 1626 1617 1652
843.099976 1646 1705 1703 1684 1637 1617 1612 1640
843.119995 1657 1688 1705 1685 1640 1605 1609 1654
843.140015 1635 1678 1698 1681 1640 1601 1622 1643
843.159973 1642 1680 1720 1675 1638 1620 1610 1646
843.179993 1641 1696 1710 1678 1632 1615 1614 1645
843.200012 1634 1682 1710 1683 1653 1604 1616 1633
843.219971 1649 1685 1696 1675 1636 1618 1612 1640
843.23999 1644 1679 1704 1684 1633 1619 1610 1657
843.26001 1649 1707 1702 1693 1633 1607 1623 1647
843.280029 1639 1675 1711 1672 1636 1619 1606 1643
843.299988 1638 1682 1699 1682 1641 1617 1610 1640
843.320007 1649 1698 1708 1692 1637 1615 1603 1636
843.340027 1639 1674 1702 1684 1638 1612 1626 1643
843.359985 1654 1699 1690 1672 1646 1602 1611 1665
843.380005 1648 1689 1717 1677 1638 1618 1603 1645
843.400024 1648 1695 1706 1673 1656 1610 1599 1647
843.419983 1644 1694 1704 1699 1637 1616 1617 1642
843.440002 1635 1680 1697 1667 1641 1615 1618 1646
843.460022 1647 1697 1705 1677 1643 1621 1620 1652
843.47998 1643 1685 1707 1692 1645 1612 1607 1654
843.5 1650 1682 1703 1691 1636 1607 1607 1643
843.52002 1656 1686 1699 1688 1649 1600 1616 1631
843.539978 1635 1694 1707 1700 1653 1607 1604 1640
843.559998 1641 1702 1705 1676 1647 1607 1616 1654
843.580994 1644 1687 1709 1693 1641 1618 1610 1649
843.601013 1639 1687 1709 1672 1650 1606 1611 1647
843.620972 1651 1694 1721 1673 1645 1602 1602 1653
843.640991 1646 1676 1709 1690 1635 1608 1617 1655
843.661011 1650 1679 1697 1685 1639 1613 1615 1639
843.68103 1649 1683 1702 1678 1646 1612 1616 1661
843.700989 1650 1714 1709 1691 1638 1626 1612 1625
843.721008 1645 1698 1692 1684 1639 1615 1607 1644
843.741028 1640 1683 1704 1676 1635 1625 1611 1644
843.760986 1640 1690 1713 1696 1641 1606 1615 1651
843.781006 1652 1699 1697 1668 1642 1612 1603 1636
843.801025 1655 1688 1713 1687 1638 1620 1605 1656
843.820984 1645 1696 1705 1691 1636 1611 1611 1651
843.841003 1646 1693 1706 1677 1641 1618 1611 1636
843.861023 1643 1689 1714 1688 1642 1612 1605 1632
843.880981 1650 1673 1700 1671 1640 1614 1603 1645
843.901001 1653 1695 1697 1666 1638 1611 1613 1641
843.921021 1646 1687 1702 1692 1638 1623 1613 1652
843.940979 1649 1681 1710 1678 1638 1611 1613 1647
843.960999 1639 1691 1714 1689 1652 1610 1600 1642
843.981018 1645 1691 1692 1671 1649 1603 1614 1642
844.000977 1638 1691 1714 1679 1644 1614 1585 1650
844.020996 1648 1684 1703 1682 1642 1607 1618 1642
844.041016 1647 1703 1702 1678 1640 1611 1606 1657
844.060974 1644 1687 1717 1684 1641 1616 1598 1648
844.080994 1672 1691 1717 1679 1650 1596 1611 1629
844.101013 1658 1692 1720 1684 1649 1607 1607 1638
844.120972 1641 1689 1706 1684 1647 1597 1608 1640
844.140991 1641 1693 1715 1672 1651 1607 1616 1659
844.161011 1654 1700 1696 1687 1622 1628 1608 1642
844.18103 1646 1691 1707 1682 1643 1602 1603 1638
844.200989 1643 1695 1715 1684 1644 1622 1613 1637
844.221008 1648 1705 1707 1677 1636 1616 1621 1643
844.241028 1638 1683 1713 1693 1628 1617 1618 1647
844.260986 1643 1709 1723 1673 1635 1611 1600 1640
844.281006 1663 1690 1718 1687 1641 1610 1619 1643
844.301025 1646 1680 1703 1672 1631 1614 1604 1636
844.320984 1645 1688 1716 1672 1627 1611 1610 1643
844.341003 1633 1692 1705 1696 1636 1606 1613 1646
844.361023 1647 1685 1721 1685 1635 1618 1606 1652
844.380981 1646 1684 1705 1670 1642 1610 1606 1636
844.401001 1647 1689 1704 1682 1646 1611 1629 1628
844.421021 1648 1697 1713 1668 1639 1602 1596 1648
844.440979 1643 1691 1710 1707 1637 1611 1619 1631
844.460999 1643 1693 1702 1698 1641 1618 1597 1663
844.481018 1646 1682 1712 1682 1636 1613 1619 1641
844.500977 1632 1691 1714 1682 1632 1610 1614 1632
844.520996 1650 1708 1699 1674 1629 1611 1592 1639
844.541016 1641 1686 1706 1688 1638 1609 1611 1639
844.559998 1641 1680 1708 1681 1632 1603 1597 1641
844.580017 1634 1694 1687 1681 1642 1593 1600 1653
844.599976 1638 1675 1709 1678 1636 1600 1605 1628
844.619995 1643 1685 1688 1688 1637 1610 1606 1651
844.640015 1644 1673 1679 1683 1649 1599 1605 1652
844.659973 1640 1691 1698 1688 1639 1601 1625 1649
844.679993 1630 1701 1708 1683 1624 1607 1605 1643
844.700012 1640 1688 1703 1673 1623 1606 1616 1648
844.719971 1646 1669 1686 1679 1650 1606 1592 1648
844.73999 1638 1699 1700 1675 1646 1606 1606 1642
844.76001 1650 1678 1704 1681 1625 1605 1604 1643
844.780029 1642 1705 1695 1671 1642 1602 1602 1630
844.799988 1639 1682 1707 1684 1632 1603 1612 1634
844.820007 1638 1690 1700 1665 1633 1592 1594 1641
844.840027 1644 1676 1707 1687 1646 1604 1614 1637
844.859985 1634 1693 1693 1685 1629 1599 1605 1648
844.880005 1639 1699 1685 1680 1638 1602 1606 1641
844.900024 1643 1696 1700 1688 1642 1603 1601 1644
844.919983 1629 1695 1690 1673 1624 1593 1610 1648
844.940002 1651 1673 1700 1677 1634 1596 1600 1646
844.960022 1650 1696 1704 1673 1633 1616 1614 1638
844.97998 1640 1680 1719 1681 1632 1604 1620 1631
845 1639 1667 1708 1668 1645 1602 1599 1646
845.02002 1641 1694 1706 1681 1648 1618 1593 1633
845.039978 1646 1682 1720 1682 1637 1599 1598 1647
845.059998 1645 1687 1706 1676 1633 1612 1603 1633
845.080017 1653 1690 1703 1687 1628 1603 1610 1644
845.099976 1642 1680 1713 1676 1632 1621 1618 1639
845.119995 1632 1681 1700 1678 1636 1610 1612 1646
845.140015 1640 1691 1715 1663 1629 1610 1612 1638
845.159973 1638 1696 1715 1689 1642 1616 1605 1646
845.179993 1637 1682 1695 1677 1626 1612 1615 1634
845.200012 1647 1681 1714 1682 1629 1610 1604 1634
845.219971 1644 1688 1714 1681 1641 1607 1616 1654
845.23999 1648 1676 1707 1687 1644 1616 1591 1648
845.26001 1645 1695 1710 1702 1640 1611 1609 1654
845.280029 1647 1682 1713 1679 1637 1617 1604 1651
845.299011 1649 1683 1716 1680 1648 1603 1620 1653
845.31897 1651 1698 1715 1688 1634 1598 1614 1652
845.338989 1642 1682 1708 1679 1648 1607 1609 1636
845.359009 1653 1686 1705 1689 1644 1596 1616 1653
845.379028 1638 1698 1703 1677 1645 1603 1602 1647
845.398987 1644 1711 1710 1673 1641 1621 1614 1667
845.419006 1653 1692 1729 1691 1643 1616 1611 1668
845.439026 1654 1702 1706 1689 1659 1616 1614 1639
845.458984 1653 1714 1724 1684 1648 1606 1613 1651
845.479004 1643 1697 1710 1686 1647 1603 1619 1644
845.499023 1646 1704 1703 1691 1651 1598 1616 1650
845.518982 1662 1707 1716 1703 1661 1617 1610 1653
845.539001 1656 1695 1730 1698 1653 1621 1630 1657
845.559021 1655 1692 1729 1692 1649 1609 1620 1666
845.578979 1666 1708 1744 1689 1652 1614 1615 1665
845.598999 1665 1707 1719 1702 1667 1609 1618 1659
845.619019 1657 1713 1724 1697 1654 1606 1610 1659
845.638977 1647 1695 1720 1702 1653 1619 1619 1646
845.658997 1655 1715 1713 1706 1658 1627 1611 1659
845.679016 1659 1715 1715 1702 1649 1607 1610 1649
845.698975 1661 1704 1721 1709 1648 1611 1611 1653
845.718994 1674 1715 1721 1704 1655 1608 1626 1662
845.737976 1660 1709 1721 1702 1646 1625 1622 1655
845.757996 1657 1722 1726 1694 1662 1622 1618 1671
845.778015 1671 1702 1733 1695 1658 1621 1619 1666
845.797974 1654 1700 1737 1711 1653 1621 1607 1659
845.817993 1664 1720 1722 1689 1650 1615 1618 1643
845.838013 1670 1707 1735 1701 1651 1621 1624 1666
845.857971 1661 1713 1728 1687 1647 1620 1620 1657
845.877991 1648 1714 1719 1710 1651 1602 1613 1651
845.89801 1653 1719 1711 1718 1652 1631 1627 1654
845.91803 1671 1693 1729 1705 1646 1607 1612 1666
845.937988 1658 1704 1723 1689 1678 1624 1612 1669
845.958008 1649 1719 1713 1710 1640 1616 1613 1665
845.978027 1661 1716 1726 1708 1645 1614 1618 1658
845.997986 1662 1720 1724 1707 1655 1618 1621 1674
846.018005 1654 1720 1745 1719 1641 1625 1603 1658
846.038025 1669 1718 1721 1713 1653 1624 1626 1659
846.057983 1661 1706 1740 1692 1659 1616 1616 1645
846.078003 1659 1707 1742 1700 1651 1606 1618 1653
846.096985 1670 1713 1737 1722 1649 1620 1628 1663
846.117004 1678 1702 1727 1712 1662 1625 1615 1668
846.137024 1651 1725 1745 1694 1655 1624 1610 1651
846.156982 1649 1707 1728 1706 1647 1613 1626 1658
846.177002 1659 1720 1729 1716 1662 1619 1618 1656
846.197021 1665 1710 1736 1696 1649 1622 1612 1649
846.21698 1657 1708 1724 1708 1671 1617 1619 1648
846.237 1664 1709 1750 1709 1657 1614 1614 1660
846.257019 1676 1715 1722 1713 1648 1618 1608 1676
846.276978 1644 1711 1728 1693 1664 1620 1613 1651
846.296997 1649 1705 1728 1703 1657 1604 1619 1659
846.317017 1660 1720 1729 1688 1652 1602 1617 1655
846.336975 1654 1710 1722 1698 1661 1615 1615 1649
846.356995 1669 1705 1720 1696 1671 1627 1615 1647
846.377014 1664 1709 1723 1706 1655 1614 1607 1653
846.395996 1664 1717 1736 1715 1656 1615 1617 1664
846.416016 1662 1720 1737 1713 1657 1621 1620 1664
846.435974 1651 1711 1726 1707 1657 1610 1624 1657
846.455994 1648 1723 1745 1714 1655 1621 1618 1654
846.476013 1670 1707 1736 1717 1658 1625 1626 1666
846.495972 1665 1713 1726 1710 1659 1617 1615 1653
846.515991 1661 1723 1732 1725 1649 1615 1618 1674
846.536011 1668 1721 1747 1708 1659 1618 1606 1662
846.55603 1654 1709 1743 1712 1636 1620 1620 1656
846.575989 1665 1726 1727 1709 1672 1614 1620 1650
846.596008 1655 1714 1724 1687 1654 1626 1618 1663
846.616028 1665 1706 1743 1693 1640 1624 1623 1669
846.63501 1661 1724 1751 1705 1655 1614 1614 1659
846.655029 1645 1731 1739 1722 1647 1618 1612 1658
846.674988 1658 1716 1730 1704 1660 1630 1610 1660
846.695007 1657 1719 1730 1712 1655 1616 1617 1648
846.715027 1662 1706 1742 1705 1643 1610 1615 1653
846.734985 1656 1712 1738 1694 1655 1619 1611 1663
846.755005 1663 1707 1731 1698 1648 1616 1620 1657
846.775024 1666 1705 1736 1706 1657 1615 1627 1663
846.794983 1666 1701 1731 1693 1638 1610 1622 1661
846.815002 1672 1705 1743 1698 1670 1624 1613 1659
846.835022 1645 1717 1732 1706 1663 1625 1614 1661
846.85498 1659 1730 1729 1706 1647 1619 1620 1663
846.875 1659 1711 1726 1690 1643 1617 1626 1654
846.893982 1667 1726 1725 1709 1658 1614 1612 1671
846.914001 1657 1710 1726 1715 1651 1633 1619 1675
846.934021 1660 1695 1737 1711 1637 1614 1611 1655
846.953979 1660 1714 1727 1719 1656 1618 1618 1664
846.973999 1663 1714 1736 1709 1643 1612 1623 1659
846.994019 1665 1723 1742 1693 1666 1616 1615 1666
847.013977 1670 1735 1760 1701 1650 1621 1623 1660
847.033997 1667 1706 1740 1699 1667 1610 1614 1669
847.054016 1659 1732 1729 1695 1663 1610 1622 1656
847.073975 1658 1717 1733 1709 1663 1617 1631 1681
847.093994 1662 1731 1742 1713 1659 1620 1626 1663
847.112976 1664 1721 1738 1731 1656 1616 1627 1668
847.132996 1667 1731 1740 1700 1653 1627 1624 1661
847.153015 1666 1722 1742 1710 1653 1615 1624 1664
847.172974 1663 1727 1746 1730 1666 1623 1617 1654
847.192993 1650 1733 1740 1723 1669 1620 1616 1651
847.213013 1664 1716 1739 1720 1661 1622 1620 1651
847.232971 1666 1731 1748 1726 1656 1624 1611 1660
847.252991 1662 1723 1731 1705 1639 1611 1623 1660
847.27301 1661 1728 1737 1711 1663 1619 1623 1666
847.29303 1655 1721 1733 1705 1647 1631 1627 1658
847.312012 1654 1718 1727 1714 1663 1618 1612 1658
847.33197 1670 1717 1728 1715 1663 1623 1617 1669
847.35199 1663 1715 1743 1708 1659 1614 1607 1655
847.372009 1685 1715 1735 1708 1678 1614 1617 1672
847.392029 1660 1721 1737 1727 1661 1627 1625 1666
847.411987 1649 1730 1727 1717 1663 1622 1623 1660
847.432007 1652 1711 1722 1702 1655 1617 1607 1659
847.452026 1649 1705 1739 1721 1658 1626 1616 1659
847.471985 1653 1729 1724 1702 1643 1632 1608 1643
847.492004 1652 1718 1731 1724 1660 1613 1613 1640
847.510986 1659 1716 1725 1701 1638 1620 1631 1659
847.531006 1658 1706 1737 1715 1641 1615 1610 1665
847.551025 1656 1695 1728 1707 1650 1606 1621 1650
847.570984 1647 1716 1733 1710 1652 1619 1612 1656
847.591003 1662 1718 1739 1717 1660 1614 1620 1652
847.611023 1671 1720 1749 1708 1643 1623 1622 1655
847.630981 1671 1726 1730 1700 1656 1613 1614 1667
847.651001 1663 1707 1738 1712 1655 1614 1622 1655
847.669983 1661 1714 1727 1701 1660 1610 1609 1645
847.690002 1659 1730 1743 1701 1651 1626 1618 1653
847.710022 1665 1728 1740 1711 1657 1615 1624 1651
847.72998 1648 1721 1736 1698 1677 1626 1622 1664
847.75 1655 1710 1736 1726 1657 1620 1616 1665
847.77002 1659 1741 1753 1709 1663 1611 1610 1672
847.789978 1678 1710 1739 1709 1660 1635 1621 1661
847.809998 1671 1716 1734 1724 1664 1611 1613 1661
847.830017 1662 1721 1741 1724 1663 1607 1611 1672
847.848999 1673 1720 1749 1719 1649 1624 1634 1662
847.869019 1670 1731 1746 1726 1656 1621 1606 1677
847.888977 1666 1725 1752 1702 1666 1631 1619 1659
847.908997 1686 1720 1745 1718 1662 1619 1627 1678
847.929016 1668 1704 1744 1721 1651 1621 1609 1672
847.948975 1659 1721 1760 1723 1672 1614 1600 1660
847.968994 1667 1711 1748 1692 1655 1615 1617 1668
847.989014 1679 1721 1755 1715 1664 1620 1615 1681
848.007996 1664 1712 1752 1719 1649 1625 1611 1660
848.028015 1664 1719 1738 1726 1665 1610 1629 1671
848.047974 1672 1736 1756 1716 1662 1616 1612 1668
848.067993 1664 1727 1753 1725 1655 1628 1625 1665
848.088013 1665 1729 1758 1709 1667 1620 1627 1665
848.107971 1667 1729 1743 1736 1665 1619 1629 1663
848.127991 1655 1712 1773 1745 1652 1625 1622 1687
848.14801 1660 1738 1741 1713 1680 1619 1603 1666
848.166992 1675 1717 1774 1723 1672 1631 1623 1672
848.187012 1677 1734 1735 1737 1665 1615 1628 1662
848.20697 1664 1721 1742 1722 1653 1605 1623 1679
848.22699 1674 1734 1738 1726 1668 1618 1616 1669
848.247009 1681 1755 1760 1722 1687 1618 1630 1662
848.267029 1664 1733 1770 1731 1662 1624 1624 1664
848.286987 1671 1731 1759 1735 1674 1613 1636 1664
848.307007 1659 1724 1749 1716 1679 1632 1617 1678
848.325989 1686 1740 1770 1720 1672 1624 1625 1683
848.346008 1679 1726 1768 1732 1669 1621 1625 1661
848.366028 1681 1739 1773 1731 1696 1629 1625 1662
848.385986 1674 1738 1760 1711 1670 1620 1619 1670
848.406006 1674 1750 1754 1721 1671 1604 1619 1669
848.426025 1685 1739 1772 1737 1667 1619 1630 1673
848.445984 1684 1731 1756 1733 1684 1614 1632 1688
848.466003 1662 1721 1751 1744 1682 1629 1629 1675
848.484985 1685 1742 1754 1740 1669 1618 1630 1671
848.505005 1674 1739 1776 1735 1676 1618 1610 1681
848.525024 1681 1751 1759 1735 1653 1632 1624 1677
848.544983 1663 1723 1766 1741 1673 1628 1625 1686
848.565002 1687 1750 1760 1717 1657 1625 1617 1688
848.585022 1678 1727 1759 1722 1685 1619 1625 1671
848.604004 1669 1741 1759 1726 1681 1611 1620 1687
848.624023 1676 1721 1759 1731 1670 1634 1626 1673
848.643982 1674 1743 1783 1719 1686 1620 1628 1681
848.664001 1675 1754 1761 1714 1667 1617 1633 1683
848.684021 1691 1734 1759 1726 1663 1631 1623 1686
848.703979 1666 1752 1758 1725 1686 1631 1630 1671
848.723999 1669 1723 1764 1723 1672 1614 1638 1677
848.742981 1664 1731 1748 1731 1661 1617 1622 1677
848.763 1679 1720 1739 1729 1655 1628 1618 1681
848.78302 1660 1729 1756 1736 1666 1622 1634 1672
848.802979 1674 1723 1751 1739 1673 1636 1615 1668
848.822998 1672 1724 1756 1729 1676 1619 1625 1670
848.843018 1673 1738 1783 1732 1667 1616 1626 1680
848.862976 1682 1758 1765 1750 1688 1624 1629 1684
848.882019 1675 1734 1762 1748 1664 1644 1631 1686
848.901978 1681 1754 1778 1733 1664 1626 1629 1674
848.921997 1689 1744 1781 1733 1680 1645 1650 1680
848.942017 1688 1764 1772 1737 1683 1635 1633 1681
848.961975 1696 1739 1793 1768 1666 1637 1643 1685
848.981995 1680 1753 1776 1736 1683 1635 1640 1694
849.002014 1680 1742 1760 1742 1682 1634 1642 1691
849.020996 1678 1740 1776 1737 1683 1643 1634 1690
849.041016 1672 1749 1773 1733 1697 1650 1631 1686
849.060974 1696 1748 1778 1737 1679 1642 1642 1684
849.080994 1690 1750 1781 1721 1684 1634 1633 1689
849.101013 1689 1752 1782 1746 1671 1622 1634 1691
849.120972 1687 1744 1765 1728 1669 1626 1622 1686
849.140015 1696 1734 1783 1745 1695 1629 1647 1684
849.159973 1687 1736 1773 1740 1669 1638 1636 1692
849.179993 1693 1740 1762 1729 1667 1643 1633 1692
849.200012 1690 1748 1767 1735 1670 1641 1628 1680
849.219971 1680 1724 1780 1740 1682 1640 1623 1689
849.23999 1670 1749 1772 1740 1684 1629 1636 1681
849.258972 1697 1748 1753 1730 1680 1626 1647 1669
849.278992 1678 1737 1747 1732 1691 1633 1632 1670
849.299011 1681 1735 1769 1740 1672 1632 1635 1669
849.31897 1669 1753 1792 1739 1665 1643 1650 1687
849.338989 1683 1752 1769 1730 1674 1628 1610 1695
849.359009 1676 1746 1771 1722 1671 1646 1643 1665
849.377991 1691 1745 1747 1737 1681 1621 1629 1693
849.39801 1685 1747 1741 1744 1689 1629 1628 1685
849.41803 1685 1734 1777 1736 1681 1622 1640 1681
849.437988 1681 1727 1746 1729 1676 1623 1639 1671
849.458008 1672 1731 1775 1726 1671 1651 1641 1694
849.478027 1681 1742 1756 1733 1671 1625 1634 1674
849.497009 1673 1727 1773 1730 1666 1632 1626 1676
849.517029 1688 1727 1757 1729 1665 1621 1633 1677
849.536987 1697 1715 1761 1734 1696 1640 1626 1683
849.557007 1678 1741 1746 1730 1683 1634 1627 1689
849.577026 1686 1727 1762 1730 1676 1628 1615 1681
849.596985 1683 1741 1742 1717 1680 1627 1614 1667
849.616028 1685 1740 1748 1720 1666 1638 1632 1660
849.635986 1689 1734 1746 1727 1664 1638 1624 1673
849.656006 1665 1724 1739 1732 1674 1628 1626 1686
849.676025 1669 1724 1742 1729 1671 1625 1634 1673
849.695984 1665 1733 1757 1727 1671 1629 1618 1672
849.716003 1683 1735 1756 1735 1674 1633 1636 1666
849.734985 1679 1719 1768 1731 1666 1625 1637 1669
849.755005 1676 1745 1752 1732 1656 1617 1630 1666
849.775024 1664 1717 1769 1732 1663 1625 1632 1675
849.794983 1671 1713 1745 1734 1653 1628 1620 1670
849.815002 1664 1742 1748 1727 1670 1644 1626 1681
849.833984 1687 1738 1767 1744 1659 1634 1624 1677
849.854004 1681 1743 1753 1721 1679 1630 1625 1684
849.874023 1683 1735 1728 1713 1678 1622 1629 1676
849.893982 1679 1730 1748 1723 1665 1633 1644 1677
849.914001 1673 1743 1757 1720 1660 1630 1637 1672
849.934021 1685 1741 1756 1736 1670 1634 1633 1682
849.953003 1673 1734 1769 1739 1677 1636 1620 1670
849.973022 1678 1733 1760 1726 1655 1633 1625 1686
849.992981 1687 1725 1768 1738 1671 1635 1632 1691
850.013 1679 1734 1731 1738 1664 1632 1621 1668
850.03302 1685 1723 1751 1746 1674 1621 1625 1686
850.052002 1682 1733 1761 1735 1666 1631 1631 1677
850.072021 1694 1744 1763 1734 1670 1635 1621 1682
850.09198 1682 1754 1758 1742 1656 1635 1633 1692
850.112 1676 1745 1757 1734 1678 1628 1628 1669
850.132019 1672 1715 1769 1725 1663 1631 1623 1654
850.151001 1670 1733 1765 1718 1677 1631 1623 1677
850.171021 1685 1734 1774 1714 1668 1613 1625 1664
850.190979 1685 1739 1755 1730 1650 1620 1632 1668
850.210999 1649 1725 1736 1697 1671 1613 1614 1672
850.231018 1670 1727 1732 1718 1665 1622 1618 1677
850.250977 1670 1729 1735 1725 1665 1621 1634 1675
850.27002 1657 1695 1752 1717 1660 1615 1632 1668
850.289978 1671 1718 1740 1723 1661 1621 1631 1672
850.309998 1677 1721 1749 1713 1670 1616 1617 1679
850.330017 1670 1721 1760 1712 1673 1623 1621 1658
850.349976 1670 1714 1738 1718 1668 1619 1620 1673
850.369019 1658 1721 1763 1720 1651 1625 1618 1653
850.388977 1665 1716 1747 1727 1662 1620 1615 1667
850.408997 1663 1716 1735 1700 1657 1619 1616 1654
850.429016 1672 1717 1747 1718 1666 1606 1620 1669
850.448975 1675 1713 1747 1717 1650 1615 1615 1668
850.468018 1656 1722 1751 1728 1660 1625 1614 1652
850.487976 1674 1719 1759 1708 1660 1618 1618 1665
850.507996 1665 1713 1750 1732 1656 1614 1622 1675
850.528015 1656 1715 1739 1698 1666 1604 1609 1683
850.547974 1657 1725 1748 1708 1664 1609 1626 1670
850.567017 1672 1723 1748 1727 1663 1611 1617 1669
850.586975 1679 1725 1744 1720 1657 1613 1611 1675
850.606995 1660 1724 1744 1716 1657 1626 1623 1676
850.627014 1677 1720 1738 1706 1662 1616 1614 1675
850.645996 1687 1722 1740 1707 1642 1615 1628 1657
850.666016 1678 1718 1748 1711 1666 1630 1625 1674
850.685974 1660 1737 1736 1707 1645 1621 1630 1661
850.705994 1660 1717 1739 1707 1658 1616 1625 1668
850.726013 1668 1709 1744 1715 1652 1621 1631 1663
850.744995 1669 1717 1741 1721 1651 1614 1617 1652
850.765015 1660 1706 1753 1699 1657 1625 1631 1653
850.784973 1658 1730 1740 1714 1671 1623 1611 1649
850.804993 1672 1724 1731 1712 1654 1613 1624 1646
850.825012 1653 1711 1734 1717 1678 1619 1612 1668
850.843994 1657 1732 1741 1710 1644 1613 1623 1638
850.864014 1670 1728 1750 1710 1641 1610 1632 1674
850.883972 1673 1733 1746 1718 1665 1620 1613 1670
850.903992 1664 1714 1743 1718 1656 1629 1609 1660
850.924011 1663 1718 1753 1727 1669 1620 1629 1663
850.942993 1683 1719 1750 1721 1653 1611 1609 1666
850.963013 1667 1724 1753 1726 1665 1629 1626 1657
850.982971 1663 1723 1747 1723 1675 1610 1630 1663
851.002991 1667 1731 1754 1727 1662 1615 1627 1669
851.021973 1652 1724 1757 1721 1667 1617 1627 1679
851.041992 1666 1738 1749 1725 1652 1622 1615 1664
851.062012 1650 1708 1740 1707 1664 1628 1622 1666
851.08197 1665 1710 1725 1715 1660 1620 1612 1664
851.10199 1668 1726 1736 1717 1670 1621 1632 1660
851.120972 1664 1720 1768 1709 1649 1629 1618 1667
851.140991 1667 1722 1733 1719 1676 1601 1613 1652
851.161011 1652 1739 1755 1712 1671 1626 1616 1652
851.18103 1666 1735 1723 1700 1651 1631 1616 1668
851.200012 1657 1725 1745 1723 1653 1618 1619 1665
851.219971 1666 1723 1749 1725 1666 1610 1615 1652
851.23999 1661 1711 1751 1704 1662 1613 1611 1675
851.26001 1659 1725 1734 1715 1655 1619 1612 1674
851.280029 1664 1729 1736 1717 1661 1602 1632 1671
851.299011 1674 1710 1745 1714 1650 1610 1620 1666
851.31897 1665 1713 1759 1699 1666 1629 1614 1659
851.338989 1668 1720 1743 1737 1643 1623 1615 1663
851.359009 1661 1716 1752 1723 1658 1612 1614 1668
851.377991 1670 1726 1753 1729 1654 1614 1617 1660
851.39801 1685 1719 1745 1720 1665 1622 1620 1646
851.41803 1651 1719 1746 1719 1664 1619 1636 1661
851.437988 1680 1719 1739 1714 1658 1608 1606 1657
851.45697 1663 1736 1739 1723 1656 1603 1606 1666
851.47699 1659 1720 1731 1724 1654 1616 1613 1655
851.497009 1663 1722 1731 1718 1632 1613 1619 1666
851.517029 1670 1697 1735 1710 1646 1607 1611 1650
851.536011 1667 1716 1723 1718 1651 1615 1601 1660
851.55603 1651 1711 1727 1705 1656 1610 1607 1654
851.575989 1660 1705 1740 1714 1663 1615 1604 1647
851.596008 1665 1724 1740 1699 1660 1611 1613 1672
851.616028 1667 1721 1739 1692 1659 1623 1611 1667
851.63501 1650 1700 1727 1698 1647 1609 1613 1662
851.655029 1664 1719 1734 1718 1652 1613 1621 1651
851.674988 1651 1705 1728 1699 1659 1609 1605 1654
851.695007 1660 1701 1716 1721 1660 1609 1601 1653
851.713989 1652 1704 1732 1701 1654 1619 1609 1668
851.734009 1652 1717 1750 1732 1654 1608 1617 1652
851.754028 1658 1696 1713 1696 1656 1616 1607 1655
851.773987 1647 1704 1739 1709 1644 1603 1609 1649
851.79303 1669 1722 1708 1710 1638 1605 1609 1658
851.812988 1648 1715 1748 1701 1650 1605 1608 1653
851.833008 1655 1716 1714 1688 1644 1599 1616 1667
851.853027 1650 1698 1730 1711 1648 1600 1600 1655
851.872009 1642 1725 1732 1707 1654 1610 1614 1657
851.892029 1659 1706 1739 1705 1655 1612 1620 1662
851.911987 1652 1726 1725 1702 1646 1616 1623 1642
851.932007 1651 1716 1716 1698 1656 1604 1603 1651
851.950989 1646 1712 1726 1700 1654 1602 1613 1663
851.971008 1661 1699 1730 1708 1658 1601 1624 1647
851.991028 1649 1706 1727 1708 1657 1595 1607 1652
852.010986 1663 1711 1716 1696 1657 1603 1606 1658
852.030029 1652 1712 1731 1700 1661 1608 1611 1655
852.049988 1650 1706 1734 1712 1638 1604 1612 1655
852.070007 1654 1710 1723 1715 1651 1612 1615 1647
852.090027 1650 1706 1728 1711 1644 1590 1603 1657
852.109009 1667 1723 1740 1692 1647 1628 1610 1647
852.129028 1653 1713 1715 1694 1660 1611 1625 1654
852.148987 1661 1701 1721 1689 1648 1616 1612 1645
852.169006 1648 1711 1726 1701 1655 1611 1610 1652
852.187988 1648 1715 1733 1714 1647 1609 1610 1660
852.208008 1674 1718 1721 1699 1657 1600 1625 1658
852.228027 1640 1688 1718 1701 1655 1601 1608 1660
852.247986 1651 1718 1742 1711 1654 1617 1611 1651
852.267029 1671 1709 1737 1702 1657 1612 1619 1645
852.286987 1663 1713 1734 1696 1662 1624 1606 1669
852.307007 1656 1708 1735 1712 1661 1608 1616 1659
852.327026 1659 1720 1739 1730 1643 1609 1607 1653
852.346008 1655 1716 1739 1699 1644 1610 1599 1658
852.366028 1660 1717 1722 1721 1653 1611 1612 1648
852.385986 1655 1713 1735 1705 1646 1614 1620 1654
852.406006 1654 1719 1723 1707 1637 1614 1619 1645
852.424988 1656 1714 1729 1716 1647 1608 1611 1639
852.445007 1666 1710 1740 1724 1657 1612 1610 1668
852.465027 1667 1714 1741 1725 1654 1625 1615 1650
852.484009 1670 1719 1742 1711 1664 1622 1609 1667
852.504028 1666 1705 1757 1726 1658 1609 1626 1658
852.523987 1667 1701 1743 1710 1659 1604 1618 1648
852.544006 1661 1723 1744 1700 1665 1614 1620 1659
852.562988 1668 1695 1713 1713 1656 1611 1620 1654
852.583008 1649 1737 1737 1718 1650 1614 1627 1639
852.603027 1671 1733 1720 1715 1645 1614 1614 1659
852.622986 1657 1705 1723 1706 1651 1613 1615 1647
852.642029 1645 1694 1743 1722 1667 1617 1611 1653
852.661987 1645 1703 1745 1721 1666 1605 1612 1657
852.682007 1661 1710 1735 1709 1653 1602 1619 1654
852.700989 1669 1721 1731 1720 1655 1618 1608 1641
852.721008 1654 1718 1737 1707 1652 1612 1606 1660
852.741028 1667 1714 1751 1700 1659 1606 1607 1656
852.760986 1648 1719 1735 1715 1662 1607 1610 1666
852.780029 1657 1703 1725 1710 1665 1611 1599 1651
852.799988 1665 1732 1735 1712 1654 1608 1610 1641
852.820007 1654 1719 1750 1685 1666 1611 1607 1661
852.840027 1661 1709 1727 1714 1657 1619 1622 1653
852.859009 1671 1717 1735 1719 1647 1618 1606 1648
852.879028 1646 1697 1728 1709 1646 1616 1604 1663
852.898987 1662 1705 1727 1704 1665 1610 1619 1651
852.91803 1681 1729 1741 1706 1666 1616 1608 1664
852.937988 1663 1713 1733 1718 1664 1620 1604 1652
852.958008 1658 1709 1746 1704 1657 1599 1620 1658
852.978027 1662 1719 1728 1712 1658 1612 1608 1655
852.997009 1669 1710 1738 1685 1642 1617 1603 1649
853.017029 1654 1720 1738 1724 1651 1605 1603 1662
853.036987 1666 1726 1745 1712 1640 1611 1608 1663
853.05603 1665 1724 1749 1698 1653 1613 1618 1651
853.075989 1659 1692 1726 1707 1663 1625 1612 1658
853.096008 1665 1712 1736 1695 1667 1607 1613 1672
853.116028 1675 1720 1733 1707 1657 1624 1614 1659
853.13501 1679 1719 1758 1708 1650 1615 1606 1669
853.155029 1662 1733 1740 1721 1661 1616 1619 1663
853.174988 1652 1717 1753 1717 1657 1607 1615 1660
853.19397 1668 1726 1738 1706 1657 1618 1614 1663
853.213989 1661 1739 1734 1714 1670 1608 1609 1657
853.234009 1655 1719 1732 1721 1648 1625 1623 1666
853.254028 1648 1718 1741 1710 1656 1615 1625 1670
853.27301 1657 1726 1745 1709 1659 1619 1623 1675
853.29303 1662 1730 1738 1724 1648 1611 1615 1674
853.312988 1661 1719 1720 1718 1656 1613 1613 1664
853.33197 1672 1731 1741 1715 1663 1617 1604 1658
853.35199 1661 1720 1743 1698 1657 1619 1605 1663
853.372009 1671 1715 1729 1704 1662 1610 1616 1666
853.390991 1662 1719 1748 1723 1655 1610 1618 1652
853.411011 1649 1717 1748 1725 1655 1602 1619 1662
853.43103 1679 1715 1749 1721 1656 1617 1614 1663
853.450989 1676 1722 1733 1697 1661 1623 1607 1660
853.469971 1671 1711 1742 1724 1661 1612 1626 1665
853.48999 1655 1742 1745 1721 1645 1614 1604 1677
853.51001 1652 1723 1741 1704 1666 1605 1612 1657
853.528992 1659 1695 1736 1710 1662 1620 1609 1668
853.549011 1668 1724 1744 1716 1652 1605 1627 1663
853.56897 1660 1724 1748 1728 1669 1608 1606 1666
853.588989 1665 1725 1749 1716 1666 1609 1626 1666
853.607971 1660 1732 1749 1714 1660 1616 1620 1677
853.627991 1669 1728 1743 1731 1671 1619 1626 1672
853.64801 1671 1719 1747 1714 1658 1618 1623 1672
853.666992 1669 1725 1750 1723 1665 1611 1607 1669
853.687012 1669 1731 1753 1717 1652 1618 1624 1650
853.70697 1645 1722 1764 1735 1663 1625 1627 1664
853.726013 1663 1717 1728 1725 1661 1615 1611 1668
853.745972 1659 1733 1758 1701 1664 1608 1608 1665
853.765991 1669 1745 1752 1727 1644 1609 1616 1664
853.784973 1676 1722 1755 1721 1657 1623 1609 1667
853.804993 1661 1725 1721 1717 1658 1618 1620 1671
853.825012 1652 1727 1760 1728 1656 1620 1608 1667
853.844971 1665 1740 1758 1762 1657 1608 1625 1655
853.864014 1668 1745 1768 1733 1671 1612 1627 1662
853.883972 1663 1721 1753 1746 1669 1627 1629 1686
853.903992 1669 1735 1735 1726 1659 1617 1620 1672
853.922974 1667 1734 1754 1735 1663 1624 1621 1670
853.942993 1679 1719 1786 1731 1677 1623 1617 1672
853.963013 1677 1741 1750 1731 1661 1618 1622 1676
853.981995 1673 1746 1756 1745 1648 1615 1627 1684
854.002014 1678 1741 1740 1740 1682 1610 1624 1670
854.021973 1667 1738 1749 1711 1660 1608 1621 1666
854.041016 1676 1735 1768 1730 1677 1622 1623 1679
854.060974 1679 1743 1753 1733 1678 1623 1619 1671
854.080994 1671 1727 1780 1733 1666 1631 1635 1684
854.099976 1683 1758 1773 1734 1662 1615 1628 1673
854.119995 1672 1759 1754 1736 1672 1631 1619 1703
854.140015 1672 1725 1805 1753 1689 1618 1629 1688
854.158997 1680 1755 1769 1727 1670 1613 1623 1684
854.179016 1680 1742 1767 1732 1667 1630 1639 1683
854.198975 1669 1750 1769 1728 1684 1620 1638 1683
854.218994 1676 1732 1772 1735 1684 1631 1620 1679
854.237976 1688 1754 1770 1739 1674 1618 1630 1671
854.257996 1674 1751 1801 1741 1673 1619 1611 1678
854.278015 1675 1748 1769 1743 1661 1625 1630 1691
854.296997 1672 1747 1774 1724 1670 1629 1624 1682
854.317017 1673 1749 1782 1719 1667 1615 1613 1665
854.336975 1675 1751 1766 1742 1678 1622 1614 1672
854.356018 1679 1769 1752 1724 1662 1624 1628 1674
854.375977 1681 1730 1741 1723 1662 1626 1613 1674
854.395996 1669 1743 1771 1742 1675 1622 1620 1673
854.414978 1666 1747 1742 1735 1669 1612 1625 1670
854.434998 1676 1742 1771 1725 1661 1619 1605 1679
854.455017 1660 1742 1778 1725 1674 1612 1615 1679
854.473999 1663 1720 1773 1727 1661 1615 1613 1668
854.494019 1684 1725 1758 1724 1645 1615 1615 1662
854.513977 1672 1731 1761 1720 1661 1625 1622 1666
854.53302 1673 1718 1753 1725 1665 1618 1619 1677
854.552979 1676 1738 1762 1730 1661 1608 1619 1658
854.572998 1665 1744 1759 1720 1665 1614 1623 1671
854.59198 1685 1728 1744 1728 1666 1624 1616 1670
854.612 1661 1727 1761 1715 1659 1612 1621 1659
854.632019 1655 1722 1742 1713 1677 1621 1620 1658
854.651001 1671 1718 1734 1725 1655 1608 1621 1672
854.671021 1670 1726 1751 1712 1644 1608 1612 1664
854.690979 1659 1730 1754 1721 1648 1614 1610 1656
854.710022 1665 1713 1741 1732 1668 1605 1620 1653
854.72998 1669 1731 1729 1718 1651 1605 1621 1658
854.75 1669 1719 1762 1727 1666 1605 1610 1663
854.768982 1664 1732 1756 1725 1638 1607 1615 1657
854.789001 1663 1728 1732 1714 1668 1621 1614 1668
854.807983 1671 1718 1725 1720 1649 1609 1609 1663
854.828003 1653 1706 1753 1714 1656 1625 1625 1672
854.848022 1659 1728 1753 1705 1663 1614 1608 1652
854.867004 1669 1705 1760 1694 1651 1620 1607 1667
854.887024 1668 1703 1743 1716 1654 1602 1614 1665
854.906982 1674 1725 1750 1703 1654 1616 1606 1659
854.926025 1635 1735 1733 1721 1660 1602 1606 1658
854.945984 1652 1736 1748 1703 1643 1604 1609 1651
854.966003 1654 1733 1749 1708 1656 1608 1629 1663
854.984985 1666 1715 1731 1714 1653 1621 1615 1653
855.005005 1643 1723 1746 1706 1647 1596 1599 1664
855.025024 1652 1709 1726 1714 1649 1619 1613 1661
855.044006 1645 1713 1734 1720 1659 1614 1610 1661
855.064026 1646 1724 1720 1719 1654 1596 1601 1662
855.083984 1663 1709 1717 1698 1640 1611 1610 1654
855.103027 1653 1730 1734 1705 1658 1605 1608 1651
855.122986 1656 1721 1736 1709 1663 1608 1610 1667
855.143005 1653 1720 1744 1710 1655 1611 1616 1643
855.161987 1657 1727 1740 1711 1643 1627 1614 1660
855.182007 1662 1722 1718 1715 1651 1620 1627 1668
855.200989 1648 1715 1728 1698 1673 1613 1606 1661
855.221008 1656 1733 1728 1715 1649 1610 1616 1645
855.241028 1654 1726 1737 1724 1656 1621 1611 1659
855.26001 1665 1731 1741 1706 1662 1607 1620 1649
855.280029 1663 1715 1719 1705 1651 1618 1620 1648
855.299988 1657 1716 1744 1711 1642 1599 1610 1661
855.31897 1661 1708 1742 1701 1663 1603 1615 1653
855.338989 1656 1716 1741 1704 1650 1604 1614 1652
855.359009 1648 1713 1730 1710 1645 1609 1616 1668
855.377991 1657 1723 1741 1726 1659 1608 1611 1655
855.39801 1661 1711 1738 1712 1659 1618 1606 1649
855.41803 1668 1709 1732 1708 1630 1627 1605 1664
855.437012 1656 1706 1738 1705 1646 1604 1602 1651
855.45697 1660 1713 1731 1707 1659 1615 1617 1661
855.476013 1662 1697 1740 1695 1640 1614 1616 1654
855.495972 1675 1711 1717 1695 1638 1612 1625 1650
855.515991 1651 1704 1736 1706 1652 1607 1612 1647
855.534973 1654 1723 1740 1707 1649 1618 1611 1640
855.554993 1661 1699 1737 1694 1659 1615 1599 1663
855.575012 1646 1700 1726 1703 1653 1610 1616 1658
855.593994 1665 1711 1731 1704 1666 1604 1600 1656
855.614014 1669 1698 1723 1723 1642 1622 1616 1663
855.633972 1671 1719 1706 1726 1661 1612 1629 1646
855.653015 1653 1704 1725 1719 1641 1612 1620 1647
855.672974 1660 1727 1726 1711 1642 1611 1612 1651
855.692017 1659 1705 1723 1700 1642 1614 1606 1665
855.711975 1670 1729 1724 1709 1652 1611 1615 1662
855.731995 1658 1711 1738 1698 1628 1613 1617 1655
855.750977 1673 1716 1731 1707 1658 1602 1612 1667
855.770996 1652 1725 1729 1722 1657 1608 1611 1659
855.791016 1654 1714 1718 1704 1657 1603 1610 1655
855.809998 1661 1711 1720 1701 1643 1616 1604 1655
855.830017 1655 1725 1729 1707 1642 1607 1624 1639
855.848999 1646 1701 1723 1702 1658 1609 1609 1658
855.869019 1649 1708 1716 1704 1649 1606 1616 1657
855.888977 1671 1713 1728 1716 1645 1607 1618 1655
855.90802 1659 1709 1734 1699 1654 1619 1616 1663
855.927979 1657 1708 1736 1705 1647 1606 1602 1653
855.947998 1649 1707 1727 1713 1661 1615 1617 1653
855.96698 1662 1702 1755 1693 1643 1605 1613 1662
855.987 1663 1709 1739 1719 1643 1616 1618 1655
856.005981 1659 1709 1720 1705 1666 1618 1621 1653
856.026001 1667 1711 1722 1706 1642 1606 1605 1657
856.046021 1649 1712 1742 1724 1649 1611 1610 1666
856.065002 1656 1715 1748 1706 1650 1606 1615 1661
856.085022 1660 1727 1723 1701 1658 1617 1606 1654
856.104004 1669 1724 1734 1694 1659 1608 1621 1670
856.124023 1659 1720 1747 1715 1666 1611 1608 1661
856.143982 1668 1727 1736 1711 1662 1610 1611 1666
856.163025 1654 1719 1746 1693 1650 1625 1606 1663
856.182983 1658 1737 1731 1708 1659 1617 1619 1671
856.203003 1675 1721 1732 1708 1658 1605 1610 1657
856.221985 1653 1714 1737 1706 1646 1610 1604 1665
856.242004 1650 1718 1737 1706 1650 1618 1614 1657
856.260986 1644 1725 1747 1704 1664 1612 1614 1653
856.281006 1653 1698 1738 1717 1642 1625 1620 1640
856.301025 1667 1701 1726 1725 1661 1619 1608 1677
856.320007 1675 1718 1728 1724 1650 1613 1616 1661
856.340027 1666 1715 1726 1709 1648 1618 1603 1660
856.359009 1649 1716 1731 1704 1651 1624 1620 1674
856.379028 1661 1706 1736 1706 1650 1609 1604 1651
856.398987 1661 1717 1740 1701 1639 1623 1610 1660
856.41803 1662 1710 1735 1701 1662 1594 1609 1644
856.437988 1656 1725 1720 1718 1647 1619 1615 1663
856.45697 1665 1705 1725 1700 1634 1603 1602 1658
856.47699 1651 1715 1729 1686 1650 1610 1612 1656
856.497009 1659 1702 1702 1709 1639 1606 1611 1659
856.515991 1638 1698 1721 1697 1647 1608 1618 1639
856.536011 1661 1708 1724 1696 1652 1606 1610 1666
856.554993 1647 1722 1732 1704 1652 1600 1600 1669
856.575012 1660 1712 1729 1695 1646 1598 1612 1649
856.594971 1654 1720 1721 1698 1642 1609 1599 1640
856.614014 1665 1698 1726 1704 1642 1610 1603 1657
856.633972 1658 1706 1740 1702 1654 1613 1616 1643
856.653015 1648 1698 1721 1708 1647 1599 1612 1651
856.672974 1659 1711 1728 1692 1649 1607 1609 1641
856.692993 1654 1700 1711 1695 1631 1611 1600 1651
856.711975 1646 1691 1721 1699 1631 1601 1595 1652
856.731995 1643 1718 1720 1704 1649 1610 1617 1641
856.750977 1641 1714 1716 1688 1640 1610 1612 1642
856.770996 1646 1697 1729 1702 1647 1603 1606 1637
856.791016 1652 1706 1712 1699 1653 1618 1604 1642
856.809998 1648 1701 1717 1695 1649 1609 1612 1639
856.830017 1654 1706 1715 1700 1646 1594 1603 1644
856.848999 1649 1707 1728 1693 1652 1600 1603 1642
856.869019 1651 1704 1714 1698 1644 1613 1601 1650
856.888 1651 1702 1712 1708 1637 1601 1618 1645
856.90802 1643 1713 1713 1703 1649 1609 1605 1647
856.927979 1630 1693 1717 1698 1646 1605 1599 1648
856.947021 1649 1703 1713 1695 1645 1608 1606 1630
856.96698 1670 1696 1715 1685 1656 1611 1610 1646
856.986023 1657 1722 1725 1715 1655 1618 1618 1668
857.005981 1656 1699 1725 1679 1645 1613 1610 1643
857.026001 1640 1686 1711 1695 1641 1601 1600 1665
857.044983 1648 1697 1727 1689 1634 1609 1605 1645
857.065002 1656 1699 1723 1701 1645 1610 1602 1645
857.083984 1643 1701 1707 1701 1647 1612 1604 1632
857.104004 1647 1690 1707 1697 1644 1592 1598 1649
857.122986 1645 1711 1723 1702 1636 1605 1600 1653
857.143005 1646 1705 1723 1696 1641 1609 1605 1644
857.163025 1651 1710 1731 1705 1645 1615 1610 1649
857.182007 1645 1693 1716 1715 1632 1604 1608 1645
857.202026 1648 1721 1724 1697 1647 1602 1612 1641
857.221008 1635 1707 1724 1700 1646 1608 1604 1641
857.241028 1660 1697 1725 1691 1641 1602 1607 1641
857.260986 1657 1693 1715 1714 1649 1608 1611 1645
857.280029 1655 1701 1714 1692 1639 1603 1611 1645
857.299988 1654 1699 1726 1683 1655 1602 1600 1650
857.31897 1653 1707 1716 1694 1627 1616 1607 1656
857.338989 1648 1712 1730 1682 1649 1614 1598 1668
857.357971 1642 1693 1700 1686 1644 1612 1620 1641
857.377991 1653 1690 1714 1684 1628 1606 1603 1640
857.39801 1634 1702 1716 1712 1632 1599 1600 1637
857.416992 1634 1689 1711 1701 1651 1602 1606 1661
857.437012 1645 1702 1720 1700 1632 1611 1605 1652
857.455994 1647 1703 1723 1688 1631 1612 1605 1666
857.476013 1639 1721 1712 1702 1649 1605 1616 1639
857.494995 1639 1699 1709 1686 1651 1608 1618 1641
857.515015 1641 1692 1713 1693 1648 1620 1599 1649
857.534973 1643 1689 1713 1699 1648 1602 1591 1642
857.554016 1653 1695 1717 1696 1643 1609 1606 1651
857.573975 1634 1703 1711 1698 1627 1605 1615 1661
857.593018 1656 1700 1713 1698 1648 1599 1598 1659
857.612976 1629 1697 1714 1692 1642 1605 1609 1648
857.632019 1645 1702 1711 1692 1642 1600 1606 1652
857.651978 1653 1713 1703 1685 1655 1594 1591 1665
857.671997 1647 1696 1711 1701 1637 1616 1608 1631
857.690979 1651 1698 1709 1706 1638 1605 1601 1646
857.710999 1648 1695 1722 1686 1642 1610 1598 1643
857.72998 1657 1706 1714 1688 1637 1613 1604 1652
857.75 1637 1705 1701 1700 1640 1601 1608 1647
857.768982 1642 1702 1721 1698 1653 1605 1601 1646
857.789001 1659 1702 1724 1702 1640 1608 1604 1650
857.807983 1647 1704 1698 1673 1643 1603 1608 1660
857.828003 1639 1685 1714 1699 1644 1606 1601 1640
857.848022 1650 1688 1720 1686 1652 1607 1609 1648
857.867004 1635 1697 1709 1680 1652 1597 1596 1635
857.887024 1647 1699 1723 1684 1635 1607 1606 1655
857.906006 1640 1712 1708 1689 1643 1604 1613 1637
857.926025 1651 1688 1722 1704 1634 1614 1599 1639
857.945007 1646 1703 1707 1703 1646 1618 1598 1651
857.965027 1653 1684 1726 1697 1641 1615 1611 1631
857.984009 1649 1689 1729 1698 1647 1606 1609 1630
858.004028 1646 1702 1719 1690 1658 1609 1618 1648
858.02301 1641 1695 1703 1689 1643 1613 1597 1658
858.04303 1630 1701 1710 1684 1644 1610 1607 1651
858.062988 1646 1694 1718 1708 1628 1598 1615 1652
858.08197 1661 1690 1717 1709 1633 1604 1604 1635
858.10199 1652 1698 1705 1680 1648 1612 1593 1650
858.120972 1641 1695 1727 1677 1648 1597 1617 1638
858.140991 1647 1687 1724 1688 1640 1609 1604 1639
858.159973 1651 1709 1706 1690 1630 1615 1611 1651
858.179993 1649 1678 1719 1687 1637 1600 1610 1637
858.198975 1644 1691 1718 1688 1644 1609 1601 1637
858.218994 1657 1690 1710 1698 1650 1602 1605 1653
858.239014 1639 1677 1719 1679 1646 1617 1601 1655
858.257996 1638 1696 1711 1684 1636 1599 1601 1645
858.278015 1651 1709 1701 1702 1641 1612 1602 1650
858.296997 1651 1686 1699 1688 1644 1613 1611 1643
858.317017 1634 1688 1705 1693 1654 1592 1603 1645
858.335999 1645 1694 1710 1675 1637 1606 1614 1639
858.356018 1628 1693 1704 1680 1637 1597 1614 1642
858.375 1654 1686 1704 1684 1638 1610 1613 1637
858.39502 1641 1696 1708 1674 1623 1604 1593 1630
858.414001 1644 1700 1707 1682 1657 1601 1594 1659
858.434021 1636 1681 1703 1701 1645 1612 1604 1630
858.453003 1651 1698 1705 1669 1643 1597 1610 1635
858.473022 1657 1700 1699 1677 1643 1608 1604 1651
858.492004 1646 1695 1715 1692 1631 1608 1611 1629
858.512024 1640 1686 1696 1683 1644 1598 1602 1644
858.531982 1644 1687 1715 1686 1630 1607 1596 1649
858.551025 1649 1680 1697 1679 1646 1607 1596 1649
858.570984 1649 1693 1711 1694 1643 1593 1615 1640
858.590027 1653 1696 1727 1686 1641 1599 1614 1638
858.609985 1651 1691 1701 1694 1642 1611 1606 1643
858.629028 1643 1697 1705 1680 1646 1599 1605 1652
858.648987 1646 1692 1723 1690 1641 1606 1614 1640
858.66803 1632 1686 1716 1686 1640 1608 1590 1641
858.687988 1626 1684 1711 1688 1640 1606 1606 1644
858.70697 1635 1697 1716 1675 1635 1607 1603 1654
858.72699 1656 1677 1720 1690 1636 1596 1606 1643
858.745972 1648 1700 1713 1689 1643 1608 1598 1657
858.765991 1646 1694 1715 1687 1630 1594 1607 1650
858.784973 1654 1701 1716 1686 1645 1605 1622 1653
858.804993 1639 1687 1719 1701 1646 1613 1607 1634
858.823975 1652 1691 1703 1687 1643 1614 1593 1670
858.843994 1643 1723 1710 1715 1649 1605 1616 1633
858.864014 1641 1708 1702 1700 1635 1609 1603 1645
858.882996 1637 1707 1714 1687 1639 1600 1604 1635
858.903015 1643 1695 1704 1691 1643 1599 1601 1635
858.921997 1655 1694 1717 1676 1645 1610 1606 1650
858.942017 1639 1692 1720 1690 1627 1606 1610 1643
858.960999 1638 1690 1712 1714 1650 1600 1599 1643
858.981018 1647 1684 1716 1694 1638 1612 1609 1651
859 1648 1694 1733 1690 1640 1608 1597 1654
859.02002 1653 1709 1707 1688 1648 1606 1614 1649
859.039001 1659 1699 1708 1669 1642 1600 1605 1638
859.059021 1654 1698 1709 1698 1633 1593 1608 1641
859.078003 1635 1698 1702 1684 1644 1609 1609 1641
859.098022 1637 1683 1710 1686 1634 1601 1604 1630
859.117004 1649 1700 1718 1677 1637 1594 1606 1647
859.137024 1655 1699 1712 1691 1628 1604 1603 1641
859.156006 1647 1674 1693 1695 1636 1600 1605 1645
859.176025 1638 1693 1711 1680 1648 1610 1604 1643
859.195007 1645 1693 1705 1673 1636 1604 1609 1638
859.215027 1647 1701 1704 1675 1638 1612 1599 1647
859.234009 1633 1685 1695 1671 1656 1605 1605 1648
859.254028 1642 1695 1708 1681 1640 1611 1596 1647
859.27301 1645 1685 1714 1695 1637 1598 1600 1637
859.29303 1642 1687 1698 1695 1635 1601 1597 1647
859.312012 1663 1697 1696 1683 1630 1596 1606 1645
859.33197 1642 1685 1709 1690 1652 1614 1592 1645
859.351013 1650 1699 1738 1679 1647 1609 1607 1642
859.370972 1641 1700 1698 1677 1632 1608 1607 1648
859.390015 1663 1704 1698 1694 1648 1610 1608 1647
859.409973 1642 1687 1717 1694 1641 1606 1596 1651
859.429016 1659 1686 1710 1684 1624 1595 1598 1631
859.448975 1653 1692 1717 1688 1632 1607 1606 1633
859.468018 1643 1683 1700 1692 1651 1597 1601 1642
859.487976 1648 1702 1718 1699 1641 1612 1604 1628
859.507019 1644 1686 1720 1682 1637 1605 1603 1651
859.526978 1645 1695 1712 1686 1655 1616 1607 1636
859.546021 1646 1694 1713 1674 1653 1613 1603 1631
859.565979 1649 1686 1699 1690 1631 1617 1604 1640
859.585022 1653 1687 1717 1693 1643 1620 1612 1643
859.60498 1644 1685 1709 1683 1637 1607 1592 1645
859.624023 1650 1697 1715 1685 1653 1613 1606 1645
859.643982 1638 1693 1714 1693 1647 1607 1597 1644
859.663025 1635 1696 1711 1697 1649 1597 1602 1647
859.682983 1643 1687 1709 1695 1659 1612 1603 1639
859.702026 1638 1689 1715 1676 1640 1604 1602 1648
859.721985 1642 1697 1708 1690 1643 1606 1597 1647
859.741028 1644 1682 1706 1676 1630 1606 1604 1648
859.760986 1637 1690 1716 1692 1642 1600 1589 1650
859.780029 1645 1697 1710 1699 1643 1613 1602 1640
859.799988 1633 1692 1697 1695 1634 1610 1614 1634
859.81897 1637 1683 1695 1684 1645 1605 1609 1644
859.838989 1641 1688 1709 1685 1637 1608 1601 1646
859.857971 1651 1678 1714 1672 1634 1602 1619 1652
859.877991 1632 1693 1716 1686 1651 1605 1608 1640
859.896973 1639 1695 1697 1696 1637 1612 1605 1631
859.916992 1645 1684 1716 1676 1650 1598 1598 1643
859.935974 1642 1708 1709 1683 1637 1596 1599 1628
859.955994 1634 1689 1717 1690 1642 1603 1605 1651
859.974976 1633 1682 1712 1691 1638 1604 1604 1634
859.994995 1651 1699 1710 1695 1642 1609 1617 1619
860.013977 1646 1688 1702 1684 1642 1596 1599 1642
860.033997 1645 1706 1710 1695 1645 1608 1610 1650
860.052979 1647 1689 1709 1691 1652 1606 1613 1634
860.072998 1650 1707 1721 1693 1633 1600 1619 1640
860.09198 1655 1686 1693 1685 1629 1596 1617 1640
860.112 1650 1701 1710 1674 1635 1599 1602 1648
860.130981 1646 1679 1721 1687 1640 1605 1591 1634
860.151001 1635 1692 1707 1686 1639 1603 1615 1639
860.169983 1646 1697 1701 1685 1633 1596 1602 1649
860.189026 1633 1681 1711 1686 1643 1605 1602 1632
860.208984 1644 1686 1704 1673 1633 1606 1596 1636
860.228027 1651 1699 1714 1679 1632 1606 1607 1655
860.247986 1639 1684 1705 1699 1646 1601 1593 1655
860.267029 1637 1707 1701 1668 1645 1599 1611 1624
860.286987 1638 1678 1736 1684 1621 1606 1602 1650
860.30603 1644 1690 1702 1689 1643 1608 1610 1648
860.325989 1640 1685 1713 1679 1630 1604 1616 1639
860.344971 1643 1676 1713 1680 1633 1609 1601 1633
860.36499 1647 1696 1721 1690 1633 1613 1609 1643
860.383972 1630 1702 1711 1684 1638 1604 1585 1655
860.403992 1643 1700 1705 1693 1633 1602 1604 1643
860.422974 1639 1700 1699 1681 1661 1603 1615 1636
860.442993 1623 1690 1712 1696 1623 1588 1603 1642
860.461975 1655 1692 1707 1691 1637 1619 1594 1646
860.481995 1643 1696 1715 1689 1653 1612 1610 1646
860.500977 1649 1704 1708 1690 1632 1604 1602 1637
860.520996 1652 1691 1705 1681 1648 1600 1601 1627
860.539978 1637 1690 1712 1694 1638 1606 1601 1646
860.559021 1644 1698 1700 1700 1649 1606 1606 1645
860.578979 1621 1686 1703 1685 1632 1596 1613 1654
860.598022 1652 1701 1708 1689 1629 1604 1598 1649
860.617981 1657 1688 1708 1687 1642 1612 1590 1652
860.637024 1650 1698 1715 1691 1640 1610 1617 1634
860.656982 1648 1699 1704 1694 1640 1604 1622 1658
860.676025 1647 1691 1716 1702 1657 1613 1599 1646
860.695984 1648 1693 1724 1688 1639 1597 1610 1631
860.715027 1643 1704 1712 1693 1649 1607 1598 1645
860.734985 1657 1690 1697 1682 1644 1597 1602 1636
860.754028 1642 1690 1714 1679 1634 1602 1610 1638
860.77301 1645 1685 1712 1703 1637 1601 1592 1642
