0 12.8571429 25.7142857 38.5714286 51.4285714 64.2857143 77.1428571 90
828.851013 1627 1644 1642 1652 1609 1601 1620 1638
828.870972 1633 1647 1657 1644 1611 1611 1634 1632
828.890991 1649 1644 1656 1641 1637 1610 1618 1611
828.911987 1635 1662 1660 1638 1618 1607 1620 1641
828.932007 1633 1670 1651 1641 1625 1607 1603 1632
828.953003 1633 1644 1651 1625 1623 1603 1598 1617
828.973022 1618 1655 1645 1644 1621 1605 1624 1643
828.994019 1628 1635 1667 1639 1619 1601 1618 1634
829.013977 1627 1648 1645 1638 1627 1604 1616 1633
829.034973 1632 1639 1650 1638 1620 1606 1611 1633
829.054993 1628 1650 1653 1627 1613 1616 1608 1637
829.075012 1614 1642 1650 1628 1613 1602 1605 1621
829.096008 1612 1640 1653 1630 1612 1619 1607 1623
829.116028 1624 1632 1655 1640 1609 1613 1600 1621
829.137024 1630 1641 1651 1645 1613 1592 1615 1627
829.156982 1631 1643 1651 1634 1620 1605 1601 1626
829.177979 1620 1629 1656 1625 1611 1603 1609 1617
829.197998 1624 1632 1644 1636 1617 1598 1617 1625
829.218994 1614 1638 1644 1630 1607 1602 1611 1627
829.239014 1617 1660 1641 1632 1612 1615 1603 1620
829.258972 1630 1629 1638 1643 1614 1605 1601 1628
829.280029 1624 1638 1645 1639 1607 1607 1598 1628
829.299988 1622 1635 1632 1629 1615 1611 1595 1629
829.320984 1622 1636 1649 1631 1609 1598 1612 1616
829.341003 1627 1634 1654 1631 1611 1601 1600 1622
829.362 1623 1654 1630 1627 1608 1606 1597 1631
829.382019 1620 1630 1655 1627 1614 1602 1609 1627
829.401978 1621 1641 1639 1636 1623 1597 1606 1611
829.422974 1631 1632 1651 1642 1614 1597 1604 1624
829.442993 1634 1652 1645 1636 1606 1606 1609 1627
829.463989 1638 1646 1651 1632 1606 1616 1593 1633
829.484009 1614 1649 1651 1633 1610 1608 1615 1618
829.505005 1623 1636 1643 1638 1613 1594 1601 1622
829.525024 1636 1644 1642 1645 1612 1603 1601 1633
829.544983 1632 1653 1654 1633 1612 1606 1601 1626
829.565979 1617 1636 1648 1636 1616 1596 1604 1641
829.585999 1647 1637 1648 1627 1622 1612 1616 1621
829.606995 1628 1631 1657 1636 1624 1605 1609 1617
829.627014 1615 1640 1657 1629 1612 1595 1603 1619
829.64801 1624 1648 1638 1627 1615 1601 1609 1640
829.66803 1633 1645 1657 1640 1612 1607 1602 1619
829.687988 1632 1629 1649 1626 1612 1603 1614 1619
829.708984 1630 1633 1649 1632 1618 1594 1597 1622
829.729004 1631 1634 1636 1648 1612 1601 1615 1633
829.75 1633 1628 1654 1640 1615 1605 1619 1632
829.77002 1629 1644 1651 1638 1614 1604 1610 1620
829.791016 1621 1636 1641 1646 1609 1591 1602 1636
829.810974 1631 1630 1644 1636 1616 1607 1602 1627
829.830994 1616 1640 1632 1617 1612 1614 1610 1629
829.85199 1626 1646 1644 1638 1619 1602 1614 1617
829.872009 1628 1658 1651 1634 1614 1607 1591 1627
829.893005 1625 1627 1650 1635 1616 1613 1614 1622
829.913025 1636 1647 1644 1643 1608 1617 1616 1645
829.932983 1626 1658 1638 1629 1629 1599 1601 1617
829.953979 1640 1648 1645 1637 1629 1618 1604 1613
829.973999 1629 1658 1668 1646 1625 1601 1616 1631
829.994995 1632 1652 1658 1636 1611 1599 1604 1635
830.015015 1635 1648 1652 1639 1614 1598 1608 1634
830.036011 1636 1659 1656 1635 1620 1603 1613 1631
830.05603 1625 1643 1662 1645 1615 1612 1619 1639
830.075989 1638 1636 1656 1654 1620 1619 1614 1641
830.096985 1639 1646 1663 1642 1626 1606 1607 1636
830.117004 1635 1643 1667 1646 1611 1606 1625 1635
830.138 1638 1662 1666 1648 1624 1616 1629 1628
830.15802 1629 1657 1668 1643 1627 1620 1622 1631
830.177979 1634 1658 1655 1643 1630 1605 1625 1634
830.198975 1640 1650 1674 1656 1621 1611 1626 1644
830.218994 1651 1674 1666 1645 1635 1613 1614 1635
830.23999 1631 1658 1651 1643 1627 1605 1623 1639
830.26001 1632 1654 1661 1646 1619 1612 1611 1639
830.280029 1631 1645 1680 1636 1624 1625 1623 1641
830.301025 1642 1663 1668 1647 1627 1614 1631 1633
830.320984 1632 1642 1663 1644 1626 1618 1616 1630
830.34198 1654 1649 1651 1658 1612 1613 1617 1618
830.362 1637 1634 1667 1644 1617 1609 1612 1623
830.382996 1632 1659 1649 1639 1625 1626 1610 1636
830.403015 1634 1663 1658 1647 1628 1620 1616 1625
830.422974 1626 1655 1657 1649 1627 1609 1605 1640
830.44397 1641 1649 1661 1641 1628 1613 1599 1636
830.463989 1645 1660 1668 1648 1627 1619 1630 1632
830.484009 1641 1668 1658 1642 1624 1624 1619 1637
830.505005 1649 1643 1668 1649 1634 1610 1625 1633
830.525024 1635 1638 1668 1659 1629 1602 1623 1638
830.546021 1638 1653 1666 1644 1606 1620 1613 1633
830.565979 1635 1646 1653 1633 1629 1616 1623 1645
830.585999 1640 1659 1672 1648 1627 1617 1621 1636
830.606995 1642 1657 1659 1641 1628 1618 1612 1633
830.627014 1629 1656 1666 1638 1625 1616 1621 1630
830.64801 1650 1651 1664 1636 1633 1602 1621 1630
830.66803 1634 1637 1674 1644 1617 1610 1597 1636
830.687988 1639 1655 1659 1650 1630 1606 1615 1643
830.708984 1636 1654 1651 1646 1623 1604 1614 1628
830.729004 1641 1651 1657 1640 1619 1611 1629 1632
830.75 1629 1641 1657 1647 1623 1605 1597 1629
830.77002 1647 1646 1669 1647 1617 1600 1611 1644
830.789978 1625 1666 1663 1638 1632 1612 1606 1632
830.810974 1623 1657 1631 1646 1617 1608 1606 1626
830.830994 1623 1641 1638 1632 1622 1601 1616 1632
830.85199 1633 1650 1657 1623 1623 1617 1616 1626
830.872009 1638 1646 1654 1647 1621 1608 1627 1633
830.892029 1634 1656 1662 1652 1620 1620 1607 1632
830.913025 1625 1663 1661 1626 1625 1612 1605 1636
830.932983 1629 1649 1648 1646 1605 1613 1602 1622
830.953979 1624 1638 1653 1639 1608 1599 1627 1617
830.973999 1620 1644 1654 1632 1614 1608 1616 1628
830.994019 1626 1650 1642 1635 1617 1598 1605 1626
831.015015 1617 1641 1665 1642 1614 1599 1599 1628
831.034973 1621 1622 1641 1644 1624 1591 1612 1626
831.054993 1629 1659 1648 1642 1623 1617 1608 1629
831.075989 1632 1647 1642 1642 1623 1600 1609 1628
831.096008 1624 1646 1640 1627 1613 1617 1607 1630
831.117004 1638 1632 1656 1638 1610 1601 1614 1624
831.137024 1636 1652 1643 1631 1605 1604 1610 1627
831.156982 1631 1632 1639 1632 1621 1601 1601 1640
831.177979 1626 1644 1656 1642 1623 1606 1616 1636
831.197998 1637 1654 1641 1635 1622 1603 1606 1632
831.218994 1630 1643 1637 1634 1617 1602 1614 1612
831.239014 1624 1641 1639 1628 1623 1600 1605 1617
831.258972 1630 1641 1631 1642 1620 1606 1607 1632
831.280029 1630 1639 1643 1624 1615 1598 1605 1633
831.299988 1617 1646 1644 1631 1602 1594 1606 1634
831.320007 1626 1631 1638 1632 1616 1589 1600 1625
831.341003 1630 1641 1648 1624 1611 1616 1601 1620
831.361023 1615 1633 1643 1633 1614 1603 1603 1625
831.382019 1626 1641 1652 1643 1615 1601 1595 1622
831.401978 1627 1647 1649 1644 1605 1600 1616 1629
831.421997 1615 1637 1663 1642 1622 1609 1608 1641
831.442993 1631 1632 1651 1631 1617 1604 1599 1623
831.463013 1620 1639 1646 1636 1611 1603 1601 1621
831.482971 1617 1640 1642 1637 1612 1610 1622 1630
831.504028 1633 1647 1649 1643 1623 1599 1612 1626
831.523987 1621 1632 1657 1649 1620 1604 1611 1624
831.544983 1628 1649 1660 1633 1615 1601 1602 1636
831.565002 1614 1645 1644 1642 1619 1602 1591 1631
831.585022 1622 1641 1652 1634 1621 1613 1601 1621
831.606018 1631 1652 1644 1630 1617 1599 1606 1622
831.625977 1630 1656 1656 1638 1627 1602 1611 1638
831.645996 1630 1643 1647 1639 1612 1605 1607 1622
831.666992 1605 1637 1657 1658 1620 1594 1602 1624
831.687012 1619 1658 1648 1625 1608 1620 1609 1636
831.708008 1632 1635 1645 1638 1620 1613 1602 1627
831.728027 1622 1647 1652 1643 1614 1605 1620 1634
831.747986 1626 1647 1654 1624 1624 1605 1611 1632
831.768982 1634 1647 1661 1630 1616 1594 1606 1627
831.789001 1632 1637 1647 1646 1614 1609 1619 1629
831.809021 1624 1650 1656 1634 1612 1611 1610 1621
831.830017 1630 1648 1649 1640 1618 1609 1607 1641
831.849976 1642 1646 1649 1644 1623 1618 1604 1643
831.869995 1623 1637 1668 1647 1610 1598 1603 1620
831.890991 1627 1632 1643 1639 1620 1614 1616 1632
831.911011 1623 1648 1645 1643 1623 1609 1614 1634
831.932007 1628 1664 1649 1635 1624 1593 1611 1628
831.952026 1622 1650 1655 1645 1607 1604 1610 1633
831.971985 1641 1668 1647 1631 1630 1604 1604 1621
831.992981 1624 1644 1661 1637 1623 1597 1602 1634
832.013 1632 1660 1646 1638 1618 1613 1606 1631
832.03302 1638 1654 1648 1646 1615 1611 1604 1628
832.054016 1633 1651 1660 1654 1617 1606 1611 1621
832.073975 1622 1665 1649 1653 1632 1612 1615 1636
832.093994 1630 1639 1654 1650 1631 1620 1610 1628
832.11499 1636 1630 1654 1642 1630 1612 1631 1647
832.13501 1652 1661 1660 1651 1620 1620 1620 1626
832.155029 1627 1661 1647 1639 1623 1618 1620 1636
832.176025 1624 1659 1663 1636 1630 1611 1633 1629
832.195984 1633 1648 1670 1645 1618 1607 1609 1642
832.216003 1621 1650 1661 1647 1615 1612 1608 1622
832.237 1640 1660 1666 1653 1620 1621 1623 1629
832.257019 1638 1660 1646 1666 1626 1607 1605 1639
832.278015 1626 1650 1669 1653 1628 1612 1615 1633
832.297974 1627 1648 1668 1659 1621 1608 1606 1630
832.317993 1654 1652 1671 1647 1625 1604 1625 1650
832.338989 1638 1646 1656 1644 1636 1605 1616 1650
832.359009 1641 1658 1663 1632 1612 1608 1623 1646
832.379028 1636 1650 1664 1645 1623 1623 1616 1652
832.400024 1626 1648 1666 1651 1627 1610 1622 1636
832.419983 1639 1659 1670 1634 1625 1616 1612 1622
832.440002 1641 1664 1661 1654 1643 1616 1621 1633
832.460999 1639 1663 1659 1649 1628 1601 1614 1633
832.481018 1649 1656 1650 1647 1616 1618 1607 1634
832.500977 1633 1649 1655 1652 1625 1616 1612 1631
832.521973 1640 1648 1662 1650 1618 1616 1616 1633
832.541992 1632 1652 1665 1646 1632 1608 1604 1645
832.562012 1636 1645 1660 1651 1615 1614 1614 1633
832.583008 1641 1652 1667 1650 1636 1623 1613 1642
832.603027 1625 1649 1648 1647 1623 1616 1636 1634
832.622986 1635 1657 1672 1638 1627 1606 1614 1637
832.643982 1641 1643 1660 1655 1628 1602 1623 1643
832.664001 1632 1653 1671 1649 1629 1604 1620 1632
832.684021 1636 1663 1669 1648 1612 1612 1612 1642
832.705017 1638 1660 1657 1637 1619 1603 1623 1638
832.724976 1629 1666 1663 1639 1630 1611 1616 1644
832.744995 1651 1666 1645 1642 1630 1606 1618 1636
832.765991 1651 1646 1653 1639 1630 1607 1617 1641
832.786011 1638 1652 1659 1641 1626 1609 1615 1642
832.80603 1644 1660 1663 1643 1633 1609 1609 1634
832.827026 1629 1646 1665 1652 1621 1606 1610 1627
832.846985 1638 1651 1657 1647 1624 1629 1616 1625
832.867004 1624 1662 1644 1642 1624 1607 1617 1645
832.888 1632 1653 1650 1647 1612 1606 1625 1629
832.90802 1628 1646 1656 1646 1632 1614 1621 1637
832.927979 1658 1650 1661 1636 1624 1612 1611 1647
832.948975 1621 1653 1656 1644 1621 1608 1614 1625
832.968994 1624 1656 1648 1637 1631 1612 1618 1642
832.989014 1637 1643 1673 1635 1636 1612 1609 1629
833.01001 1630 1662 1673 1641 1616 1609 1619 1641
833.030029 1624 1655 1643 1636 1615 1609 1623 1635
833.049988 1632 1652 1650 1656 1627 1612 1618 1631
833.070984 1646 1661 1650 1629 1615 1602 1607 1628
833.091003 1632 1659 1679 1657 1627 1605 1619 1630
833.111023 1630 1640 1654 1642 1630 1603 1610 1627
833.132019 1635 1655 1669 1652 1622 1605 1619 1638
833.151978 1649 1655 1653 1639 1638 1613 1609 1639
833.171997 1626 1646 1670 1640 1616 1613 1609 1633
833.192993 1642 1644 1671 1654 1615 1611 1606 1633
833.213013 1638 1648 1651 1639 1618 1602 1611 1630
833.232971 1624 1665 1650 1617 1625 1604 1598 1636
833.254028 1641 1661 1660 1628 1618 1614 1606 1632
833.273987 1628 1655 1652 1642 1607 1608 1614 1636
833.294006 1633 1642 1658 1654 1626 1612 1619 1640
833.315002 1646 1645 1657 1652 1617 1604 1607 1630
833.335022 1636 1652 1641 1647 1608 1603 1605 1633
833.35498 1620 1643 1649 1626 1615 1598 1598 1622
833.375977 1619 1657 1665 1641 1616 1612 1607 1632
833.395996 1645 1657 1661 1645 1622 1607 1626 1627
833.416016 1633 1644 1655 1635 1627 1602 1615 1625
833.437012 1637 1645 1660 1635 1608 1613 1610 1639
833.45697 1626 1634 1647 1640 1617 1606 1604 1624
833.47699 1634 1647 1664 1627 1621 1599 1605 1625
833.497009 1618 1646 1657 1646 1618 1603 1611 1619
833.518005 1645 1649 1665 1646 1626 1609 1614 1627
833.538025 1619 1646 1643 1621 1615 1620 1608 1630
833.557983 1633 1629 1660 1631 1610 1597 1608 1634
833.578979 1628 1654 1658 1640 1621 1589 1603 1629
833.598999 1619 1646 1661 1655 1625 1602 1604 1636
833.619019 1635 1655 1646 1639 1612 1615 1620 1629
833.640015 1630 1642 1643 1633 1610 1606 1617 1628
833.659973 1640 1635 1648 1646 1610 1605 1613 1626
833.679993 1628 1647 1645 1632 1607 1612 1610 1630
833.700989 1630 1638 1650 1636 1615 1602 1605 1625
833.721008 1636 1645 1662 1635 1613 1602 1601 1623
833.741028 1625 1652 1651 1638 1621 1614 1596 1633
833.762024 1639 1634 1650 1643 1627 1611 1606 1645
833.781982 1633 1645 1647 1628 1611 1601 1604 1640
833.802002 1639 1647 1645 1643 1627 1610 1614 1631
833.822021 1623 1653 1650 1654 1630 1592 1611 1619
833.843018 1637 1650 1639 1643 1626 1621 1618 1636
833.862976 1623 1645 1638 1640 1620 1609 1614 1618
833.882996 1624 1650 1653 1621 1625 1604 1603 1626
833.903992 1630 1638 1656 1637 1614 1595 1606 1627
833.924011 1628 1633 1663 1642 1618 1603 1602 1611
833.94397 1620 1642 1644 1643 1617 1616 1605 1630
833.965027 1633 1646 1651 1640 1607 1601 1605 1628
833.984985 1623 1653 1657 1629 1617 1611 1602 1627
834.005005 1629 1635 1656 1637 1617 1606 1613 1634
834.026001 1632 1647 1655 1641 1615 1618 1606 1623
834.046021 1633 1649 1661 1620 1613 1613 1599 1634
834.065979 1629 1639 1663 1647 1621 1615 1608 1630
834.085999 1629 1648 1643 1633 1620 1605 1612 1617
834.106995 1627 1652 1660 1641 1603 1610 1615 1624
834.127014 1636 1647 1649 1638 1618 1592 1601 1615
834.146973 1625 1648 1655 1651 1622 1601 1600 1626
834.16803 1633 1637 1651 1643 1614 1602 1601 1629
834.187988 1631 1646 1667 1638 1622 1596 1611 1628
834.208008 1628 1653 1659 1642 1625 1605 1616 1633
834.228027 1625 1654 1656 1653 1616 1612 1609 1624
834.249023 1631 1638 1655 1643 1618 1594 1606 1619
834.268982 1627 1650 1646 1644 1625 1611 1619 1639
834.289001 1631 1659 1647 1637 1622 1600 1619 1623
834.309998 1640 1643 1663 1638 1616 1601 1615 1639
834.330017 1634 1651 1655 1643 1607 1603 1606 1627
834.349976 1644 1649 1662 1651 1611 1603 1612 1629
834.369995 1624 1651 1658 1648 1624 1617 1601 1623
834.390991 1634 1654 1652 1645 1608 1606 1609 1629
834.411011 1626 1655 1656 1638 1602 1600 1617 1635
834.43103 1627 1649 1656 1646 1613 1598 1611 1629
834.452026 1631 1646 1644 1643 1616 1605 1609 1625
834.471985 1629 1648 1664 1647 1619 1616 1608 1626
834.492004 1636 1653 1644 1659 1620 1602 1619 1638
834.513 1641 1661 1648 1644 1616 1602 1607 1641
834.53302 1633 1650 1669 1642 1610 1600 1600 1637
834.552979 1644 1649 1662 1641 1619 1614 1620 1641
834.572998 1630 1660 1654 1629 1617 1604 1600 1624
834.593994 1634 1645 1667 1640 1614 1602 1608 1632
834.614014 1631 1645 1653 1656 1625 1609 1597 1628
834.633972 1633 1642 1647 1657 1622 1609 1612 1628
834.653992 1636 1669 1659 1645 1616 1609 1613 1630
834.674988 1619 1653 1650 1654 1615 1593 1611 1620
834.695007 1622 1652 1670 1630 1623 1618 1618 1626
834.715027 1642 1660 1654 1641 1616 1599 1615 1644
834.736023 1629 1645 1652 1649 1622 1605 1615 1626
834.755981 1632 1646 1646 1642 1621 1606 1607 1640
834.776001 1642 1669 1672 1647 1614 1608 1599 1629
834.796021 1629 1645 1660 1644 1621 1603 1614 1639
834.817017 1638 1644 1654 1642 1616 1611 1617 1637
834.836975 1618 1661 1662 1652 1613 1606 1613 1644
834.856995 1622 1649 1664 1649 1604 1608 1606 1651
834.877991 1642 1651 1663 1641 1620 1601 1622 1651
834.89801 1645 1665 1666 1647 1627 1606 1602 1619
834.91803 1633 1662 1675 1650 1614 1614 1617 1628
834.937988 1624 1638 1663 1670 1625 1613 1613 1631
834.958984 1639 1655 1671 1652 1620 1605 1618 1648
834.979004 1643 1646 1666 1649 1631 1612 1612 1621
834.999023 1633 1652 1655 1638 1640 1610 1614 1627
835.018982 1644 1662 1663 1646 1624 1615 1618 1633
835.039978 1646 1662 1658 1643 1629 1613 1614 1643
835.059998 1645 1673 1669 1643 1624 1608 1620 1648
835.080017 1628 1652 1668 1648 1617 1612 1610 1624
835.101013 1631 1658 1668 1653 1620 1611 1614 1629
835.120972 1632 1662 1666 1641 1619 1608 1610 1645
835.140991 1640 1666 1667 1640 1624 1606 1619 1637
835.161011 1627 1661 1663 1641 1627 1599 1613 1621
835.182007 1646 1653 1664 1655 1625 1608 1607 1641
835.202026 1641 1659 1678 1654 1626 1630 1609 1633
835.221985 1632 1656 1670 1650 1632 1610 1614 1632
835.242004 1634 1654 1655 1641 1626 1620 1611 1633
835.263 1641 1647 1669 1651 1626 1619 1625 1631
835.28302 1645 1660 1660 1647 1635 1617 1607 1645
835.302979 1628 1651 1669 1655 1626 1609 1609 1628
835.322998 1648 1653 1678 1665 1623 1612 1621 1624
835.343994 1637 1654 1682 1649 1616 1598 1617 1632
835.364014 1636 1664 1649 1641 1608 1613 1600 1636
835.383972 1645 1650 1651 1646 1621 1610 1616 1641
835.403992 1634 1658 1671 1656 1642 1617 1618 1630
835.424988 1638 1664 1662 1651 1611 1606 1620 1628
835.445007 1650 1651 1657 1635 1618 1616 1616 1631
835.465027 1637 1657 1672 1644 1611 1605 1605 1646
835.486023 1637 1652 1661 1649 1629 1601 1607 1627
835.505981 1627 1670 1656 1634 1614 1622 1628 1624
835.526001 1640 1655 1661 1649 1629 1611 1621 1633
835.546021 1628 1643 1659 1651 1624 1604 1602 1640
835.567017 1624 1651 1657 1645 1615 1622 1609 1624
835.586975 1648 1647 1666 1642 1637 1603 1611 1635
835.606995 1637 1664 1662 1632 1616 1599 1619 1626
835.627014 1626 1648 1658 1645 1621 1607 1609 1637
835.64801 1645 1655 1675 1651 1615 1593 1611 1640
835.66803 1622 1638 1652 1641 1612 1606 1624 1623
835.687988 1644 1654 1648 1635 1633 1608 1611 1634
835.708008 1636 1658 1660 1652 1627 1609 1605 1628
835.729004 1640 1666 1658 1652 1627 1610 1627 1629
835.749023 1632 1651 1655 1638 1601 1609 1627 1631
835.768982 1652 1656 1657 1638 1627 1617 1614 1629
835.789001 1624 1657 1678 1646 1626 1614 1621 1634
835.809998 1632 1663 1649 1655 1622 1610 1606 1617
835.830017 1637 1672 1658 1646 1615 1604 1614 1645
835.849976 1628 1646 1653 1650 1631 1613 1619 1646
835.869995 1637 1661 1657 1640 1631 1594 1624 1633
835.890991 1660 1657 1659 1651 1614 1615 1616 1643
835.911011 1637 1653 1670 1652 1630 1611 1620 1627
835.93103 1631 1653 1674 1649 1634 1610 1614 1636
835.950989 1631 1659 1659 1637 1638 1610 1611 1639
835.971985 1628 1663 1662 1656 1628 1614 1607 1627
835.992004 1639 1669 1673 1645 1620 1614 1618 1642
836.012024 1632 1655 1654 1652 1639 1610 1621 1638
836.031982 1648 1657 1663 1645 1626 1618 1609 1626
836.052002 1640 1659 1662 1644 1632 1609 1610 1631
836.072998 1649 1647 1673 1660 1634 1607 1623 1640
836.093018 1635 1647 1659 1641 1619 1610 1619 1631
836.112976 1628 1660 1660 1649 1616 1604 1610 1649
836.132996 1636 1651 1677 1651 1625 1600 1612 1638
836.153992 1642 1656 1658 1652 1635 1610 1627 1636
836.174011 1655 1667 1671 1647 1620 1630 1610 1647
836.19397 1634 1670 1664 1638 1620 1629 1628 1636
836.213989 1650 1654 1676 1656 1619 1613 1615 1641
836.234985 1642 1645 1662 1655 1622 1607 1619 1626
836.255005 1628 1646 1652 1654 1600 1599 1621 1630
836.275024 1643 1656 1669 1658 1616 1615 1620 1631
836.294983 1625 1659 1665 1652 1641 1614 1611 1652
836.315979 1633 1646 1662 1646 1633 1608 1615 1641
836.335999 1642 1670 1672 1652 1619 1603 1608 1637
836.356018 1630 1646 1664 1659 1625 1606 1614 1631
836.375977 1642 1670 1661 1654 1635 1602 1607 1638
836.395996 1630 1678 1658 1649 1616 1629 1616 1633
836.416992 1627 1675 1658 1668 1636 1627 1609 1639
836.437012 1620 1657 1672 1645 1618 1615 1622 1637
836.45697 1642 1673 1679 1649 1624 1616 1624 1620
836.47699 1633 1651 1683 1643 1634 1619 1619 1641
836.497986 1630 1658 1671 1669 1624 1616 1616 1633
836.518005 1641 1649 1674 1647 1630 1624 1613 1627
836.538025 1629 1648 1685 1652 1635 1612 1621 1638
836.557983 1632 1671 1681 1666 1624 1619 1619 1648
836.578979 1645 1682 1669 1652 1629 1622 1615 1652
836.598999 1640 1674 1662 1644 1627 1607 1620 1638
836.619019 1650 1674 1676 1655 1632 1602 1610 1633
836.638977 1633 1666 1671 1641 1625 1607 1606 1644
836.658997 1635 1657 1669 1650 1615 1618 1621 1646
836.679993 1637 1668 1687 1645 1630 1612 1611 1636
836.700012 1640 1658 1681 1670 1631 1610 1614 1644
836.719971 1646 1662 1658 1662 1643 1611 1606 1646
836.73999 1629 1643 1653 1659 1628 1610 1618 1637
836.760986 1632 1644 1676 1655 1629 1604 1621 1654
836.781006 1630 1651 1673 1654 1621 1610 1618 1633
836.801025 1646 1663 1669 1637 1628 1611 1621 1641
836.820984 1650 1668 1674 1664 1624 1604 1617 1639
836.841003 1640 1667 1672 1648 1621 1601 1617 1636
836.862 1654 1666 1670 1661 1628 1617 1609 1633
836.882019 1632 1661 1672 1652 1613 1607 1620 1631
836.901978 1654 1660 1667 1650 1640 1599 1617 1647
836.921997 1641 1651 1667 1676 1612 1609 1630 1633
836.942993 1647 1655 1669 1654 1629 1604 1615 1646
836.963013 1641 1669 1682 1651 1631 1606 1623 1648
836.982971 1634 1671 1680 1652 1634 1626 1617 1642
837.002991 1648 1668 1677 1665 1626 1625 1622 1633
837.02301 1652 1652 1694 1663 1632 1613 1622 1646
837.044006 1642 1678 1688 1681 1644 1617 1613 1648
837.064026 1655 1675 1688 1678 1648 1631 1643 1668
837.083984 1646 1679 1686 1677 1633 1632 1624 1655
837.104004 1661 1698 1710 1690 1647 1635 1645 1656
837.124023 1661 1689 1697 1685 1642 1640 1633 1667
837.14502 1669 1687 1711 1673 1651 1634 1643 1664
837.164978 1665 1688 1699 1677 1675 1640 1630 1657
837.184998 1676 1680 1697 1687 1665 1632 1643 1676
837.205017 1669 1681 1714 1684 1664 1638 1628 1665
837.224976 1662 1689 1714 1689 1643 1634 1647 1676
837.245972 1672 1689 1699 1685 1659 1649 1646 1678
837.265991 1665 1696 1694 1694 1650 1626 1630 1662
837.286011 1674 1695 1722 1680 1659 1639 1644 1664
837.30603 1669 1698 1696 1702 1660 1630 1642 1682
837.325989 1674 1694 1702 1689 1666 1628 1643 1672
837.346985 1678 1690 1699 1683 1656 1623 1635 1666
837.367004 1672 1703 1683 1707 1658 1637 1660 1670
837.387024 1675 1709 1710 1702 1647 1635 1645 1667
837.406982 1657 1677 1712 1695 1643 1640 1625 1663
837.427002 1663 1689 1701 1689 1654 1655 1653 1673
837.447998 1669 1696 1717 1690 1647 1646 1642 1659
837.468018 1671 1699 1708 1673 1664 1634 1641 1674
837.487976 1667 1701 1705 1686 1658 1637 1626 1677
837.507996 1660 1697 1694 1693 1666 1626 1635 1676
837.528992 1663 1682 1731 1696 1668 1633 1637 1655
837.549011 1679 1706 1696 1691 1657 1638 1644 1680
837.56897 1675 1706 1705 1689 1650 1644 1647 1663
837.588989 1669 1711 1694 1699 1657 1634 1645 1655
837.609009 1678 1689 1695 1698 1662 1639 1642 1681
837.629028 1649 1704 1701 1688 1658 1651 1639 1652
837.650024 1671 1702 1700 1696 1654 1637 1646 1671
837.669983 1670 1695 1743 1689 1661 1646 1642 1669
837.690002 1644 1706 1725 1697 1648 1647 1646 1684
837.710022 1680 1701 1719 1694 1683 1642 1652 1670
837.72998 1675 1693 1735 1693 1660 1640 1657 1664
837.750977 1680 1725 1714 1697 1659 1632 1645 1679
837.770996 1680 1699 1712 1702 1663 1647 1645 1674
837.791016 1665 1727 1723 1712 1659 1638 1641 1695
837.810974 1683 1712 1720 1710 1673 1640 1645 1676
837.830994 1661 1716 1716 1695 1669 1642 1635 1662
837.85199 1674 1710 1716 1705 1662 1651 1664 1679
837.872009 1680 1724 1721 1713 1665 1642 1653 1686
837.892029 1676 1718 1711 1704 1670 1644 1643 1679
837.911987 1687 1709 1733 1704 1673 1632 1648 1686
837.932007 1674 1724 1729 1715 1675 1651 1645 1678
837.953003 1682 1751 1732 1716 1669 1636 1653 1670
837.973022 1693 1725 1731 1719 1663 1646 1660 1673
837.992981 1672 1720 1727 1699 1674 1641 1651 1686
838.013 1680 1724 1734 1714 1658 1650 1644 1685
838.03302 1676 1731 1754 1715 1678 1652 1645 1681
838.052979 1674 1729 1741 1734 1666 1657 1657 1672
838.073975 1700 1728 1747 1729 1688 1663 1660 1698
838.093994 1701 1728 1735 1733 1676 1652 1658 1691
838.114014 1706 1734 1771 1728 1683 1645 1650 1700
838.133972 1684 1724 1746 1740 1691 1655 1633 1701
838.153992 1701 1751 1760 1734 1688 1660 1652 1691
838.174011 1680 1751 1766 1741 1704 1660 1666 1691
838.195007 1698 1774 1782 1738 1683 1663 1665 1709
838.215027 1714 1755 1774 1749 1685 1666 1669 1703
838.234985 1710 1754 1786 1758 1710 1669 1664 1714
838.255005 1725 1782 1767 1754 1679 1653 1666 1711
838.275024 1709 1777 1801 1778 1703 1668 1673 1697
838.296021 1720 1777 1798 1761 1708 1660 1672 1719
838.315979 1721 1779 1801 1777 1718 1668 1671 1718
838.335999 1714 1777 1798 1776 1702 1648 1668 1720
838.356018 1725 1794 1822 1781 1685 1656 1662 1712
838.375977 1727 1803 1801 1794 1707 1667 1667 1729
838.395996 1715 1790 1829 1795 1716 1665 1661 1724
838.416992 1717 1794 1829 1789 1718 1661 1671 1718
838.437012 1750 1812 1846 1794 1717 1676 1666 1709
838.45697 1731 1803 1836 1797 1731 1657 1656 1731
838.47699 1732 1812 1847 1806 1710 1651 1673 1724
838.497009 1739 1811 1846 1805 1710 1660 1680 1743
838.517029 1748 1837 1857 1835 1748 1667 1675 1743
838.538025 1747 1831 1882 1835 1736 1671 1667 1749
838.557983 1733 1831 1873 1838 1745 1670 1674 1740
838.578003 1760 1845 1867 1829 1751 1658 1668 1768
838.598022 1765 1860 1890 1827 1730 1662 1676 1761
838.617981 1764 1840 1900 1842 1753 1669 1688 1758
838.638 1750 1855 1895 1843 1755 1668 1674 1770
838.658997 1770 1852 1885 1837 1760 1682 1672 1783
838.679016 1758 1870 1906 1864 1748 1685 1674 1765
838.698975 1756 1864 1923 1860 1761 1681 1680 1769
838.718994 1772 1855 1895 1862 1761 1684 1678 1785
838.739014 1765 1859 1890 1873 1765 1671 1681 1769
838.758972 1778 1872 1908 1878 1746 1679 1672 1772
838.780029 1778 1874 1886 1891 1758 1679 1690 1781
838.799988 1787 1881 1915 1859 1775 1685 1693 1776
838.820007 1776 1887 1935 1874 1763 1683 1661 1756
838.840027 1771 1882 1922 1875 1770 1670 1666 1797
838.859985 1765 1861 1920 1880 1779 1677 1667 1787
838.880005 1777 1884 1903 1859 1766 1681 1690 1788
838.901001 1796 1875 1929 1874 1766 1681 1685 1780
838.921021 1779 1904 1919 1883 1761 1678 1699 1786
838.940979 1785 1888 1935 1878 1769 1673 1686 1788
838.960999 1782 1885 1926 1902 1774 1685 1685 1776
838.981018 1792 1888 1945 1907 1769 1689 1690 1776
839.000977 1777 1900 1921 1889 1774 1673 1670 1779
839.020996 1797 1880 1928 1878 1755 1678 1688 1786
839.041992 1762 1897 1942 1875 1767 1686 1675 1799
839.062012 1777 1895 1964 1878 1773 1680 1674 1783
839.08197 1784 1911 1937 1908 1781 1672 1683 1797
839.10199 1784 1899 1920 1887 1758 1693 1662 1793
839.122009 1787 1907 1942 1893 1777 1694 1680 1788
839.142029 1791 1892 1905 1871 1774 1677 1679 1778
839.161987 1785 1893 1952 1877 1764 1691 1677 1765
839.182983 1791 1901 1933 1900 1760 1676 1676 1772
839.203003 1771 1896 1937 1899 1769 1682 1692 1770
839.223022 1768 1897 1963 1911 1752 1686 1692 1789
839.242981 1813 1912 1955 1888 1766 1696 1682 1787
839.263 1790 1906 1951 1901 1768 1678 1708 1786
839.28302 1810 1916 1944 1884 1783 1696 1690 1810
839.304016 1797 1903 1986 1898 1771 1689 1696 1782
839.323975 1802 1900 1956 1922 1795 1692 1688 1808
839.343994 1787 1912 1990 1915 1776 1684 1702 1794
839.364014 1793 1914 1989 1910 1784 1683 1687 1803
839.383972 1823 1919 1992 1918 1796 1700 1697 1791
839.403992 1810 1923 1995 1953 1792 1699 1696 1794
839.424011 1804 1946 1966 1942 1820 1686 1695 1821
839.445007 1804 1948 2016 1955 1829 1715 1708 1796
839.465027 1823 1962 2014 1932 1838 1689 1700 1820
839.484985 1816 1960 2016 1948 1824 1722 1698 1833
839.505005 1844 1979 2029 1976 1833 1712 1704 1837
839.525024 1849 1958 2038 1966 1840 1707 1712 1847
839.544983 1856 1971 2008 1976 1822 1706 1721 1831
839.565002 1853 1999 2048 2004 1847 1727 1725 1842
839.585999 1850 1990 2041 2002 1846 1717 1743 1848
839.606018 1875 2017 2081 2021 1880 1725 1723 1884
839.625977 1886 2019 2091 2023 1855 1742 1742 1880
839.645996 1878 2043 2130 2071 1884 1738 1719 1887
839.666016 1904 2050 2131 2058 1906 1746 1738 1901
839.685974 1898 2051 2111 2078 1901 1747 1756 1906
839.705994 1912 2085 2161 2071 1902 1779 1773 1932
839.726013 1941 2078 2153 2102 1914 1770 1773 1908
839.747009 1940 2126 2174 2092 1894 1747 1776 1935
839.767029 1941 2137 2184 2080 1929 1766 1778 1919
839.786987 1952 2100 2184 2124 1922 1766 1771 1970
839.807007 1975 2152 2230 2147 1933 1800 1788 1966
839.827026 1972 2172 2237 2161 1964 1792 1774 1966
839.846985 2001 2160 2255 2200 1974 1792 1796 1983
839.867004 1993 2196 2255 2172 1998 1798 1799 1944
839.887024 2016 2189 2283 2172 1981 1800 1809 2023
839.90802 2021 2213 2303 2213 2003 1809 1811 2002
839.927979 2022 2234 2314 2245 1984 1820 1803 2035
839.947998 2022 2251 2321 2251 2021 1812 1823 2038
839.968018 2031 2241 2390 2240 2028 1815 1818 2023
839.987976 2040 2273 2349 2251 2055 1839 1821 2040
840.007996 2067 2272 2355 2294 2063 1837 1839 2038
840.028015 2055 2283 2393 2305 2071 1815 1855 2074
840.047974 2047 2269 2359 2289 2074 1854 1810 2061
840.06897 2066 2319 2372 2310 2039 1836 1849 2065
840.088989 2051 2296 2421 2335 2049 1825 1847 2054
840.109009 2057 2288 2404 2319 2033 1830 1822 2061
840.129028 2076 2273 2383 2267 2058 1816 1825 2049
840.148987 2049 2303 2374 2312 2051 1825 1820 2050
840.169006 2055 2300 2395 2289 2041 1806 1818 2014
840.189026 2011 2298 2399 2301 2061 1823 1836 2051
840.208984 2021 2274 2369 2267 2039 1821 1818 2032
840.22998 2009 2249 2361 2236 2003 1803 1808 2016
840.25 2012 2228 2351 2256 1988 1806 1793 2005
840.27002 2014 2228 2332 2241 2018 1806 1809 2010
840.289978 1984 2210 2298 2227 2027 1789 1803 1984
840.309998 1991 2211 2303 2207 1994 1776 1792 2000
840.330017 1979 2197 2299 2183 1972 1788 1759 1954
840.349976 1947 2148 2239 2173 1961 1759 1769 1957
840.369995 1937 2145 2273 2148 1934 1778 1758 1962
840.390015 1923 2142 2238 2143 1914 1765 1763 1923
840.411011 1930 2135 2230 2131 1939 1745 1750 1929
840.43103 1917 2093 2173 2111 1909 1767 1734 1908
840.450989 1922 2094 2164 2069 1888 1739 1731 1882
840.471008 1883 2078 2152 2053 1863 1737 1733 1888
840.491028 1849 2051 2139 2047 1849 1726 1707 1866
840.510986 1847 2017 2135 1982 1848 1710 1709 1868
840.531006 1850 1996 2096 2008 1830 1714 1710 1839
840.551025 1826 1996 2088 1981 1817 1712 1706 1816
840.570984 1827 1965 2047 1951 1818 1692 1704 1817
840.59198 1812 1954 2024 1941 1814 1698 1695 1810
840.612 1790 1927 2028 1928 1782 1694 1694 1792
840.632019 1772 1898 1985 1897 1752 1686 1674 1788
840.651978 1772 1907 1982 1906 1774 1683 1684 1771
840.671997 1746 1882 1939 1880 1754 1664 1676 1766
840.692017 1751 1870 1928 1843 1753 1661 1671 1754
840.711975 1768 1854 1932 1868 1737 1665 1674 1766
840.731995 1759 1850 1927 1866 1748 1652 1654 1743
840.752014 1740 1841 1918 1836 1737 1653 1659 1719
840.771973 1717 1830 1874 1828 1731 1661 1660 1754
840.79303 1707 1839 1872 1821 1738 1665 1662 1727
840.812988 1724 1833 1878 1820 1699 1643 1640 1715
840.833008 1728 1799 1867 1800 1730 1657 1645 1724
840.853027 1714 1799 1854 1802 1705 1647 1641 1702
840.872986 1732 1786 1852 1812 1718 1634 1634 1712
840.893005 1716 1801 1842 1792 1701 1636 1635 1701
840.913025 1706 1798 1809 1786 1693 1627 1639 1699
840.932983 1712 1765 1806 1771 1693 1639 1642 1694
840.953003 1707 1762 1826 1778 1689 1635 1639 1687
840.973022 1692 1781 1804 1774 1694 1630 1647 1695
840.994019 1686 1754 1798 1777 1692 1638 1636 1683
841.013977 1696 1751 1822 1761 1692 1643 1641 1692
841.033997 1689 1750 1793 1762 1685 1641 1637 1690
841.054016 1691 1747 1804 1751 1686 1629 1637 1679
841.073975 1682 1741 1767 1765 1664 1630 1621 1682
841.093994 1691 1741 1801 1727 1663 1638 1633 1673
841.114014 1677 1751 1747 1748 1665 1636 1647 1666
841.133972 1685 1738 1770 1738 1661 1632 1638 1676
841.153992 1679 1748 1765 1738 1664 1638 1636 1682
841.174011 1679 1740 1755 1729 1679 1622 1641 1675
841.19397 1686 1734 1780 1728 1668 1630 1630 1679
841.215027 1677 1736 1753 1729 1667 1625 1630 1669
841.234985 1672 1722 1775 1727 1667 1632 1628 1673
841.255005 1673 1726 1757 1711 1663 1630 1624 1679
841.275024 1675 1742 1757 1724 1638 1622 1633 1680
841.294983 1685 1741 1746 1727 1663 1622 1629 1672
841.315002 1660 1700 1760 1720 1656 1637 1628 1673
841.335022 1681 1724 1753 1711 1676 1623 1635 1672
841.35498 1674 1730 1751 1722 1666 1631 1639 1677
841.375 1670 1719 1774 1719 1676 1634 1626 1669
841.39502 1669 1723 1731 1707 1657 1627 1623 1681
841.414978 1681 1709 1744 1734 1656 1625 1633 1668
841.434998 1669 1732 1746 1719 1655 1617 1626 1659
841.455994 1668 1717 1744 1711 1669 1629 1622 1675
841.476013 1674 1721 1742 1702 1662 1633 1618 1664
841.495972 1659 1724 1723 1717 1665 1613 1630 1684
841.515991 1676 1718 1730 1715 1650 1629 1628 1677
841.536011 1687 1712 1743 1715 1659 1630 1632 1661
841.55603 1669 1704 1735 1707 1668 1616 1622 1667
841.575989 1651 1726 1732 1707 1660 1621 1630 1668
841.596008 1684 1705 1748 1699 1655 1625 1630 1675
841.616028 1676 1717 1741 1701 1670 1624 1633 1675
841.635986 1675 1721 1736 1701 1656 1621 1630 1669
841.656006 1660 1714 1746 1701 1647 1631 1645 1681
841.676025 1666 1707 1733 1708 1656 1611 1623 1660
841.695984 1673 1700 1735 1724 1659 1624 1637 1659
841.716003 1659 1710 1734 1716 1649 1644 1614 1662
841.737 1665 1711 1730 1693 1659 1647 1628 1661
841.757019 1672 1706 1740 1698 1647 1637 1624 1678
841.776978 1683 1705 1739 1705 1639 1632 1637 1665
841.796997 1668 1713 1739 1711 1658 1628 1630 1661
841.817017 1652 1710 1753 1710 1655 1625 1635 1670
841.836975 1668 1707 1725 1700 1657 1613 1625 1670
841.856995 1662 1689 1725 1695 1652 1631 1628 1672
841.877014 1663 1713 1734 1707 1667 1626 1625 1647
841.896973 1666 1712 1725 1714 1654 1616 1637 1661
841.916992 1667 1704 1730 1702 1645 1624 1626 1655
841.937012 1649 1700 1738 1697 1649 1623 1632 1673
841.95697 1662 1723 1733 1702 1639 1630 1633 1661
841.97699 1662 1703 1743 1691 1645 1638 1629 1667
841.997009 1662 1703 1733 1702 1641 1617 1622 1665
842.018005 1658 1718 1711 1717 1671 1631 1633 1677
842.038025 1657 1707 1717 1716 1651 1628 1618 1655
842.057983 1665 1705 1734 1693 1650 1623 1626 1660
842.078003 1656 1701 1711 1686 1645 1615 1626 1663
842.098022 1658 1722 1721 1710 1643 1620 1624 1671
842.117981 1658 1712 1713 1695 1654 1622 1626 1651
842.138 1657 1694 1707 1698 1651 1613 1626 1657
842.15802 1655 1710 1712 1697 1640 1611 1619 1653
842.177979 1656 1692 1702 1700 1629 1612 1618 1665
842.197998 1652 1701 1719 1701 1647 1617 1611 1661
842.218018 1653 1690 1728 1676 1646 1610 1620 1667
842.237976 1654 1698 1718 1693 1646 1616 1621 1670
842.257996 1652 1690 1718 1695 1647 1618 1630 1656
842.278015 1667 1694 1719 1690 1651 1603 1622 1653
842.297974 1648 1694 1713 1680 1655 1610 1622 1664
842.317993 1671 1704 1704 1688 1645 1619 1623 1671
842.338013 1671 1702 1724 1702 1648 1620 1614 1658
842.357971 1640 1688 1709 1695 1645 1628 1645 1659
842.379028 1669 1708 1699 1678 1643 1619 1623 1637
842.398987 1656 1706 1712 1685 1642 1624 1614 1648
842.419006 1676 1689 1728 1701 1664 1623 1637 1658
842.439026 1660 1701 1724 1679 1638 1614 1628 1642
842.458984 1646 1686 1703 1702 1644 1611 1615 1672
842.479004 1666 1683 1721 1680 1653 1623 1622 1641
842.499023 1662 1686 1695 1687 1640 1619 1619 1665
842.518982 1650 1687 1711 1696 1667 1613 1615 1666
842.539001 1661 1679 1702 1682 1650 1610 1623 1649
842.559021 1644 1706 1710 1689 1653 1609 1622 1642
842.578979 1670 1693 1720 1677 1642 1610 1605 1660
842.598999 1665 1713 1719 1691 1656 1613 1617 1665
842.619019 1650 1701 1728 1702 1661 1614 1626 1662
842.638977 1673 1704 1704 1694 1635 1623 1619 1657
842.658997 1654 1683 1722 1693 1644 1623 1636 1649
842.679016 1658 1696 1722 1694 1650 1620 1625 1646
842.698975 1663 1702 1715 1706 1654 1593 1619 1651
842.718994 1659 1708 1733 1701 1654 1621 1613 1671
842.739014 1659 1708 1711 1688 1642 1615 1631 1663
842.758972 1663 1704 1705 1687 1655 1617 1633 1653
842.778992 1663 1711 1713 1685 1646 1623 1632 1662
842.799011 1658 1703 1743 1693 1655 1626 1631 1672
842.820007 1658 1710 1718 1697 1646 1625 1628 1660
842.840027 1671 1691 1712 1711 1645 1617 1628 1659
842.859985 1660 1712 1718 1685 1677 1611 1622 1657
842.880005 1656 1703 1722 1707 1657 1615 1629 1657
842.900024 1664 1709 1726 1694 1656 1616 1632 1673
842.919983 1654 1714 1710 1689 1637 1626 1629 1662
842.940002 1652 1694 1729 1698 1655 1618 1624 1658
842.960022 1653 1706 1718 1715 1651 1624 1631 1661
842.97998 1642 1714 1735 1682 1648 1635 1629 1663
843 1661 1680 1736 1701 1661 1609 1624 1659
843.02002 1670 1697 1730 1702 1647 1616 1631 1664
843.039978 1658 1706 1725 1709 1647 1604 1614 1637
843.059998 1665 1713 1719 1698 1660 1618 1627 1660
843.080017 1646 1704 1711 1684 1658 1627 1616 1657
843.099976 1661 1694 1730 1694 1652 1626 1615 1665
843.119995 1670 1712 1711 1689 1643 1628 1621 1662
843.140015 1667 1700 1708 1693 1644 1611 1618 1666
843.159973 1674 1701 1718 1698 1648 1617 1621 1656
843.179993 1675 1716 1711 1694 1661 1634 1630 1663
843.200012 1654 1712 1727 1693 1652 1617 1620 1660
843.219971 1679 1698 1719 1684 1647 1628 1630 1654
843.23999 1666 1692 1702 1697 1652 1616 1619 1649
843.26001 1665 1696 1727 1701 1648 1612 1636 1668
843.280029 1657 1695 1710 1700 1644 1633 1629 1658
843.299988 1663 1685 1720 1691 1661 1635 1619 1663
843.320007 1661 1702 1720 1699 1658 1623 1631 1659
843.340027 1660 1692 1712 1702 1657 1621 1627 1658
843.359985 1655 1699 1713 1698 1652 1606 1614 1656
843.380005 1647 1696 1717 1689 1646 1633 1626 1666
843.400024 1666 1711 1719 1698 1645 1641 1620 1663
843.419983 1667 1691 1725 1702 1652 1614 1619 1651
843.440002 1677 1699 1718 1698 1643 1620 1629 1661
843.460022 1671 1697 1728 1706 1653 1627 1643 1665
843.47998 1663 1705 1728 1697 1641 1621 1619 1662
843.5 1672 1684 1724 1689 1645 1622 1621 1671
843.52002 1654 1690 1726 1678 1655 1608 1635 1662
843.539978 1649 1704 1716 1702 1644 1621 1616 1667
843.559998 1655 1700 1723 1700 1655 1615 1643 1650
843.580994 1679 1707 1733 1705 1659 1622 1623 1666
843.601013 1661 1697 1729 1710 1645 1608 1616 1662
843.620972 1664 1694 1735 1684 1651 1623 1619 1662
843.640991 1661 1700 1711 1711 1656 1609 1627 1661
843.661011 1665 1693 1716 1697 1657 1617 1630 1661
843.68103 1673 1699 1729 1701 1654 1644 1623 1667
843.700989 1662 1712 1717 1709 1646 1634 1614 1669
843.721008 1675 1697 1717 1687 1653 1624 1621 1673
843.741028 1650 1700 1716 1695 1658 1631 1639 1665
843.760986 1653 1708 1719 1700 1654 1635 1627 1649
843.781006 1671 1704 1737 1718 1648 1625 1619 1649
843.801025 1675 1716 1746 1694 1648 1604 1629 1668
843.820984 1645 1700 1724 1682 1654 1624 1634 1650
843.841003 1666 1708 1720 1713 1657 1626 1639 1665
843.861023 1674 1690 1727 1708 1647 1619 1614 1672
843.880981 1653 1698 1725 1696 1658 1613 1628 1657
843.901001 1674 1703 1723 1719 1660 1624 1612 1658
843.921021 1667 1694 1716 1699 1658 1622 1626 1659
843.940979 1650 1710 1705 1686 1650 1610 1617 1659
843.960999 1665 1682 1720 1687 1646 1621 1631 1653
843.981018 1656 1717 1714 1702 1643 1628 1628 1657
844.000977 1650 1707 1742 1684 1651 1625 1622 1666
844.020996 1653 1703 1727 1684 1650 1625 1624 1669
844.041016 1657 1683 1718 1693 1648 1614 1623 1659
844.060974 1673 1706 1709 1689 1658 1621 1621 1656
844.080994 1668 1698 1726 1708 1656 1634 1624 1657
844.101013 1673 1713 1711 1708 1648 1614 1626 1670
844.120972 1667 1703 1712 1699 1656 1628 1621 1668
844.140991 1671 1713 1720 1687 1663 1634 1630 1666
844.161011 1662 1722 1725 1711 1655 1625 1623 1647
844.18103 1663 1719 1719 1696 1667 1614 1626 1659
844.200989 1654 1714 1730 1691 1664 1632 1628 1668
844.221008 1663 1706 1719 1715 1661 1634 1625 1679
844.241028 1664 1704 1735 1708 1663 1627 1628 1654
844.260986 1653 1713 1731 1705 1663 1621 1627 1675
844.281006 1673 1717 1711 1710 1658 1628 1635 1676
844.301025 1673 1704 1729 1695 1650 1620 1621 1672
844.320984 1667 1706 1739 1684 1644 1641 1619 1658
844.341003 1651 1714 1727 1702 1665 1622 1627 1673
844.361023 1680 1716 1702 1694 1648 1616 1633 1660
844.380981 1685 1710 1728 1692 1648 1629 1631 1674
844.401001 1667 1699 1716 1708 1650 1624 1630 1668
844.421021 1679 1706 1721 1690 1659 1619 1635 1676
844.440979 1660 1708 1714 1686 1653 1624 1627 1673
844.460999 1669 1716 1727 1700 1649 1621 1635 1664
844.481018 1661 1700 1720 1688 1649 1623 1628 1651
844.500977 1674 1708 1714 1697 1663 1632 1618 1651
844.520996 1672 1710 1723 1690 1641 1630 1627 1654
844.541016 1649 1701 1726 1705 1640 1622 1628 1658
844.559998 1666 1715 1732 1694 1646 1630 1617 1667
844.580017 1667 1700 1715 1693 1656 1623 1630 1658
844.599976 1664 1684 1711 1698 1655 1613 1619 1657
844.619995 1665 1700 1716 1700 1649 1617 1618 1655
844.640015 1670 1696 1716 1700 1639 1627 1632 1663
844.659973 1662 1704 1715 1701 1643 1619 1622 1657
844.679993 1669 1712 1714 1696 1660 1627 1619 1668
844.700012 1649 1703 1716 1683 1643 1613 1617 1659
844.719971 1662 1702 1731 1685 1651 1604 1613 1673
844.73999 1655 1707 1729 1689 1658 1609 1628 1659
844.76001 1684 1700 1725 1693 1660 1609 1623 1672
844.780029 1657 1686 1726 1700 1652 1622 1625 1650
844.799988 1661 1710 1717 1710 1641 1619 1609 1659
844.820007 1662 1694 1717 1690 1650 1610 1615 1658
844.840027 1653 1707 1714 1717 1643 1615 1626 1652
844.859985 1660 1713 1712 1703 1664 1610 1635 1661
844.880005 1642 1685 1719 1688 1652 1631 1624 1653
844.900024 1666 1698 1724 1686 1654 1612 1636 1649
844.919983 1676 1683 1720 1700 1654 1614 1616 1653
844.940002 1656 1687 1727 1680 1654 1627 1628 1650
844.960022 1654 1713 1717 1697 1647 1620 1626 1659
844.97998 1673 1698 1707 1705 1641 1616 1613 1657
845 1653 1704 1713 1684 1648 1612 1622 1651
845.02002 1654 1682 1729 1703 1655 1613 1616 1657
845.039978 1665 1709 1715 1704 1672 1616 1622 1672
845.059998 1661 1700 1728 1705 1665 1622 1623 1655
845.080017 1666 1715 1738 1697 1665 1627 1633 1660
845.099976 1673 1690 1717 1705 1655 1609 1620 1672
845.119995 1657 1696 1730 1704 1653 1633 1616 1662
845.140015 1669 1705 1728 1700 1641 1623 1619 1667
845.159973 1669 1696 1698 1712 1664 1608 1619 1649
845.179993 1656 1709 1725 1716 1642 1628 1614 1655
845.200012 1666 1698 1734 1684 1643 1626 1618 1637
845.219971 1658 1694 1735 1709 1656 1621 1629 1647
845.23999 1661 1721 1736 1705 1657 1629 1622 1668
845.26001 1664 1709 1722 1702 1660 1626 1638 1670
845.280029 1651 1713 1721 1682 1653 1610 1627 1664
845.299011 1655 1700 1731 1710 1652 1622 1620 1676
845.31897 1673 1705 1717 1701 1648 1626 1621 1662
845.338989 1668 1718 1728 1700 1659 1617 1625 1648
845.359009 1677 1718 1732 1689 1665 1619 1619 1672
845.379028 1661 1706 1733 1720 1667 1619 1624 1666
845.398987 1666 1712 1741 1714 1649 1626 1616 1667
845.419006 1670 1717 1746 1727 1652 1620 1633 1671
845.439026 1673 1711 1741 1712 1646 1628 1633 1674
845.458984 1677 1714 1741 1704 1661 1624 1626 1672
845.479004 1678 1713 1740 1712 1657 1622 1630 1670
845.499023 1685 1717 1745 1712 1664 1634 1616 1668
845.518982 1691 1731 1740 1721 1663 1623 1633 1682
845.539001 1674 1721 1755 1742 1659 1623 1640 1686
845.559021 1673 1730 1757 1728 1665 1620 1632 1672
845.578979 1683 1721 1733 1713 1667 1632 1640 1663
845.598999 1665 1703 1753 1720 1684 1633 1623 1674
845.619019 1701 1732 1767 1720 1673 1633 1640 1682
845.638977 1691 1733 1753 1728 1668 1623 1640 1680
845.658997 1677 1726 1737 1731 1672 1627 1642 1683
845.679016 1672 1714 1760 1718 1676 1629 1636 1677
845.698975 1682 1735 1739 1719 1678 1638 1630 1690
845.718994 1674 1741 1739 1710 1674 1623 1634 1676
845.737976 1673 1728 1750 1735 1672 1630 1627 1697
845.757996 1685 1717 1756 1722 1673 1633 1657 1685
845.778015 1694 1735 1753 1729 1677 1628 1630 1686
845.797974 1679 1743 1744 1726 1675 1633 1638 1682
845.817993 1666 1728 1741 1714 1650 1617 1634 1675
845.838013 1684 1741 1762 1720 1667 1622 1631 1684
845.857971 1681 1733 1769 1728 1674 1622 1635 1668
845.877991 1669 1729 1746 1733 1682 1633 1628 1676
845.89801 1672 1746 1757 1732 1670 1643 1649 1701
845.91803 1688 1739 1761 1729 1672 1631 1646 1685
845.937988 1674 1723 1756 1735 1689 1629 1638 1678
845.958008 1682 1742 1761 1736 1661 1626 1646 1678
845.978027 1693 1737 1766 1727 1675 1632 1624 1678
845.997986 1686 1747 1769 1717 1679 1645 1633 1680
846.018005 1695 1724 1759 1744 1683 1644 1634 1670
846.038025 1673 1736 1759 1723 1679 1648 1642 1691
846.057983 1694 1731 1749 1728 1664 1625 1629 1699
846.078003 1688 1741 1747 1743 1679 1626 1628 1693
846.096985 1694 1745 1764 1722 1673 1639 1640 1681
846.117004 1677 1733 1754 1739 1685 1625 1649 1694
846.137024 1676 1727 1749 1723 1671 1619 1622 1691
846.156982 1686 1726 1760 1718 1687 1620 1644 1677
846.177002 1688 1720 1754 1742 1676 1642 1642 1683
846.197021 1679 1727 1752 1717 1676 1626 1636 1685
846.21698 1691 1722 1771 1721 1671 1641 1641 1692
846.237 1680 1758 1751 1730 1684 1643 1632 1694
846.257019 1680 1743 1762 1747 1677 1650 1630 1694
846.276978 1669 1744 1768 1727 1676 1627 1635 1676
846.296997 1677 1732 1777 1735 1680 1632 1633 1687
846.317017 1679 1735 1762 1730 1671 1623 1631 1700
846.336975 1690 1754 1765 1736 1694 1632 1639 1682
846.356995 1695 1726 1761 1747 1680 1638 1641 1689
846.377014 1686 1744 1748 1734 1693 1632 1638 1673
846.395996 1688 1741 1783 1744 1671 1634 1617 1688
846.416016 1689 1766 1778 1740 1678 1629 1648 1688
846.435974 1673 1761 1761 1742 1685 1639 1629 1697
846.455994 1687 1732 1787 1752 1686 1622 1642 1696
846.476013 1680 1741 1745 1751 1687 1639 1637 1681
846.495972 1683 1769 1788 1742 1671 1627 1633 1683
846.515991 1701 1761 1759 1757 1680 1634 1633 1683
846.536011 1679 1730 1775 1734 1661 1653 1638 1683
846.55603 1693 1737 1771 1737 1684 1631 1643 1683
846.575989 1675 1738 1767 1748 1682 1634 1634 1685
846.596008 1671 1735 1762 1735 1670 1631 1632 1688
846.616028 1691 1752 1752 1723 1671 1625 1634 1680
846.63501 1674 1730 1747 1731 1676 1632 1635 1678
846.655029 1679 1737 1775 1730 1678 1645 1632 1687
846.674988 1678 1730 1752 1710 1672 1636 1644 1677
846.695007 1697 1740 1759 1725 1681 1620 1614 1679
846.715027 1685 1732 1752 1740 1670 1630 1616 1682
846.734985 1702 1716 1770 1728 1683 1617 1640 1689
846.755005 1687 1744 1759 1723 1685 1630 1637 1671
846.775024 1681 1734 1772 1727 1686 1633 1622 1677
846.794983 1677 1731 1781 1732 1672 1632 1632 1685
846.815002 1683 1745 1792 1723 1678 1620 1634 1676
846.835022 1679 1737 1739 1729 1678 1627 1641 1694
846.85498 1687 1732 1761 1720 1695 1625 1629 1692
846.875 1680 1744 1767 1740 1679 1635 1623 1686
846.893982 1685 1742 1781 1736 1680 1628 1633 1693
846.914001 1689 1731 1771 1718 1684 1620 1638 1688
846.934021 1693 1744 1766 1730 1685 1625 1636 1696
846.953979 1674 1724 1749 1719 1666 1635 1646 1685
846.973999 1691 1728 1772 1737 1695 1633 1626 1706
846.994019 1695 1737 1788 1757 1674 1650 1651 1683
847.013977 1697 1745 1768 1730 1687 1637 1637 1685
847.033997 1685 1745 1766 1736 1676 1627 1638 1680
847.054016 1692 1748 1770 1735 1686 1616 1630 1691
847.073975 1705 1754 1778 1748 1685 1641 1643 1696
847.093994 1680 1751 1760 1726 1686 1633 1637 1682
847.112976 1695 1725 1784 1752 1680 1634 1633 1685
847.132996 1704 1748 1760 1744 1693 1626 1625 1690
847.153015 1672 1756 1770 1747 1687 1642 1642 1668
847.172974 1687 1774 1796 1746 1692 1633 1634 1689
847.192993 1697 1756 1785 1747 1679 1626 1635 1690
847.213013 1692 1758 1782 1738 1678 1635 1638 1676
847.232971 1690 1754 1783 1749 1674 1633 1646 1683
847.252991 1700 1740 1787 1751 1671 1633 1629 1701
847.27301 1694 1735 1749 1754 1686 1652 1641 1683
847.29303 1696 1746 1780 1734 1688 1643 1637 1699
847.312012 1703 1750 1781 1742 1673 1644 1645 1693
847.33197 1683 1757 1786 1736 1696 1637 1634 1692
847.35199 1684 1750 1782 1743 1684 1639 1632 1683
847.372009 1693 1736 1770 1735 1675 1642 1629 1695
847.392029 1691 1745 1748 1744 1680 1637 1644 1692
847.411987 1685 1743 1769 1751 1681 1621 1630 1690
847.432007 1674 1761 1779 1748 1668 1639 1636 1690
847.452026 1677 1741 1777 1722 1683 1648 1644 1680
847.471985 1696 1757 1776 1756 1675 1627 1628 1680
847.492004 1698 1748 1765 1749 1679 1636 1633 1681
847.510986 1690 1763 1771 1747 1673 1640 1663 1693
847.531006 1674 1747 1764 1734 1673 1640 1625 1691
847.551025 1695 1744 1798 1746 1665 1634 1630 1694
847.570984 1681 1754 1772 1745 1678 1627 1627 1694
847.591003 1682 1750 1770 1714 1681 1629 1638 1680
847.611023 1684 1774 1791 1740 1664 1624 1636 1690
847.630981 1694 1755 1786 1729 1677 1640 1651 1687
847.651001 1683 1755 1771 1730 1669 1640 1640 1692
847.669983 1674 1735 1784 1747 1669 1626 1632 1693
847.690002 1698 1761 1781 1751 1696 1630 1633 1693
847.710022 1683 1765 1778 1728 1689 1626 1641 1689
847.72998 1699 1742 1784 1744 1677 1642 1639 1691
847.75 1709 1749 1773 1739 1670 1632 1647 1690
847.77002 1692 1743 1779 1747 1680 1644 1655 1692
847.789978 1697 1759 1774 1740 1691 1637 1636 1692
847.809998 1701 1781 1779 1757 1688 1638 1644 1680
847.830017 1689 1762 1794 1756 1675 1640 1634 1683
847.848999 1695 1760 1798 1756 1690 1643 1642 1705
847.869019 1689 1766 1763 1757 1684 1634 1647 1694
847.888977 1702 1763 1776 1752 1683 1637 1646 1700
847.908997 1684 1775 1783 1746 1684 1632 1636 1690
847.929016 1683 1762 1786 1742 1694 1628 1633 1697
847.948975 1703 1752 1800 1743 1693 1634 1643 1695
847.968994 1687 1757 1791 1755 1699 1647 1633 1691
847.989014 1718 1761 1803 1762 1692 1643 1624 1686
848.007996 1701 1761 1785 1771 1690 1633 1628 1701
848.028015 1708 1773 1789 1770 1684 1653 1643 1691
848.047974 1715 1780 1795 1770 1701 1644 1643 1700
848.067993 1703 1765 1808 1749 1706 1617 1658 1701
848.088013 1709 1772 1801 1765 1683 1646 1628 1694
848.107971 1702 1773 1797 1764 1697 1633 1641 1690
848.127991 1694 1757 1792 1750 1694 1640 1643 1690
848.14801 1695 1770 1787 1763 1689 1652 1640 1692
848.166992 1698 1770 1787 1766 1701 1656 1641 1703
848.187012 1694 1761 1807 1744 1689 1628 1644 1710
848.20697 1698 1786 1805 1766 1692 1647 1648 1694
848.22699 1695 1753 1793 1766 1694 1648 1636 1710
848.247009 1725 1759 1802 1759 1704 1642 1655 1709
848.267029 1699 1753 1810 1777 1693 1650 1648 1711
848.286987 1690 1751 1792 1773 1696 1650 1648 1721
848.307007 1689 1770 1808 1736 1696 1651 1641 1696
848.325989 1712 1755 1796 1780 1684 1644 1642 1684
848.346008 1696 1789 1799 1753 1703 1632 1636 1714
848.366028 1696 1781 1825 1757 1709 1649 1646 1706
848.385986 1721 1786 1826 1771 1681 1643 1644 1692
848.406006 1703 1779 1830 1773 1690 1642 1635 1697
848.426025 1705 1781 1818 1756 1702 1654 1637 1718
848.445984 1726 1792 1789 1783 1688 1650 1647 1715
848.466003 1704 1771 1822 1778 1701 1650 1644 1717
848.484985 1726 1776 1814 1768 1697 1641 1649 1703
848.505005 1702 1772 1808 1774 1708 1630 1653 1718
848.525024 1707 1779 1804 1779 1700 1642 1642 1709
848.544983 1707 1780 1806 1781 1691 1648 1657 1704
848.565002 1695 1774 1795 1754 1710 1651 1641 1708
848.585022 1696 1763 1811 1772 1696 1644 1645 1695
848.604004 1722 1783 1822 1761 1686 1666 1649 1694
848.624023 1693 1785 1814 1759 1700 1640 1640 1704
848.643982 1705 1759 1817 1775 1709 1647 1649 1706
848.664001 1710 1780 1810 1768 1715 1644 1642 1693
848.684021 1701 1776 1800 1761 1705 1631 1644 1709
848.703979 1723 1780 1793 1777 1689 1643 1647 1725
848.723999 1696 1788 1806 1778 1698 1641 1645 1712
848.742981 1721 1779 1821 1772 1694 1641 1643 1699
848.763 1704 1769 1793 1764 1702 1643 1639 1698
848.78302 1719 1778 1798 1769 1705 1641 1642 1705
848.802979 1707 1767 1820 1763 1698 1649 1645 1708
848.822998 1704 1782 1802 1776 1690 1639 1649 1693
848.843018 1712 1784 1816 1792 1714 1652 1645 1702
848.862976 1713 1787 1814 1772 1696 1645 1638 1691
848.882019 1715 1783 1824 1770 1720 1642 1662 1705
848.901978 1714 1782 1810 1791 1711 1652 1666 1724
848.921997 1711 1800 1812 1788 1720 1656 1666 1726
848.942017 1712 1782 1827 1777 1706 1665 1658 1715
848.961975 1715 1802 1816 1781 1718 1653 1648 1710
848.981995 1710 1787 1798 1786 1706 1656 1646 1711
849.002014 1709 1785 1806 1796 1690 1652 1651 1712
849.020996 1723 1782 1807 1777 1711 1663 1652 1732
849.041016 1713 1788 1811 1797 1716 1656 1657 1703
849.060974 1721 1774 1833 1783 1714 1650 1647 1725
849.080994 1721 1788 1848 1765 1705 1650 1661 1720
849.101013 1720 1783 1817 1780 1714 1661 1661 1710
849.120972 1728 1792 1817 1774 1713 1643 1663 1718
849.140015 1719 1786 1842 1760 1723 1666 1657 1729
849.159973 1711 1787 1827 1781 1701 1648 1655 1722
849.179993 1711 1784 1813 1787 1717 1650 1657 1713
849.200012 1724 1803 1803 1776 1714 1647 1659 1707
849.219971 1712 1769 1827 1764 1707 1652 1644 1717
849.23999 1712 1785 1810 1799 1710 1651 1655 1729
849.258972 1712 1770 1819 1782 1702 1664 1650 1714
849.278992 1718 1784 1818 1768 1702 1642 1654 1701
849.299011 1724 1777 1813 1781 1703 1642 1658 1722
849.31897 1724 1778 1820 1763 1714 1643 1660 1711
849.338989 1702 1784 1806 1783 1716 1657 1646 1722
849.359009 1707 1757 1819 1787 1714 1655 1645 1711
849.377991 1693 1791 1802 1776 1710 1651 1651 1711
849.39801 1731 1785 1819 1767 1706 1650 1663 1684
849.41803 1711 1768 1829 1773 1723 1650 1661 1718
849.437988 1729 1777 1800 1776 1706 1666 1658 1701
849.458008 1729 1792 1812 1770 1700 1649 1639 1714
849.478027 1700 1773 1800 1768 1709 1645 1646 1733
849.497009 1724 1784 1792 1758 1713 1646 1650 1720
849.517029 1707 1759 1804 1774 1698 1658 1647 1700
849.536987 1705 1752 1811 1753 1704 1650 1657 1704
849.557007 1702 1775 1788 1748 1696 1653 1643 1719
849.577026 1708 1792 1801 1774 1692 1653 1644 1711
849.596985 1719 1749 1822 1755 1709 1651 1667 1698
849.616028 1710 1759 1800 1757 1717 1636 1654 1707
849.635986 1697 1764 1795 1771 1715 1648 1635 1704
849.656006 1697 1770 1799 1766 1697 1650 1664 1717
849.676025 1705 1789 1798 1746 1702 1651 1655 1710
849.695984 1702 1773 1777 1769 1697 1646 1643 1705
849.716003 1707 1754 1794 1762 1697 1650 1646 1700
849.734985 1692 1768 1788 1779 1703 1651 1638 1700
849.755005 1722 1760 1789 1762 1706 1633 1658 1716
849.775024 1694 1757 1762 1746 1695 1650 1631 1695
849.794983 1698 1771 1791 1766 1695 1647 1646 1705
849.815002 1709 1760 1794 1747 1700 1637 1635 1718
849.833984 1697 1776 1788 1760 1684 1641 1643 1704
849.854004 1706 1766 1802 1758 1679 1646 1643 1707
849.874023 1709 1761 1794 1766 1694 1657 1650 1700
849.893982 1696 1769 1794 1768 1708 1636 1648 1705
849.914001 1711 1749 1787 1757 1709 1649 1651 1693
849.934021 1722 1767 1787 1766 1675 1649 1638 1695
849.953003 1707 1767 1813 1755 1697 1661 1659 1688
849.973022 1687 1783 1792 1755 1693 1642 1657 1699
849.992981 1724 1775 1824 1764 1694 1650 1657 1697
850.013 1717 1773 1806 1763 1686 1640 1658 1719
850.03302 1698 1761 1798 1767 1713 1659 1671 1705
850.052002 1684 1767 1798 1780 1701 1640 1652 1698
850.072021 1704 1767 1788 1783 1705 1662 1634 1712
850.09198 1700 1761 1807 1768 1701 1651 1647 1713
850.112 1702 1779 1800 1760 1701 1645 1643 1700
850.132019 1689 1757 1783 1763 1696 1645 1649 1695
850.151001 1710 1749 1802 1765 1704 1655 1648 1694
850.171021 1706 1765 1787 1754 1689 1640 1646 1704
850.190979 1687 1753 1779 1753 1697 1651 1641 1681
850.210999 1692 1750 1788 1742 1686 1628 1639 1683
850.231018 1690 1767 1805 1763 1685 1633 1632 1692
850.250977 1692 1770 1790 1777 1701 1647 1637 1695
850.27002 1694 1769 1805 1754 1679 1645 1639 1683
850.289978 1698 1762 1802 1753 1679 1630 1642 1701
850.309998 1692 1767 1793 1770 1674 1640 1628 1689
850.330017 1695 1759 1801 1760 1701 1636 1637 1690
850.349976 1680 1779 1792 1758 1685 1642 1651 1703
850.369019 1707 1772 1787 1751 1683 1651 1639 1692
850.388977 1688 1764 1796 1764 1706 1627 1641 1693
850.408997 1708 1767 1798 1754 1695 1640 1634 1688
850.429016 1712 1758 1799 1772 1688 1646 1645 1685
850.448975 1694 1753 1784 1759 1678 1630 1647 1694
850.468018 1703 1762 1807 1752 1683 1633 1639 1697
850.487976 1687 1771 1794 1755 1692 1658 1633 1691
850.507996 1700 1759 1793 1774 1693 1648 1647 1686
850.528015 1708 1755 1780 1742 1690 1625 1639 1699
850.547974 1709 1763 1777 1754 1679 1632 1644 1703
850.567017 1696 1759 1775 1761 1703 1638 1633 1704
850.586975 1678 1749 1796 1759 1690 1632 1627 1689
850.606995 1708 1740 1805 1757 1674 1634 1639 1699
850.627014 1695 1746 1783 1755 1688 1646 1638 1705
850.645996 1706 1753 1777 1755 1697 1640 1638 1690
850.666016 1692 1767 1775 1759 1684 1636 1638 1690
850.685974 1700 1756 1780 1758 1694 1637 1635 1682
850.705994 1710 1759 1790 1739 1695 1636 1645 1687
850.726013 1679 1744 1790 1749 1683 1624 1630 1701
850.744995 1688 1760 1779 1775 1686 1634 1629 1688
850.765015 1690 1758 1786 1742 1677 1635 1635 1684
850.784973 1706 1761 1789 1753 1668 1636 1635 1683
850.804993 1686 1769 1788 1755 1694 1633 1628 1699
850.825012 1698 1759 1780 1747 1689 1634 1637 1682
850.843994 1677 1744 1775 1765 1691 1638 1637 1696
850.864014 1694 1767 1784 1751 1691 1629 1632 1694
850.883972 1699 1775 1787 1757 1687 1628 1641 1699
850.903992 1704 1770 1782 1765 1696 1638 1636 1690
850.924011 1706 1749 1788 1744 1684 1648 1644 1691
850.942993 1724 1753 1777 1739 1688 1634 1639 1698
850.963013 1704 1774 1799 1766 1697 1639 1632 1693
850.982971 1674 1768 1797 1758 1694 1643 1641 1682
851.002991 1707 1763 1808 1749 1688 1623 1633 1690
851.021973 1702 1765 1788 1752 1698 1633 1651 1695
851.041992 1708 1755 1787 1741 1706 1627 1644 1690
851.062012 1702 1769 1789 1766 1705 1642 1635 1695
851.08197 1683 1735 1785 1748 1676 1635 1630 1700
851.10199 1691 1761 1802 1760 1668 1626 1638 1695
851.120972 1691 1763 1795 1761 1694 1642 1641 1696
851.140991 1690 1751 1785 1761 1691 1641 1642 1692
851.161011 1693 1759 1787 1759 1684 1641 1630 1712
851.18103 1687 1752 1813 1742 1702 1631 1648 1714
851.200012 1690 1762 1788 1746 1695 1645 1634 1692
851.219971 1702 1756 1806 1738 1695 1616 1644 1700
851.23999 1700 1746 1780 1743 1682 1640 1639 1687
851.26001 1702 1757 1782 1745 1681 1644 1632 1674
851.280029 1682 1763 1769 1758 1697 1629 1636 1697
851.299011 1693 1737 1810 1759 1668 1627 1638 1692
851.31897 1695 1777 1785 1760 1700 1638 1636 1690
851.338989 1702 1763 1770 1734 1680 1627 1627 1674
851.359009 1688 1755 1812 1760 1689 1631 1619 1705
851.377991 1700 1743 1792 1748 1679 1638 1636 1701
851.39801 1704 1753 1771 1755 1672 1629 1643 1690
851.41803 1702 1750 1788 1728 1700 1639 1629 1705
851.437988 1693 1749 1786 1731 1684 1624 1652 1686
851.45697 1702 1735 1778 1760 1690 1645 1634 1689
851.47699 1695 1756 1774 1754 1675 1630 1641 1679
851.497009 1690 1752 1784 1738 1677 1625 1624 1702
851.517029 1704 1752 1790 1753 1690 1637 1631 1693
851.536011 1678 1745 1776 1754 1678 1637 1638 1681
851.55603 1700 1734 1773 1724 1684 1624 1650 1679
851.575989 1691 1770 1763 1749 1677 1639 1621 1666
851.596008 1687 1758 1772 1756 1658 1631 1634 1697
851.616028 1696 1747 1779 1753 1677 1636 1636 1673
851.63501 1688 1756 1776 1737 1663 1633 1624 1685
851.655029 1680 1743 1791 1738 1676 1629 1627 1677
851.674988 1683 1755 1770 1722 1679 1630 1628 1682
851.695007 1674 1736 1756 1743 1691 1631 1633 1672
851.713989 1672 1749 1771 1744 1669 1635 1636 1665
851.734009 1676 1742 1779 1727 1679 1625 1621 1664
851.754028 1686 1718 1748 1743 1660 1638 1635 1678
851.773987 1657 1751 1763 1760 1678 1637 1637 1683
851.79303 1677 1741 1761 1748 1662 1629 1636 1666
851.812988 1692 1748 1768 1731 1661 1633 1640 1675
851.833008 1677 1745 1759 1741 1689 1629 1628 1669
851.853027 1686 1744 1760 1726 1670 1621 1621 1693
851.872009 1685 1742 1769 1725 1662 1638 1624 1696
851.892029 1698 1740 1773 1736 1673 1632 1633 1663
851.911987 1702 1762 1774 1735 1667 1640 1635 1675
851.932007 1691 1738 1776 1751 1681 1633 1636 1669
851.950989 1688 1733 1778 1725 1673 1629 1613 1694
851.971008 1670 1745 1773 1743 1672 1626 1617 1685
851.991028 1677 1738 1776 1744 1668 1623 1639 1706
852.010986 1676 1720 1766 1747 1672 1630 1635 1666
852.030029 1673 1752 1786 1737 1666 1633 1630 1690
852.049988 1680 1731 1755 1733 1680 1619 1630 1692
852.070007 1684 1743 1751 1720 1681 1633 1639 1677
852.090027 1684 1741 1763 1757 1683 1631 1633 1672
852.109009 1693 1753 1756 1750 1677 1621 1627 1665
852.129028 1666 1750 1756 1737 1672 1629 1636 1672
852.148987 1680 1745 1784 1725 1684 1630 1626 1674
852.169006 1712 1745 1778 1733 1654 1640 1625 1679
852.187988 1679 1745 1760 1740 1659 1637 1632 1677
852.208008 1696 1750 1774 1746 1673 1620 1617 1697
852.228027 1677 1746 1780 1743 1685 1623 1620 1676
852.247986 1671 1725 1777 1731 1693 1627 1628 1676
852.267029 1689 1747 1773 1736 1689 1633 1635 1679
852.286987 1682 1738 1788 1747 1686 1632 1642 1689
852.307007 1686 1729 1774 1752 1668 1632 1639 1681
852.327026 1695 1745 1783 1746 1681 1630 1624 1674
852.346008 1686 1746 1776 1739 1673 1624 1626 1678
852.366028 1695 1735 1782 1738 1675 1613 1625 1686
852.385986 1698 1741 1763 1732 1684 1644 1624 1675
852.406006 1686 1760 1761 1734 1683 1621 1636 1680
852.424988 1698 1757 1771 1754 1680 1642 1606 1698
852.445007 1686 1741 1790 1749 1678 1626 1632 1683
852.465027 1680 1752 1773 1725 1680 1631 1628 1690
852.484009 1686 1756 1771 1746 1666 1641 1631 1681
852.504028 1685 1745 1772 1752 1678 1640 1616 1684
852.523987 1691 1751 1785 1737 1676 1630 1633 1685
852.544006 1688 1730 1762 1755 1686 1638 1640 1677
852.562988 1675 1747 1786 1740 1680 1628 1625 1687
852.583008 1696 1722 1776 1742 1692 1625 1628 1689
852.603027 1694 1734 1773 1737 1676 1624 1630 1681
852.622986 1664 1754 1779 1755 1684 1622 1644 1699
852.642029 1679 1757 1777 1743 1694 1626 1619 1688
852.661987 1693 1755 1783 1758 1674 1634 1632 1686
852.682007 1679 1751 1781 1752 1686 1639 1629 1687
852.700989 1686 1752 1790 1734 1668 1638 1641 1690
852.721008 1679 1748 1778 1729 1680 1625 1628 1678
852.741028 1688 1745 1771 1752 1681 1635 1636 1684
852.760986 1680 1733 1768 1741 1682 1633 1620 1679
852.780029 1688 1761 1770 1746 1678 1633 1630 1682
852.799988 1696 1769 1764 1739 1679 1638 1634 1683
852.820007 1700 1743 1780 1745 1691 1625 1633 1681
852.840027 1667 1764 1781 1748 1684 1630 1643 1688
852.859009 1695 1749 1769 1749 1675 1639 1632 1699
852.879028 1687 1756 1780 1755 1679 1634 1629 1703
852.898987 1689 1751 1788 1753 1679 1626 1629 1700
852.91803 1686 1753 1762 1752 1698 1623 1633 1678
852.937988 1688 1749 1757 1746 1687 1628 1635 1679
852.958008 1690 1750 1766 1732 1681 1629 1618 1708
852.978027 1681 1748 1757 1747 1680 1651 1637 1696
852.997009 1707 1746 1794 1753 1692 1637 1645 1699
853.017029 1701 1759 1778 1748 1672 1634 1645 1679
853.036987 1677 1751 1777 1752 1691 1631 1637 1685
853.05603 1689 1724 1777 1732 1681 1621 1642 1689
853.075989 1684 1741 1777 1755 1685 1622 1647 1700
853.096008 1681 1742 1764 1756 1679 1623 1628 1688
853.116028 1697 1760 1780 1753 1678 1640 1636 1691
853.13501 1704 1769 1789 1731 1687 1632 1624 1684
853.155029 1692 1741 1782 1771 1694 1632 1651 1711
853.174988 1691 1771 1805 1754 1667 1644 1630 1696
853.19397 1680 1743 1788 1755 1675 1632 1635 1695
853.213989 1691 1759 1776 1762 1667 1643 1630 1679
853.234009 1701 1739 1798 1746 1683 1625 1639 1691
853.254028 1701 1738 1777 1753 1692 1633 1637 1705
853.27301 1689 1751 1776 1739 1684 1626 1641 1681
853.29303 1696 1754 1767 1756 1698 1625 1649 1694
853.312988 1699 1762 1793 1761 1677 1644 1631 1697
853.33197 1704 1754 1785 1744 1696 1636 1630 1682
853.35199 1691 1743 1781 1764 1685 1630 1634 1700
853.372009 1700 1753 1791 1761 1682 1635 1633 1684
853.390991 1698 1777 1790 1774 1669 1630 1631 1691
853.411011 1692 1758 1786 1758 1701 1633 1643 1688
853.43103 1708 1769 1784 1754 1676 1631 1627 1695
853.450989 1704 1783 1787 1750 1684 1637 1632 1702
853.469971 1690 1757 1784 1763 1695 1629 1640 1690
853.48999 1684 1752 1780 1770 1696 1636 1639 1688
853.51001 1701 1763 1779 1761 1680 1630 1630 1694
853.528992 1706 1757 1805 1749 1690 1635 1644 1690
853.549011 1689 1777 1799 1758 1685 1643 1646 1689
853.56897 1692 1768 1806 1760 1703 1637 1639 1687
853.588989 1683 1773 1802 1750 1684 1640 1630 1685
853.607971 1700 1766 1783 1740 1672 1633 1618 1696
853.627991 1688 1765 1787 1753 1686 1630 1632 1696
853.64801 1686 1768 1802 1751 1683 1625 1639 1711
853.666992 1697 1769 1791 1765 1693 1627 1638 1690
853.687012 1688 1763 1817 1761 1697 1635 1648 1698
853.70697 1708 1763 1793 1744 1705 1628 1634 1710
853.726013 1696 1777 1788 1755 1686 1640 1626 1695
853.745972 1683 1763 1801 1757 1700 1650 1649 1698
853.765991 1706 1785 1790 1774 1679 1641 1637 1677
853.784973 1691 1739 1801 1764 1692 1630 1641 1699
853.804993 1704 1760 1802 1763 1700 1623 1656 1703
853.825012 1701 1776 1792 1782 1700 1632 1629 1705
853.844971 1706 1763 1809 1751 1679 1627 1642 1688
853.864014 1703 1777 1807 1776 1706 1633 1644 1700
853.883972 1695 1757 1801 1781 1699 1626 1641 1701
853.903992 1702 1794 1806 1772 1706 1637 1645 1702
853.922974 1700 1780 1811 1780 1710 1639 1643 1714
853.942993 1727 1770 1798 1781 1704 1639 1639 1715
853.963013 1692 1789 1823 1781 1700 1634 1649 1699
853.981995 1716 1784 1800 1787 1712 1639 1655 1707
854.002014 1702 1771 1809 1784 1702 1651 1662 1716
854.021973 1699 1785 1792 1772 1702 1642 1636 1703
854.041016 1706 1796 1831 1766 1698 1642 1656 1716
854.060974 1722 1781 1797 1783 1691 1636 1654 1702
854.080994 1715 1792 1833 1776 1702 1654 1656 1707
854.099976 1730 1810 1822 1791 1700 1644 1641 1724
854.119995 1715 1787 1808 1774 1684 1653 1662 1720
854.140015 1707 1799 1850 1771 1702 1632 1643 1717
854.158997 1730 1785 1834 1806 1698 1638 1624 1717
854.179016 1720 1799 1805 1782 1693 1642 1652 1721
854.198975 1713 1819 1837 1791 1709 1651 1648 1714
854.218994 1704 1799 1822 1784 1701 1645 1645 1710
854.237976 1713 1787 1833 1770 1698 1637 1658 1701
854.257996 1720 1794 1826 1777 1711 1650 1638 1713
854.278015 1705 1782 1829 1779 1708 1647 1650 1713
854.296997 1713 1771 1839 1778 1708 1661 1656 1710
854.317017 1713 1791 1818 1786 1713 1632 1651 1707
854.336975 1712 1797 1822 1797 1704 1635 1663 1708
854.356018 1710 1784 1816 1793 1700 1650 1635 1730
854.375977 1705 1795 1812 1765 1707 1645 1644 1708
854.395996 1698 1779 1810 1765 1697 1635 1649 1700
854.414978 1714 1786 1820 1762 1687 1637 1639 1708
854.434998 1707 1776 1807 1772 1692 1635 1639 1706
854.455017 1707 1782 1824 1777 1702 1643 1637 1702
854.473999 1690 1783 1828 1769 1699 1656 1633 1709
854.494019 1711 1787 1814 1774 1700 1634 1635 1700
854.513977 1687 1778 1818 1792 1713 1628 1643 1701
854.53302 1706 1805 1793 1767 1706 1645 1629 1687
854.552979 1710 1770 1797 1770 1696 1644 1644 1701
854.572998 1677 1758 1796 1765 1707 1642 1641 1692
854.59198 1696 1775 1807 1754 1687 1650 1637 1700
854.612 1705 1776 1809 1765 1686 1628 1644 1708
854.632019 1698 1784 1796 1756 1698 1632 1625 1695
854.651001 1697 1749 1823 1768 1703 1634 1630 1695
854.671021 1702 1760 1804 1764 1693 1618 1641 1681
854.690979 1683 1771 1783 1744 1688 1627 1638 1688
854.710022 1691 1771 1797 1748 1696 1627 1627 1702
854.72998 1686 1760 1791 1761 1688 1633 1626 1695
854.75 1674 1766 1796 1766 1676 1627 1633 1689
854.768982 1695 1757 1784 1745 1668 1634 1623 1686
854.789001 1682 1760 1784 1768 1681 1637 1636 1695
854.807983 1688 1740 1789 1763 1682 1628 1644 1686
854.828003 1693 1754 1803 1747 1670 1634 1630 1680
854.848022 1699 1762 1763 1753 1678 1628 1635 1688
854.867004 1688 1771 1788 1761 1689 1636 1638 1681
854.887024 1704 1752 1787 1747 1676 1633 1645 1686
854.906982 1697 1751 1777 1749 1682 1631 1641 1686
854.926025 1692 1747 1784 1742 1675 1618 1637 1698
854.945984 1684 1760 1779 1757 1678 1634 1623 1691
854.966003 1698 1753 1791 1756 1681 1630 1632 1684
854.984985 1685 1761 1776 1757 1677 1633 1618 1687
855.005005 1665 1761 1790 1729 1681 1641 1639 1691
855.025024 1688 1778 1795 1732 1695 1627 1637 1692
855.044006 1690 1743 1788 1737 1670 1625 1632 1688
855.064026 1696 1742 1771 1754 1664 1630 1617 1707
855.083984 1692 1749 1772 1756 1678 1632 1619 1691
855.103027 1684 1739 1781 1755 1682 1631 1623 1678
855.122986 1671 1746 1783 1758 1678 1625 1655 1681
855.143005 1685 1748 1784 1742 1672 1627 1643 1688
855.161987 1696 1746 1794 1748 1686 1630 1635 1692
855.182007 1699 1749 1794 1752 1664 1626 1638 1684
855.200989 1690 1743 1787 1736 1686 1629 1634 1679
855.221008 1690 1747 1773 1738 1675 1630 1617 1688
855.241028 1675 1748 1753 1728 1674 1634 1616 1679
855.26001 1693 1749 1784 1735 1691 1621 1625 1702
855.280029 1693 1737 1772 1741 1674 1622 1618 1682
855.299988 1702 1752 1777 1723 1679 1629 1627 1682
855.31897 1687 1758 1769 1735 1672 1619 1626 1674
855.338989 1680 1747 1773 1724 1672 1622 1626 1704
855.359009 1688 1766 1764 1765 1691 1637 1634 1682
855.377991 1686 1755 1777 1777 1680 1630 1636 1677
855.39801 1677 1735 1766 1744 1679 1622 1638 1678
855.41803 1690 1761 1784 1744 1658 1633 1621 1689
855.437012 1672 1751 1777 1729 1676 1632 1645 1681
855.45697 1689 1736 1773 1741 1691 1620 1629 1671
855.476013 1681 1756 1770 1734 1679 1633 1632 1698
855.495972 1682 1747 1790 1743 1678 1625 1622 1682
855.515991 1688 1731 1775 1731 1685 1628 1635 1675
855.534973 1694 1761 1785 1745 1690 1630 1640 1690
855.554993 1681 1739 1758 1726 1678 1627 1625 1673
855.575012 1691 1753 1767 1759 1676 1634 1624 1693
855.593994 1701 1757 1790 1751 1676 1621 1625 1682
855.614014 1677 1749 1774 1748 1676 1632 1641 1691
855.633972 1667 1739 1784 1752 1671 1622 1637 1684
855.653015 1698 1751 1767 1743 1677 1633 1617 1703
855.672974 1679 1753 1779 1738 1685 1624 1623 1679
855.692017 1685 1750 1785 1744 1673 1622 1636 1686
855.711975 1688 1743 1762 1725 1682 1630 1632 1679
855.731995 1683 1754 1787 1733 1678 1617 1627 1673
855.750977 1688 1751 1780 1740 1687 1630 1629 1687
855.770996 1677 1742 1786 1746 1664 1620 1640 1675
855.791016 1700 1762 1776 1746 1673 1631 1634 1688
855.809998 1688 1740 1777 1753 1683 1616 1627 1683
855.830017 1688 1750 1782 1735 1679 1630 1629 1699
855.848999 1678 1758 1778 1764 1674 1631 1629 1690
855.869019 1668 1749 1783 1734 1682 1620 1624 1687
855.888977 1684 1739 1755 1742 1691 1628 1626 1689
855.90802 1695 1762 1773 1763 1681 1616 1631 1673
855.927979 1674 1743 1789 1755 1669 1631 1641 1687
855.947998 1691 1737 1768 1753 1682 1626 1638 1688
855.96698 1673 1752 1801 1754 1680 1628 1622 1682
855.987 1686 1735 1775 1754 1695 1627 1637 1692
856.005981 1686 1747 1780 1745 1677 1651 1641 1686
856.026001 1687 1752 1785 1759 1683 1623 1627 1679
856.046021 1695 1762 1782 1736 1674 1629 1634 1689
856.065002 1694 1754 1751 1766 1672 1634 1626 1694
856.085022 1704 1762 1784 1755 1673 1632 1645 1688
856.104004 1674 1748 1784 1751 1672 1622 1634 1677
856.124023 1695 1751 1781 1740 1673 1631 1622 1690
856.143982 1679 1759 1779 1726 1690 1631 1625 1692
856.163025 1680 1761 1767 1762 1673 1625 1632 1698
856.182983 1704 1745 1781 1732 1682 1633 1640 1707
856.203003 1692 1748 1769 1756 1684 1619 1632 1682
856.221985 1695 1751 1787 1741 1680 1633 1628 1674
856.242004 1691 1749 1774 1746 1684 1639 1638 1683
856.260986 1689 1741 1771 1743 1675 1625 1629 1681
856.281006 1682 1774 1782 1744 1690 1628 1633 1680
856.301025 1680 1734 1766 1733 1682 1627 1622 1680
856.320007 1688 1733 1788 1752 1679 1637 1627 1681
856.340027 1677 1761 1763 1757 1691 1633 1616 1680
856.359009 1695 1762 1755 1739 1704 1629 1640 1677
856.379028 1682 1736 1785 1766 1677 1624 1622 1675
856.398987 1695 1742 1774 1749 1675 1627 1626 1701
856.41803 1672 1738 1775 1742 1675 1635 1629 1649
856.437988 1683 1748 1772 1759 1671 1621 1631 1693
856.45697 1662 1741 1776 1721 1668 1641 1620 1680
856.47699 1697 1746 1774 1737 1673 1624 1620 1676
856.497009 1689 1742 1773 1719 1678 1626 1618 1668
856.515991 1680 1734 1761 1738 1661 1623 1637 1679
856.536011 1684 1741 1750 1741 1685 1630 1619 1677
856.554993 1700 1732 1778 1732 1677 1625 1640 1685
856.575012 1669 1746 1766 1740 1673 1630 1614 1676
856.594971 1669 1731 1786 1735 1677 1617 1625 1683
856.614014 1679 1726 1776 1732 1664 1624 1619 1669
856.633972 1685 1745 1771 1720 1666 1611 1633 1691
856.653015 1668 1737 1763 1732 1667 1625 1635 1687
856.672974 1687 1746 1760 1736 1674 1630 1621 1670
856.692993 1669 1731 1765 1736 1662 1617 1616 1680
856.711975 1674 1721 1761 1729 1665 1609 1635 1674
856.731995 1674 1738 1771 1729 1661 1623 1623 1665
856.750977 1674 1731 1762 1736 1673 1624 1617 1685
856.770996 1670 1731 1759 1739 1668 1628 1620 1679
856.791016 1670 1718 1759 1729 1670 1622 1622 1678
856.809998 1678 1731 1757 1740 1660 1627 1617 1666
856.830017 1673 1739 1753 1723 1664 1621 1625 1665
856.848999 1674 1738 1739 1730 1672 1606 1623 1674
856.869019 1667 1735 1755 1721 1676 1633 1625 1677
856.888 1681 1730 1747 1720 1669 1620 1624 1672
856.90802 1668 1722 1759 1736 1667 1622 1615 1666
856.927979 1670 1747 1760 1732 1658 1614 1625 1673
856.947021 1666 1731 1745 1742 1673 1637 1627 1677
856.96698 1680 1726 1744 1726 1674 1626 1608 1672
856.986023 1667 1721 1758 1733 1684 1627 1619 1685
857.005981 1670 1726 1745 1712 1669 1625 1633 1669
857.026001 1665 1738 1760 1743 1669 1625 1631 1686
857.044983 1674 1741 1757 1727 1663 1633 1619 1663
857.065002 1666 1727 1760 1734 1671 1634 1627 1669
857.083984 1664 1715 1758 1722 1661 1623 1626 1672
857.104004 1669 1738 1750 1719 1676 1617 1628 1676
857.122986 1677 1740 1727 1735 1665 1619 1611 1678
857.143005 1682 1738 1758 1735 1669 1622 1624 1663
857.163025 1671 1716 1746 1738 1662 1623 1629 1668
857.182007 1674 1736 1746 1724 1670 1627 1609 1681
857.202026 1676 1738 1737 1736 1660 1627 1621 1674
857.221008 1672 1713 1756 1727 1668 1632 1632 1666
857.241028 1681 1711 1767 1718 1658 1624 1610 1690
857.260986 1679 1747 1746 1722 1650 1616 1624 1671
857.280029 1665 1726 1747 1750 1648 1624 1621 1682
857.299988 1679 1727 1755 1725 1667 1620 1633 1665
857.31897 1680 1751 1756 1730 1677 1627 1624 1668
857.338989 1667 1730 1756 1724 1656 1621 1630 1671
857.357971 1670 1718 1768 1712 1661 1621 1615 1680
857.377991 1662 1730 1759 1716 1669 1617 1621 1680
857.39801 1676 1743 1761 1722 1664 1621 1632 1669
857.416992 1680 1730 1745 1721 1664 1619 1634 1662
857.437012 1679 1738 1749 1721 1665 1625 1633 1673
857.455994 1665 1723 1761 1709 1658 1623 1637 1681
857.476013 1663 1734 1753 1727 1666 1627 1623 1655
857.494995 1668 1733 1764 1742 1660 1622 1622 1678
857.515015 1667 1733 1759 1720 1671 1619 1619 1669
857.534973 1659 1739 1743 1712 1684 1604 1623 1667
857.554016 1683 1734 1757 1709 1659 1624 1613 1677
857.573975 1690 1725 1754 1728 1680 1627 1622 1688
857.593018 1677 1725 1752 1720 1663 1626 1614 1673
857.612976 1661 1725 1758 1712 1657 1618 1629 1667
857.632019 1682 1727 1760 1718 1664 1626 1623 1686
857.651978 1677 1714 1763 1729 1669 1620 1623 1687
857.671997 1665 1720 1754 1724 1664 1619 1625 1667
857.690979 1667 1727 1748 1734 1656 1619 1628 1674
857.710999 1672 1730 1762 1723 1678 1627 1600 1673
857.72998 1675 1723 1742 1729 1660 1617 1617 1685
857.75 1655 1719 1758 1710 1666 1635 1622 1666
857.768982 1663 1713 1749 1730 1669 1627 1610 1673
857.789001 1679 1751 1755 1716 1663 1621 1619 1679
857.807983 1674 1719 1762 1721 1663 1623 1628 1658
857.828003 1672 1713 1746 1722 1669 1626 1624 1677
857.848022 1670 1731 1742 1727 1667 1615 1622 1672
857.867004 1659 1717 1741 1729 1663 1623 1630 1656
857.887024 1661 1729 1740 1724 1677 1609 1620 1657
857.906006 1675 1725 1757 1719 1654 1626 1632 1669
857.926025 1670 1720 1767 1727 1663 1610 1614 1664
857.945007 1674 1727 1743 1723 1662 1613 1616 1682
857.965027 1675 1728 1740 1732 1663 1618 1619 1673
857.984009 1663 1716 1732 1714 1661 1628 1621 1677
858.004028 1676 1712 1762 1727 1672 1615 1634 1661
858.02301 1665 1732 1756 1726 1664 1623 1628 1672
858.04303 1670 1726 1745 1722 1653 1625 1630 1674
858.062988 1664 1755 1754 1726 1673 1622 1619 1683
858.08197 1675 1711 1734 1733 1668 1628 1622 1654
858.10199 1674 1737 1742 1718 1672 1618 1610 1665
858.120972 1675 1725 1741 1702 1656 1626 1629 1658
858.140991 1677 1722 1752 1720 1658 1626 1636 1668
858.159973 1662 1722 1747 1718 1647 1619 1629 1682
858.179993 1657 1729 1738 1720 1654 1622 1617 1672
858.198975 1666 1736 1741 1729 1668 1617 1617 1669
858.218994 1669 1731 1739 1716 1669 1611 1624 1685
858.239014 1678 1717 1745 1720 1673 1631 1615 1670
858.257996 1660 1731 1740 1716 1660 1616 1628 1671
858.278015 1657 1720 1742 1700 1666 1609 1622 1662
858.296997 1664 1723 1742 1700 1659 1601 1632 1663
858.317017 1666 1720 1732 1704 1654 1621 1626 1662
858.335999 1667 1707 1739 1726 1661 1606 1613 1654
858.356018 1668 1711 1738 1716 1677 1616 1619 1673
858.375 1666 1733 1753 1706 1642 1623 1623 1679
858.39502 1660 1711 1739 1717 1661 1617 1620 1666
858.414001 1675 1729 1726 1703 1657 1619 1616 1679
858.434021 1668 1726 1751 1722 1654 1617 1612 1658
858.453003 1680 1706 1744 1715 1660 1623 1612 1660
858.473022 1670 1724 1750 1728 1669 1614 1628 1659
858.492004 1655 1717 1736 1721 1655 1622 1628 1659
858.512024 1668 1732 1723 1726 1659 1611 1619 1667
858.531982 1667 1750 1740 1711 1658 1614 1624 1674
858.551025 1674 1727 1743 1711 1665 1625 1617 1653
858.570984 1666 1703 1733 1722 1663 1612 1624 1674
858.590027 1676 1711 1724 1727 1659 1625 1617 1667
858.609985 1657 1719 1743 1710 1667 1628 1630 1665
858.629028 1670 1717 1748 1715 1674 1626 1623 1680
858.648987 1668 1734 1760 1737 1667 1641 1631 1666
858.66803 1668 1735 1735 1711 1672 1619 1618 1678
858.687988 1680 1723 1741 1708 1666 1624 1615 1671
858.70697 1659 1712 1749 1719 1662 1626 1630 1675
858.72699 1675 1723 1755 1733 1666 1617 1626 1672
858.745972 1691 1723 1738 1716 1670 1626 1628 1664
858.765991 1662 1724 1772 1703 1648 1625 1622 1669
858.784973 1664 1736 1742 1738 1671 1643 1635 1669
858.804993 1684 1735 1749 1733 1678 1612 1636 1653
858.823975 1678 1712 1765 1730 1660 1627 1632 1681
858.843994 1666 1714 1750 1733 1665 1626 1623 1661
858.864014 1674 1737 1752 1735 1666 1628 1622 1665
858.882996 1653 1722 1749 1730 1679 1639 1620 1664
858.903015 1672 1725 1756 1720 1678 1618 1621 1672
858.921997 1658 1727 1751 1734 1664 1619 1621 1690
858.942017 1669 1709 1739 1718 1665 1633 1621 1673
858.960999 1686 1732 1760 1697 1673 1632 1620 1680
858.981018 1662 1720 1746 1730 1671 1607 1632 1673
859 1675 1729 1741 1720 1661 1619 1622 1669
859.02002 1672 1741 1738 1719 1658 1618 1614 1661
859.039001 1667 1722 1750 1712 1648 1614 1616 1665
859.059021 1666 1709 1749 1705 1663 1615 1618 1652
859.078003 1684 1723 1733 1715 1666 1616 1611 1660
859.098022 1663 1721 1745 1711 1663 1626 1618 1675
859.117004 1678 1726 1736 1720 1654 1626 1626 1667
859.137024 1657 1703 1746 1703 1670 1621 1625 1668
859.156006 1652 1721 1733 1726 1644 1619 1634 1676
859.176025 1670 1701 1755 1718 1644 1610 1612 1657
859.195007 1663 1704 1764 1711 1657 1613 1621 1669
859.215027 1684 1720 1739 1704 1668 1618 1613 1668
859.234009 1655 1718 1761 1717 1659 1620 1623 1666
859.254028 1662 1709 1744 1695 1656 1624 1607 1681
859.27301 1664 1713 1737 1723 1676 1612 1633 1659
859.29303 1678 1715 1754 1721 1656 1610 1613 1673
859.312012 1671 1721 1733 1711 1658 1622 1615 1659
859.33197 1665 1731 1748 1729 1657 1613 1629 1681
859.351013 1670 1701 1724 1714 1663 1628 1621 1667
859.370972 1684 1716 1744 1709 1654 1616 1631 1667
859.390015 1652 1740 1757 1705 1664 1630 1622 1662
859.409973 1658 1702 1748 1719 1654 1613 1608 1670
859.429016 1680 1713 1749 1709 1663 1623 1607 1659
859.448975 1675 1704 1746 1704 1660 1615 1612 1666
859.468018 1688 1720 1737 1706 1651 1630 1623 1663
859.487976 1670 1718 1736 1721 1674 1620 1635 1682
859.507019 1668 1741 1739 1712 1665 1620 1629 1667
859.526978 1669 1700 1770 1708 1672 1625 1641 1661
859.546021 1671 1709 1737 1713 1675 1623 1629 1663
859.565979 1668 1739 1745 1705 1670 1636 1615 1666
859.585022 1678 1723 1740 1716 1655 1622 1619 1676
859.60498 1666 1738 1731 1723 1671 1629 1639 1690
859.624023 1667 1730 1742 1718 1674 1626 1622 1659
859.643982 1659 1727 1758 1724 1682 1616 1612 1677
859.663025 1652 1721 1752 1728 1654 1623 1621 1687
859.682983 1682 1720 1740 1722 1670 1618 1635 1666
859.702026 1673 1735 1751 1740 1658 1626 1613 1688
859.721985 1676 1732 1756 1726 1650 1622 1611 1680
859.741028 1672 1726 1756 1714 1666 1609 1622 1673
859.760986 1666 1714 1740 1717 1657 1625 1613 1670
859.780029 1661 1709 1752 1719 1665 1607 1622 1655
859.799988 1677 1720 1751 1732 1673 1624 1627 1660
859.81897 1672 1714 1740 1727 1658 1620 1636 1669
859.838989 1680 1716 1739 1702 1659 1616 1610 1685
859.857971 1668 1720 1753 1714 1658 1624 1616 1660
859.877991 1649 1732 1744 1722 1653 1621 1604 1673
859.896973 1667 1710 1743 1693 1651 1631 1622 1667
859.916992 1675 1718 1726 1725 1664 1615 1624 1669
859.935974 1662 1711 1739 1711 1666 1632 1606 1682
859.955994 1653 1704 1752 1716 1652 1616 1620 1660
859.974976 1672 1716 1744 1717 1665 1611 1616 1672
859.994995 1662 1709 1744 1704 1654 1620 1626 1665
860.013977 1661 1715 1740 1719 1652 1621 1621 1677
860.033997 1673 1711 1734 1715 1660 1612 1614 1660
860.052979 1660 1738 1765 1722 1666 1604 1618 1670
860.072998 1662 1719 1741 1717 1645 1627 1622 1661
860.09198 1657 1723 1735 1731 1666 1628 1630 1669
860.112 1668 1713 1737 1728 1657 1605 1619 1651
860.130981 1665 1723 1755 1709 1659 1634 1622 1667
860.151001 1662 1709 1744 1709 1659 1616 1623 1670
860.169983 1672 1707 1736 1709 1668 1616 1612 1671
860.189026 1672 1720 1730 1719 1659 1609 1620 1678
860.208984 1664 1727 1730 1708 1647 1617 1623 1655
860.228027 1672 1706 1758 1736 1669 1622 1608 1652
860.247986 1658 1724 1727 1705 1657 1621 1622 1676
860.267029 1663 1731 1752 1715 1656 1617 1627 1673
860.286987 1670 1727 1743 1714 1661 1619 1623 1669
860.30603 1659 1701 1747 1714 1659 1631 1629 1657
860.325989 1659 1723 1746 1711 1663 1633 1626 1667
860.344971 1663 1716 1749 1704 1663 1618 1609 1652
860.36499 1670 1713 1759 1712 1667 1628 1613 1658
860.383972 1666 1718 1743 1718 1662 1631 1618 1674
860.403992 1663 1723 1744 1717 1648 1619 1624 1665
860.422974 1666 1730 1739 1707 1657 1614 1616 1673
860.442993 1679 1731 1758 1722 1672 1624 1618 1668
860.461975 1663 1720 1731 1723 1667 1608 1614 1662
860.481995 1666 1727 1744 1714 1666 1624 1618 1662
860.500977 1657 1730 1737 1712 1659 1635 1638 1679
860.520996 1666 1727 1752 1722 1673 1632 1626 1662
860.539978 1675 1727 1744 1709 1660 1621 1611 1665
860.559021 1673 1736 1758 1730 1658 1617 1623 1664
860.578979 1678 1731 1747 1723 1677 1618 1620 1676
860.598022 1672 1719 1756 1699 1665 1622 1611 1668
860.617981 1662 1717 1746 1729 1673 1620 1634 1666
860.637024 1661 1729 1741 1728 1669 1616 1641 1675
860.656982 1672 1727 1757 1720 1662 1610 1637 1682
860.676025 1681 1736 1736 1743 1681 1618 1621 1679
860.695984 1678 1720 1749 1747 1666 1628 1611 1674
860.715027 1680 1741 1759 1719 1661 1626 1622 1665
860.734985 1658 1734 1761 1720 1653 1613 1621 1665
860.754028 1672 1722 1750 1730 1658 1615 1618 1676
860.77301 1682 1718 1757 1742 1675 1628 1635 1671
