0 12.8571429 25.7142857 38.5714286 51.4285714 64.2857143 77.1428571 90
828.851013 1620 1654 1668 1650 1624 1609 1604 1617
828.870972 1633 1651 1660 1641 1624 1601 1611 1626
828.890991 1628 1648 1656 1644 1613 1614 1608 1615
828.911987 1640 1654 1663 1628 1620 1600 1613 1628
828.932007 1645 1660 1674 1642 1619 1600 1605 1635
828.953003 1640 1657 1665 1639 1615 1603 1592 1613
828.973022 1623 1656 1663 1639 1625 1594 1602 1628
828.994019 1618 1636 1651 1640 1619 1607 1610 1634
829.013977 1631 1645 1665 1627 1611 1596 1608 1628
829.034973 1624 1657 1641 1637 1624 1597 1606 1624
829.054993 1616 1637 1660 1623 1615 1599 1600 1620
829.075012 1625 1645 1648 1641 1606 1600 1593 1623
829.096008 1610 1648 1655 1627 1633 1616 1608 1628
829.116028 1625 1649 1658 1628 1618 1595 1608 1628
829.137024 1615 1652 1655 1636 1615 1599 1599 1617
829.156982 1627 1637 1634 1618 1611 1594 1603 1626
829.177979 1618 1652 1646 1629 1616 1603 1601 1624
829.197998 1622 1644 1653 1635 1618 1616 1611 1627
829.218994 1608 1637 1650 1627 1612 1603 1590 1618
829.239014 1625 1630 1639 1635 1601 1599 1599 1637
829.258972 1605 1643 1643 1635 1614 1594 1601 1631
829.280029 1635 1642 1642 1631 1618 1596 1589 1631
829.299988 1618 1655 1654 1637 1606 1596 1597 1624
829.320984 1617 1645 1660 1635 1598 1596 1603 1627
829.341003 1637 1653 1637 1628 1622 1598 1598 1620
829.362 1612 1644 1655 1632 1611 1601 1610 1618
829.382019 1616 1642 1647 1637 1623 1600 1596 1623
829.401978 1629 1649 1656 1628 1610 1590 1595 1625
829.422974 1625 1647 1650 1629 1619 1593 1614 1626
829.442993 1618 1635 1641 1638 1620 1607 1600 1622
829.463989 1618 1638 1656 1643 1612 1593 1614 1618
829.484009 1615 1643 1661 1633 1622 1595 1604 1624
829.505005 1627 1648 1663 1631 1613 1592 1588 1611
829.525024 1621 1631 1658 1647 1605 1605 1601 1624
829.544983 1621 1647 1651 1646 1613 1597 1595 1619
829.565979 1613 1649 1629 1653 1608 1600 1607 1619
829.585999 1620 1649 1650 1633 1602 1603 1601 1632
829.606995 1619 1647 1648 1626 1616 1604 1588 1630
829.627014 1630 1647 1646 1628 1613 1612 1600 1626
829.64801 1626 1650 1634 1633 1611 1594 1606 1615
829.66803 1629 1653 1636 1632 1612 1591 1602 1617
829.687988 1635 1641 1645 1634 1614 1601 1611 1616
829.708984 1630 1651 1653 1637 1613 1602 1605 1625
829.729004 1629 1645 1642 1644 1608 1595 1602 1622
829.75 1633 1652 1661 1639 1612 1587 1594 1633
829.77002 1616 1645 1650 1638 1617 1606 1597 1630
829.791016 1617 1645 1641 1634 1615 1596 1609 1644
829.810974 1623 1633 1644 1637 1601 1594 1599 1622
829.830994 1627 1645 1654 1633 1613 1607 1607 1620
829.85199 1627 1646 1650 1626 1618 1600 1605 1623
829.872009 1624 1651 1658 1641 1614 1599 1599 1619
829.893005 1610 1651 1655 1640 1617 1589 1613 1625
829.913025 1627 1656 1657 1638 1618 1603 1605 1627
829.932983 1627 1657 1653 1646 1617 1605 1603 1628
829.953979 1624 1637 1646 1636 1618 1605 1603 1631
829.973999 1634 1638 1661 1644 1620 1595 1603 1629
829.994995 1642 1658 1660 1623 1623 1595 1599 1636
830.015015 1631 1654 1654 1620 1620 1601 1599 1642
830.036011 1631 1642 1665 1649 1626 1607 1598 1630
830.05603 1630 1653 1655 1648 1625 1607 1617 1634
830.075989 1633 1656 1648 1637 1625 1603 1607 1634
830.096985 1639 1651 1659 1643 1613 1612 1620 1634
830.117004 1625 1658 1658 1653 1621 1604 1616 1627
830.138 1633 1657 1667 1646 1625 1599 1612 1634
830.15802 1626 1655 1654 1645 1628 1611 1617 1631
830.177979 1630 1654 1669 1638 1625 1601 1614 1630
830.198975 1640 1658 1679 1660 1635 1613 1611 1645
830.218994 1617 1665 1677 1641 1626 1602 1603 1629
830.23999 1627 1664 1660 1644 1633 1609 1622 1634
830.26001 1636 1665 1657 1667 1623 1614 1609 1642
830.280029 1628 1658 1651 1649 1623 1604 1617 1636
830.301025 1633 1672 1661 1652 1631 1609 1614 1636
830.320984 1624 1648 1660 1653 1629 1597 1604 1628
830.34198 1634 1662 1663 1658 1640 1607 1619 1624
830.362 1626 1661 1663 1641 1621 1610 1618 1642
830.382996 1631 1672 1665 1624 1627 1618 1623 1644
830.403015 1627 1655 1665 1649 1624 1595 1612 1639
830.422974 1628 1664 1655 1653 1629 1616 1612 1635
830.44397 1643 1668 1666 1646 1637 1613 1603 1626
830.463989 1630 1649 1661 1646 1629 1605 1612 1647
830.484009 1633 1654 1671 1653 1625 1604 1619 1640
830.505005 1632 1664 1671 1647 1617 1600 1623 1644
830.525024 1641 1654 1650 1631 1616 1604 1618 1635
830.546021 1638 1666 1666 1656 1620 1603 1619 1638
830.565979 1647 1657 1669 1655 1629 1604 1611 1637
830.585999 1641 1657 1640 1656 1620 1614 1619 1638
830.606995 1631 1666 1674 1657 1621 1604 1618 1630
830.627014 1637 1665 1673 1657 1620 1615 1617 1628
830.64801 1623 1645 1676 1641 1614 1614 1600 1631
830.66803 1624 1655 1653 1639 1618 1600 1605 1627
830.687988 1630 1659 1657 1647 1614 1609 1611 1623
830.708984 1623 1659 1659 1643 1610 1600 1608 1627
830.729004 1626 1665 1666 1647 1612 1610 1606 1627
830.75 1636 1652 1657 1638 1620 1612 1610 1631
830.77002 1620 1650 1666 1645 1618 1603 1599 1630
830.789978 1626 1655 1660 1658 1615 1605 1597 1635
830.810974 1629 1660 1639 1644 1620 1609 1617 1626
830.830994 1628 1646 1664 1645 1619 1608 1607 1618
830.85199 1625 1665 1652 1638 1612 1610 1608 1631
830.872009 1621 1642 1663 1640 1624 1605 1606 1625
830.892029 1627 1652 1675 1638 1627 1607 1596 1631
830.913025 1647 1647 1661 1631 1612 1605 1598 1623
830.932983 1619 1643 1645 1642 1619 1603 1607 1629
830.953979 1623 1650 1644 1635 1618 1602 1601 1622
830.973999 1629 1638 1658 1645 1632 1598 1605 1616
830.994019 1625 1631 1652 1637 1624 1595 1615 1636
831.015015 1614 1645 1653 1641 1605 1595 1601 1622
831.034973 1622 1657 1644 1633 1609 1594 1618 1627
831.054993 1633 1653 1653 1641 1616 1606 1618 1613
831.075989 1613 1651 1639 1633 1610 1583 1607 1624
831.096008 1625 1654 1643 1650 1618 1607 1604 1620
831.117004 1622 1652 1650 1639 1613 1597 1605 1636
831.137024 1631 1632 1655 1636 1611 1604 1593 1619
831.156982 1625 1657 1661 1632 1622 1601 1601 1622
831.177979 1620 1655 1634 1636 1627 1609 1605 1620
831.197998 1626 1649 1651 1636 1611 1609 1608 1608
831.218994 1622 1657 1652 1647 1611 1596 1600 1618
831.239014 1627 1639 1649 1642 1617 1602 1598 1629
831.258972 1625 1649 1642 1633 1618 1613 1590 1608
831.280029 1618 1648 1655 1648 1603 1608 1605 1604
831.299988 1623 1640 1648 1640 1625 1596 1599 1613
831.320007 1616 1660 1652 1641 1610 1597 1601 1623
831.341003 1624 1638 1653 1633 1609 1602 1598 1635
831.361023 1622 1640 1655 1629 1601 1598 1593 1620
831.382019 1619 1651 1644 1647 1613 1602 1596 1613
831.401978 1619 1645 1645 1628 1612 1599 1606 1613
831.421997 1636 1658 1669 1634 1613 1586 1594 1633
831.442993 1619 1649 1644 1634 1609 1592 1610 1628
831.463013 1626 1648 1648 1643 1610 1595 1604 1619
831.482971 1624 1640 1642 1637 1615 1603 1608 1627
831.504028 1628 1644 1645 1628 1622 1596 1593 1635
831.523987 1624 1651 1643 1638 1615 1602 1603 1630
831.544983 1637 1639 1652 1637 1614 1588 1608 1620
831.565002 1619 1650 1635 1653 1606 1598 1593 1613
831.585022 1628 1654 1650 1624 1622 1608 1610 1635
831.606018 1629 1655 1659 1634 1612 1606 1611 1632
831.625977 1613 1644 1665 1629 1613 1601 1608 1626
831.645996 1625 1647 1655 1639 1615 1593 1604 1627
831.666992 1628 1650 1665 1632 1597 1600 1607 1625
831.687012 1621 1653 1662 1647 1612 1602 1607 1622
831.708008 1619 1654 1652 1636 1604 1605 1617 1638
831.728027 1627 1646 1656 1644 1620 1611 1607 1624
831.747986 1628 1643 1647 1636 1602 1593 1602 1619
831.768982 1617 1657 1647 1645 1616 1592 1599 1627
831.789001 1624 1649 1661 1643 1609 1597 1601 1630
831.809021 1622 1654 1665 1642 1622 1611 1613 1626
831.830017 1620 1644 1654 1645 1625 1605 1607 1619
831.849976 1619 1650 1659 1649 1611 1596 1608 1618
831.869995 1625 1643 1665 1630 1618 1593 1611 1624
831.890991 1635 1645 1648 1639 1617 1598 1599 1626
831.911011 1633 1664 1656 1647 1614 1610 1597 1624
831.932007 1634 1656 1656 1638 1620 1610 1606 1624
831.952026 1632 1660 1672 1635 1599 1602 1605 1634
831.971985 1626 1653 1666 1647 1623 1603 1608 1631
831.992981 1634 1667 1658 1642 1606 1590 1603 1635
832.013 1637 1670 1674 1648 1616 1609 1611 1636
832.03302 1642 1650 1663 1635 1621 1610 1621 1618
832.054016 1637 1650 1656 1636 1619 1612 1615 1630
832.073975 1624 1649 1660 1639 1616 1606 1608 1644
832.093994 1636 1665 1666 1651 1612 1609 1616 1636
832.11499 1638 1649 1670 1639 1630 1616 1603 1628
832.13501 1631 1645 1655 1644 1626 1610 1612 1629
832.155029 1633 1669 1668 1649 1618 1603 1599 1633
832.176025 1634 1660 1671 1657 1634 1588 1615 1623
832.195984 1617 1664 1679 1646 1601 1606 1624 1640
832.216003 1630 1657 1645 1647 1622 1620 1602 1616
832.237 1638 1664 1661 1647 1626 1613 1610 1626
832.257019 1623 1657 1674 1641 1622 1605 1624 1639
832.278015 1631 1657 1665 1650 1614 1611 1614 1647
832.297974 1622 1647 1657 1649 1613 1608 1616 1632
832.317993 1619 1652 1651 1653 1627 1609 1603 1640
832.338989 1626 1662 1676 1639 1621 1619 1602 1635
832.359009 1644 1647 1655 1646 1620 1604 1608 1632
832.379028 1639 1640 1662 1632 1634 1604 1624 1635
832.400024 1637 1662 1659 1649 1632 1609 1624 1631
832.419983 1620 1661 1657 1642 1630 1598 1608 1638
832.440002 1629 1672 1658 1654 1618 1602 1613 1652
832.460999 1637 1659 1675 1666 1611 1602 1614 1634
832.481018 1627 1660 1654 1651 1622 1606 1608 1635
832.500977 1644 1648 1666 1645 1618 1608 1610 1628
832.521973 1635 1656 1663 1652 1618 1608 1610 1634
832.541992 1621 1651 1648 1641 1621 1607 1600 1635
832.562012 1630 1659 1663 1660 1620 1608 1606 1640
832.583008 1621 1654 1666 1656 1618 1620 1611 1634
832.603027 1628 1667 1664 1664 1616 1599 1616 1627
832.622986 1628 1659 1656 1646 1615 1609 1609 1643
832.643982 1632 1656 1667 1650 1627 1612 1600 1633
832.664001 1635 1668 1657 1651 1622 1594 1610 1646
832.684021 1634 1656 1669 1633 1623 1599 1612 1632
832.705017 1635 1653 1668 1651 1626 1605 1602 1628
832.724976 1631 1659 1660 1640 1637 1607 1604 1632
832.744995 1632 1653 1678 1647 1622 1604 1614 1628
832.765991 1623 1647 1676 1647 1632 1612 1616 1633
832.786011 1639 1659 1664 1641 1624 1610 1611 1637
832.80603 1633 1653 1651 1655 1621 1610 1607 1619
832.827026 1628 1645 1659 1667 1613 1609 1598 1618
832.846985 1629 1667 1663 1652 1618 1603 1618 1636
832.867004 1629 1659 1668 1645 1623 1602 1614 1627
832.888 1621 1647 1672 1644 1618 1600 1613 1635
832.90802 1628 1656 1656 1651 1609 1594 1600 1643
832.927979 1630 1656 1657 1649 1629 1591 1598 1637
832.948975 1621 1671 1665 1650 1639 1602 1623 1634
832.968994 1621 1664 1654 1645 1609 1601 1597 1627
832.989014 1646 1669 1686 1640 1615 1606 1615 1627
833.01001 1618 1655 1661 1649 1619 1596 1611 1623
833.030029 1616 1659 1655 1650 1617 1607 1600 1629
833.049988 1630 1643 1667 1648 1612 1605 1609 1622
833.070984 1630 1658 1653 1645 1628 1606 1612 1628
833.091003 1634 1656 1666 1646 1623 1608 1601 1627
833.111023 1635 1652 1658 1652 1615 1597 1604 1639
833.132019 1617 1661 1662 1641 1629 1611 1604 1615
833.151978 1636 1646 1663 1652 1628 1607 1616 1622
833.171997 1615 1640 1663 1641 1617 1602 1610 1635
833.192993 1619 1638 1656 1635 1627 1615 1614 1627
833.213013 1622 1650 1650 1639 1621 1594 1608 1632
833.232971 1627 1645 1667 1646 1621 1600 1606 1629
833.254028 1619 1645 1667 1632 1616 1597 1602 1639
833.273987 1624 1660 1668 1642 1619 1605 1602 1620
833.294006 1624 1664 1667 1658 1613 1604 1600 1635
833.315002 1630 1642 1664 1646 1618 1600 1608 1620
833.335022 1624 1657 1679 1636 1616 1587 1608 1624
833.35498 1626 1646 1654 1623 1618 1608 1598 1635
833.375977 1631 1646 1633 1658 1607 1599 1612 1628
833.395996 1625 1647 1648 1648 1618 1591 1618 1632
833.416016 1626 1652 1650 1632 1619 1607 1600 1630
833.437012 1619 1645 1662 1639 1621 1600 1605 1623
833.45697 1628 1663 1653 1637 1612 1603 1605 1636
833.47699 1629 1636 1657 1646 1615 1598 1596 1608
833.497009 1625 1642 1639 1654 1609 1590 1592 1621
833.518005 1623 1661 1659 1637 1614 1603 1630 1622
833.538025 1630 1652 1652 1636 1620 1595 1608 1626
833.557983 1633 1646 1663 1645 1609 1602 1604 1616
833.578979 1630 1652 1657 1636 1619 1591 1603 1622
833.598999 1615 1642 1648 1643 1608 1589 1595 1632
833.619019 1629 1640 1646 1632 1620 1602 1614 1619
833.640015 1624 1654 1655 1642 1602 1599 1614 1633
833.659973 1625 1658 1651 1639 1620 1604 1607 1622
833.679993 1619 1649 1652 1633 1625 1610 1600 1639
833.700989 1615 1637 1646 1638 1623 1603 1602 1628
833.721008 1627 1640 1668 1643 1617 1602 1612 1629
833.741028 1620 1645 1659 1634 1622 1602 1619 1621
833.762024 1627 1645 1649 1641 1606 1592 1596 1640
833.781982 1627 1639 1659 1647 1617 1607 1608 1619
833.802002 1626 1658 1656 1648 1617 1594 1609 1634
833.822021 1630 1652 1654 1648 1624 1590 1604 1618
833.843018 1610 1653 1653 1635 1615 1590 1603 1631
833.862976 1631 1648 1661 1634 1628 1592 1610 1629
833.882996 1628 1641 1659 1636 1615 1604 1587 1623
833.903992 1621 1654 1651 1648 1618 1605 1604 1631
833.924011 1627 1662 1662 1642 1617 1611 1599 1632
833.94397 1631 1643 1656 1638 1606 1588 1602 1627
833.965027 1623 1652 1655 1653 1633 1589 1607 1623
833.984985 1622 1678 1650 1651 1611 1601 1596 1619
834.005005 1619 1651 1633 1637 1622 1609 1605 1624
834.026001 1635 1653 1659 1644 1613 1587 1611 1632
834.046021 1628 1641 1658 1625 1617 1592 1592 1627
834.065979 1630 1639 1665 1638 1610 1597 1617 1610
834.085999 1627 1654 1655 1619 1619 1598 1608 1630
834.106995 1648 1654 1658 1632 1613 1611 1599 1628
834.127014 1626 1657 1653 1631 1601 1595 1619 1616
834.146973 1624 1648 1645 1626 1620 1597 1603 1620
834.16803 1630 1646 1639 1635 1613 1601 1608 1626
834.187988 1620 1656 1643 1647 1612 1603 1603 1635
834.208008 1609 1647 1645 1646 1628 1604 1598 1632
834.228027 1619 1647 1648 1637 1629 1596 1608 1643
834.249023 1629 1661 1659 1646 1617 1605 1605 1627
834.268982 1635 1645 1653 1640 1617 1601 1610 1626
834.289001 1624 1652 1666 1639 1610 1590 1601 1625
834.309998 1643 1647 1663 1633 1616 1591 1598 1631
834.330017 1639 1640 1649 1652 1611 1595 1598 1627
834.349976 1621 1649 1683 1628 1625 1601 1607 1624
834.369995 1626 1640 1646 1655 1609 1606 1609 1634
834.390991 1631 1651 1670 1642 1612 1595 1615 1627
834.411011 1624 1667 1654 1644 1613 1592 1602 1632
834.43103 1628 1657 1653 1637 1618 1617 1605 1639
834.452026 1620 1640 1660 1634 1616 1596 1618 1630
834.471985 1630 1648 1643 1642 1621 1599 1591 1638
834.492004 1621 1655 1657 1647 1625 1609 1608 1631
834.513 1634 1644 1662 1651 1613 1596 1602 1611
834.53302 1618 1648 1675 1635 1621 1603 1610 1619
834.552979 1636 1654 1647 1640 1619 1597 1598 1643
834.572998 1625 1668 1660 1643 1622 1606 1600 1639
834.593994 1643 1651 1670 1651 1617 1599 1611 1628
834.614014 1629 1657 1650 1648 1608 1600 1613 1621
834.633972 1633 1653 1662 1637 1620 1613 1603 1622
834.653992 1646 1667 1659 1637 1630 1596 1608 1624
834.674988 1636 1652 1656 1652 1618 1613 1611 1624
834.695007 1621 1652 1650 1636 1620 1604 1605 1629
834.715027 1624 1657 1655 1647 1625 1605 1597 1612
834.736023 1633 1656 1660 1642 1621 1602 1604 1627
834.755981 1620 1666 1656 1655 1614 1603 1622 1628
834.776001 1631 1635 1666 1649 1626 1595 1610 1620
834.796021 1652 1648 1665 1653 1627 1600 1610 1634
834.817017 1630 1641 1648 1646 1631 1605 1603 1628
834.836975 1633 1655 1655 1651 1616 1608 1614 1631
834.856995 1628 1652 1669 1651 1611 1597 1614 1632
834.877991 1632 1654 1664 1647 1619 1605 1606 1642
834.89801 1630 1655 1665 1640 1625 1606 1609 1636
834.91803 1626 1656 1664 1661 1626 1612 1618 1622
834.937988 1636 1670 1663 1642 1624 1603 1603 1642
834.958984 1630 1663 1657 1632 1621 1616 1618 1631
834.979004 1631 1663 1672 1651 1615 1603 1614 1635
834.999023 1623 1653 1669 1645 1616 1604 1600 1629
835.018982 1636 1662 1673 1660 1622 1590 1614 1636
835.039978 1636 1650 1674 1639 1623 1601 1616 1642
835.059998 1628 1649 1678 1652 1626 1591 1612 1644
835.080017 1634 1647 1670 1646 1625 1603 1613 1628
835.101013 1629 1655 1668 1642 1612 1594 1610 1643
835.120972 1633 1659 1659 1644 1626 1596 1609 1636
835.140991 1639 1655 1667 1634 1624 1604 1609 1644
835.161011 1635 1653 1668 1662 1606 1598 1613 1626
835.182007 1624 1648 1666 1658 1622 1599 1620 1619
835.202026 1629 1666 1657 1649 1614 1609 1616 1643
835.221985 1629 1660 1669 1662 1625 1606 1613 1639
835.242004 1627 1662 1668 1653 1611 1592 1589 1630
835.263 1641 1653 1665 1655 1629 1607 1605 1641
835.28302 1612 1661 1675 1642 1625 1615 1615 1641
835.302979 1622 1644 1675 1646 1617 1616 1605 1643
835.322998 1623 1665 1656 1639 1626 1607 1605 1646
835.343994 1627 1668 1664 1663 1616 1600 1596 1633
835.364014 1624 1665 1661 1643 1618 1594 1618 1620
835.383972 1642 1645 1659 1639 1632 1606 1615 1636
835.403992 1649 1669 1665 1665 1623 1606 1603 1636
835.424988 1642 1656 1676 1647 1625 1607 1614 1627
835.445007 1634 1658 1663 1642 1620 1613 1605 1614
835.465027 1637 1649 1675 1643 1622 1603 1609 1625
835.486023 1628 1649 1667 1643 1630 1609 1614 1652
835.505981 1626 1641 1672 1649 1615 1609 1600 1643
835.526001 1645 1649 1655 1636 1623 1612 1621 1624
835.546021 1639 1654 1656 1643 1625 1597 1602 1627
835.567017 1633 1658 1652 1642 1624 1598 1596 1635
835.586975 1626 1646 1680 1641 1626 1606 1609 1635
835.606995 1635 1672 1648 1631 1609 1612 1605 1633
835.627014 1620 1639 1665 1647 1630 1609 1609 1630
835.64801 1630 1654 1669 1651 1621 1592 1618 1637
835.66803 1636 1679 1662 1636 1621 1605 1618 1632
835.687988 1627 1670 1654 1649 1614 1597 1611 1626
835.708008 1631 1649 1661 1652 1622 1592 1613 1631
835.729004 1629 1643 1667 1659 1615 1615 1604 1637
835.749023 1630 1667 1655 1637 1602 1595 1611 1629
835.768982 1629 1651 1680 1651 1625 1604 1607 1631
835.789001 1625 1661 1668 1652 1616 1592 1602 1631
835.809998 1623 1651 1662 1631 1614 1606 1608 1650
835.830017 1647 1664 1672 1660 1620 1616 1610 1628
835.849976 1636 1653 1655 1644 1623 1595 1602 1622
835.869995 1635 1671 1665 1646 1616 1600 1602 1641
835.890991 1627 1660 1661 1650 1619 1609 1601 1632
835.911011 1624 1664 1692 1640 1641 1612 1588 1637
835.93103 1623 1659 1655 1632 1601 1606 1619 1645
835.950989 1630 1658 1649 1650 1623 1625 1611 1641
835.971985 1639 1666 1677 1648 1626 1606 1616 1627
835.992004 1631 1662 1662 1668 1623 1605 1601 1631
836.012024 1630 1661 1676 1641 1620 1605 1601 1646
836.031982 1629 1659 1665 1648 1622 1614 1619 1634
836.052002 1635 1666 1671 1654 1613 1608 1616 1637
836.072998 1649 1676 1678 1650 1632 1614 1610 1635
836.093018 1625 1643 1650 1652 1623 1606 1603 1640
836.112976 1624 1654 1662 1629 1628 1600 1608 1642
836.132996 1646 1670 1678 1655 1621 1595 1601 1626
836.153992 1640 1661 1673 1655 1622 1602 1615 1639
836.174011 1638 1668 1667 1649 1632 1610 1609 1636
836.19397 1628 1671 1679 1645 1613 1601 1610 1630
836.213989 1642 1646 1667 1646 1637 1600 1619 1631
836.234985 1651 1659 1685 1648 1630 1607 1606 1642
836.255005 1645 1655 1677 1654 1620 1606 1606 1622
836.275024 1632 1669 1655 1650 1627 1600 1608 1646
836.294983 1624 1660 1680 1645 1628 1601 1608 1635
836.315979 1628 1658 1669 1650 1626 1613 1618 1642
836.335999 1619 1656 1664 1642 1620 1601 1612 1640
836.356018 1629 1657 1666 1655 1628 1603 1599 1637
836.375977 1646 1665 1662 1648 1622 1599 1605 1629
836.395996 1631 1669 1669 1665 1629 1613 1595 1645
836.416992 1643 1662 1673 1650 1622 1608 1618 1626
836.437012 1642 1655 1655 1654 1616 1608 1616 1635
836.45697 1634 1650 1665 1651 1622 1598 1608 1622
836.47699 1624 1668 1663 1653 1613 1605 1610 1625
836.497986 1636 1665 1668 1649 1626 1615 1606 1633
836.518005 1644 1681 1680 1655 1624 1593 1598 1644
836.538025 1640 1670 1668 1658 1626 1613 1612 1634
836.557983 1641 1662 1680 1652 1621 1603 1610 1638
836.578979 1635 1664 1666 1654 1637 1607 1604 1635
836.598999 1640 1670 1664 1661 1625 1599 1610 1623
836.619019 1627 1667 1666 1664 1638 1609 1617 1636
836.638977 1633 1657 1677 1661 1621 1608 1615 1638
836.658997 1638 1658 1667 1651 1619 1616 1618 1639
836.679993 1622 1646 1663 1667 1621 1606 1598 1641
836.700012 1626 1674 1678 1655 1616 1610 1607 1636
836.719971 1638 1687 1669 1651 1628 1610 1611 1647
836.73999 1636 1646 1657 1655 1621 1612 1599 1620
836.760986 1633 1680 1660 1659 1624 1594 1616 1638
836.781006 1631 1669 1656 1668 1623 1613 1618 1628
836.801025 1619 1652 1675 1653 1630 1601 1596 1620
836.820984 1631 1660 1671 1648 1632 1609 1610 1637
836.841003 1635 1660 1662 1654 1624 1607 1609 1638
836.862 1625 1680 1677 1655 1620 1606 1608 1635
836.882019 1626 1664 1684 1659 1623 1607 1608 1626
836.901978 1628 1667 1670 1648 1634 1607 1616 1633
836.921997 1640 1669 1679 1661 1620 1600 1606 1639
836.942993 1634 1680 1670 1653 1629 1610 1601 1638
836.963013 1640 1671 1678 1653 1619 1614 1617 1639
836.982971 1628 1677 1680 1656 1628 1598 1610 1637
837.002991 1647 1678 1671 1650 1625 1613 1603 1645
837.02301 1637 1670 1679 1672 1645 1604 1621 1644
837.044006 1653 1682 1690 1658 1635 1608 1622 1648
837.064026 1650 1682 1681 1673 1643 1621 1620 1664
837.083984 1655 1680 1697 1691 1635 1621 1618 1667
837.104004 1659 1698 1688 1685 1645 1621 1640 1660
837.124023 1651 1680 1687 1680 1647 1631 1632 1651
837.14502 1652 1681 1693 1687 1653 1639 1636 1666
837.164978 1665 1694 1698 1698 1658 1632 1624 1644
837.184998 1671 1692 1710 1682 1664 1632 1633 1650
837.205017 1657 1697 1702 1687 1649 1624 1630 1666
837.224976 1660 1696 1708 1692 1653 1624 1627 1658
837.245972 1658 1701 1704 1677 1667 1631 1635 1669
837.265991 1668 1707 1701 1684 1645 1618 1629 1668
837.286011 1685 1696 1701 1675 1669 1627 1639 1666
837.30603 1649 1704 1708 1681 1664 1640 1636 1666
837.325989 1661 1700 1695 1684 1647 1640 1638 1664
837.346985 1664 1696 1717 1692 1640 1629 1628 1675
837.367004 1666 1691 1701 1688 1645 1628 1628 1655
837.387024 1652 1693 1711 1682 1640 1623 1624 1661
837.406982 1654 1678 1716 1686 1654 1635 1625 1663
837.427002 1666 1681 1685 1681 1650 1628 1621 1662
837.447998 1668 1682 1707 1688 1660 1639 1632 1660
837.468018 1664 1702 1710 1679 1637 1624 1631 1653
837.487976 1639 1693 1700 1695 1656 1633 1634 1663
837.507996 1676 1710 1698 1686 1657 1617 1629 1674
837.528992 1667 1725 1733 1692 1651 1630 1625 1658
837.549011 1666 1692 1707 1689 1655 1623 1633 1645
837.56897 1666 1701 1690 1688 1653 1637 1623 1666
837.588989 1657 1712 1703 1685 1657 1626 1635 1652
837.609009 1665 1698 1718 1712 1649 1629 1633 1661
837.629028 1662 1692 1718 1692 1668 1642 1640 1671
837.650024 1664 1696 1714 1685 1658 1627 1649 1662
837.669983 1678 1694 1697 1701 1651 1631 1627 1671
837.690002 1676 1711 1707 1690 1645 1636 1634 1669
837.710022 1674 1716 1720 1700 1656 1635 1624 1672
837.72998 1670 1711 1713 1720 1658 1630 1657 1679
837.750977 1669 1707 1726 1706 1651 1616 1628 1671
837.770996 1668 1702 1712 1716 1667 1630 1639 1678
837.791016 1664 1717 1735 1691 1661 1639 1646 1681
837.810974 1654 1700 1725 1718 1662 1630 1636 1688
837.830994 1683 1707 1700 1702 1677 1625 1644 1680
837.85199 1680 1709 1727 1696 1676 1651 1638 1671
837.872009 1677 1728 1720 1706 1649 1626 1642 1672
837.892029 1672 1729 1722 1715 1667 1638 1630 1694
837.911987 1683 1720 1720 1714 1658 1632 1642 1670
837.932007 1684 1705 1741 1722 1662 1628 1637 1671
837.953003 1674 1729 1724 1705 1673 1632 1639 1689
837.973022 1681 1724 1728 1721 1680 1647 1646 1685
837.992981 1660 1712 1730 1716 1673 1627 1640 1682
838.013 1668 1745 1720 1699 1663 1632 1653 1673
838.03302 1689 1733 1738 1724 1657 1643 1649 1681
838.052979 1681 1727 1757 1715 1689 1636 1659 1677
838.073975 1682 1727 1736 1736 1671 1642 1643 1671
838.093994 1680 1738 1749 1719 1677 1651 1628 1697
838.114014 1691 1736 1744 1726 1669 1648 1649 1679
838.133972 1706 1754 1746 1728 1672 1655 1646 1694
838.153992 1688 1758 1751 1728 1690 1649 1658 1692
838.174011 1682 1740 1749 1738 1679 1653 1642 1696
838.195007 1703 1750 1770 1728 1679 1635 1662 1721
838.215027 1703 1737 1784 1752 1708 1660 1644 1703
838.234985 1699 1770 1768 1746 1684 1650 1655 1703
838.255005 1703 1761 1770 1748 1697 1656 1665 1705
838.275024 1711 1779 1801 1751 1706 1657 1658 1692
838.296021 1723 1789 1786 1757 1698 1654 1668 1723
838.315979 1704 1782 1805 1766 1703 1648 1667 1728
838.335999 1692 1766 1800 1769 1693 1647 1650 1710
838.356018 1714 1768 1803 1767 1703 1641 1658 1724
838.375977 1712 1801 1813 1774 1704 1654 1643 1721
838.395996 1707 1804 1831 1777 1697 1663 1661 1723
838.416992 1718 1772 1799 1781 1704 1650 1660 1725
838.437012 1704 1783 1807 1779 1712 1651 1673 1733
838.45697 1745 1796 1830 1781 1723 1647 1646 1726
838.47699 1735 1793 1845 1798 1727 1653 1666 1722
838.497009 1733 1830 1827 1796 1709 1660 1662 1733
838.517029 1739 1801 1852 1804 1734 1664 1651 1737
838.538025 1730 1815 1826 1809 1725 1662 1662 1737
838.557983 1743 1820 1837 1817 1754 1648 1657 1750
838.578003 1738 1810 1868 1815 1737 1665 1667 1750
838.598022 1745 1846 1858 1832 1737 1657 1671 1745
838.617981 1760 1841 1874 1831 1746 1671 1656 1747
838.638 1755 1848 1890 1836 1742 1660 1662 1752
838.658997 1760 1862 1883 1833 1744 1663 1668 1756
838.679016 1758 1837 1893 1850 1746 1651 1680 1757
838.698975 1778 1830 1895 1859 1766 1662 1678 1758
838.718994 1762 1857 1876 1841 1747 1667 1655 1758
838.739014 1761 1869 1891 1869 1748 1665 1668 1757
838.758972 1760 1845 1897 1851 1749 1667 1673 1766
838.780029 1775 1841 1899 1864 1744 1675 1677 1757
838.799988 1780 1851 1895 1861 1751 1681 1654 1773
838.820007 1767 1884 1908 1859 1725 1671 1665 1755
838.840027 1771 1860 1917 1849 1759 1675 1662 1743
838.859985 1765 1871 1921 1854 1763 1675 1657 1762
838.880005 1774 1883 1912 1865 1750 1657 1656 1770
838.901001 1757 1866 1932 1864 1761 1665 1676 1763
838.921021 1766 1878 1914 1847 1772 1654 1681 1765
838.940979 1774 1869 1928 1879 1757 1673 1685 1764
838.960999 1763 1884 1910 1878 1762 1660 1684 1778
838.981018 1765 1888 1925 1871 1770 1679 1684 1776
839.000977 1776 1874 1895 1881 1751 1680 1683 1776
839.020996 1746 1871 1936 1858 1774 1678 1672 1789
839.041992 1767 1882 1891 1880 1776 1665 1686 1774
839.062012 1775 1900 1938 1898 1751 1675 1673 1763
839.08197 1763 1895 1927 1884 1768 1662 1671 1752
839.10199 1795 1879 1926 1874 1765 1661 1662 1760
839.122009 1776 1881 1929 1870 1751 1662 1667 1769
839.142029 1774 1877 1908 1874 1769 1667 1665 1784
839.161987 1796 1878 1931 1870 1759 1670 1694 1757
839.182983 1761 1897 1941 1880 1774 1681 1681 1797
839.203003 1770 1884 1924 1869 1758 1673 1664 1763
839.223022 1799 1890 1967 1890 1773 1680 1680 1772
839.242981 1773 1922 1961 1870 1788 1667 1675 1787
839.263 1778 1921 1938 1893 1783 1688 1672 1796
839.28302 1785 1894 1962 1881 1783 1667 1675 1774
839.304016 1798 1907 1969 1911 1792 1684 1681 1796
839.323975 1782 1920 1945 1903 1776 1676 1672 1796
839.343994 1788 1919 1956 1910 1781 1679 1673 1796
839.364014 1803 1924 1960 1919 1773 1692 1700 1790
839.383972 1801 1908 1961 1902 1783 1702 1675 1811
839.403992 1794 1926 1981 1900 1794 1685 1681 1782
839.424011 1791 1930 1992 1922 1782 1681 1702 1819
839.445007 1791 1947 1986 1926 1798 1684 1684 1807
839.465027 1835 1930 2004 1924 1771 1682 1688 1810
839.484985 1825 1939 2009 1942 1808 1690 1704 1802
839.505005 1839 1945 2003 1958 1822 1712 1728 1829
839.525024 1834 1963 2028 1953 1829 1719 1712 1822
839.544983 1847 1963 2036 1957 1838 1700 1716 1849
839.565002 1844 1981 2034 1981 1847 1703 1740 1847
839.585999 1858 2000 2024 1990 1881 1715 1723 1845
839.606018 1859 1991 2063 1984 1873 1729 1697 1861
839.625977 1881 2034 2081 1999 1865 1734 1732 1868
839.645996 1895 2043 2092 2037 1888 1710 1723 1880
839.666016 1872 2050 2126 2054 1859 1729 1741 1859
839.685974 1873 2065 2108 2078 1887 1752 1753 1893
839.705994 1900 2092 2120 2084 1905 1762 1757 1897
839.726013 1913 2079 2144 2096 1883 1766 1744 1924
839.747009 1931 2124 2139 2104 1905 1748 1769 1912
839.767029 1931 2098 2194 2102 1929 1760 1769 1928
839.786987 1953 2113 2180 2123 1935 1753 1774 1934
839.807007 1953 2131 2199 2115 1934 1775 1776 1957
839.827026 1955 2168 2198 2143 1937 1773 1795 1948
839.846985 1936 2137 2232 2113 1945 1801 1762 1959
839.867004 1960 2194 2243 2175 1931 1783 1778 1981
839.887024 1957 2186 2228 2188 1967 1775 1788 1986
839.90802 1992 2222 2302 2189 1971 1811 1772 1982
839.927979 2007 2212 2248 2214 2010 1807 1811 1964
839.947998 2010 2224 2295 2209 2025 1803 1795 2003
839.968018 2011 2221 2309 2248 1998 1828 1813 1991
839.987976 2006 2262 2323 2218 2031 1797 1808 2037
840.007996 2030 2252 2375 2252 2022 1813 1817 2014
840.028015 2052 2242 2341 2228 2045 1815 1816 2041
840.047974 2044 2259 2368 2268 2048 1811 1824 2023
840.06897 2041 2256 2352 2260 2041 1819 1805 2034
840.088989 2042 2264 2364 2248 2052 1811 1816 2031
840.109009 2029 2261 2378 2291 1993 1800 1817 2035
840.129028 2030 2258 2348 2268 2013 1804 1818 2039
840.148987 2021 2278 2356 2273 2053 1816 1806 2026
840.169006 2020 2244 2328 2241 2017 1786 1804 2046
840.189026 2028 2260 2317 2260 2022 1818 1796 2002
840.208984 2006 2257 2328 2212 2024 1796 1824 2025
840.22998 2010 2232 2309 2247 2010 1766 1795 1995
840.25 1972 2232 2302 2189 1982 1788 1770 1989
840.27002 1996 2180 2284 2209 1977 1778 1794 1992
840.289978 1976 2167 2269 2162 1958 1773 1774 1972
840.309998 1963 2188 2292 2181 1981 1783 1764 1948
840.330017 1968 2181 2246 2124 1945 1747 1761 1963
840.349976 1948 2129 2189 2143 1939 1758 1735 1916
840.369995 1913 2097 2177 2117 1931 1750 1743 1928
840.390015 1927 2118 2196 2085 1908 1740 1746 1907
840.411011 1903 2101 2166 2101 1873 1727 1741 1925
840.43103 1878 2052 2148 2062 1894 1727 1720 1878
840.450989 1865 2040 2131 2040 1860 1723 1702 1857
840.471008 1860 2041 2099 2002 1855 1706 1717 1836
840.491028 1857 2009 2064 2023 1839 1708 1725 1839
840.510986 1838 2005 2073 1980 1815 1692 1710 1831
840.531006 1831 1964 2040 1979 1827 1702 1693 1845
840.551025 1823 1950 2031 1972 1821 1683 1682 1798
840.570984 1804 1934 2011 1951 1785 1689 1685 1803
840.59198 1808 1945 1990 1934 1784 1670 1680 1784
840.612 1780 1913 1968 1918 1774 1665 1662 1778
840.632019 1775 1914 1960 1912 1752 1672 1674 1767
840.651978 1754 1896 1935 1883 1768 1666 1668 1777
840.671997 1764 1881 1926 1860 1746 1658 1672 1754
840.692017 1763 1855 1929 1863 1730 1658 1658 1754
840.711975 1739 1861 1899 1851 1739 1655 1668 1738
840.731995 1752 1853 1882 1845 1722 1655 1646 1727
840.752014 1711 1827 1883 1810 1738 1647 1655 1730
840.771973 1736 1833 1887 1824 1709 1632 1650 1723
840.79303 1728 1816 1866 1813 1729 1634 1655 1723
840.812988 1715 1816 1850 1807 1720 1630 1650 1709
840.833008 1701 1792 1858 1791 1694 1633 1645 1715
840.853027 1696 1779 1829 1784 1698 1643 1631 1715
840.872986 1701 1774 1828 1783 1690 1639 1650 1705
840.893005 1698 1771 1818 1781 1686 1620 1632 1704
840.913025 1689 1767 1803 1779 1688 1644 1639 1698
840.932983 1705 1768 1814 1778 1667 1626 1639 1702
840.953003 1692 1774 1780 1771 1674 1631 1626 1696
840.973022 1691 1756 1793 1759 1701 1627 1630 1706
840.994019 1681 1761 1786 1765 1686 1609 1630 1687
841.013977 1686 1766 1804 1762 1683 1624 1622 1683
841.033997 1677 1758 1768 1739 1672 1628 1621 1680
841.054016 1664 1766 1759 1714 1681 1624 1646 1673
841.073975 1665 1728 1762 1724 1669 1625 1627 1674
841.093994 1663 1740 1778 1729 1668 1623 1625 1675
841.114014 1684 1745 1755 1731 1656 1632 1633 1675
841.133972 1669 1734 1757 1717 1657 1614 1626 1683
841.153992 1679 1722 1758 1750 1665 1608 1631 1671
841.174011 1686 1749 1753 1730 1665 1617 1633 1669
841.19397 1673 1721 1750 1716 1663 1637 1616 1664
841.215027 1666 1735 1733 1714 1656 1624 1627 1669
841.234985 1658 1730 1747 1718 1658 1614 1623 1663
841.255005 1660 1722 1747 1719 1668 1604 1621 1660
841.275024 1668 1729 1754 1712 1651 1614 1634 1664
841.294983 1671 1744 1755 1726 1663 1614 1620 1671
841.315002 1657 1720 1738 1707 1646 1608 1632 1689
841.335022 1658 1722 1733 1710 1656 1616 1624 1680
841.35498 1671 1707 1733 1710 1662 1618 1615 1668
841.375 1652 1709 1755 1699 1654 1610 1628 1663
841.39502 1660 1706 1749 1704 1665 1619 1619 1687
841.414978 1662 1725 1719 1711 1650 1634 1622 1656
841.434998 1677 1710 1728 1720 1667 1620 1624 1660
841.455994 1661 1713 1734 1703 1658 1619 1627 1677
841.476013 1657 1737 1743 1701 1661 1622 1638 1672
841.495972 1652 1721 1721 1685 1657 1609 1631 1655
841.515991 1653 1716 1738 1710 1644 1611 1618 1657
841.536011 1661 1718 1738 1711 1651 1620 1617 1672
841.55603 1651 1716 1727 1707 1650 1619 1627 1675
841.575989 1659 1712 1749 1714 1649 1621 1639 1663
841.596008 1650 1707 1731 1723 1651 1623 1614 1658
841.616028 1656 1715 1731 1710 1653 1626 1628 1651
841.635986 1666 1707 1730 1724 1653 1610 1621 1667
841.656006 1659 1728 1725 1703 1652 1614 1626 1676
841.676025 1662 1697 1722 1703 1650 1619 1608 1659
841.695984 1656 1709 1739 1697 1646 1613 1635 1654
841.716003 1656 1699 1733 1707 1661 1613 1620 1666
841.737 1660 1706 1710 1701 1663 1620 1640 1657
841.757019 1660 1708 1727 1697 1647 1623 1619 1665
841.776978 1664 1724 1739 1705 1643 1625 1621 1675
841.796997 1669 1700 1719 1696 1634 1611 1609 1655
841.817017 1651 1712 1724 1697 1656 1626 1615 1667
841.836975 1658 1705 1719 1699 1656 1618 1631 1640
841.856995 1640 1708 1729 1692 1669 1614 1617 1668
841.877014 1661 1684 1743 1690 1653 1623 1640 1656
841.896973 1650 1703 1724 1699 1649 1614 1628 1659
841.916992 1662 1719 1707 1710 1655 1618 1625 1666
841.937012 1665 1707 1717 1699 1655 1610 1614 1656
841.95697 1655 1713 1733 1692 1644 1616 1624 1667
841.97699 1655 1719 1730 1702 1656 1618 1623 1661
841.997009 1657 1701 1705 1703 1655 1622 1628 1667
842.018005 1659 1698 1728 1693 1636 1612 1610 1657
842.038025 1654 1687 1702 1690 1645 1614 1617 1649
842.057983 1640 1714 1711 1699 1649 1623 1613 1665
842.078003 1638 1685 1712 1674 1641 1611 1621 1673
842.098022 1658 1702 1718 1673 1644 1611 1607 1660
842.117981 1637 1685 1724 1684 1667 1611 1614 1659
842.138 1652 1687 1711 1692 1642 1614 1625 1648
842.15802 1640 1692 1724 1692 1633 1619 1605 1656
842.177979 1639 1691 1710 1680 1654 1612 1618 1649
842.197998 1660 1688 1718 1672 1642 1614 1613 1638
842.218018 1660 1708 1712 1694 1640 1611 1618 1650
842.237976 1645 1702 1712 1694 1641 1627 1611 1662
842.257996 1651 1692 1735 1692 1654 1614 1616 1665
842.278015 1641 1702 1719 1675 1645 1602 1633 1650
842.297974 1651 1697 1719 1679 1635 1618 1612 1653
842.317993 1668 1708 1721 1682 1648 1612 1607 1643
842.338013 1655 1687 1709 1685 1643 1610 1627 1659
842.357971 1650 1702 1711 1682 1637 1612 1618 1651
842.379028 1647 1695 1699 1673 1640 1608 1611 1652
842.398987 1662 1699 1709 1686 1630 1615 1617 1645
842.419006 1653 1688 1714 1686 1646 1627 1621 1652
842.439026 1640 1701 1713 1694 1640 1628 1627 1647
842.458984 1641 1707 1708 1690 1641 1617 1620 1661
842.479004 1660 1695 1721 1679 1648 1606 1616 1653
842.499023 1637 1692 1710 1674 1638 1599 1608 1637
842.518982 1654 1697 1702 1677 1626 1614 1619 1653
842.539001 1638 1696 1706 1689 1647 1609 1615 1649
842.559021 1655 1688 1704 1689 1637 1599 1622 1646
842.578979 1654 1703 1708 1683 1637 1619 1618 1641
842.598999 1655 1681 1702 1677 1633 1615 1603 1656
842.619019 1650 1680 1697 1690 1637 1614 1629 1656
842.638977 1659 1687 1718 1682 1638 1603 1615 1659
842.658997 1651 1709 1704 1689 1640 1609 1613 1658
842.679016 1650 1694 1703 1703 1640 1617 1616 1673
842.698975 1664 1708 1714 1684 1645 1612 1609 1647
842.718994 1654 1699 1731 1708 1669 1622 1617 1632
842.739014 1662 1709 1726 1696 1648 1618 1620 1664
842.758972 1651 1701 1713 1691 1647 1621 1606 1654
842.778992 1667 1687 1737 1684 1651 1621 1621 1654
842.799011 1660 1710 1720 1678 1637 1620 1613 1635
842.820007 1647 1700 1718 1691 1644 1617 1622 1666
842.840027 1654 1690 1732 1694 1647 1624 1619 1640
842.859985 1664 1703 1715 1701 1647 1618 1613 1661
842.880005 1658 1717 1731 1703 1650 1616 1626 1670
842.900024 1651 1697 1737 1693 1640 1598 1613 1676
842.919983 1666 1704 1722 1693 1655 1615 1610 1666
842.940002 1642 1701 1733 1709 1643 1612 1627 1653
842.960022 1658 1714 1708 1681 1636 1611 1612 1663
842.97998 1658 1699 1702 1691 1643 1619 1614 1660
843 1654 1708 1699 1701 1649 1617 1621 1659
843.02002 1649 1699 1709 1677 1640 1617 1623 1652
843.039978 1665 1710 1723 1722 1642 1621 1610 1663
843.059998 1643 1705 1726 1702 1649 1617 1629 1641
843.080017 1640 1691 1713 1678 1655 1599 1615 1654
843.099976 1661 1689 1721 1696 1643 1606 1620 1644
843.119995 1655 1697 1731 1700 1640 1607 1617 1652
843.140015 1663 1694 1703 1698 1639 1605 1618 1649
843.159973 1637 1700 1740 1692 1646 1612 1628 1666
843.179993 1665 1711 1724 1702 1645 1607 1601 1656
843.200012 1661 1690 1714 1706 1646 1609 1613 1658
843.219971 1657 1714 1715 1685 1645 1607 1625 1658
843.23999 1656 1696 1735 1695 1653 1613 1617 1647
843.26001 1659 1696 1705 1690 1655 1602 1607 1644
843.280029 1651 1706 1718 1689 1640 1609 1612 1650
843.299988 1650 1713 1715 1687 1639 1624 1625 1663
843.320007 1654 1705 1731 1698 1664 1612 1613 1659
843.340027 1661 1724 1713 1675 1657 1611 1623 1641
843.359985 1664 1697 1720 1684 1654 1618 1610 1657
843.380005 1653 1704 1717 1688 1640 1617 1621 1660
843.400024 1648 1695 1720 1687 1640 1604 1616 1664
843.419983 1659 1706 1738 1698 1638 1616 1622 1653
843.440002 1647 1704 1701 1686 1644 1607 1625 1647
843.460022 1673 1705 1703 1685 1629 1613 1611 1657
843.47998 1673 1693 1723 1700 1638 1624 1623 1660
843.5 1656 1701 1736 1691 1651 1622 1616 1655
843.52002 1646 1699 1718 1696 1646 1621 1620 1661
843.539978 1659 1715 1716 1687 1643 1615 1611 1657
843.559998 1664 1713 1708 1703 1656 1610 1620 1667
843.580994 1630 1703 1705 1699 1648 1609 1600 1647
843.601013 1649 1713 1725 1679 1647 1613 1615 1650
843.620972 1655 1689 1728 1692 1644 1608 1624 1663
843.640991 1647 1700 1721 1705 1651 1605 1617 1646
843.661011 1657 1711 1709 1695 1638 1599 1621 1659
843.68103 1659 1687 1713 1686 1650 1606 1616 1652
843.700989 1661 1707 1718 1684 1642 1615 1614 1654
843.721008 1659 1713 1694 1694 1639 1605 1620 1654
843.741028 1661 1695 1725 1697 1651 1612 1610 1661
843.760986 1661 1702 1714 1695 1655 1625 1620 1665
843.781006 1665 1710 1721 1676 1657 1608 1617 1672
843.801025 1666 1693 1725 1685 1645 1619 1613 1647
843.820984 1651 1683 1722 1694 1635 1615 1619 1664
843.841003 1652 1697 1711 1681 1657 1607 1631 1653
843.861023 1657 1697 1705 1708 1643 1613 1622 1664
843.880981 1649 1697 1714 1697 1655 1612 1611 1671
843.901001 1654 1709 1726 1692 1638 1625 1618 1652
843.921021 1647 1699 1704 1692 1634 1617 1612 1650
843.940979 1658 1694 1716 1684 1642 1613 1608 1652
843.960999 1664 1711 1724 1688 1640 1618 1612 1643
843.981018 1649 1708 1712 1690 1648 1616 1619 1663
844.000977 1665 1712 1715 1692 1646 1612 1617 1664
844.020996 1651 1683 1732 1678 1641 1622 1618 1662
844.041016 1648 1690 1737 1696 1639 1623 1612 1655
844.060974 1659 1714 1731 1681 1647 1620 1615 1648
844.080994 1647 1689 1726 1699 1654 1617 1617 1661
844.101013 1659 1691 1707 1679 1646 1607 1618 1652
844.120972 1665 1709 1709 1700 1646 1611 1628 1666
844.140991 1659 1696 1731 1708 1659 1619 1619 1649
844.161011 1654 1699 1718 1693 1643 1608 1620 1659
844.18103 1649 1692 1716 1702 1648 1618 1614 1658
844.200989 1658 1717 1734 1692 1650 1606 1620 1651
844.221008 1659 1693 1714 1705 1641 1622 1614 1663
844.241028 1662 1699 1715 1695 1646 1617 1621 1651
844.260986 1663 1704 1710 1689 1664 1617 1624 1661
844.281006 1649 1696 1721 1681 1645 1609 1620 1653
844.301025 1665 1709 1723 1676 1632 1614 1617 1651
844.320984 1649 1703 1722 1699 1654 1613 1622 1659
844.341003 1667 1695 1722 1683 1647 1614 1617 1660
844.361023 1667 1701 1716 1691 1652 1619 1618 1663
844.380981 1652 1699 1725 1687 1648 1616 1620 1657
844.401001 1639 1697 1715 1701 1658 1624 1628 1651
844.421021 1643 1695 1713 1699 1655 1607 1614 1643
844.440979 1651 1699 1717 1684 1659 1608 1621 1649
844.460999 1659 1706 1710 1696 1637 1613 1610 1645
844.481018 1649 1705 1709 1700 1642 1614 1612 1644
844.500977 1660 1692 1713 1694 1638 1610 1613 1651
844.520996 1650 1686 1688 1683 1638 1617 1607 1645
844.541016 1650 1697 1714 1691 1639 1615 1621 1657
844.559998 1652 1695 1721 1682 1642 1614 1618 1630
844.580017 1670 1689 1709 1704 1627 1622 1615 1645
844.599976 1651 1691 1706 1683 1647 1620 1614 1663
844.619995 1654 1703 1710 1689 1637 1606 1620 1643
844.640015 1649 1689 1719 1680 1641 1606 1611 1654
844.659973 1661 1694 1709 1694 1644 1611 1615 1648
844.679993 1647 1685 1711 1693 1654 1611 1618 1654
844.700012 1649 1700 1692 1695 1661 1620 1614 1652
844.719971 1651 1687 1726 1684 1650 1621 1605 1642
844.73999 1648 1698 1727 1680 1642 1615 1613 1649
844.76001 1655 1704 1715 1688 1637 1604 1630 1658
844.780029 1643 1687 1699 1688 1635 1604 1621 1658
844.799988 1650 1705 1715 1665 1642 1612 1616 1654
844.820007 1642 1709 1713 1674 1646 1602 1621 1650
844.840027 1644 1709 1711 1698 1642 1611 1612 1654
844.859985 1650 1694 1727 1686 1648 1606 1627 1645
844.880005 1647 1685 1729 1692 1648 1607 1613 1652
844.900024 1644 1691 1708 1687 1658 1609 1607 1663
844.919983 1643 1704 1701 1689 1638 1616 1611 1659
844.940002 1647 1696 1694 1670 1635 1615 1628 1662
844.960022 1650 1694 1711 1710 1642 1616 1638 1651
844.97998 1639 1701 1707 1696 1647 1616 1617 1663
845 1638 1697 1718 1688 1649 1608 1613 1658
845.02002 1651 1694 1707 1687 1640 1612 1603 1653
845.039978 1652 1689 1706 1702 1651 1605 1612 1655
845.059998 1651 1687 1721 1683 1648 1597 1607 1634
845.080017 1652 1693 1710 1678 1646 1610 1614 1669
845.099976 1669 1706 1712 1683 1640 1614 1612 1667
845.119995 1661 1704 1711 1696 1640 1595 1617 1652
845.140015 1655 1697 1720 1692 1646 1610 1622 1654
845.159973 1659 1694 1727 1691 1643 1616 1612 1662
845.179993 1651 1689 1733 1689 1641 1614 1621 1647
845.200012 1638 1707 1709 1696 1652 1600 1608 1648
845.219971 1667 1704 1710 1679 1638 1603 1616 1649
845.23999 1656 1701 1713 1706 1655 1609 1621 1650
845.26001 1660 1704 1714 1686 1638 1631 1617 1653
845.280029 1656 1693 1702 1693 1655 1616 1617 1650
845.299011 1667 1700 1728 1701 1651 1623 1632 1663
845.31897 1645 1708 1717 1691 1653 1623 1612 1666
845.338989 1669 1701 1710 1699 1650 1599 1612 1650
845.359009 1663 1717 1730 1711 1664 1615 1621 1666
845.379028 1664 1704 1705 1688 1650 1622 1623 1662
845.398987 1652 1676 1723 1715 1650 1605 1615 1660
845.419006 1648 1723 1708 1697 1639 1611 1617 1675
845.439026 1654 1718 1718 1697 1658 1616 1613 1663
845.458984 1661 1727 1720 1712 1649 1616 1618 1657
845.479004 1687 1702 1717 1684 1655 1611 1624 1679
845.499023 1649 1713 1720 1698 1652 1603 1622 1676
845.518982 1678 1707 1744 1716 1674 1617 1616 1671
845.539001 1663 1716 1726 1700 1657 1626 1620 1678
845.559021 1666 1712 1739 1714 1647 1621 1626 1664
845.578979 1656 1714 1734 1711 1649 1620 1626 1675
845.598999 1646 1714 1742 1714 1639 1631 1619 1661
845.619019 1677 1730 1756 1713 1652 1613 1637 1677
845.638977 1657 1725 1732 1719 1652 1629 1623 1669
845.658997 1682 1718 1728 1720 1652 1618 1631 1647
845.679016 1663 1710 1757 1706 1663 1624 1619 1673
845.698975 1669 1734 1728 1706 1646 1631 1637 1674
845.718994 1657 1735 1749 1719 1656 1610 1623 1687
845.737976 1671 1716 1746 1716 1665 1623 1631 1676
845.757996 1678 1738 1742 1731 1659 1621 1634 1658
845.778015 1671 1723 1731 1709 1670 1619 1636 1663
845.797974 1672 1723 1747 1712 1670 1626 1625 1670
845.817993 1654 1729 1750 1709 1669 1615 1620 1680
845.838013 1674 1728 1740 1729 1664 1620 1629 1669
845.857971 1663 1731 1749 1720 1672 1616 1621 1664
845.877991 1647 1726 1731 1718 1652 1630 1624 1669
845.89801 1666 1722 1740 1725 1660 1622 1629 1677
845.91803 1684 1728 1750 1716 1673 1621 1617 1671
845.937988 1672 1724 1745 1714 1659 1626 1633 1671
845.958008 1664 1731 1749 1722 1670 1624 1622 1680
845.978027 1678 1728 1751 1709 1662 1622 1611 1666
845.997986 1670 1715 1733 1723 1664 1619 1628 1681
846.018005 1670 1715 1741 1709 1682 1620 1631 1677
846.038025 1675 1723 1744 1732 1662 1634 1644 1672
846.057983 1676 1734 1749 1743 1666 1625 1630 1680
846.078003 1663 1736 1738 1710 1663 1621 1626 1674
846.096985 1673 1731 1765 1724 1656 1635 1622 1673
846.117004 1669 1720 1755 1705 1655 1620 1631 1663
846.137024 1669 1724 1763 1718 1659 1621 1620 1676
846.156982 1675 1711 1738 1708 1660 1614 1631 1682
846.177002 1689 1730 1722 1714 1668 1619 1627 1687
846.197021 1666 1720 1737 1713 1676 1627 1631 1680
846.21698 1666 1725 1760 1714 1670 1631 1624 1676
846.237 1658 1712 1754 1722 1675 1624 1624 1675
846.257019 1677 1731 1748 1715 1676 1628 1620 1671
846.276978 1687 1733 1746 1718 1666 1634 1626 1664
846.296997 1657 1730 1749 1730 1669 1627 1641 1669
846.317017 1679 1728 1732 1730 1661 1631 1636 1672
846.336975 1661 1737 1758 1724 1674 1618 1643 1672
846.356995 1658 1728 1758 1724 1662 1615 1615 1672
846.377014 1670 1739 1762 1720 1675 1636 1622 1680
846.395996 1667 1743 1760 1717 1686 1609 1633 1683
846.416016 1679 1737 1743 1715 1670 1637 1614 1666
846.435974 1684 1738 1778 1733 1663 1627 1640 1664
846.455994 1682 1740 1755 1725 1668 1620 1622 1673
846.476013 1667 1735 1748 1724 1662 1626 1632 1676
846.495972 1670 1722 1751 1727 1663 1618 1622 1697
846.515991 1663 1737 1755 1717 1664 1634 1629 1676
846.536011 1661 1717 1745 1732 1661 1631 1626 1670
846.55603 1663 1752 1760 1720 1656 1627 1632 1676
846.575989 1675 1735 1735 1724 1677 1632 1625 1678
846.596008 1675 1731 1753 1718 1665 1611 1621 1676
846.616028 1671 1725 1755 1719 1655 1624 1627 1688
846.63501 1663 1730 1768 1731 1651 1627 1617 1681
846.655029 1677 1718 1738 1722 1664 1617 1610 1677
846.674988 1672 1725 1770 1715 1656 1631 1614 1669
846.695007 1674 1719 1741 1706 1658 1620 1625 1692
846.715027 1678 1725 1752 1734 1679 1622 1640 1666
846.734985 1670 1724 1743 1707 1656 1632 1626 1677
846.755005 1659 1737 1738 1706 1673 1615 1619 1674
846.775024 1682 1717 1731 1727 1652 1621 1626 1678
846.794983 1676 1716 1745 1726 1655 1611 1621 1671
846.815002 1668 1728 1768 1725 1667 1623 1614 1672
846.835022 1672 1736 1759 1715 1673 1628 1624 1671
846.85498 1668 1735 1743 1734 1666 1622 1630 1667
846.875 1668 1728 1753 1724 1659 1629 1616 1677
846.893982 1664 1726 1747 1742 1672 1627 1633 1686
846.914001 1660 1743 1759 1719 1665 1616 1622 1667
846.934021 1672 1736 1746 1727 1666 1631 1634 1675
846.953979 1670 1729 1769 1723 1666 1634 1629 1677
846.973999 1679 1749 1752 1742 1670 1617 1629 1668
846.994019 1685 1746 1756 1718 1672 1629 1615 1672
847.013977 1666 1745 1767 1726 1665 1638 1645 1670
847.033997 1680 1735 1761 1718 1679 1629 1631 1690
847.054016 1677 1738 1740 1712 1670 1614 1620 1681
847.073975 1660 1740 1757 1739 1669 1624 1616 1689
847.093994 1679 1732 1767 1724 1663 1638 1631 1684
847.112976 1688 1749 1785 1718 1674 1621 1629 1669
847.132996 1689 1735 1781 1734 1666 1615 1622 1672
847.153015 1678 1738 1770 1739 1660 1632 1625 1685
847.172974 1688 1737 1777 1742 1671 1647 1627 1695
847.192993 1680 1723 1766 1749 1671 1623 1630 1688
847.213013 1684 1739 1771 1728 1673 1629 1636 1679
847.232971 1689 1735 1767 1736 1671 1637 1628 1683
847.252991 1667 1745 1763 1749 1672 1633 1638 1669
847.27301 1679 1746 1772 1725 1662 1625 1624 1680
847.29303 1686 1745 1749 1738 1674 1629 1627 1693
847.312012 1683 1746 1754 1728 1663 1622 1630 1673
847.33197 1684 1729 1776 1722 1669 1631 1628 1687
847.35199 1687 1751 1776 1730 1662 1623 1638 1665
847.372009 1674 1747 1759 1726 1677 1628 1622 1675
847.392029 1678 1725 1765 1730 1672 1618 1623 1682
847.411987 1674 1733 1758 1725 1660 1627 1631 1671
847.432007 1674 1736 1770 1718 1677 1628 1635 1681
847.452026 1653 1739 1749 1718 1670 1624 1615 1668
847.471985 1681 1731 1759 1736 1691 1627 1632 1670
847.492004 1678 1745 1761 1717 1672 1624 1634 1679
847.510986 1661 1737 1759 1717 1661 1617 1621 1666
847.531006 1669 1736 1758 1717 1676 1614 1619 1669
847.551025 1671 1725 1739 1715 1668 1627 1620 1659
847.570984 1668 1735 1761 1737 1656 1619 1607 1674
847.591003 1671 1720 1755 1735 1661 1624 1627 1675
847.611023 1679 1741 1782 1723 1686 1608 1629 1675
847.630981 1682 1758 1745 1744 1672 1612 1626 1685
847.651001 1671 1746 1762 1721 1672 1630 1626 1685
847.669983 1676 1737 1760 1745 1678 1614 1622 1667
847.690002 1687 1732 1753 1735 1673 1617 1613 1690
847.710022 1669 1740 1758 1724 1683 1631 1616 1686
847.72998 1663 1726 1758 1737 1672 1621 1623 1673
847.75 1680 1734 1763 1732 1670 1630 1626 1680
847.77002 1663 1740 1758 1720 1682 1632 1618 1682
847.789978 1680 1750 1755 1741 1662 1635 1637 1682
847.809998 1677 1743 1756 1722 1681 1621 1626 1673
847.830017 1679 1742 1753 1737 1675 1626 1623 1686
847.848999 1692 1751 1764 1740 1669 1613 1637 1668
847.869019 1680 1730 1758 1732 1682 1622 1623 1694
847.888977 1685 1741 1772 1738 1687 1623 1633 1675
847.908997 1687 1763 1768 1730 1677 1612 1619 1685
847.929016 1685 1750 1764 1746 1668 1624 1633 1680
847.948975 1690 1749 1758 1740 1676 1624 1620 1680
847.968994 1695 1746 1780 1730 1666 1643 1644 1677
847.989014 1675 1738 1779 1737 1690 1612 1631 1694
848.007996 1676 1728 1766 1735 1677 1629 1642 1701
848.028015 1671 1739 1772 1756 1687 1632 1622 1686
848.047974 1687 1752 1788 1723 1678 1631 1627 1696
848.067993 1674 1771 1774 1751 1684 1616 1627 1692
848.088013 1683 1751 1779 1740 1673 1627 1624 1681
848.107971 1685 1756 1777 1751 1675 1620 1624 1690
848.127991 1673 1740 1783 1743 1679 1622 1619 1687
848.14801 1692 1744 1771 1748 1681 1624 1623 1671
848.166992 1689 1751 1778 1744 1687 1632 1632 1682
848.187012 1670 1765 1799 1749 1689 1620 1634 1705
848.20697 1694 1759 1770 1732 1682 1622 1629 1694
848.22699 1690 1755 1784 1758 1692 1627 1642 1693
848.247009 1706 1758 1778 1747 1687 1636 1642 1686
848.267029 1703 1747 1778 1747 1687 1617 1643 1692
848.286987 1706 1760 1780 1749 1684 1646 1631 1693
848.307007 1687 1762 1774 1756 1684 1626 1640 1688
848.325989 1678 1782 1773 1763 1679 1623 1639 1696
848.346008 1704 1768 1795 1746 1692 1623 1643 1693
848.366028 1698 1770 1806 1759 1691 1618 1637 1687
848.385986 1694 1764 1789 1769 1696 1635 1631 1695
848.406006 1688 1771 1785 1749 1682 1621 1645 1698
848.426025 1708 1767 1805 1739 1691 1628 1639 1685
848.445984 1702 1775 1782 1751 1665 1631 1634 1700
848.466003 1697 1761 1811 1753 1694 1633 1647 1690
848.484985 1700 1765 1804 1763 1682 1622 1641 1704
848.505005 1697 1755 1793 1774 1686 1651 1636 1712
848.525024 1692 1781 1774 1744 1678 1625 1630 1708
848.544983 1685 1764 1795 1748 1698 1642 1634 1687
848.565002 1681 1756 1786 1766 1679 1639 1634 1691
848.585022 1687 1755 1775 1746 1672 1626 1628 1690
848.604004 1695 1755 1776 1754 1674 1637 1634 1685
848.624023 1697 1764 1791 1760 1688 1642 1643 1689
848.643982 1698 1759 1781 1756 1672 1630 1647 1693
848.664001 1682 1756 1794 1745 1694 1639 1623 1691
848.684021 1687 1756 1794 1759 1673 1632 1633 1689
848.703979 1675 1755 1793 1749 1695 1647 1645 1679
848.723999 1692 1779 1790 1762 1679 1628 1634 1682
848.742981 1688 1751 1779 1739 1684 1637 1652 1699
848.763 1679 1763 1784 1766 1674 1650 1639 1690
848.78302 1703 1756 1791 1739 1696 1631 1620 1685
848.802979 1694 1752 1786 1743 1705 1627 1638 1690
848.822998 1693 1751 1764 1757 1684 1643 1649 1683
848.843018 1689 1780 1803 1740 1702 1638 1633 1700
848.862976 1701 1751 1796 1760 1691 1656 1632 1697
848.882019 1716 1791 1792 1777 1678 1653 1648 1703
848.901978 1712 1774 1787 1752 1714 1637 1643 1692
848.921997 1696 1780 1794 1802 1703 1638 1645 1695
848.942017 1689 1766 1821 1771 1702 1646 1660 1704
848.961975 1708 1753 1796 1763 1712 1654 1643 1700
848.981995 1700 1762 1772 1781 1700 1644 1649 1703
849.002014 1709 1747 1795 1773 1684 1637 1644 1708
849.020996 1697 1770 1784 1766 1689 1632 1638 1718
849.041016 1696 1750 1796 1765 1703 1650 1646 1715
849.060974 1703 1782 1790 1775 1698 1644 1646 1705
849.080994 1703 1770 1792 1774 1697 1648 1659 1693
849.101013 1708 1778 1796 1782 1693 1638 1653 1717
849.120972 1699 1782 1799 1768 1704 1652 1654 1706
849.140015 1715 1781 1811 1763 1716 1652 1638 1688
849.159973 1726 1760 1778 1765 1704 1644 1656 1704
849.179993 1695 1760 1804 1763 1700 1645 1649 1709
849.200012 1714 1763 1792 1752 1696 1637 1645 1673
849.219971 1719 1784 1785 1753 1681 1634 1649 1702
849.23999 1708 1759 1795 1767 1694 1647 1646 1703
849.258972 1698 1779 1799 1779 1696 1643 1651 1691
849.278992 1696 1768 1797 1750 1692 1629 1636 1692
849.299011 1700 1769 1790 1750 1694 1632 1635 1690
849.31897 1702 1754 1782 1778 1700 1646 1635 1699
849.338989 1707 1752 1796 1762 1696 1646 1635 1690
849.359009 1707 1774 1789 1759 1694 1638 1636 1691
849.377991 1700 1747 1783 1741 1699 1629 1632 1685
849.39801 1700 1764 1779 1748 1701 1648 1635 1691
849.41803 1692 1762 1793 1763 1708 1651 1646 1693
849.437988 1698 1772 1770 1754 1679 1645 1649 1697
849.458008 1705 1771 1779 1750 1694 1657 1653 1710
849.478027 1705 1762 1794 1739 1688 1653 1637 1697
849.497009 1683 1760 1790 1739 1680 1649 1652 1697
849.517029 1691 1748 1781 1742 1682 1643 1632 1679
849.536987 1701 1764 1789 1753 1697 1639 1643 1700
849.557007 1691 1757 1800 1746 1676 1636 1639 1694
849.577026 1684 1747 1768 1764 1683 1633 1635 1695
849.596985 1707 1755 1772 1745 1696 1636 1630 1674
849.616028 1693 1750 1796 1769 1684 1635 1650 1680
849.635986 1695 1761 1791 1736 1693 1631 1642 1674
849.656006 1710 1750 1779 1749 1680 1618 1650 1683
849.676025 1678 1742 1765 1747 1689 1635 1631 1691
849.695984 1688 1768 1779 1764 1671 1629 1636 1692
849.716003 1681 1754 1780 1740 1683 1634 1639 1704
849.734985 1694 1760 1761 1747 1692 1627 1626 1710
849.755005 1700 1761 1786 1738 1695 1632 1642 1685
849.775024 1712 1745 1776 1745 1680 1640 1644 1696
849.794983 1678 1753 1809 1760 1697 1621 1632 1692
849.815002 1709 1752 1795 1760 1695 1641 1642 1698
849.833984 1687 1741 1787 1735 1683 1646 1638 1701
849.854004 1674 1756 1789 1747 1690 1647 1636 1680
849.874023 1697 1755 1788 1741 1669 1624 1629 1709
849.893982 1694 1767 1769 1757 1682 1650 1643 1678
849.914001 1675 1738 1772 1736 1682 1641 1640 1696
849.934021 1687 1754 1786 1752 1676 1636 1634 1683
849.953003 1687 1769 1771 1754 1678 1645 1635 1704
849.973022 1693 1759 1764 1742 1674 1642 1645 1695
849.992981 1701 1752 1785 1776 1686 1642 1634 1714
850.013 1696 1755 1793 1748 1693 1639 1623 1691
850.03302 1699 1762 1778 1761 1678 1636 1649 1708
850.052002 1689 1766 1765 1750 1679 1623 1639 1687
850.072021 1688 1749 1792 1755 1687 1644 1636 1692
850.09198 1688 1743 1785 1769 1692 1635 1640 1672
850.112 1700 1757 1778 1748 1677 1626 1640 1694
850.132019 1679 1736 1772 1764 1685 1633 1621 1694
850.151001 1682 1733 1788 1753 1695 1632 1633 1673
850.171021 1683 1747 1764 1740 1676 1626 1636 1684
850.190979 1684 1744 1784 1730 1682 1628 1637 1682
850.210999 1686 1743 1763 1745 1675 1629 1633 1669
850.231018 1689 1748 1785 1746 1673 1626 1635 1683
850.250977 1675 1743 1769 1723 1675 1626 1614 1684
850.27002 1679 1741 1777 1723 1673 1626 1629 1679
850.289978 1676 1741 1778 1748 1676 1640 1644 1682
850.309998 1678 1741 1784 1743 1671 1629 1635 1683
850.330017 1679 1744 1781 1749 1676 1640 1628 1682
850.349976 1691 1758 1780 1730 1672 1618 1639 1668
850.369019 1680 1743 1792 1747 1669 1623 1643 1667
850.388977 1704 1742 1759 1748 1669 1623 1636 1697
850.408997 1686 1748 1779 1744 1683 1625 1631 1696
850.429016 1686 1746 1776 1735 1668 1614 1622 1687
850.448975 1683 1746 1765 1742 1679 1633 1623 1691
850.468018 1679 1750 1752 1753 1680 1624 1632 1683
850.487976 1681 1729 1756 1725 1681 1612 1635 1672
850.507996 1688 1749 1772 1738 1673 1621 1625 1699
850.528015 1677 1747 1780 1735 1662 1633 1637 1679
850.547974 1676 1749 1753 1728 1694 1638 1624 1683
850.567017 1681 1756 1777 1743 1672 1635 1645 1672
850.586975 1688 1738 1760 1735 1691 1620 1641 1688
850.606995 1707 1752 1754 1753 1673 1627 1624 1684
850.627014 1673 1746 1759 1746 1669 1615 1630 1680
850.645996 1694 1744 1765 1715 1674 1640 1635 1684
850.666016 1672 1734 1782 1737 1674 1632 1626 1672
850.685974 1677 1748 1796 1725 1679 1613 1620 1670
850.705994 1678 1741 1763 1741 1666 1622 1635 1688
850.726013 1674 1741 1750 1736 1682 1627 1644 1675
850.744995 1667 1736 1756 1728 1679 1635 1628 1683
850.765015 1676 1739 1754 1741 1674 1614 1612 1683
850.784973 1677 1741 1759 1734 1673 1625 1620 1688
850.804993 1692 1733 1746 1748 1684 1621 1626 1694
850.825012 1680 1738 1746 1729 1667 1617 1625 1685
850.843994 1680 1761 1771 1753 1678 1612 1632 1684
850.864014 1682 1750 1766 1746 1676 1632 1633 1667
850.883972 1686 1742 1762 1729 1670 1614 1641 1669
850.903992 1682 1748 1769 1738 1680 1629 1636 1683
850.924011 1675 1744 1758 1747 1670 1628 1643 1671
850.942993 1672 1756 1771 1745 1671 1628 1626 1693
850.963013 1677 1740 1791 1729 1679 1614 1649 1681
850.982971 1696 1746 1782 1745 1669 1628 1631 1686
851.002991 1677 1764 1755 1753 1681 1632 1621 1669
851.021973 1694 1754 1776 1741 1680 1619 1625 1695
851.041992 1685 1746 1762 1752 1674 1622 1618 1684
851.062012 1693 1742 1777 1728 1687 1623 1627 1704
851.08197 1677 1761 1779 1727 1685 1635 1637 1682
851.10199 1684 1746 1761 1737 1667 1608 1638 1680
851.120972 1681 1747 1778 1753 1666 1620 1618 1681
851.140991 1668 1759 1768 1726 1680 1638 1622 1670
851.161011 1691 1754 1773 1739 1684 1640 1637 1678
851.18103 1674 1752 1765 1733 1679 1612 1624 1691
851.200012 1675 1753 1770 1746 1664 1619 1630 1682
851.219971 1688 1734 1773 1745 1675 1622 1638 1683
851.23999 1694 1751 1765 1738 1674 1637 1633 1675
851.26001 1682 1754 1779 1732 1670 1629 1625 1682
851.280029 1671 1738 1763 1711 1675 1617 1621 1690
851.299011 1679 1743 1774 1731 1663 1615 1626 1680
851.31897 1675 1739 1757 1732 1680 1628 1628 1683
851.338989 1680 1732 1747 1747 1667 1617 1622 1685
851.359009 1681 1727 1753 1729 1687 1616 1618 1672
851.377991 1674 1741 1771 1743 1681 1628 1620 1687
851.39801 1685 1736 1769 1732 1671 1626 1635 1680
851.41803 1660 1739 1751 1731 1691 1627 1637 1691
851.437988 1677 1752 1759 1728 1663 1623 1623 1685
851.45697 1668 1751 1749 1733 1681 1630 1622 1683
851.47699 1674 1732 1767 1720 1681 1623 1618 1683
851.497009 1674 1751 1780 1745 1677 1626 1622 1666
851.517029 1670 1750 1750 1734 1656 1612 1632 1668
851.536011 1675 1716 1766 1719 1654 1618 1623 1671
851.55603 1686 1742 1766 1726 1663 1628 1611 1673
851.575989 1669 1733 1747 1716 1662 1620 1623 1682
851.596008 1663 1726 1752 1726 1658 1628 1618 1671
851.616028 1674 1721 1750 1747 1670 1620 1616 1686
851.63501 1679 1739 1759 1738 1675 1629 1618 1685
851.655029 1676 1748 1751 1724 1658 1613 1611 1669
851.674988 1654 1730 1759 1726 1665 1617 1614 1676
851.695007 1680 1736 1751 1715 1654 1623 1617 1668
851.713989 1659 1729 1755 1742 1677 1612 1626 1679
851.734009 1670 1738 1741 1715 1666 1611 1621 1672
851.754028 1672 1715 1739 1738 1655 1615 1621 1685
851.773987 1671 1727 1749 1733 1655 1612 1622 1678
851.79303 1662 1727 1741 1709 1675 1611 1624 1665
851.812988 1664 1739 1759 1715 1661 1625 1617 1661
851.833008 1676 1723 1748 1727 1653 1616 1617 1667
851.853027 1665 1722 1743 1720 1652 1632 1619 1671
851.872009 1685 1722 1745 1726 1665 1618 1624 1676
851.892029 1672 1740 1763 1736 1661 1612 1609 1668
851.911987 1677 1746 1759 1737 1673 1635 1623 1660
851.932007 1675 1720 1749 1720 1655 1611 1622 1672
851.950989 1660 1727 1745 1725 1664 1626 1618 1681
851.971008 1662 1744 1743 1704 1654 1620 1621 1673
851.991028 1667 1733 1745 1737 1674 1617 1616 1689
852.010986 1685 1719 1734 1713 1672 1626 1622 1666
852.030029 1666 1723 1739 1729 1663 1625 1621 1660
852.049988 1666 1727 1746 1745 1672 1622 1618 1684
852.070007 1679 1732 1746 1716 1651 1613 1617 1664
852.090027 1669 1733 1751 1712 1675 1612 1622 1659
852.109009 1654 1739 1749 1723 1664 1610 1632 1666
852.129028 1674 1750 1758 1720 1666 1620 1626 1664
852.148987 1667 1731 1764 1715 1671 1608 1616 1668
852.169006 1680 1727 1772 1728 1673 1615 1625 1662
852.187988 1666 1741 1749 1725 1663 1620 1609 1683
852.208008 1664 1725 1760 1728 1661 1614 1617 1667
852.228027 1672 1726 1758 1722 1665 1632 1618 1665
852.247986 1681 1731 1750 1732 1662 1618 1631 1672
852.267029 1679 1716 1770 1732 1681 1619 1626 1668
852.286987 1666 1725 1763 1720 1662 1620 1622 1657
852.307007 1678 1733 1743 1707 1658 1612 1628 1673
852.327026 1698 1724 1755 1713 1662 1635 1618 1668
852.346008 1671 1740 1763 1740 1666 1617 1615 1681
852.366028 1670 1748 1747 1735 1665 1628 1617 1667
852.385986 1681 1720 1749 1738 1672 1603 1630 1684
852.406006 1668 1724 1760 1727 1667 1615 1637 1673
852.424988 1667 1735 1743 1726 1664 1617 1633 1679
852.445007 1674 1726 1774 1750 1661 1624 1622 1673
852.465027 1692 1738 1776 1745 1680 1626 1616 1679
852.484009 1685 1735 1742 1725 1670 1620 1616 1693
852.504028 1676 1744 1758 1726 1667 1617 1614 1669
852.523987 1682 1722 1759 1743 1657 1629 1637 1664
852.544006 1667 1735 1756 1717 1671 1612 1622 1668
852.562988 1666 1737 1741 1731 1669 1626 1620 1688
852.583008 1669 1745 1725 1725 1662 1626 1636 1675
852.603027 1670 1723 1748 1728 1664 1615 1631 1674
852.622986 1680 1738 1744 1722 1667 1617 1616 1669
852.642029 1680 1733 1743 1726 1673 1630 1613 1676
852.661987 1663 1745 1764 1713 1657 1624 1627 1669
852.682007 1664 1722 1768 1715 1669 1606 1616 1679
852.700989 1672 1731 1744 1728 1659 1623 1634 1673
852.721008 1673 1742 1752 1728 1682 1605 1625 1675
852.741028 1668 1740 1754 1733 1668 1619 1615 1675
852.760986 1657 1728 1767 1724 1675 1623 1619 1690
852.780029 1683 1729 1752 1730 1667 1623 1619 1674
852.799988 1677 1734 1769 1737 1657 1630 1630 1681
852.820007 1665 1739 1760 1736 1663 1619 1616 1654
852.840027 1675 1735 1744 1729 1672 1627 1626 1696
852.859009 1669 1725 1752 1702 1662 1621 1625 1683
852.879028 1683 1745 1767 1738 1671 1618 1625 1673
852.898987 1668 1737 1743 1737 1665 1621 1632 1687
852.91803 1667 1723 1738 1733 1673 1629 1620 1655
852.937988 1675 1746 1748 1711 1671 1633 1619 1681
852.958008 1671 1745 1748 1717 1671 1619 1615 1690
852.978027 1679 1721 1763 1726 1663 1629 1623 1676
852.997009 1666 1749 1752 1733 1676 1617 1627 1677
853.017029 1666 1745 1747 1725 1666 1614 1618 1679
853.036987 1679 1740 1757 1729 1672 1620 1625 1671
853.05603 1680 1737 1762 1732 1674 1619 1626 1673
853.075989 1688 1739 1767 1729 1673 1622 1628 1674
853.096008 1679 1747 1766 1733 1689 1603 1626 1677
853.116028 1684 1755 1764 1725 1667 1625 1624 1688
853.13501 1673 1755 1775 1726 1673 1619 1624 1690
853.155029 1675 1755 1768 1745 1685 1620 1621 1692
853.174988 1686 1742 1764 1740 1662 1611 1618 1671
853.19397 1677 1731 1769 1730 1678 1621 1618 1670
853.213989 1673 1742 1762 1760 1676 1626 1629 1678
853.234009 1670 1746 1784 1719 1675 1617 1629 1686
853.254028 1694 1757 1778 1743 1654 1637 1625 1672
853.27301 1677 1728 1768 1744 1668 1636 1630 1685
853.29303 1668 1745 1774 1728 1673 1603 1624 1661
853.312988 1677 1747 1769 1731 1670 1620 1622 1669
853.33197 1675 1745 1754 1732 1676 1629 1618 1692
853.35199 1675 1741 1754 1727 1675 1624 1616 1678
853.372009 1672 1738 1767 1741 1669 1619 1622 1671
853.390991 1680 1751 1770 1726 1662 1633 1627 1691
853.411011 1670 1742 1773 1730 1668 1617 1620 1689
853.43103 1675 1745 1755 1724 1665 1613 1619 1685
853.450989 1668 1754 1760 1735 1669 1621 1637 1680
853.469971 1668 1733 1787 1743 1677 1616 1627 1682
853.48999 1679 1753 1791 1740 1674 1623 1627 1676
853.51001 1689 1721 1765 1753 1684 1631 1638 1692
853.528992 1685 1751 1783 1745 1665 1627 1632 1674
853.549011 1687 1766 1773 1764 1684 1622 1633 1687
853.56897 1685 1758 1766 1745 1680 1618 1625 1679
853.588989 1683 1750 1774 1722 1681 1612 1624 1694
853.607971 1676 1768 1774 1746 1687 1623 1614 1681
853.627991 1680 1738 1769 1752 1670 1615 1624 1672
853.64801 1686 1740 1770 1742 1689 1626 1625 1677
853.666992 1686 1748 1780 1743 1695 1621 1628 1680
853.687012 1668 1736 1777 1755 1681 1626 1628 1684
853.70697 1685 1751 1775 1745 1682 1627 1630 1678
853.726013 1684 1760 1767 1753 1686 1620 1620 1675
853.745972 1683 1758 1789 1757 1677 1627 1626 1695
853.765991 1676 1763 1790 1743 1676 1613 1625 1674
853.784973 1683 1737 1794 1745 1681 1628 1627 1672
853.804993 1696 1747 1778 1755 1685 1618 1626 1677
853.825012 1713 1764 1781 1757 1675 1630 1624 1665
853.844971 1691 1744 1780 1743 1683 1629 1624 1689
853.864014 1698 1762 1772 1749 1690 1633 1631 1703
853.883972 1694 1757 1787 1773 1687 1634 1623 1676
853.903992 1695 1774 1797 1749 1686 1635 1617 1690
853.922974 1705 1749 1781 1758 1685 1632 1631 1698
853.942993 1683 1765 1781 1747 1685 1619 1634 1677
853.963013 1717 1776 1775 1766 1687 1626 1642 1717
853.981995 1693 1766 1769 1744 1685 1619 1634 1701
854.002014 1691 1754 1795 1758 1684 1622 1623 1714
854.021973 1687 1789 1788 1771 1690 1619 1624 1694
854.041016 1715 1777 1805 1743 1693 1620 1641 1700
854.060974 1708 1758 1827 1757 1700 1631 1638 1690
854.080994 1689 1762 1807 1770 1691 1635 1630 1692
854.099976 1711 1774 1795 1747 1693 1641 1640 1708
854.119995 1696 1780 1786 1776 1697 1633 1636 1691
854.140015 1694 1775 1808 1765 1697 1628 1639 1694
854.158997 1706 1761 1800 1758 1684 1629 1631 1701
854.179016 1697 1786 1800 1780 1684 1630 1631 1705
854.198975 1687 1773 1824 1779 1694 1632 1631 1691
854.218994 1696 1775 1810 1765 1696 1619 1633 1689
854.237976 1704 1764 1797 1785 1696 1628 1636 1702
854.257996 1706 1763 1820 1754 1677 1636 1634 1693
854.278015 1706 1779 1794 1782 1683 1643 1636 1689
854.296997 1684 1781 1810 1773 1701 1628 1637 1688
854.317017 1698 1771 1806 1773 1687 1641 1632 1691
854.336975 1707 1763 1797 1756 1679 1640 1633 1697
854.356018 1705 1760 1805 1761 1715 1628 1638 1692
854.375977 1698 1779 1798 1765 1683 1637 1635 1699
854.395996 1681 1785 1799 1762 1690 1640 1630 1690
854.414978 1671 1772 1805 1754 1684 1622 1638 1699
854.434998 1704 1776 1811 1759 1693 1633 1625 1704
854.455017 1682 1780 1800 1748 1694 1633 1627 1695
854.473999 1700 1768 1803 1755 1669 1614 1630 1693
854.494019 1686 1747 1781 1765 1673 1638 1628 1682
854.513977 1682 1732 1788 1747 1676 1628 1629 1686
854.53302 1685 1766 1777 1771 1684 1622 1625 1689
854.552979 1674 1762 1768 1769 1681 1618 1628 1670
854.572998 1686 1756 1789 1751 1679 1626 1642 1694
854.59198 1695 1754 1781 1741 1667 1629 1634 1691
854.612 1683 1740 1790 1733 1679 1622 1616 1677
854.632019 1681 1764 1773 1752 1669 1631 1629 1690
854.651001 1687 1756 1781 1728 1685 1616 1631 1686
854.671021 1667 1741 1766 1729 1664 1624 1615 1682
854.690979 1686 1756 1758 1742 1645 1619 1627 1707
854.710022 1685 1755 1775 1739 1659 1608 1621 1679
854.72998 1685 1749 1776 1737 1669 1624 1633 1682
854.75 1674 1734 1764 1744 1681 1611 1620 1675
854.768982 1680 1763 1756 1735 1669 1621 1621 1679
854.789001 1685 1761 1785 1741 1674 1631 1622 1693
854.807983 1686 1749 1763 1742 1667 1621 1634 1676
854.828003 1675 1759 1764 1736 1677 1626 1645 1664
854.848022 1660 1740 1770 1740 1670 1613 1621 1686
854.867004 1676 1761 1772 1750 1669 1616 1628 1662
854.887024 1668 1741 1765 1725 1665 1608 1622 1661
854.906982 1682 1739 1755 1747 1661 1622 1631 1672
854.926025 1674 1742 1766 1715 1672 1619 1624 1677
854.945984 1682 1729 1771 1702 1662 1637 1626 1667
854.966003 1677 1746 1753 1747 1673 1624 1623 1678
854.984985 1669 1748 1758 1738 1663 1616 1614 1674
855.005005 1680 1754 1769 1724 1674 1622 1628 1686
855.025024 1690 1754 1771 1723 1674 1622 1614 1678
855.044006 1674 1754 1761 1733 1659 1623 1629 1669
855.064026 1664 1749 1764 1720 1672 1618 1625 1662
855.083984 1677 1737 1771 1724 1673 1625 1632 1669
855.103027 1673 1749 1765 1735 1646 1615 1625 1671
855.122986 1666 1737 1775 1721 1670 1614 1614 1680
855.143005 1674 1723 1735 1725 1670 1618 1612 1661
855.161987 1663 1741 1764 1734 1657 1611 1626 1666
855.182007 1676 1735 1766 1722 1675 1623 1609 1665
855.200989 1667 1745 1767 1746 1670 1622 1624 1678
855.221008 1681 1726 1772 1716 1664 1624 1619 1673
855.241028 1668 1722 1775 1726 1657 1623 1621 1689
855.26001 1686 1737 1747 1736 1688 1624 1628 1686
855.280029 1669 1728 1790 1720 1647 1624 1619 1670
855.299988 1688 1740 1763 1719 1675 1632 1615 1667
855.31897 1666 1717 1756 1742 1667 1629 1612 1687
855.338989 1679 1734 1762 1729 1664 1622 1628 1673
855.359009 1674 1735 1762 1727 1660 1609 1605 1680
855.377991 1702 1731 1763 1733 1680 1621 1623 1673
855.39801 1670 1737 1759 1731 1666 1615 1622 1678
855.41803 1664 1729 1753 1728 1665 1620 1616 1684
855.437012 1676 1716 1773 1721 1648 1612 1616 1672
855.45697 1681 1730 1760 1729 1654 1611 1626 1674
855.476013 1672 1716 1749 1714 1669 1620 1613 1661
855.495972 1664 1748 1758 1733 1673 1613 1607 1673
855.515991 1673 1729 1758 1740 1661 1622 1615 1675
855.534973 1687 1745 1755 1725 1656 1617 1617 1676
855.554993 1661 1735 1748 1729 1668 1623 1626 1673
855.575012 1674 1745 1758 1737 1669 1619 1610 1671
855.593994 1681 1749 1770 1735 1666 1603 1616 1670
855.614014 1668 1719 1764 1746 1654 1616 1622 1669
855.633972 1672 1735 1766 1713 1662 1608 1627 1691
855.653015 1688 1729 1768 1736 1669 1617 1614 1672
855.672974 1682 1743 1746 1721 1663 1641 1621 1667
855.692017 1658 1745 1750 1719 1668 1615 1624 1677
855.711975 1678 1739 1769 1747 1661 1617 1622 1671
855.731995 1681 1748 1739 1708 1671 1615 1616 1689
855.750977 1667 1734 1746 1725 1664 1632 1625 1675
855.770996 1681 1730 1750 1715 1661 1625 1611 1673
855.791016 1679 1724 1745 1715 1668 1627 1616 1668
855.809998 1676 1721 1762 1732 1666 1620 1628 1662
855.830017 1659 1734 1773 1731 1670 1620 1630 1663
855.848999 1668 1731 1757 1715 1671 1623 1623 1683
855.869019 1666 1733 1756 1722 1678 1629 1609 1687
855.888977 1666 1755 1761 1731 1656 1607 1624 1669
855.90802 1688 1733 1747 1728 1659 1618 1610 1668
855.927979 1671 1733 1760 1723 1668 1625 1630 1650
855.947998 1673 1722 1757 1743 1673 1614 1626 1683
855.96698 1672 1727 1764 1727 1667 1626 1628 1666
855.987 1688 1746 1746 1718 1668 1624 1626 1675
856.005981 1656 1741 1743 1722 1667 1612 1625 1674
856.026001 1669 1745 1749 1716 1665 1627 1624 1668
856.046021 1671 1753 1751 1737 1680 1607 1621 1676
856.065002 1682 1727 1765 1720 1667 1621 1622 1664
856.085022 1669 1723 1770 1728 1665 1613 1617 1684
856.104004 1682 1723 1764 1723 1659 1614 1625 1691
856.124023 1661 1711 1766 1736 1687 1624 1623 1679
856.143982 1663 1740 1754 1717 1671 1615 1612 1670
856.163025 1683 1726 1757 1721 1677 1613 1623 1668
856.182983 1667 1737 1765 1730 1673 1619 1627 1665
856.203003 1660 1724 1760 1732 1668 1614 1620 1691
856.221985 1668 1741 1750 1725 1671 1613 1608 1670
856.242004 1692 1731 1774 1709 1667 1621 1623 1673
856.260986 1682 1760 1761 1729 1666 1611 1623 1691
856.281006 1674 1740 1767 1738 1670 1612 1623 1676
856.301025 1681 1719 1764 1741 1673 1618 1618 1680
856.320007 1685 1730 1760 1725 1662 1617 1628 1677
856.340027 1673 1737 1754 1733 1670 1633 1632 1669
856.359009 1661 1742 1761 1719 1653 1611 1619 1658
856.379028 1662 1737 1746 1714 1658 1602 1625 1674
856.398987 1672 1742 1776 1717 1668 1609 1613 1681
856.41803 1672 1721 1749 1710 1660 1610 1616 1668
856.437988 1674 1723 1740 1723 1642 1617 1629 1669
856.45697 1675 1727 1748 1730 1670 1621 1608 1679
856.47699 1666 1734 1774 1725 1657 1610 1624 1666
856.497009 1671 1730 1769 1718 1666 1608 1612 1670
856.515991 1687 1744 1763 1726 1641 1609 1616 1673
856.536011 1674 1732 1758 1719 1666 1619 1614 1680
856.554993 1668 1722 1749 1712 1668 1614 1611 1666
856.575012 1678 1723 1748 1721 1655 1616 1628 1676
856.594971 1681 1722 1746 1723 1649 1605 1620 1661
856.614014 1665 1736 1754 1719 1666 1625 1633 1672
856.633972 1659 1721 1737 1721 1663 1615 1624 1658
856.653015 1678 1737 1757 1731 1653 1621 1618 1660
856.672974 1655 1705 1755 1704 1669 1606 1620 1656
856.692993 1661 1727 1744 1722 1659 1622 1618 1649
856.711975 1663 1723 1729 1737 1651 1610 1614 1666
856.731995 1676 1724 1755 1711 1662 1623 1620 1659
856.750977 1665 1723 1738 1709 1654 1611 1618 1663
856.770996 1675 1707 1754 1728 1654 1617 1615 1661
856.791016 1677 1702 1740 1702 1660 1604 1621 1667
856.809998 1645 1731 1730 1739 1664 1605 1615 1661
856.830017 1659 1718 1739 1712 1666 1611 1606 1660
856.848999 1673 1726 1756 1713 1658 1622 1621 1667
856.869019 1669 1723 1750 1712 1666 1605 1626 1656
856.888 1667 1706 1744 1712 1652 1618 1625 1651
856.90802 1652 1735 1747 1713 1663 1607 1612 1661
856.927979 1660 1721 1734 1721 1661 1610 1613 1662
856.947021 1663 1718 1738 1698 1658 1630 1608 1642
856.96698 1666 1753 1734 1712 1649 1605 1617 1670
856.986023 1666 1726 1735 1704 1659 1597 1614 1660
857.005981 1670 1724 1740 1697 1646 1612 1612 1659
857.026001 1673 1718 1748 1719 1656 1608 1621 1653
857.044983 1670 1737 1747 1716 1663 1616 1613 1661
857.065002 1671 1723 1755 1709 1657 1610 1616 1664
857.083984 1664 1709 1751 1714 1656 1612 1623 1651
857.104004 1657 1720 1736 1688 1656 1610 1616 1659
857.122986 1652 1722 1745 1690 1651 1610 1608 1665
857.143005 1655 1720 1735 1718 1645 1617 1608 1658
857.163025 1663 1723 1732 1705 1658 1602 1608 1670
857.182007 1683 1718 1735 1701 1649 1609 1614 1654
857.202026 1681 1708 1741 1716 1655 1612 1609 1659
857.221008 1654 1719 1744 1711 1657 1611 1619 1653
857.241028 1681 1720 1740 1712 1659 1618 1607 1665
857.260986 1682 1718 1744 1709 1663 1613 1623 1663
857.280029 1667 1720 1750 1717 1662 1608 1620 1653
857.299988 1665 1721 1733 1722 1659 1616 1621 1669
857.31897 1651 1722 1736 1723 1673 1603 1614 1663
857.338989 1661 1736 1746 1705 1652 1608 1622 1669
857.357971 1670 1737 1747 1700 1652 1632 1630 1668
857.377991 1669 1731 1735 1705 1664 1616 1617 1662
857.39801 1663 1731 1738 1702 1653 1613 1603 1670
857.416992 1661 1707 1729 1713 1664 1618 1613 1661
857.437012 1656 1723 1752 1701 1668 1607 1609 1661
857.455994 1656 1726 1745 1702 1653 1604 1616 1656
857.476013 1664 1716 1741 1706 1650 1613 1624 1652
857.494995 1650 1743 1741 1715 1662 1603 1613 1652
857.515015 1651 1717 1735 1714 1651 1605 1618 1645
857.534973 1662 1712 1739 1719 1657 1603 1609 1650
857.554016 1654 1733 1740 1703 1641 1611 1611 1664
857.573975 1662 1715 1729 1709 1643 1630 1614 1671
857.593018 1665 1737 1731 1699 1663 1614 1613 1663
857.612976 1660 1731 1724 1704 1667 1605 1618 1648
857.632019 1665 1719 1741 1724 1660 1609 1606 1658
857.651978 1644 1722 1747 1709 1653 1613 1618 1653
857.671997 1648 1715 1743 1695 1670 1602 1604 1664
857.690979 1663 1717 1732 1708 1649 1620 1611 1649
857.710999 1661 1684 1736 1707 1655 1611 1614 1668
857.72998 1652 1694 1742 1715 1655 1626 1622 1670
857.75 1663 1731 1730 1708 1635 1621 1615 1660
857.768982 1665 1719 1745 1704 1658 1611 1613 1670
857.789001 1660 1699 1720 1699 1653 1610 1614 1666
857.807983 1641 1719 1736 1708 1649 1609 1611 1665
857.828003 1657 1713 1739 1700 1657 1614 1619 1654
857.848022 1660 1709 1735 1705 1652 1609 1612 1669
857.867004 1657 1713 1725 1710 1647 1610 1604 1658
857.887024 1656 1724 1735 1710 1650 1607 1608 1657
857.906006 1651 1704 1729 1702 1654 1615 1620 1660
857.926025 1664 1711 1748 1721 1653 1611 1598 1655
857.945007 1658 1715 1717 1710 1657 1613 1622 1659
857.965027 1658 1709 1729 1699 1651 1602 1614 1662
857.984009 1648 1702 1757 1706 1647 1604 1630 1653
858.004028 1655 1709 1743 1719 1658 1610 1615 1649
858.02301 1657 1717 1738 1703 1670 1614 1621 1652
858.04303 1652 1722 1718 1705 1650 1610 1624 1652
858.062988 1661 1718 1716 1699 1663 1610 1611 1671
858.08197 1651 1715 1732 1706 1655 1609 1624 1660
858.10199 1652 1718 1747 1713 1660 1610 1612 1655
858.120972 1672 1716 1743 1723 1648 1600 1618 1675
858.140991 1659 1694 1744 1720 1645 1602 1621 1662
858.159973 1662 1722 1743 1718 1654 1598 1618 1665
858.179993 1652 1716 1723 1693 1653 1603 1610 1656
858.198975 1660 1704 1727 1703 1654 1604 1617 1653
858.218994 1652 1726 1729 1700 1664 1607 1616 1655
858.239014 1656 1709 1709 1711 1660 1621 1607 1657
858.257996 1640 1714 1742 1703 1658 1615 1617 1643
858.278015 1653 1701 1722 1707 1633 1602 1615 1661
858.296997 1653 1696 1726 1693 1658 1599 1614 1639
858.317017 1656 1717 1723 1697 1646 1616 1606 1658
858.335999 1646 1703 1725 1689 1662 1624 1617 1659
858.356018 1648 1721 1728 1719 1650 1597 1609 1658
858.375 1651 1728 1720 1693 1641 1607 1602 1657
858.39502 1643 1701 1722 1703 1648 1606 1613 1653
858.414001 1647 1700 1734 1706 1653 1613 1616 1651
858.434021 1648 1718 1719 1711 1645 1610 1602 1663
858.453003 1658 1709 1725 1695 1639 1616 1614 1664
858.473022 1655 1709 1722 1694 1643 1607 1605 1657
858.492004 1658 1703 1728 1697 1650 1611 1614 1648
858.512024 1647 1718 1729 1710 1646 1603 1611 1664
858.531982 1635 1720 1714 1710 1632 1616 1607 1651
858.551025 1663 1710 1747 1721 1661 1612 1615 1661
858.570984 1660 1699 1734 1709 1658 1613 1603 1658
858.590027 1652 1711 1739 1713 1661 1622 1612 1655
858.609985 1655 1697 1738 1713 1664 1613 1632 1667
858.629028 1654 1711 1738 1678 1643 1607 1621 1661
858.648987 1643 1724 1727 1706 1650 1611 1618 1652
858.66803 1656 1711 1730 1724 1650 1615 1610 1648
858.687988 1663 1704 1749 1708 1641 1621 1601 1663
858.70697 1668 1721 1732 1713 1649 1600 1616 1672
858.72699 1657 1715 1732 1707 1667 1613 1611 1647
858.745972 1655 1696 1720 1693 1667 1624 1628 1656
858.765991 1652 1710 1730 1704 1643 1620 1621 1664
858.784973 1662 1688 1703 1724 1663 1610 1626 1660
858.804993 1665 1717 1725 1711 1668 1611 1612 1659
858.823975 1662 1704 1734 1715 1659 1622 1613 1671
858.843994 1669 1699 1726 1707 1655 1604 1614 1643
858.864014 1638 1705 1735 1713 1644 1611 1622 1663
858.882996 1648 1713 1730 1725 1641 1607 1610 1649
858.903015 1658 1726 1731 1716 1665 1613 1609 1655
858.921997 1655 1702 1732 1718 1645 1609 1622 1663
858.942017 1657 1712 1736 1706 1643 1624 1606 1655
858.960999 1663 1698 1744 1711 1656 1620 1616 1646
858.981018 1668 1708 1739 1716 1637 1619 1622 1670
859 1661 1701 1739 1692 1634 1607 1604 1659
859.02002 1668 1692 1738 1706 1645 1619 1608 1662
859.039001 1659 1710 1737 1710 1652 1602 1616 1650
859.059021 1662 1693 1722 1710 1652 1609 1618 1660
859.078003 1655 1678 1732 1697 1659 1599 1616 1662
859.098022 1648 1710 1718 1696 1647 1625 1618 1652
859.117004 1656 1717 1729 1712 1644 1618 1615 1659
859.137024 1646 1709 1717 1706 1645 1606 1609 1660
859.156006 1662 1719 1703 1697 1656 1605 1607 1654
859.176025 1662 1714 1731 1700 1647 1611 1615 1660
859.195007 1665 1699 1735 1702 1660 1602 1610 1636
859.215027 1652 1705 1723 1693 1645 1615 1603 1660
859.234009 1648 1704 1706 1696 1657 1614 1616 1647
859.254028 1648 1712 1712 1698 1652 1603 1600 1662
859.27301 1652 1695 1721 1709 1659 1602 1619 1645
859.29303 1652 1716 1737 1708 1645 1621 1603 1653
859.312012 1654 1699 1742 1679 1636 1604 1616 1658
859.33197 1663 1717 1729 1704 1665 1615 1609 1657
859.351013 1656 1709 1737 1709 1646 1621 1607 1670
859.370972 1646 1719 1728 1706 1643 1605 1608 1657
859.390015 1656 1701 1737 1703 1652 1606 1617 1660
859.409973 1670 1713 1736 1707 1659 1610 1606 1670
859.429016 1647 1697 1733 1715 1653 1610 1606 1677
859.448975 1665 1718 1713 1708 1653 1606 1606 1654
859.468018 1660 1685 1720 1716 1647 1626 1621 1655
859.487976 1662 1715 1725 1691 1643 1614 1613 1659
859.507019 1662 1718 1741 1716 1653 1618 1618 1652
859.526978 1660 1712 1739 1714 1654 1600 1620 1656
859.546021 1659 1712 1730 1717 1644 1614 1616 1644
859.565979 1651 1696 1718 1705 1659 1613 1607 1652
859.585022 1667 1726 1713 1713 1641 1602 1618 1644
859.60498 1670 1715 1719 1718 1662 1609 1614 1659
859.624023 1665 1709 1725 1707 1653 1609 1627 1658
859.643982 1663 1723 1724 1700 1651 1597 1617 1659
859.663025 1659 1708 1732 1700 1656 1615 1614 1660
859.682983 1669 1713 1727 1712 1652 1604 1611 1667
859.702026 1668 1726 1743 1708 1664 1618 1610 1658
859.721985 1649 1713 1735 1708 1657 1614 1619 1663
859.741028 1678 1710 1730 1713 1652 1611 1615 1674
859.760986 1668 1718 1722 1704 1657 1611 1616 1655
859.780029 1647 1698 1729 1713 1658 1604 1621 1656
859.799988 1663 1712 1729 1708 1654 1608 1620 1664
859.81897 1655 1707 1712 1708 1647 1618 1611 1666
859.838989 1654 1695 1732 1713 1644 1617 1619 1655
859.857971 1667 1712 1754 1694 1641 1600 1614 1643
859.877991 1652 1702 1724 1704 1656 1618 1629 1657
859.896973 1657 1717 1733 1690 1637 1594 1606 1653
859.916992 1646 1700 1743 1704 1659 1614 1609 1647
859.935974 1652 1690 1727 1699 1648 1613 1601 1666
859.955994 1646 1691 1733 1715 1653 1606 1618 1660
859.974976 1666 1703 1744 1697 1650 1614 1611 1651
859.994995 1654 1693 1732 1697 1644 1606 1613 1667
860.013977 1657 1698 1734 1693 1648 1600 1616 1646
860.033997 1646 1703 1725 1714 1633 1611 1620 1653
860.052979 1659 1702 1735 1697 1655 1602 1619 1659
860.072998 1667 1718 1732 1703 1645 1625 1607 1660
860.09198 1653 1713 1742 1704 1650 1605 1615 1649
860.112 1652 1699 1715 1709 1653 1604 1601 1656
860.130981 1648 1692 1725 1707 1645 1624 1612 1664
860.151001 1658 1697 1727 1713 1640 1613 1614 1662
860.169983 1651 1718 1738 1701 1644 1607 1594 1651
860.189026 1658 1696 1732 1695 1644 1614 1615 1652
860.208984 1670 1708 1731 1704 1651 1609 1613 1661
860.228027 1657 1700 1745 1689 1643 1603 1599 1656
860.247986 1642 1698 1723 1696 1649 1617 1612 1672
860.267029 1655 1691 1736 1688 1658 1605 1606 1654
860.286987 1649 1711 1735 1704 1640 1611 1592 1646
860.30603 1664 1702 1716 1705 1655 1605 1626 1652
860.325989 1646 1703 1716 1698 1640 1607 1605 1650
860.344971 1642 1710 1723 1698 1639 1598 1609 1654
860.36499 1665 1706 1746 1699 1660 1597 1609 1652
860.383972 1649 1716 1740 1698 1632 1617 1612 1647
860.403992 1662 1714 1736 1706 1658 1607 1619 1659
860.422974 1651 1706 1733 1712 1638 1607 1608 1664
860.442993 1657 1712 1737 1706 1645 1615 1600 1651
860.461975 1646 1693 1715 1700 1642 1614 1611 1676
860.481995 1658 1712 1732 1697 1667 1613 1621 1654
860.500977 1649 1718 1747 1696 1643 1601 1616 1662
860.520996 1648 1709 1739 1696 1642 1614 1619 1643
860.539978 1652 1716 1724 1713 1646 1605 1608 1655
860.559021 1661 1707 1721 1697 1651 1621 1607 1647
860.578979 1664 1703 1735 1713 1651 1603 1625 1656
860.598022 1644 1723 1739 1708 1647 1609 1618 1646
860.617981 1661 1702 1720 1696 1660 1616 1617 1655
860.637024 1662 1711 1739 1715 1654 1626 1615 1653
860.656982 1654 1712 1737 1715 1658 1609 1616 1643
860.676025 1662 1707 1739 1699 1651 1607 1618 1659
860.695984 1655 1719 1736 1706 1641 1620 1625 1655
860.715027 1652 1705 1737 1716 1646 1606 1619 1664
860.734985 1661 1718 1749 1705 1668 1612 1616 1662
860.754028 1659 1728 1749 1716 1652 1618 1611 1669
860.77301 1657 1720 1740 1703 1651 1614 1613 1658
