0 12.8571429 25.7142857 38.5714286 51.4285714 64.2857143 77.1428571 90
828.851013 1627 1663 1670 1628 1633 1609 1594 1631
828.870972 1623 1640 1656 1644 1632 1604 1602 1619
828.890991 1622 1645 1659 1656 1622 1603 1602 1622
828.911987 1627 1654 1662 1649 1628 1613 1606 1628
828.932007 1628 1639 1658 1658 1627 1608 1600 1619
828.953003 1622 1653 1657 1649 1628 1603 1602 1623
828.973022 1618 1660 1660 1652 1613 1599 1603 1614
828.994019 1617 1647 1668 1655 1619 1599 1593 1615
829.013977 1622 1643 1653 1657 1614 1594 1609 1602
829.034973 1623 1634 1646 1634 1627 1606 1599 1607
829.054993 1628 1636 1654 1656 1625 1591 1596 1619
829.075012 1628 1633 1644 1645 1617 1595 1609 1622
829.096008 1611 1642 1656 1642 1617 1601 1604 1622
829.116028 1608 1655 1650 1637 1617 1592 1599 1608
829.137024 1619 1638 1647 1635 1622 1598 1593 1627
829.156982 1619 1641 1659 1643 1619 1590 1591 1611
829.177979 1618 1627 1641 1649 1623 1606 1593 1614
829.197998 1625 1632 1637 1639 1613 1596 1597 1608
829.218994 1611 1637 1650 1641 1614 1590 1589 1607
829.239014 1613 1621 1654 1639 1614 1593 1606 1611
829.258972 1619 1650 1653 1649 1631 1601 1598 1611
829.280029 1608 1631 1653 1653 1617 1592 1590 1608
829.299988 1623 1653 1668 1638 1605 1612 1591 1614
829.320984 1612 1634 1652 1640 1599 1593 1602 1619
829.341003 1612 1643 1655 1641 1604 1603 1593 1614
829.362 1611 1657 1654 1628 1624 1597 1595 1605
829.382019 1623 1649 1654 1638 1612 1594 1594 1612
829.401978 1622 1642 1648 1638 1618 1599 1591 1615
829.422974 1615 1635 1640 1632 1615 1596 1604 1608
829.442993 1624 1638 1647 1641 1602 1600 1601 1605
829.463989 1623 1641 1647 1646 1616 1594 1599 1615
829.484009 1613 1640 1656 1643 1608 1609 1587 1616
829.505005 1609 1644 1662 1636 1622 1582 1594 1618
829.525024 1620 1634 1650 1634 1618 1606 1592 1629
829.544983 1617 1653 1647 1639 1626 1593 1600 1616
829.565979 1618 1646 1645 1649 1627 1601 1596 1614
829.585999 1621 1637 1653 1639 1619 1612 1602 1619
829.606995 1612 1650 1658 1653 1629 1597 1592 1604
829.627014 1619 1638 1656 1636 1623 1588 1586 1630
829.64801 1615 1635 1665 1643 1625 1614 1591 1610
829.66803 1609 1645 1654 1648 1617 1603 1588 1619
829.687988 1613 1651 1652 1638 1626 1603 1589 1624
829.708984 1621 1639 1647 1632 1625 1608 1592 1617
829.729004 1615 1638 1662 1631 1626 1595 1587 1620
829.75 1622 1633 1655 1632 1631 1600 1599 1623
829.77002 1607 1624 1625 1639 1628 1590 1606 1617
829.791016 1622 1636 1655 1638 1606 1596 1597 1605
829.810974 1624 1645 1670 1646 1624 1592 1588 1625
829.830994 1618 1634 1646 1655 1630 1598 1595 1621
829.85199 1631 1649 1639 1640 1636 1605 1595 1620
829.872009 1614 1644 1642 1640 1633 1597 1599 1623
829.893005 1629 1655 1646 1649 1631 1611 1598 1622
829.913025 1608 1643 1673 1636 1617 1600 1591 1621
829.932983 1617 1636 1644 1644 1621 1602 1601 1615
829.953979 1609 1632 1660 1642 1618 1595 1610 1618
829.973999 1626 1649 1656 1659 1609 1604 1608 1624
829.994995 1618 1630 1656 1638 1622 1606 1607 1621
830.015015 1625 1646 1656 1651 1621 1603 1604 1630
830.036011 1623 1645 1666 1630 1647 1612 1606 1626
830.05603 1619 1647 1663 1644 1623 1600 1598 1634
830.075989 1621 1636 1658 1657 1630 1607 1598 1618
830.096985 1620 1653 1668 1653 1636 1612 1602 1628
830.117004 1629 1651 1675 1661 1625 1608 1607 1624
830.138 1624 1654 1661 1653 1625 1606 1600 1615
830.15802 1622 1653 1667 1653 1645 1603 1609 1631
830.177979 1616 1654 1655 1652 1634 1604 1597 1615
830.198975 1629 1645 1668 1639 1631 1615 1598 1615
830.218994 1626 1656 1654 1648 1643 1613 1603 1631
830.23999 1623 1645 1674 1644 1635 1611 1614 1628
830.26001 1627 1646 1669 1681 1635 1599 1610 1640
830.280029 1632 1654 1675 1664 1616 1605 1607 1637
830.301025 1615 1656 1677 1648 1630 1617 1603 1630
830.320984 1613 1635 1662 1639 1640 1603 1608 1634
830.34198 1619 1655 1660 1664 1630 1615 1603 1617
830.362 1625 1654 1676 1655 1632 1602 1591 1625
830.382996 1636 1667 1674 1654 1626 1607 1610 1626
830.403015 1638 1646 1663 1651 1624 1621 1602 1629
830.422974 1616 1642 1677 1652 1630 1606 1612 1629
830.44397 1635 1639 1674 1641 1634 1611 1604 1625
830.463989 1639 1671 1665 1667 1645 1611 1611 1637
830.484009 1623 1654 1674 1648 1626 1609 1605 1623
830.505005 1628 1654 1665 1669 1631 1615 1601 1624
830.525024 1623 1665 1668 1651 1628 1607 1598 1630
830.546021 1623 1648 1663 1657 1628 1603 1601 1627
830.565979 1628 1667 1663 1648 1626 1612 1608 1632
830.585999 1621 1647 1669 1658 1628 1606 1606 1625
830.606995 1645 1654 1668 1653 1623 1603 1604 1636
830.627014 1639 1657 1655 1660 1623 1606 1600 1612
830.64801 1617 1641 1674 1660 1631 1603 1614 1618
830.66803 1616 1648 1672 1638 1641 1608 1606 1631
830.687988 1616 1649 1652 1661 1623 1603 1600 1628
830.708984 1623 1650 1659 1646 1618 1608 1594 1627
830.729004 1624 1653 1657 1642 1623 1597 1605 1624
830.75 1612 1629 1661 1645 1621 1608 1609 1632
830.77002 1616 1652 1665 1641 1623 1602 1605 1609
830.789978 1624 1649 1665 1647 1606 1612 1602 1616
830.810974 1622 1645 1656 1640 1617 1602 1601 1613
830.830994 1622 1641 1649 1654 1613 1612 1605 1624
830.85199 1610 1645 1664 1655 1625 1617 1592 1613
830.872009 1616 1626 1651 1644 1615 1606 1609 1614
830.892029 1620 1643 1649 1636 1628 1609 1596 1621
830.913025 1622 1639 1664 1645 1626 1591 1597 1617
830.932983 1618 1641 1646 1651 1616 1598 1607 1629
830.953979 1631 1650 1648 1627 1617 1601 1593 1625
830.973999 1623 1642 1661 1654 1615 1592 1602 1617
830.994019 1624 1637 1652 1649 1629 1600 1588 1616
831.015015 1616 1653 1650 1628 1624 1606 1595 1604
831.034973 1629 1637 1653 1644 1623 1606 1604 1614
831.054993 1630 1646 1654 1642 1629 1590 1594 1605
831.075989 1614 1649 1658 1651 1609 1602 1582 1607
831.096008 1624 1646 1663 1641 1619 1598 1596 1611
831.117004 1605 1638 1643 1649 1611 1594 1605 1612
831.137024 1611 1641 1657 1633 1624 1597 1596 1614
831.156982 1620 1648 1654 1647 1608 1589 1592 1615
831.177979 1620 1652 1648 1654 1623 1598 1600 1621
831.197998 1615 1639 1640 1634 1616 1604 1596 1619
831.218994 1619 1640 1658 1641 1624 1597 1587 1620
831.239014 1616 1639 1643 1645 1626 1598 1602 1613
831.258972 1624 1646 1658 1652 1617 1597 1601 1606
831.280029 1607 1633 1651 1650 1624 1604 1590 1611
831.299988 1617 1643 1653 1643 1622 1593 1592 1617
831.320007 1618 1643 1665 1634 1623 1594 1590 1624
831.341003 1625 1631 1656 1630 1628 1595 1592 1607
831.361023 1611 1635 1641 1646 1623 1604 1591 1619
831.382019 1610 1630 1652 1642 1620 1609 1582 1610
831.401978 1619 1659 1647 1640 1618 1613 1597 1616
831.421997 1628 1637 1663 1637 1624 1595 1608 1605
831.442993 1619 1636 1654 1637 1617 1596 1588 1605
831.463013 1625 1632 1648 1647 1630 1592 1598 1605
831.482971 1613 1632 1654 1647 1618 1600 1594 1612
831.504028 1612 1637 1658 1646 1621 1596 1590 1629
831.523987 1618 1645 1642 1640 1634 1602 1599 1622
831.544983 1626 1648 1650 1637 1626 1595 1610 1616
831.565002 1634 1646 1661 1642 1617 1599 1586 1616
831.585022 1610 1637 1666 1639 1615 1598 1596 1606
831.606018 1619 1647 1652 1648 1621 1605 1598 1616
831.625977 1621 1655 1655 1642 1623 1598 1589 1613
831.645996 1615 1646 1648 1637 1621 1594 1595 1618
831.666992 1609 1632 1646 1641 1622 1600 1588 1618
831.687012 1624 1642 1649 1648 1620 1609 1609 1608
831.708008 1614 1637 1658 1638 1611 1596 1591 1608
831.728027 1610 1640 1664 1649 1621 1599 1605 1609
831.747986 1614 1628 1662 1644 1622 1600 1599 1624
831.768982 1618 1638 1645 1652 1624 1606 1604 1613
831.789001 1631 1635 1662 1648 1615 1604 1609 1618
831.809021 1620 1637 1655 1651 1632 1603 1597 1600
831.830017 1624 1639 1659 1641 1625 1607 1587 1612
831.849976 1611 1646 1657 1644 1616 1602 1591 1624
831.869995 1621 1653 1642 1638 1611 1598 1590 1614
831.890991 1624 1656 1661 1656 1639 1596 1607 1617
831.911011 1620 1628 1648 1648 1614 1603 1596 1624
831.932007 1619 1647 1662 1638 1630 1605 1598 1624
831.952026 1628 1641 1658 1655 1631 1604 1604 1615
831.971985 1607 1635 1666 1651 1619 1611 1589 1617
831.992981 1633 1640 1665 1657 1623 1600 1601 1618
832.013 1623 1648 1659 1650 1630 1602 1602 1623
832.03302 1629 1652 1659 1643 1615 1596 1605 1614
832.054016 1632 1643 1676 1642 1635 1609 1597 1618
832.073975 1625 1653 1654 1660 1615 1607 1596 1619
832.093994 1615 1652 1660 1652 1651 1603 1612 1623
832.11499 1631 1641 1670 1655 1631 1604 1603 1629
832.13501 1621 1644 1666 1644 1629 1600 1603 1617
832.155029 1617 1651 1676 1640 1624 1599 1601 1620
832.176025 1620 1659 1672 1656 1641 1609 1610 1628
832.195984 1635 1644 1673 1647 1628 1599 1610 1603
832.216003 1631 1658 1665 1646 1616 1602 1606 1631
832.237 1622 1659 1663 1666 1624 1598 1603 1612
832.257019 1620 1651 1678 1651 1639 1604 1604 1625
832.278015 1625 1644 1678 1654 1620 1597 1614 1634
832.297974 1633 1664 1674 1657 1628 1604 1597 1621
832.317993 1621 1658 1668 1653 1631 1610 1606 1622
832.338989 1638 1656 1660 1666 1635 1604 1614 1629
832.359009 1623 1646 1669 1651 1624 1599 1604 1625
832.379028 1623 1658 1669 1656 1635 1617 1595 1630
832.400024 1625 1662 1681 1645 1630 1606 1614 1614
832.419983 1618 1663 1670 1666 1623 1608 1600 1624
832.440002 1633 1661 1670 1654 1628 1598 1604 1613
832.460999 1617 1658 1661 1638 1614 1592 1604 1617
832.481018 1616 1654 1670 1647 1623 1608 1617 1631
832.500977 1629 1643 1661 1645 1613 1605 1597 1624
832.521973 1636 1655 1663 1659 1625 1606 1600 1611
832.541992 1638 1644 1667 1659 1634 1605 1606 1623
832.562012 1624 1647 1676 1649 1622 1611 1606 1634
832.583008 1622 1647 1671 1657 1636 1597 1595 1614
832.603027 1627 1647 1673 1652 1630 1598 1603 1632
832.622986 1624 1649 1659 1652 1620 1597 1606 1623
832.643982 1625 1650 1672 1658 1631 1612 1597 1625
832.664001 1624 1638 1675 1651 1637 1602 1600 1624
832.684021 1623 1662 1661 1653 1630 1610 1602 1626
832.705017 1623 1654 1670 1647 1635 1608 1603 1629
832.724976 1626 1652 1672 1663 1628 1600 1610 1626
832.744995 1620 1654 1676 1649 1629 1599 1598 1632
832.765991 1613 1659 1670 1667 1627 1605 1603 1629
832.786011 1631 1648 1662 1658 1621 1617 1598 1612
832.80603 1623 1658 1666 1639 1630 1605 1608 1626
832.827026 1618 1649 1652 1649 1621 1596 1611 1626
832.846985 1627 1667 1657 1662 1625 1599 1602 1627
832.867004 1632 1662 1654 1651 1631 1606 1604 1615
832.888 1618 1655 1665 1640 1639 1597 1603 1620
832.90802 1619 1639 1663 1653 1614 1615 1597 1613
832.927979 1618 1641 1663 1658 1627 1602 1602 1622
832.948975 1618 1644 1655 1664 1634 1589 1607 1617
832.968994 1624 1660 1662 1640 1610 1601 1614 1615
832.989014 1620 1651 1659 1639 1626 1592 1607 1611
833.01001 1623 1646 1655 1645 1625 1611 1604 1612
833.030029 1616 1649 1674 1655 1612 1598 1609 1621
833.049988 1620 1655 1649 1651 1615 1600 1604 1628
833.070984 1624 1649 1664 1654 1628 1603 1589 1617
833.091003 1624 1646 1671 1637 1629 1613 1591 1630
833.111023 1633 1641 1656 1637 1630 1604 1614 1615
833.132019 1623 1655 1665 1646 1621 1602 1595 1628
833.151978 1618 1646 1657 1653 1627 1603 1616 1633
833.171997 1631 1657 1669 1649 1625 1599 1604 1616
833.192993 1632 1646 1656 1640 1614 1599 1605 1616
833.213013 1619 1646 1656 1649 1616 1609 1593 1604
833.232971 1626 1642 1653 1646 1620 1601 1597 1625
833.254028 1617 1648 1669 1645 1623 1595 1587 1615
833.273987 1625 1647 1660 1650 1629 1610 1594 1629
833.294006 1618 1647 1655 1651 1629 1596 1595 1615
833.315002 1621 1637 1651 1654 1616 1608 1587 1630
833.335022 1616 1637 1662 1653 1627 1607 1603 1617
833.35498 1614 1636 1665 1659 1629 1595 1606 1606
833.375977 1612 1649 1655 1648 1623 1602 1591 1627
833.395996 1634 1648 1667 1640 1630 1595 1597 1620
833.416016 1633 1651 1653 1634 1628 1608 1585 1612
833.437012 1605 1644 1646 1643 1614 1605 1595 1621
833.45697 1607 1636 1656 1650 1632 1597 1601 1612
833.47699 1612 1640 1652 1647 1614 1597 1596 1611
833.497009 1618 1651 1648 1636 1625 1607 1590 1613
833.518005 1620 1643 1662 1641 1620 1611 1609 1619
833.538025 1631 1653 1654 1652 1613 1605 1590 1613
833.557983 1614 1647 1656 1643 1623 1595 1608 1628
833.578979 1598 1649 1664 1655 1610 1599 1600 1631
833.598999 1605 1649 1651 1648 1625 1593 1605 1603
833.619019 1618 1646 1662 1644 1614 1594 1604 1620
833.640015 1608 1639 1650 1646 1622 1605 1604 1615
833.659973 1612 1623 1654 1633 1622 1591 1603 1622
833.679993 1609 1642 1662 1652 1625 1598 1600 1623
833.700989 1616 1639 1658 1649 1624 1595 1602 1611
833.721008 1623 1647 1655 1645 1618 1614 1602 1616
833.741028 1614 1644 1658 1650 1619 1605 1603 1628
833.762024 1622 1642 1653 1648 1612 1598 1596 1613
833.781982 1618 1633 1657 1658 1619 1589 1596 1610
833.802002 1619 1645 1662 1632 1615 1604 1598 1616
833.822021 1607 1640 1651 1648 1624 1602 1606 1614
833.843018 1615 1641 1659 1640 1625 1590 1602 1631
833.862976 1619 1646 1650 1635 1616 1606 1595 1623
833.882996 1621 1641 1665 1648 1618 1588 1599 1607
833.903992 1613 1642 1645 1645 1610 1597 1600 1607
833.924011 1624 1638 1657 1644 1614 1607 1594 1610
833.94397 1636 1640 1655 1652 1628 1586 1594 1615
833.965027 1607 1646 1655 1644 1618 1592 1600 1626
833.984985 1637 1652 1664 1653 1626 1596 1607 1611
834.005005 1627 1649 1647 1652 1623 1598 1588 1622
834.026001 1625 1634 1649 1647 1621 1601 1599 1614
834.046021 1615 1647 1664 1646 1633 1598 1596 1622
834.065979 1605 1642 1667 1650 1606 1610 1589 1619
834.085999 1631 1653 1667 1655 1612 1598 1593 1614
834.106995 1629 1649 1665 1647 1619 1596 1590 1604
834.127014 1625 1639 1665 1640 1626 1601 1590 1618
834.146973 1615 1644 1646 1651 1613 1605 1602 1624
834.16803 1615 1630 1660 1652 1629 1602 1602 1623
834.187988 1613 1652 1653 1641 1624 1599 1595 1617
834.208008 1616 1640 1667 1647 1618 1598 1599 1613
834.228027 1621 1641 1661 1653 1621 1602 1588 1620
834.249023 1628 1632 1638 1660 1624 1596 1602 1613
834.268982 1612 1645 1656 1643 1619 1604 1602 1627
834.289001 1606 1636 1652 1638 1615 1610 1595 1603
834.309998 1614 1644 1655 1647 1630 1600 1594 1619
834.330017 1625 1644 1662 1652 1613 1612 1596 1622
834.349976 1619 1628 1666 1651 1607 1596 1598 1607
834.369995 1621 1642 1657 1659 1627 1600 1604 1610
834.390991 1618 1645 1653 1644 1614 1609 1592 1615
834.411011 1624 1633 1659 1651 1609 1593 1595 1618
834.43103 1618 1639 1666 1657 1625 1600 1600 1618
834.452026 1625 1661 1654 1631 1615 1597 1606 1609
834.471985 1622 1645 1647 1662 1624 1602 1592 1620
834.492004 1612 1654 1655 1639 1618 1600 1599 1612
834.513 1627 1653 1661 1656 1632 1610 1595 1620
834.53302 1619 1650 1644 1638 1630 1610 1604 1619
834.552979 1625 1647 1645 1658 1637 1605 1607 1620
834.572998 1616 1648 1640 1651 1612 1602 1596 1630
834.593994 1618 1658 1664 1651 1622 1587 1598 1614
834.614014 1618 1641 1657 1641 1632 1599 1592 1620
834.633972 1607 1644 1664 1636 1615 1597 1598 1630
834.653992 1608 1650 1653 1651 1616 1617 1598 1618
834.674988 1623 1657 1669 1638 1628 1606 1599 1623
834.695007 1627 1648 1645 1645 1627 1608 1586 1615
834.715027 1606 1651 1665 1657 1637 1607 1604 1624
834.736023 1628 1644 1659 1662 1624 1608 1602 1610
834.755981 1610 1654 1661 1649 1623 1600 1600 1628
834.776001 1625 1646 1668 1651 1627 1603 1609 1624
834.796021 1616 1652 1651 1659 1622 1601 1596 1617
834.817017 1629 1644 1666 1647 1620 1599 1596 1638
834.836975 1620 1648 1660 1647 1635 1593 1603 1618
834.856995 1633 1657 1656 1655 1627 1602 1593 1634
834.877991 1633 1650 1674 1659 1642 1597 1607 1623
834.89801 1608 1652 1658 1656 1636 1591 1605 1623
834.91803 1634 1653 1673 1655 1623 1600 1610 1628
834.937988 1635 1652 1663 1655 1617 1605 1608 1618
834.958984 1619 1649 1656 1639 1629 1606 1604 1619
834.979004 1622 1652 1657 1660 1634 1605 1601 1627
834.999023 1624 1663 1657 1648 1623 1604 1613 1621
835.018982 1619 1658 1668 1650 1632 1597 1600 1613
835.039978 1635 1659 1678 1664 1629 1596 1605 1631
835.059998 1615 1628 1667 1647 1628 1623 1599 1618
835.080017 1624 1664 1665 1654 1625 1604 1595 1620
835.101013 1628 1651 1669 1657 1623 1606 1602 1630
835.120972 1625 1652 1668 1664 1626 1619 1602 1620
835.140991 1630 1650 1657 1656 1640 1613 1598 1619
835.161011 1636 1648 1653 1656 1634 1600 1587 1617
835.182007 1620 1664 1658 1645 1620 1618 1602 1619
835.202026 1626 1647 1671 1668 1633 1603 1606 1621
835.221985 1621 1656 1681 1654 1630 1604 1612 1635
835.242004 1619 1654 1666 1656 1631 1607 1607 1616
835.263 1621 1647 1664 1667 1623 1603 1595 1636
835.28302 1631 1652 1666 1657 1633 1606 1609 1620
835.302979 1612 1656 1671 1652 1638 1609 1604 1627
835.322998 1618 1659 1675 1653 1618 1601 1606 1621
835.343994 1632 1646 1665 1649 1636 1606 1601 1615
835.364014 1625 1651 1662 1657 1623 1593 1611 1629
835.383972 1619 1652 1671 1647 1625 1598 1596 1636
835.403992 1621 1650 1661 1664 1628 1596 1603 1619
835.424988 1622 1644 1680 1655 1612 1610 1605 1624
835.445007 1627 1649 1674 1637 1625 1596 1597 1620
835.465027 1620 1649 1664 1654 1632 1594 1602 1630
835.486023 1622 1640 1669 1654 1626 1605 1590 1607
835.505981 1619 1652 1660 1659 1639 1595 1602 1612
835.526001 1634 1651 1661 1662 1630 1615 1613 1612
835.546021 1612 1648 1667 1652 1619 1596 1601 1628
835.567017 1632 1644 1671 1642 1623 1613 1598 1638
835.586975 1634 1648 1661 1637 1639 1601 1604 1613
835.606995 1626 1640 1659 1662 1628 1601 1595 1635
835.627014 1628 1646 1666 1633 1622 1612 1602 1610
835.64801 1613 1639 1667 1653 1631 1601 1601 1619
835.66803 1633 1645 1660 1644 1621 1606 1594 1611
835.687988 1614 1654 1667 1652 1638 1607 1590 1614
835.708008 1621 1641 1657 1653 1631 1617 1600 1630
835.729004 1632 1660 1668 1638 1617 1604 1604 1615
835.749023 1623 1653 1671 1649 1634 1591 1604 1628
835.768982 1629 1659 1686 1648 1631 1616 1591 1616
835.789001 1630 1658 1678 1651 1625 1601 1586 1634
835.809998 1624 1656 1658 1664 1625 1602 1599 1630
835.830017 1616 1647 1659 1652 1638 1617 1613 1623
835.849976 1630 1652 1679 1644 1618 1597 1599 1622
835.869995 1628 1650 1670 1657 1624 1605 1597 1615
835.890991 1622 1650 1668 1650 1624 1599 1592 1625
835.911011 1633 1654 1667 1654 1634 1605 1595 1625
835.93103 1624 1650 1670 1644 1626 1612 1612 1631
835.950989 1635 1648 1676 1658 1628 1618 1608 1627
835.971985 1632 1653 1674 1654 1623 1597 1606 1631
835.992004 1628 1650 1672 1654 1632 1611 1601 1617
836.012024 1628 1646 1671 1655 1628 1614 1603 1626
836.031982 1619 1655 1667 1647 1631 1602 1600 1617
836.052002 1629 1654 1673 1654 1631 1612 1607 1634
836.072998 1634 1661 1671 1666 1634 1624 1601 1635
836.093018 1630 1656 1656 1640 1630 1602 1601 1624
836.112976 1626 1654 1670 1652 1626 1616 1607 1611
836.132996 1618 1658 1665 1658 1627 1614 1605 1620
836.153992 1623 1648 1659 1662 1618 1612 1604 1616
836.174011 1618 1647 1671 1675 1627 1611 1610 1624
836.19397 1632 1657 1674 1646 1634 1602 1604 1611
836.213989 1628 1661 1668 1647 1623 1602 1605 1631
836.234985 1628 1658 1667 1663 1641 1615 1601 1621
836.255005 1625 1630 1669 1673 1626 1619 1599 1627
836.275024 1635 1647 1669 1653 1636 1597 1597 1622
836.294983 1618 1655 1681 1644 1623 1607 1599 1615
836.315979 1634 1641 1682 1658 1628 1600 1593 1632
836.335999 1626 1652 1669 1666 1634 1604 1604 1614
836.356018 1622 1646 1658 1640 1628 1611 1610 1634
836.375977 1626 1647 1667 1652 1623 1603 1590 1638
836.395996 1627 1653 1672 1656 1623 1605 1595 1635
836.416992 1621 1645 1665 1662 1625 1603 1594 1614
836.437012 1621 1658 1662 1653 1619 1611 1597 1629
836.45697 1619 1660 1674 1648 1629 1608 1608 1623
836.47699 1625 1670 1679 1658 1624 1614 1609 1629
836.497986 1623 1652 1665 1659 1641 1601 1599 1620
836.518005 1621 1646 1693 1662 1627 1618 1606 1627
836.538025 1621 1655 1672 1660 1622 1604 1611 1623
836.557983 1625 1659 1674 1659 1629 1602 1603 1625
836.578979 1628 1672 1682 1654 1628 1601 1615 1620
836.598999 1632 1653 1660 1659 1631 1598 1602 1633
836.619019 1635 1663 1680 1638 1638 1606 1606 1616
836.638977 1631 1649 1674 1654 1618 1603 1614 1621
836.658997 1624 1654 1677 1658 1632 1601 1601 1632
836.679993 1625 1653 1675 1651 1628 1610 1608 1624
836.700012 1632 1670 1667 1651 1641 1593 1599 1623
836.719971 1621 1659 1672 1659 1637 1609 1608 1620
836.73999 1627 1658 1669 1647 1627 1592 1595 1629
836.760986 1619 1648 1667 1667 1627 1598 1603 1615
836.781006 1629 1665 1683 1647 1631 1606 1593 1615
836.801025 1624 1663 1670 1654 1625 1607 1595 1622
836.820984 1624 1660 1693 1666 1626 1603 1600 1631
836.841003 1631 1657 1663 1658 1624 1599 1602 1619
836.862 1639 1656 1658 1662 1627 1605 1602 1628
836.882019 1626 1658 1672 1655 1633 1614 1612 1640
836.901978 1624 1647 1673 1644 1630 1614 1599 1629
836.921997 1627 1653 1673 1662 1635 1610 1607 1634
836.942993 1615 1657 1675 1656 1640 1614 1600 1635
836.963013 1621 1664 1678 1646 1630 1603 1611 1629
836.982971 1627 1663 1679 1653 1621 1616 1594 1633
837.002991 1617 1664 1684 1667 1639 1617 1603 1635
837.02301 1636 1673 1667 1675 1634 1615 1606 1633
837.044006 1641 1663 1677 1681 1646 1609 1622 1639
837.064026 1661 1675 1700 1676 1646 1633 1621 1642
837.083984 1660 1670 1689 1680 1656 1622 1623 1643
837.104004 1647 1673 1709 1682 1656 1625 1618 1651
837.124023 1637 1691 1696 1695 1654 1636 1619 1654
837.14502 1660 1686 1700 1696 1642 1638 1630 1663
837.164978 1667 1678 1717 1672 1665 1643 1623 1643
837.184998 1635 1678 1704 1684 1659 1626 1632 1655
837.205017 1651 1706 1708 1708 1673 1622 1639 1670
837.224976 1645 1679 1693 1686 1664 1627 1633 1651
837.245972 1652 1678 1703 1691 1649 1638 1616 1656
837.265991 1657 1700 1699 1684 1668 1628 1632 1647
837.286011 1659 1677 1712 1680 1668 1638 1625 1657
837.30603 1651 1697 1700 1696 1656 1633 1628 1654
837.325989 1652 1678 1697 1690 1657 1622 1626 1646
837.346985 1631 1677 1689 1683 1638 1624 1623 1659
837.367004 1644 1673 1688 1684 1666 1622 1627 1644
837.387024 1642 1680 1706 1695 1666 1633 1629 1657
837.406982 1661 1673 1697 1676 1666 1632 1631 1638
837.427002 1642 1680 1700 1672 1653 1635 1617 1665
837.447998 1665 1672 1702 1687 1657 1617 1615 1645
837.468018 1664 1689 1715 1702 1663 1616 1617 1643
837.487976 1657 1674 1695 1692 1660 1613 1621 1644
837.507996 1644 1679 1704 1683 1646 1634 1628 1643
837.528992 1655 1697 1705 1695 1658 1622 1624 1651
837.549011 1653 1678 1702 1675 1663 1630 1617 1649
837.56897 1664 1673 1703 1714 1659 1631 1623 1642
837.588989 1653 1697 1692 1683 1651 1621 1627 1635
837.609009 1643 1701 1700 1691 1660 1624 1621 1657
837.629028 1664 1694 1699 1687 1660 1626 1626 1654
837.650024 1645 1675 1707 1686 1659 1629 1620 1648
837.669983 1653 1680 1702 1694 1649 1630 1638 1658
837.690002 1660 1683 1717 1705 1668 1637 1626 1652
837.710022 1660 1701 1712 1680 1648 1621 1622 1641
837.72998 1647 1702 1695 1699 1665 1626 1627 1651
837.750977 1653 1702 1694 1699 1662 1638 1617 1661
837.770996 1659 1689 1704 1700 1655 1629 1627 1651
837.791016 1673 1680 1704 1708 1655 1619 1628 1664
837.810974 1654 1689 1705 1694 1665 1628 1619 1650
837.830994 1654 1696 1721 1696 1658 1635 1631 1649
837.85199 1673 1702 1726 1685 1673 1624 1624 1661
837.872009 1663 1708 1712 1705 1660 1630 1618 1669
837.892029 1658 1713 1710 1707 1666 1627 1628 1669
837.911987 1654 1689 1717 1701 1676 1622 1630 1667
837.932007 1676 1694 1698 1686 1669 1631 1637 1663
837.953003 1676 1679 1717 1700 1671 1641 1633 1665
837.973022 1662 1715 1721 1715 1667 1636 1651 1668
837.992981 1658 1700 1726 1695 1663 1633 1621 1684
838.013 1666 1702 1725 1711 1669 1630 1635 1659
838.03302 1668 1710 1724 1720 1663 1643 1629 1654
838.052979 1663 1719 1741 1703 1669 1636 1652 1669
838.073975 1680 1715 1714 1717 1676 1637 1630 1658
838.093994 1670 1713 1735 1736 1677 1637 1635 1679
838.114014 1667 1712 1731 1721 1672 1643 1643 1670
838.133972 1670 1704 1740 1703 1680 1635 1629 1679
838.153992 1673 1723 1747 1724 1707 1636 1648 1683
838.174011 1677 1715 1736 1712 1674 1637 1647 1685
838.195007 1679 1717 1746 1725 1690 1636 1647 1678
838.215027 1675 1720 1750 1743 1682 1641 1631 1690
838.234985 1676 1738 1759 1727 1694 1644 1641 1683
838.255005 1686 1730 1744 1721 1679 1658 1631 1677
838.275024 1683 1737 1748 1739 1684 1649 1644 1687
838.296021 1695 1740 1765 1730 1692 1650 1634 1685
838.315979 1720 1745 1780 1734 1685 1654 1637 1680
838.335999 1691 1743 1759 1758 1702 1636 1648 1689
838.356018 1691 1752 1776 1750 1688 1642 1645 1678
838.375977 1700 1754 1765 1734 1673 1630 1639 1682
838.395996 1704 1745 1751 1743 1707 1632 1634 1685
838.416992 1681 1750 1772 1741 1663 1637 1631 1676
838.437012 1683 1759 1766 1738 1693 1638 1636 1684
838.45697 1689 1762 1775 1758 1692 1640 1635 1682
838.47699 1690 1748 1779 1768 1685 1630 1637 1683
838.497009 1687 1751 1784 1758 1705 1636 1635 1698
838.517029 1686 1768 1794 1771 1708 1644 1658 1694
838.538025 1694 1760 1805 1774 1689 1648 1631 1696
838.557983 1701 1770 1793 1784 1716 1637 1645 1692
838.578003 1702 1784 1813 1784 1703 1644 1624 1700
838.598022 1707 1765 1796 1754 1693 1649 1644 1702
838.617981 1713 1767 1821 1759 1708 1636 1638 1687
838.638 1703 1784 1792 1786 1691 1629 1650 1693
838.658997 1719 1780 1819 1766 1721 1642 1658 1695
838.679016 1691 1772 1798 1785 1716 1647 1644 1696
838.698975 1706 1767 1833 1772 1707 1640 1631 1697
838.718994 1724 1796 1820 1792 1724 1656 1649 1695
838.739014 1709 1787 1823 1783 1709 1640 1634 1701
838.758972 1713 1782 1829 1796 1708 1647 1637 1707
838.780029 1713 1803 1826 1775 1709 1649 1641 1715
838.799988 1702 1777 1823 1777 1726 1648 1639 1700
838.820007 1713 1777 1805 1773 1719 1631 1650 1705
838.840027 1721 1799 1809 1779 1719 1640 1644 1708
838.859985 1709 1794 1839 1781 1707 1623 1641 1711
838.880005 1716 1812 1831 1803 1705 1630 1662 1701
838.901001 1705 1797 1807 1781 1708 1644 1637 1716
838.921021 1712 1784 1818 1800 1705 1648 1653 1717
838.940979 1718 1796 1842 1794 1717 1648 1639 1717
838.960999 1710 1789 1823 1805 1720 1644 1640 1685
838.981018 1707 1797 1821 1789 1716 1645 1634 1702
839.000977 1702 1794 1826 1781 1733 1649 1649 1703
839.020996 1736 1792 1831 1791 1724 1635 1648 1697
839.041992 1702 1803 1842 1795 1712 1660 1643 1716
839.062012 1719 1787 1823 1808 1734 1647 1649 1708
839.08197 1714 1816 1834 1805 1713 1648 1633 1720
839.10199 1719 1793 1838 1792 1714 1651 1634 1718
839.122009 1709 1812 1855 1783 1715 1657 1652 1727
839.142029 1711 1804 1849 1811 1720 1648 1644 1704
839.161987 1717 1797 1848 1801 1730 1641 1647 1712
839.182983 1721 1810 1827 1815 1708 1647 1646 1710
839.203003 1726 1794 1862 1803 1721 1643 1648 1724
839.223022 1726 1804 1847 1809 1729 1647 1639 1706
839.242981 1722 1814 1830 1804 1732 1643 1656 1732
839.263 1732 1829 1866 1807 1754 1658 1648 1722
839.28302 1748 1797 1844 1831 1733 1641 1658 1729
839.304016 1724 1808 1855 1836 1720 1664 1648 1731
839.323975 1730 1829 1873 1815 1724 1662 1655 1728
839.343994 1737 1821 1853 1818 1733 1649 1663 1741
839.364014 1734 1838 1862 1823 1744 1651 1660 1736
839.383972 1732 1816 1853 1838 1732 1656 1656 1737
839.403992 1732 1837 1872 1853 1732 1672 1644 1729
839.424011 1731 1839 1894 1844 1757 1652 1661 1740
839.445007 1761 1828 1888 1844 1745 1663 1686 1739
839.465027 1770 1850 1889 1856 1755 1662 1659 1733
839.484985 1755 1839 1897 1847 1764 1683 1659 1751
839.505005 1756 1861 1924 1859 1751 1662 1672 1744
839.525024 1757 1855 1903 1880 1762 1670 1668 1758
839.544983 1758 1869 1916 1875 1762 1683 1670 1747
839.565002 1769 1877 1907 1879 1775 1687 1680 1757
839.585999 1775 1883 1929 1875 1765 1675 1686 1783
839.606018 1771 1880 1926 1889 1780 1683 1691 1784
839.625977 1790 1908 1931 1908 1809 1680 1685 1786
839.645996 1807 1925 1936 1923 1800 1692 1683 1810
839.666016 1791 1924 1964 1926 1801 1692 1691 1807
839.685974 1813 1929 1986 1942 1828 1707 1690 1812
839.705994 1822 1949 1984 1937 1837 1696 1685 1828
839.726013 1830 1959 2005 1961 1834 1718 1687 1832
839.747009 1847 1955 2013 1948 1850 1710 1695 1844
839.767029 1815 1978 2029 1973 1828 1711 1695 1808
839.786987 1836 2004 2040 1999 1861 1715 1722 1827
839.807007 1837 1992 2029 1994 1844 1710 1703 1853
839.827026 1857 2011 2075 1997 1858 1718 1715 1843
839.846985 1861 2003 2076 2017 1870 1723 1710 1882
839.867004 1876 2013 2099 2020 1878 1732 1729 1846
839.887024 1873 2020 2080 2023 1888 1732 1718 1868
839.90802 1891 2051 2063 2033 1888 1727 1739 1897
839.927979 1898 2065 2100 2056 1908 1737 1730 1883
839.947998 1914 2072 2134 2052 1905 1748 1743 1864
839.968018 1910 2048 2174 2074 1902 1741 1742 1905
839.987976 1897 2090 2137 2106 1903 1741 1746 1913
840.007996 1909 2075 2128 2106 1942 1766 1748 1925
840.028015 1922 2078 2175 2096 1920 1739 1762 1913
840.047974 1920 2071 2155 2097 1927 1758 1755 1904
840.06897 1927 2121 2168 2131 1932 1753 1754 1932
840.088989 1938 2129 2178 2117 1923 1772 1751 1916
840.109009 1915 2093 2158 2097 1921 1771 1736 1904
840.129028 1938 2110 2172 2115 1930 1754 1764 1925
840.148987 1930 2115 2159 2113 1915 1752 1754 1914
840.169006 1893 2090 2159 2084 1915 1764 1751 1904
840.189026 1914 2070 2155 2087 1938 1770 1750 1900
840.208984 1899 2083 2159 2091 1922 1748 1753 1925
840.22998 1903 2080 2172 2079 1908 1757 1737 1891
840.25 1884 2076 2110 2073 1898 1742 1734 1901
840.27002 1894 2076 2102 2079 1902 1725 1731 1889
840.289978 1907 2052 2110 2041 1893 1731 1734 1887
840.309998 1888 2024 2131 2032 1868 1724 1715 1873
840.330017 1867 2034 2096 2043 1864 1746 1730 1850
840.349976 1861 1998 2085 2021 1862 1715 1714 1858
840.369995 1842 2005 2082 1986 1839 1729 1712 1827
840.390015 1848 1972 2053 1984 1832 1713 1691 1820
840.411011 1835 1993 2024 1987 1846 1709 1694 1805
840.43103 1806 1968 2020 1943 1817 1695 1690 1817
840.450989 1797 1957 2030 1964 1810 1696 1692 1800
840.471008 1799 1918 2004 1934 1792 1673 1658 1793
840.491028 1784 1930 1985 1915 1787 1679 1691 1783
840.510986 1784 1891 1973 1889 1791 1675 1679 1764
840.531006 1775 1873 1984 1921 1763 1678 1658 1780
840.551025 1746 1867 1940 1889 1755 1662 1681 1759
840.570984 1752 1869 1912 1864 1755 1656 1640 1743
840.59198 1760 1838 1894 1844 1763 1664 1652 1760
840.612 1738 1840 1908 1841 1745 1675 1645 1732
840.632019 1738 1827 1881 1835 1728 1650 1646 1720
840.651978 1725 1817 1877 1825 1730 1656 1655 1725
840.671997 1728 1792 1851 1824 1729 1649 1652 1703
840.692017 1723 1818 1824 1810 1720 1658 1636 1699
840.711975 1711 1803 1824 1786 1711 1645 1640 1694
840.731995 1701 1799 1813 1797 1699 1648 1653 1691
840.752014 1696 1779 1817 1788 1704 1634 1626 1692
840.771973 1680 1773 1826 1776 1694 1626 1626 1702
840.79303 1684 1780 1809 1759 1691 1626 1626 1676
840.812988 1685 1774 1790 1772 1681 1622 1633 1678
840.833008 1674 1755 1779 1760 1680 1619 1620 1670
840.853027 1668 1753 1781 1724 1681 1643 1613 1674
840.872986 1675 1751 1770 1754 1680 1622 1617 1688
840.893005 1676 1754 1771 1738 1685 1631 1616 1673
840.913025 1668 1751 1771 1729 1665 1625 1622 1676
840.932983 1655 1716 1749 1736 1658 1626 1617 1659
840.953003 1680 1719 1744 1724 1666 1605 1605 1660
840.973022 1654 1723 1761 1725 1658 1621 1614 1657
840.994019 1654 1708 1756 1722 1676 1622 1627 1663
841.013977 1667 1719 1731 1727 1669 1617 1609 1662
841.033997 1673 1724 1740 1722 1659 1611 1617 1645
841.054016 1669 1711 1736 1725 1658 1603 1614 1662
841.073975 1659 1729 1740 1705 1650 1612 1604 1656
841.093994 1665 1702 1739 1712 1661 1605 1613 1660
841.114014 1663 1707 1733 1702 1645 1608 1617 1648
841.133972 1662 1697 1742 1710 1667 1616 1606 1644
841.153992 1651 1715 1745 1704 1650 1606 1604 1649
841.174011 1653 1697 1729 1706 1651 1617 1611 1647
841.19397 1651 1691 1738 1695 1649 1615 1616 1642
841.215027 1642 1712 1720 1692 1661 1623 1616 1658
841.234985 1648 1690 1720 1705 1647 1619 1593 1634
841.255005 1655 1695 1723 1708 1653 1625 1613 1642
841.275024 1664 1707 1706 1697 1653 1618 1602 1637
841.294983 1655 1691 1711 1685 1647 1626 1615 1650
841.315002 1648 1689 1716 1693 1645 1603 1606 1634
841.335022 1653 1685 1716 1694 1650 1622 1602 1639
841.35498 1656 1690 1707 1697 1647 1610 1605 1642
841.375 1639 1694 1744 1691 1648 1632 1615 1634
841.39502 1647 1678 1722 1698 1651 1614 1609 1647
841.414978 1648 1688 1704 1677 1656 1609 1605 1640
841.434998 1643 1690 1705 1692 1641 1609 1607 1638
841.455994 1642 1701 1718 1691 1651 1619 1598 1647
841.476013 1645 1679 1717 1697 1652 1613 1611 1638
841.495972 1632 1680 1709 1697 1642 1610 1621 1634
841.515991 1659 1702 1710 1680 1653 1612 1606 1628
841.536011 1658 1686 1700 1686 1645 1617 1615 1646
841.55603 1646 1679 1706 1684 1645 1614 1611 1645
841.575989 1645 1680 1721 1689 1652 1617 1610 1639
841.596008 1632 1681 1716 1702 1647 1606 1615 1639
841.616028 1657 1687 1712 1677 1648 1614 1621 1651
841.635986 1648 1687 1686 1680 1658 1617 1618 1642
841.656006 1641 1705 1703 1692 1634 1607 1611 1639
841.676025 1645 1683 1695 1675 1648 1609 1619 1643
841.695984 1636 1671 1728 1677 1660 1618 1602 1636
841.716003 1633 1699 1713 1683 1654 1614 1602 1645
841.737 1644 1695 1711 1700 1654 1597 1620 1652
841.757019 1642 1688 1712 1685 1653 1603 1618 1645
841.776978 1627 1687 1717 1686 1643 1614 1607 1641
841.796997 1636 1688 1697 1690 1651 1611 1610 1638
841.817017 1647 1683 1694 1680 1652 1615 1608 1630
841.836975 1638 1693 1713 1695 1645 1601 1607 1627
841.856995 1630 1686 1701 1683 1640 1612 1615 1637
841.877014 1647 1676 1689 1686 1633 1615 1620 1641
841.896973 1633 1678 1699 1681 1657 1610 1615 1641
841.916992 1648 1671 1685 1680 1640 1607 1608 1639
841.937012 1651 1683 1701 1681 1643 1610 1610 1635
841.95697 1634 1691 1700 1679 1635 1619 1603 1651
841.97699 1644 1690 1702 1687 1653 1606 1613 1636
841.997009 1652 1691 1717 1701 1647 1612 1614 1643
842.018005 1642 1682 1690 1681 1638 1605 1606 1631
842.038025 1629 1685 1714 1682 1643 1624 1605 1640
842.057983 1645 1687 1700 1679 1651 1611 1604 1635
842.078003 1630 1675 1707 1679 1636 1615 1609 1642
842.098022 1643 1692 1687 1680 1642 1604 1611 1632
842.117981 1627 1673 1686 1684 1629 1617 1605 1628
842.138 1638 1672 1683 1679 1625 1608 1604 1636
842.15802 1639 1669 1685 1674 1646 1612 1595 1641
842.177979 1628 1679 1692 1672 1634 1596 1610 1651
842.197998 1636 1658 1685 1699 1637 1602 1618 1622
842.218018 1642 1662 1704 1689 1631 1607 1622 1636
842.237976 1640 1674 1694 1670 1652 1617 1599 1638
842.257996 1632 1664 1686 1676 1627 1605 1624 1641
842.278015 1649 1680 1690 1690 1627 1608 1606 1642
842.297974 1630 1676 1687 1679 1628 1611 1617 1639
842.317993 1645 1674 1699 1674 1642 1600 1602 1639
842.338013 1624 1682 1708 1677 1637 1607 1619 1625
842.357971 1648 1667 1681 1675 1634 1615 1600 1640
842.379028 1636 1679 1703 1672 1648 1604 1616 1646
842.398987 1634 1670 1693 1670 1653 1613 1605 1633
842.419006 1642 1677 1702 1671 1637 1612 1614 1640
842.439026 1643 1679 1691 1664 1646 1609 1621 1635
842.458984 1634 1676 1676 1675 1639 1613 1608 1635
842.479004 1637 1664 1699 1669 1639 1609 1595 1630
842.499023 1628 1686 1687 1667 1636 1616 1604 1620
842.518982 1646 1674 1698 1669 1622 1610 1603 1631
842.539001 1639 1672 1683 1699 1632 1595 1611 1656
842.559021 1630 1662 1692 1676 1637 1606 1600 1638
842.578979 1629 1677 1682 1669 1626 1606 1604 1625
842.598999 1627 1659 1698 1676 1649 1609 1604 1628
842.619019 1635 1681 1688 1670 1645 1610 1597 1631
842.638977 1639 1678 1694 1658 1641 1596 1610 1633
842.658997 1627 1682 1686 1681 1640 1613 1607 1631
842.679016 1633 1667 1674 1685 1645 1605 1616 1636
842.698975 1636 1675 1691 1673 1649 1608 1605 1640
842.718994 1640 1676 1700 1683 1646 1612 1605 1634
842.739014 1634 1686 1693 1691 1653 1606 1603 1639
842.758972 1639 1686 1705 1691 1645 1620 1606 1636
842.778992 1639 1668 1702 1689 1647 1609 1607 1642
842.799011 1630 1674 1701 1687 1647 1615 1609 1635
842.820007 1641 1674 1713 1676 1629 1610 1626 1646
842.840027 1648 1681 1702 1666 1645 1613 1602 1637
842.859985 1646 1688 1701 1678 1636 1618 1610 1644
842.880005 1640 1680 1702 1682 1651 1607 1611 1641
842.900024 1641 1677 1694 1676 1641 1625 1603 1643
842.919983 1641 1681 1705 1687 1635 1617 1611 1642
842.940002 1631 1677 1684 1704 1633 1610 1618 1644
842.960022 1651 1682 1703 1678 1648 1617 1600 1649
842.97998 1643 1681 1695 1679 1639 1611 1614 1642
843 1645 1674 1698 1674 1652 1622 1610 1648
843.02002 1625 1688 1698 1702 1643 1613 1612 1633
843.039978 1645 1680 1711 1680 1634 1617 1609 1626
843.059998 1642 1694 1703 1689 1647 1609 1611 1637
843.080017 1641 1679 1702 1688 1650 1595 1613 1626
843.099976 1631 1677 1714 1680 1638 1608 1610 1635
843.119995 1637 1687 1701 1688 1642 1601 1602 1644
843.140015 1644 1678 1714 1678 1645 1602 1620 1627
843.159973 1642 1688 1679 1685 1647 1612 1604 1663
843.179993 1627 1693 1692 1676 1647 1611 1617 1650
843.200012 1634 1694 1699 1690 1645 1609 1619 1648
843.219971 1645 1674 1708 1683 1644 1611 1613 1639
843.23999 1636 1682 1717 1685 1641 1611 1607 1645
843.26001 1647 1672 1709 1697 1635 1611 1618 1622
843.280029 1626 1675 1681 1684 1653 1598 1607 1646
843.299988 1652 1683 1706 1694 1642 1604 1618 1631
843.320007 1637 1684 1712 1674 1652 1613 1602 1636
843.340027 1644 1679 1693 1687 1644 1605 1614 1634
843.359985 1656 1676 1704 1695 1647 1605 1615 1624
843.380005 1636 1679 1701 1670 1654 1621 1607 1622
843.400024 1641 1678 1698 1687 1632 1620 1608 1636
843.419983 1642 1683 1698 1687 1635 1618 1620 1652
843.440002 1626 1688 1703 1684 1629 1608 1606 1638
843.460022 1634 1683 1701 1686 1636 1614 1606 1639
843.47998 1638 1687 1712 1662 1659 1607 1610 1628
843.5 1642 1687 1712 1678 1633 1617 1612 1642
843.52002 1642 1674 1701 1675 1635 1607 1607 1639
843.539978 1637 1672 1696 1681 1645 1608 1627 1628
843.559998 1645 1678 1684 1680 1631 1610 1612 1642
843.580994 1639 1670 1699 1673 1650 1602 1597 1641
843.601013 1633 1666 1723 1691 1647 1618 1617 1625
843.620972 1641 1688 1679 1673 1649 1618 1597 1640
843.640991 1640 1683 1695 1677 1645 1607 1605 1649
843.661011 1637 1676 1698 1694 1638 1601 1612 1636
843.68103 1639 1688 1702 1681 1625 1608 1620 1644
843.700989 1636 1685 1706 1680 1640 1623 1612 1641
843.721008 1638 1684 1704 1677 1645 1610 1610 1636
843.741028 1637 1687 1720 1697 1636 1606 1616 1640
843.760986 1638 1679 1711 1684 1648 1610 1600 1630
843.781006 1633 1687 1698 1678 1637 1612 1602 1632
843.801025 1630 1699 1686 1674 1632 1605 1609 1628
843.820984 1643 1694 1699 1691 1640 1614 1613 1642
843.841003 1643 1681 1699 1682 1635 1603 1606 1638
843.861023 1650 1687 1690 1674 1636 1607 1610 1639
843.880981 1633 1686 1699 1692 1630 1613 1608 1628
843.901001 1653 1674 1689 1679 1645 1605 1599 1651
843.921021 1641 1678 1714 1692 1640 1601 1602 1633
843.940979 1647 1681 1705 1690 1637 1610 1614 1641
843.960999 1639 1691 1693 1698 1639 1603 1612 1635
843.981018 1645 1680 1700 1679 1630 1602 1607 1632
844.000977 1648 1676 1708 1670 1630 1614 1612 1634
844.020996 1638 1693 1690 1675 1633 1617 1590 1627
844.041016 1644 1670 1680 1687 1651 1612 1608 1637
844.060974 1644 1672 1706 1691 1643 1609 1607 1646
844.080994 1631 1660 1700 1700 1648 1600 1613 1631
844.101013 1635 1689 1695 1670 1636 1618 1608 1625
844.120972 1639 1673 1689 1685 1649 1602 1602 1642
844.140991 1629 1682 1714 1685 1645 1599 1614 1625
844.161011 1638 1668 1694 1669 1643 1614 1609 1640
844.18103 1635 1685 1696 1684 1641 1598 1608 1628
844.200989 1643 1701 1697 1688 1649 1603 1602 1645
844.221008 1645 1672 1702 1684 1635 1609 1614 1635
844.241028 1629 1685 1691 1681 1645 1611 1601 1643
844.260986 1641 1682 1701 1691 1638 1606 1606 1643
844.281006 1642 1684 1696 1696 1641 1610 1607 1623
844.301025 1642 1675 1693 1681 1640 1612 1599 1629
844.320984 1622 1665 1699 1680 1645 1612 1593 1640
844.341003 1637 1676 1709 1682 1641 1599 1617 1656
844.361023 1634 1687 1695 1683 1651 1618 1620 1624
844.380981 1644 1660 1691 1687 1637 1624 1608 1624
844.401001 1620 1676 1703 1677 1642 1606 1596 1638
844.421021 1634 1690 1703 1671 1643 1604 1613 1641
844.440979 1649 1678 1701 1674 1649 1596 1609 1636
844.460999 1626 1668 1710 1685 1646 1601 1601 1645
844.481018 1632 1683 1686 1660 1636 1605 1609 1633
844.500977 1646 1678 1687 1673 1645 1594 1618 1632
844.520996 1633 1676 1696 1679 1638 1604 1619 1631
844.541016 1646 1671 1704 1675 1632 1616 1612 1645
844.559998 1638 1660 1696 1667 1640 1609 1602 1640
844.580017 1634 1684 1698 1680 1638 1605 1606 1645
844.599976 1635 1677 1687 1680 1640 1618 1600 1642
844.619995 1638 1673 1687 1653 1641 1606 1597 1626
844.640015 1644 1676 1699 1676 1641 1603 1600 1627
844.659973 1632 1665 1704 1685 1626 1600 1604 1631
844.679993 1647 1671 1706 1672 1645 1623 1601 1630
844.700012 1639 1676 1679 1680 1636 1614 1606 1618
844.719971 1631 1692 1691 1671 1645 1615 1603 1639
844.73999 1644 1671 1693 1667 1644 1595 1599 1623
844.76001 1651 1682 1708 1675 1642 1615 1597 1637
844.780029 1620 1661 1696 1667 1629 1614 1595 1633
844.799988 1634 1679 1675 1671 1647 1605 1592 1637
844.820007 1628 1665 1695 1672 1630 1605 1610 1637
844.840027 1627 1666 1701 1680 1639 1609 1602 1631
844.859985 1642 1667 1693 1681 1642 1602 1616 1639
844.880005 1625 1666 1683 1672 1639 1601 1598 1641
844.900024 1626 1677 1697 1662 1637 1615 1607 1642
844.919983 1618 1663 1694 1681 1639 1615 1602 1631
844.940002 1629 1652 1680 1682 1635 1593 1604 1633
844.960022 1632 1670 1704 1668 1641 1604 1611 1636
844.97998 1641 1675 1690 1688 1631 1608 1605 1636
845 1640 1678 1696 1664 1636 1599 1608 1637
845.02002 1628 1663 1691 1683 1644 1608 1608 1634
845.039978 1637 1680 1698 1677 1639 1608 1607 1645
845.059998 1642 1681 1692 1687 1642 1612 1599 1626
845.080017 1641 1678 1694 1682 1644 1610 1606 1634
845.099976 1627 1677 1687 1670 1640 1618 1599 1634
845.119995 1651 1680 1703 1673 1639 1600 1611 1634
845.140015 1640 1659 1695 1676 1631 1607 1603 1635
845.159973 1633 1685 1723 1672 1647 1600 1606 1627
845.179993 1623 1660 1691 1670 1637 1610 1610 1631
845.200012 1629 1674 1696 1684 1637 1621 1605 1636
845.219971 1633 1669 1701 1687 1638 1605 1598 1631
845.23999 1633 1681 1700 1686 1634 1600 1606 1631
845.26001 1639 1677 1699 1670 1628 1618 1616 1642
845.280029 1628 1675 1699 1675 1659 1619 1594 1645
845.299011 1641 1693 1703 1684 1637 1605 1603 1646
845.31897 1644 1680 1704 1675 1653 1618 1612 1635
845.338989 1645 1681 1700 1686 1643 1606 1603 1636
845.359009 1626 1687 1688 1687 1640 1608 1604 1628
845.379028 1645 1681 1692 1677 1633 1612 1622 1643
845.398987 1637 1681 1710 1682 1633 1615 1605 1630
845.419006 1638 1700 1695 1681 1641 1604 1616 1648
845.439026 1642 1686 1716 1674 1637 1609 1606 1634
845.458984 1641 1690 1702 1675 1648 1612 1608 1645
845.479004 1647 1674 1699 1694 1641 1612 1610 1645
845.499023 1650 1678 1701 1696 1649 1619 1597 1648
845.518982 1647 1684 1721 1689 1648 1617 1614 1640
845.539001 1650 1679 1714 1687 1652 1603 1601 1635
845.559021 1645 1685 1721 1702 1653 1603 1604 1643
845.578979 1653 1685 1699 1683 1658 1602 1608 1635
845.598999 1647 1703 1711 1689 1643 1627 1620 1636
845.619019 1655 1700 1722 1710 1651 1614 1626 1644
845.638977 1647 1678 1711 1693 1639 1627 1609 1639
845.658997 1661 1691 1720 1682 1653 1621 1617 1645
845.679016 1651 1694 1727 1694 1656 1620 1620 1655
845.698975 1640 1683 1709 1697 1644 1622 1611 1645
845.718994 1648 1717 1714 1690 1649 1621 1605 1642
845.737976 1631 1700 1732 1688 1649 1625 1613 1640
845.757996 1640 1701 1719 1712 1656 1621 1619 1648
845.778015 1648 1704 1694 1683 1648 1615 1610 1645
845.797974 1662 1689 1718 1692 1645 1617 1617 1636
845.817993 1640 1691 1702 1691 1643 1615 1613 1650
845.838013 1636 1691 1721 1721 1668 1615 1607 1640
845.857971 1634 1700 1705 1702 1644 1622 1614 1642
845.877991 1658 1689 1740 1705 1653 1610 1617 1655
845.89801 1651 1693 1717 1700 1652 1612 1627 1640
845.91803 1650 1706 1722 1711 1654 1618 1620 1654
845.937988 1651 1693 1717 1704 1650 1618 1615 1653
845.958008 1658 1698 1709 1693 1658 1624 1605 1660
845.978027 1639 1700 1728 1679 1644 1609 1618 1648
845.997986 1651 1705 1712 1705 1665 1624 1614 1657
846.018005 1661 1706 1715 1704 1654 1624 1630 1644
846.038025 1649 1688 1707 1686 1658 1619 1616 1644
846.057983 1654 1687 1726 1685 1655 1621 1619 1652
846.078003 1639 1695 1728 1697 1652 1607 1615 1640
846.096985 1642 1697 1722 1706 1650 1611 1613 1655
846.117004 1646 1711 1711 1705 1658 1615 1600 1648
846.137024 1648 1689 1712 1688 1659 1622 1622 1656
846.156982 1641 1699 1715 1693 1654 1630 1620 1650
846.177002 1632 1709 1719 1671 1657 1631 1600 1641
846.197021 1644 1705 1718 1700 1648 1624 1602 1649
846.21698 1643 1709 1730 1698 1653 1624 1617 1647
846.237 1653 1691 1728 1710 1647 1622 1611 1647
846.257019 1665 1695 1727 1715 1657 1637 1607 1665
846.276978 1650 1698 1705 1693 1656 1618 1603 1645
846.296997 1650 1700 1706 1705 1639 1610 1613 1629
846.317017 1669 1708 1717 1705 1662 1621 1608 1644
846.336975 1657 1711 1730 1714 1642 1621 1616 1658
846.356995 1661 1686 1730 1692 1665 1607 1613 1649
846.377014 1666 1694 1702 1700 1661 1630 1612 1652
846.395996 1650 1708 1720 1715 1645 1615 1616 1659
846.416016 1657 1705 1699 1707 1649 1621 1610 1656
846.435974 1656 1719 1718 1720 1632 1613 1622 1650
846.455994 1657 1708 1718 1695 1665 1625 1615 1649
846.476013 1667 1686 1712 1699 1650 1605 1607 1657
846.495972 1652 1701 1731 1707 1647 1612 1607 1643
846.515991 1664 1697 1724 1709 1650 1630 1609 1651
846.536011 1648 1682 1724 1695 1655 1629 1606 1658
846.55603 1660 1695 1729 1691 1644 1609 1599 1662
846.575989 1642 1703 1729 1712 1645 1608 1607 1642
846.596008 1663 1701 1723 1701 1654 1612 1614 1650
846.616028 1646 1711 1728 1718 1656 1620 1604 1652
846.63501 1647 1705 1726 1707 1650 1606 1608 1649
846.655029 1663 1714 1708 1701 1634 1617 1614 1638
846.674988 1641 1696 1710 1694 1641 1616 1604 1658
846.695007 1652 1706 1737 1692 1657 1608 1617 1636
846.715027 1657 1684 1697 1690 1645 1607 1602 1655
846.734985 1641 1686 1739 1700 1656 1615 1614 1651
846.755005 1659 1706 1706 1697 1654 1620 1618 1648
846.775024 1636 1693 1694 1684 1651 1621 1616 1656
846.794983 1648 1695 1722 1699 1656 1609 1614 1644
846.815002 1637 1694 1722 1691 1655 1609 1614 1649
846.835022 1664 1702 1713 1703 1661 1612 1616 1655
846.85498 1648 1707 1709 1702 1654 1611 1610 1647
846.875 1650 1687 1723 1709 1646 1610 1608 1646
846.893982 1648 1692 1711 1712 1657 1623 1611 1652
846.914001 1652 1695 1725 1691 1650 1624 1603 1653
846.934021 1656 1700 1741 1698 1654 1616 1602 1647
846.953979 1650 1706 1739 1701 1654 1619 1613 1646
846.973999 1655 1693 1700 1704 1643 1618 1610 1654
846.994019 1661 1706 1725 1689 1662 1604 1620 1657
847.013977 1641 1702 1713 1714 1652 1632 1608 1645
847.033997 1663 1691 1730 1693 1663 1604 1604 1653
847.054016 1661 1720 1732 1716 1650 1620 1607 1653
847.073975 1650 1699 1706 1697 1661 1620 1621 1655
847.093994 1655 1699 1743 1701 1660 1615 1620 1647
847.112976 1650 1691 1722 1684 1656 1613 1616 1658
847.132996 1643 1709 1722 1699 1659 1615 1620 1654
847.153015 1650 1725 1737 1700 1646 1616 1612 1652
847.172974 1664 1694 1725 1708 1643 1616 1624 1654
847.192993 1653 1697 1723 1711 1663 1605 1618 1657
847.213013 1652 1712 1729 1704 1660 1624 1624 1644
847.232971 1651 1692 1716 1711 1656 1605 1604 1677
847.252991 1656 1700 1737 1714 1653 1605 1622 1660
847.27301 1632 1712 1727 1703 1660 1616 1616 1649
847.29303 1641 1703 1723 1702 1649 1618 1614 1648
847.312012 1654 1711 1725 1698 1650 1626 1607 1644
847.33197 1652 1709 1738 1712 1655 1621 1602 1656
847.35199 1658 1690 1740 1700 1645 1616 1614 1657
847.372009 1658 1704 1718 1701 1646 1611 1609 1647
847.392029 1664 1701 1727 1697 1640 1609 1605 1646
847.411987 1635 1706 1720 1704 1647 1600 1621 1642
847.432007 1643 1719 1719 1708 1663 1605 1622 1645
847.452026 1652 1712 1712 1699 1647 1609 1603 1639
847.471985 1648 1693 1711 1713 1639 1609 1603 1641
847.492004 1649 1706 1730 1681 1642 1625 1612 1666
847.510986 1659 1695 1724 1678 1647 1610 1599 1649
847.531006 1659 1700 1728 1700 1655 1608 1615 1644
847.551025 1647 1698 1733 1707 1650 1615 1621 1654
847.570984 1643 1718 1723 1691 1660 1616 1604 1640
847.591003 1643 1705 1734 1715 1642 1612 1609 1639
847.611023 1648 1706 1721 1716 1650 1601 1608 1646
847.630981 1645 1703 1732 1702 1652 1616 1616 1656
847.651001 1645 1697 1721 1696 1660 1611 1617 1651
847.669983 1653 1696 1697 1694 1662 1616 1607 1653
847.690002 1659 1707 1720 1712 1659 1618 1615 1637
847.710022 1652 1688 1727 1687 1652 1617 1611 1637
847.72998 1649 1700 1735 1701 1661 1612 1607 1633
847.75 1658 1709 1725 1697 1656 1617 1615 1651
847.77002 1655 1693 1724 1710 1662 1612 1607 1648
847.789978 1650 1693 1733 1709 1649 1625 1610 1649
847.809998 1639 1700 1740 1706 1670 1612 1617 1643
847.830017 1662 1706 1724 1704 1664 1615 1604 1644
847.848999 1660 1711 1737 1712 1672 1635 1626 1665
847.869019 1667 1699 1724 1710 1654 1622 1605 1670
847.888977 1661 1693 1722 1685 1652 1608 1619 1658
847.908997 1650 1711 1726 1693 1660 1607 1619 1657
847.929016 1637 1696 1745 1721 1652 1615 1609 1649
847.948975 1667 1699 1731 1708 1663 1617 1613 1635
847.968994 1663 1714 1731 1702 1658 1599 1603 1648
847.989014 1649 1701 1733 1714 1654 1608 1610 1660
848.007996 1638 1707 1729 1707 1668 1623 1614 1657
848.028015 1670 1706 1730 1703 1667 1613 1603 1656
848.047974 1636 1698 1744 1724 1665 1623 1610 1656
848.067993 1641 1706 1728 1704 1667 1618 1606 1651
848.088013 1654 1704 1736 1701 1669 1607 1625 1655
848.107971 1663 1706 1738 1719 1650 1610 1615 1658
848.127991 1660 1707 1754 1707 1658 1626 1617 1655
848.14801 1649 1692 1745 1732 1658 1626 1618 1670
848.166992 1648 1708 1735 1714 1655 1610 1613 1665
848.187012 1657 1715 1742 1698 1661 1622 1614 1666
848.20697 1654 1713 1735 1719 1662 1618 1617 1674
848.22699 1673 1737 1739 1717 1669 1622 1620 1649
848.247009 1667 1717 1727 1706 1669 1620 1619 1657
848.267029 1667 1713 1747 1719 1662 1629 1612 1666
848.286987 1661 1706 1730 1699 1672 1621 1620 1666
848.307007 1664 1718 1734 1722 1673 1605 1620 1653
848.325989 1675 1708 1744 1714 1667 1624 1637 1644
848.346008 1665 1711 1758 1722 1649 1617 1623 1654
848.366028 1665 1716 1739 1718 1673 1627 1614 1662
848.385986 1648 1722 1750 1706 1676 1631 1617 1678
848.406006 1652 1703 1736 1708 1664 1620 1619 1658
848.426025 1662 1708 1739 1716 1662 1617 1630 1667
848.445984 1662 1724 1746 1721 1668 1625 1612 1658
848.466003 1670 1717 1733 1719 1670 1623 1618 1669
848.484985 1675 1721 1747 1705 1682 1616 1619 1672
848.505005 1667 1712 1739 1727 1674 1608 1633 1663
848.525024 1660 1706 1746 1723 1664 1627 1598 1649
848.544983 1658 1722 1744 1736 1668 1626 1620 1666
848.565002 1671 1729 1766 1710 1661 1626 1616 1664
848.585022 1666 1721 1755 1709 1671 1623 1609 1658
848.604004 1672 1719 1742 1727 1659 1616 1635 1655
848.624023 1679 1724 1746 1708 1675 1620 1616 1674
848.643982 1677 1714 1731 1715 1672 1623 1630 1657
848.664001 1664 1718 1728 1704 1666 1617 1617 1660
848.684021 1642 1713 1728 1730 1652 1623 1612 1664
848.703979 1672 1715 1735 1709 1660 1624 1599 1676
848.723999 1667 1720 1745 1707 1662 1613 1615 1647
848.742981 1658 1715 1744 1731 1671 1620 1624 1644
848.763 1664 1719 1718 1714 1664 1629 1624 1658
848.78302 1665 1728 1746 1731 1644 1616 1620 1662
848.802979 1676 1707 1739 1720 1663 1626 1616 1668
848.822998 1644 1716 1743 1699 1652 1621 1617 1652
848.843018 1663 1721 1760 1717 1673 1620 1624 1658
848.862976 1685 1717 1753 1722 1665 1631 1629 1653
848.882019 1660 1729 1745 1722 1666 1628 1643 1667
848.901978 1686 1730 1746 1723 1684 1643 1629 1663
848.921997 1678 1723 1757 1741 1678 1634 1626 1669
848.942017 1683 1748 1758 1736 1664 1638 1637 1661
848.961975 1672 1714 1763 1728 1697 1637 1622 1690
848.981995 1682 1728 1743 1740 1676 1628 1633 1678
849.002014 1679 1732 1765 1733 1678 1640 1613 1677
849.020996 1676 1715 1780 1717 1693 1631 1630 1673
849.041016 1689 1728 1769 1726 1682 1619 1628 1659
849.060974 1669 1716 1743 1726 1664 1633 1636 1660
849.080994 1658 1723 1724 1725 1683 1621 1642 1670
849.101013 1671 1731 1757 1742 1686 1632 1628 1672
849.120972 1679 1729 1757 1727 1660 1633 1638 1657
849.140015 1690 1745 1754 1750 1681 1633 1641 1656
849.159973 1676 1710 1749 1726 1660 1627 1631 1665
849.179993 1672 1726 1751 1741 1669 1630 1640 1656
849.200012 1672 1728 1748 1731 1676 1628 1629 1674
849.219971 1670 1725 1754 1734 1663 1632 1632 1671
849.23999 1672 1739 1744 1728 1686 1632 1638 1663
849.258972 1654 1727 1766 1740 1670 1636 1635 1674
849.278992 1672 1729 1745 1716 1668 1633 1628 1655
849.299011 1670 1723 1748 1728 1676 1625 1628 1678
849.31897 1680 1721 1743 1720 1666 1625 1624 1651
849.338989 1671 1722 1767 1720 1671 1642 1619 1693
849.359009 1667 1741 1746 1721 1676 1631 1627 1669
849.377991 1677 1731 1750 1715 1669 1627 1625 1654
849.39801 1675 1722 1747 1726 1679 1637 1629 1659
849.41803 1679 1729 1732 1713 1669 1628 1638 1667
849.437988 1660 1718 1742 1727 1670 1621 1626 1662
849.458008 1671 1720 1757 1740 1665 1634 1630 1657
849.478027 1676 1717 1751 1723 1667 1628 1628 1687
849.497009 1656 1712 1758 1710 1670 1621 1612 1666
849.517029 1652 1714 1746 1733 1657 1636 1627 1666
849.536987 1655 1726 1745 1719 1661 1632 1620 1672
849.557007 1665 1698 1730 1709 1655 1628 1617 1670
849.577026 1663 1709 1729 1699 1667 1620 1622 1662
849.596985 1659 1713 1723 1710 1659 1626 1614 1668
849.616028 1667 1727 1744 1716 1666 1622 1617 1661
849.635986 1655 1707 1742 1729 1676 1633 1613 1668
849.656006 1660 1706 1737 1707 1669 1630 1611 1658
849.676025 1661 1724 1725 1685 1667 1613 1622 1660
849.695984 1660 1710 1716 1737 1665 1623 1615 1669
849.716003 1661 1717 1728 1712 1672 1627 1621 1686
849.734985 1674 1742 1749 1716 1673 1622 1628 1655
849.755005 1655 1731 1735 1732 1664 1626 1623 1657
849.775024 1666 1728 1738 1702 1672 1616 1624 1667
849.794983 1653 1713 1749 1698 1674 1619 1624 1655
849.815002 1665 1724 1733 1705 1675 1630 1632 1666
849.833984 1684 1711 1738 1703 1678 1632 1625 1654
849.854004 1674 1732 1751 1704 1662 1625 1622 1657
849.874023 1658 1718 1739 1711 1677 1629 1631 1676
849.893982 1655 1707 1739 1712 1657 1632 1633 1676
849.914001 1670 1716 1739 1715 1664 1632 1622 1653
849.934021 1671 1724 1739 1710 1661 1617 1629 1659
849.953003 1665 1726 1739 1701 1671 1630 1625 1678
849.973022 1662 1729 1739 1712 1666 1625 1626 1658
849.992981 1680 1721 1730 1721 1658 1631 1627 1679
850.013 1662 1710 1741 1698 1678 1624 1629 1660
850.03302 1684 1701 1745 1722 1653 1621 1643 1666
850.052002 1670 1729 1758 1736 1674 1622 1622 1670
850.072021 1650 1727 1747 1719 1676 1626 1636 1678
850.09198 1663 1724 1748 1715 1675 1638 1618 1671
850.112 1672 1730 1768 1730 1690 1607 1627 1666
850.132019 1665 1719 1725 1729 1669 1619 1626 1671
850.151001 1660 1719 1732 1717 1656 1620 1608 1663
850.171021 1668 1718 1745 1696 1655 1613 1622 1659
850.190979 1650 1710 1710 1697 1668 1619 1613 1650
850.210999 1667 1706 1737 1706 1669 1605 1616 1655
850.231018 1661 1700 1743 1722 1656 1615 1602 1662
850.250977 1654 1730 1731 1704 1663 1621 1611 1649
850.27002 1660 1709 1739 1704 1667 1613 1609 1658
850.289978 1659 1711 1739 1715 1664 1625 1614 1657
850.309998 1660 1692 1728 1718 1663 1628 1620 1643
850.330017 1644 1713 1748 1717 1670 1627 1614 1660
850.349976 1655 1702 1730 1708 1657 1609 1623 1635
850.369019 1660 1715 1732 1720 1658 1628 1606 1650
850.388977 1661 1719 1726 1724 1666 1611 1608 1659
850.408997 1643 1699 1741 1696 1648 1613 1601 1654
850.429016 1662 1705 1733 1716 1653 1631 1613 1659
850.448975 1655 1715 1727 1704 1664 1600 1606 1644
850.468018 1664 1716 1730 1713 1652 1627 1610 1647
850.487976 1656 1701 1735 1705 1653 1619 1621 1663
850.507996 1654 1698 1737 1708 1657 1602 1602 1661
850.528015 1642 1707 1736 1716 1652 1615 1623 1642
850.547974 1660 1690 1728 1700 1646 1620 1609 1642
850.567017 1652 1711 1746 1690 1645 1608 1604 1635
850.586975 1665 1700 1727 1712 1666 1622 1598 1646
850.606995 1668 1717 1735 1708 1647 1616 1620 1651
850.627014 1658 1703 1739 1709 1649 1626 1613 1658
850.645996 1654 1710 1729 1718 1642 1620 1612 1649
850.666016 1650 1706 1752 1721 1651 1624 1615 1645
850.685974 1648 1699 1718 1711 1658 1611 1601 1652
850.705994 1657 1704 1735 1707 1650 1610 1611 1662
850.726013 1656 1711 1725 1696 1660 1620 1620 1639
850.744995 1670 1698 1722 1700 1660 1621 1628 1643
850.765015 1666 1707 1730 1707 1663 1622 1599 1652
850.784973 1646 1693 1727 1710 1658 1615 1615 1661
850.804993 1654 1701 1729 1698 1654 1619 1609 1659
850.825012 1660 1699 1738 1694 1654 1613 1624 1663
850.843994 1662 1710 1724 1714 1656 1617 1610 1646
850.864014 1658 1705 1726 1713 1663 1620 1614 1647
850.883972 1655 1704 1728 1704 1646 1623 1624 1653
850.903992 1657 1694 1721 1713 1680 1615 1623 1662
850.924011 1668 1692 1734 1686 1655 1626 1618 1641
850.942993 1659 1705 1729 1728 1650 1608 1621 1656
850.963013 1653 1716 1733 1700 1648 1617 1618 1652
850.982971 1639 1721 1741 1702 1652 1611 1609 1650
851.002991 1656 1710 1729 1717 1666 1619 1619 1664
851.021973 1654 1719 1739 1709 1650 1617 1615 1661
851.041992 1663 1716 1738 1709 1670 1612 1603 1651
851.062012 1667 1701 1745 1702 1658 1621 1616 1666
851.08197 1660 1706 1738 1708 1666 1609 1603 1656
851.10199 1660 1681 1736 1700 1654 1612 1607 1660
851.120972 1658 1715 1730 1696 1659 1613 1616 1664
851.140991 1656 1717 1731 1722 1656 1616 1610 1652
851.161011 1640 1701 1742 1702 1656 1622 1603 1644
851.18103 1649 1690 1745 1698 1631 1616 1614 1639
851.200012 1663 1711 1727 1711 1663 1619 1631 1657
851.219971 1666 1719 1733 1718 1648 1611 1622 1646
851.23999 1653 1691 1734 1698 1657 1611 1608 1659
851.26001 1660 1701 1720 1716 1654 1610 1618 1654
851.280029 1666 1692 1725 1707 1658 1617 1620 1650
851.299011 1655 1684 1731 1714 1651 1619 1615 1646
851.31897 1654 1709 1736 1716 1643 1610 1609 1638
851.338989 1645 1695 1716 1717 1661 1611 1606 1641
851.359009 1648 1720 1738 1720 1652 1633 1608 1642
851.377991 1650 1701 1720 1709 1654 1609 1607 1649
851.39801 1654 1709 1741 1695 1655 1619 1611 1641
851.41803 1660 1702 1714 1690 1647 1616 1608 1656
851.437988 1652 1700 1739 1713 1652 1613 1601 1648
851.45697 1634 1705 1730 1693 1652 1622 1600 1650
851.47699 1649 1691 1722 1711 1647 1612 1615 1645
851.497009 1655 1711 1729 1693 1649 1613 1612 1655
851.517029 1658 1713 1727 1709 1653 1601 1617 1660
851.536011 1648 1681 1730 1678 1653 1611 1610 1654
851.55603 1650 1695 1716 1691 1638 1610 1614 1648
851.575989 1645 1700 1729 1692 1651 1616 1612 1647
851.596008 1650 1698 1723 1691 1658 1623 1619 1629
851.616028 1641 1697 1712 1703 1647 1613 1613 1644
851.63501 1628 1694 1720 1687 1644 1610 1607 1648
851.655029 1652 1694 1726 1702 1643 1607 1616 1660
851.674988 1631 1684 1698 1692 1625 1612 1606 1633
851.695007 1650 1710 1714 1677 1639 1612 1616 1643
851.713989 1645 1673 1719 1684 1645 1602 1604 1636
851.734009 1660 1698 1719 1691 1648 1615 1604 1637
851.754028 1643 1711 1708 1685 1650 1602 1600 1633
851.773987 1653 1700 1720 1690 1642 1625 1606 1649
851.79303 1633 1700 1723 1684 1645 1612 1611 1644
851.812988 1632 1682 1708 1686 1649 1602 1605 1637
851.833008 1639 1691 1712 1707 1637 1612 1605 1626
851.853027 1655 1689 1702 1678 1662 1609 1612 1651
851.872009 1638 1692 1731 1682 1644 1619 1595 1639
851.892029 1652 1699 1724 1694 1651 1600 1603 1636
851.911987 1639 1695 1708 1696 1657 1608 1603 1649
851.932007 1630 1689 1718 1694 1649 1611 1597 1645
851.950989 1637 1706 1722 1695 1651 1607 1606 1638
851.971008 1657 1693 1717 1684 1649 1616 1604 1641
851.991028 1635 1699 1718 1697 1644 1608 1597 1645
852.010986 1642 1707 1716 1672 1669 1602 1596 1636
852.030029 1645 1682 1722 1690 1657 1605 1602 1653
852.049988 1644 1685 1720 1701 1656 1588 1605 1654
852.070007 1631 1697 1716 1698 1643 1617 1595 1655
852.090027 1651 1680 1711 1707 1653 1605 1612 1650
852.109009 1659 1701 1725 1690 1655 1600 1612 1651
852.129028 1650 1681 1719 1694 1640 1605 1600 1641
852.148987 1648 1690 1707 1696 1644 1608 1608 1648
852.169006 1644 1678 1739 1678 1662 1605 1609 1631
852.187988 1652 1699 1708 1697 1656 1616 1613 1639
852.208008 1650 1692 1713 1695 1649 1613 1609 1631
852.228027 1638 1700 1730 1693 1660 1615 1619 1643
852.247986 1655 1707 1720 1707 1653 1605 1616 1635
852.267029 1652 1698 1718 1699 1645 1598 1610 1641
852.286987 1651 1692 1728 1692 1660 1625 1603 1634
852.307007 1649 1696 1720 1696 1633 1620 1615 1647
852.327026 1654 1688 1730 1686 1636 1608 1625 1657
852.346008 1657 1691 1716 1693 1635 1611 1604 1643
852.366028 1643 1678 1714 1700 1649 1610 1616 1631
852.385986 1649 1694 1714 1692 1654 1612 1608 1652
852.406006 1634 1684 1713 1707 1643 1611 1602 1648
852.424988 1639 1684 1733 1685 1652 1613 1592 1658
852.445007 1646 1701 1718 1695 1649 1618 1610 1639
852.465027 1645 1689 1710 1696 1656 1611 1605 1636
852.484009 1647 1688 1723 1711 1660 1617 1607 1639
852.504028 1644 1699 1714 1693 1662 1611 1610 1641
852.523987 1645 1691 1719 1686 1654 1610 1609 1651
852.544006 1649 1706 1730 1707 1651 1608 1598 1627
852.562988 1645 1694 1728 1702 1646 1619 1604 1631
852.583008 1654 1691 1710 1699 1650 1599 1601 1646
852.603027 1650 1687 1702 1682 1653 1608 1595 1654
852.622986 1662 1699 1737 1712 1641 1613 1617 1641
852.642029 1636 1695 1725 1700 1645 1616 1606 1643
852.661987 1651 1718 1705 1689 1649 1613 1618 1651
852.682007 1647 1692 1710 1700 1661 1603 1611 1647
852.700989 1645 1699 1730 1695 1656 1606 1605 1649
852.721008 1647 1721 1719 1699 1647 1616 1617 1653
852.741028 1659 1691 1740 1701 1644 1615 1605 1647
852.760986 1649 1710 1708 1715 1643 1610 1611 1640
852.780029 1660 1707 1719 1705 1641 1606 1622 1639
852.799988 1649 1693 1729 1696 1652 1617 1597 1646
852.820007 1643 1695 1716 1696 1640 1603 1599 1649
852.840027 1648 1688 1699 1702 1649 1617 1611 1651
852.859009 1654 1701 1712 1696 1658 1611 1608 1641
852.879028 1648 1701 1731 1683 1641 1612 1600 1661
852.898987 1653 1682 1721 1712 1649 1606 1607 1649
852.91803 1657 1697 1722 1705 1646 1617 1611 1663
852.937988 1659 1698 1731 1701 1656 1611 1614 1638
852.958008 1647 1695 1746 1709 1658 1600 1604 1651
852.978027 1653 1706 1713 1698 1662 1603 1614 1652
852.997009 1652 1700 1733 1698 1642 1619 1612 1645
853.017029 1659 1703 1728 1694 1642 1605 1609 1639
853.036987 1652 1695 1708 1701 1646 1596 1612 1648
853.05603 1646 1697 1714 1678 1661 1611 1618 1645
853.075989 1652 1698 1734 1697 1651 1604 1604 1647
853.096008 1660 1699 1729 1690 1656 1620 1619 1652
853.116028 1653 1702 1731 1709 1655 1604 1611 1655
853.13501 1641 1695 1726 1688 1651 1605 1604 1646
853.155029 1651 1701 1726 1695 1641 1615 1631 1648
853.174988 1652 1686 1735 1699 1654 1613 1604 1669
853.19397 1648 1693 1717 1693 1650 1618 1598 1661
853.213989 1655 1713 1725 1705 1653 1605 1606 1653
853.234009 1651 1689 1729 1698 1633 1616 1616 1652
853.254028 1651 1719 1710 1690 1651 1606 1609 1653
853.27301 1646 1697 1731 1685 1655 1612 1612 1648
853.29303 1652 1702 1729 1688 1653 1618 1615 1643
853.312988 1650 1701 1741 1712 1655 1616 1614 1634
853.33197 1649 1708 1742 1710 1659 1609 1611 1644
853.35199 1662 1699 1728 1712 1654 1605 1601 1657
853.372009 1658 1685 1732 1702 1647 1619 1601 1649
853.390991 1643 1699 1717 1713 1656 1615 1620 1643
853.411011 1648 1716 1717 1702 1639 1615 1605 1647
853.43103 1667 1700 1730 1688 1645 1609 1600 1653
853.450989 1671 1704 1748 1695 1654 1617 1612 1646
853.469971 1653 1691 1730 1697 1660 1608 1604 1655
853.48999 1663 1695 1730 1703 1663 1614 1607 1646
853.51001 1662 1720 1733 1708 1649 1621 1616 1660
853.528992 1650 1708 1724 1706 1660 1601 1598 1647
853.549011 1666 1725 1726 1705 1662 1617 1612 1644
853.56897 1648 1709 1731 1700 1656 1600 1607 1643
853.588989 1647 1709 1735 1705 1656 1612 1612 1644
853.607971 1665 1708 1739 1708 1650 1623 1601 1649
853.627991 1654 1715 1722 1705 1645 1621 1606 1653
853.64801 1654 1698 1737 1707 1648 1610 1606 1636
853.666992 1659 1713 1731 1717 1664 1620 1610 1643
853.687012 1654 1703 1726 1706 1657 1604 1614 1645
853.70697 1645 1705 1735 1706 1657 1610 1620 1640
853.726013 1653 1714 1736 1706 1669 1600 1612 1659
853.745972 1647 1707 1731 1702 1660 1612 1603 1653
853.765991 1666 1698 1728 1700 1654 1615 1610 1651
853.784973 1652 1708 1732 1708 1666 1611 1617 1655
853.804993 1651 1699 1733 1702 1658 1617 1623 1649
853.825012 1663 1708 1736 1710 1658 1608 1608 1664
853.844971 1664 1714 1728 1712 1652 1617 1617 1661
853.864014 1662 1721 1739 1725 1660 1620 1614 1665
853.883972 1670 1706 1731 1707 1657 1603 1605 1668
853.903992 1658 1702 1742 1718 1666 1610 1604 1661
853.922974 1650 1706 1737 1718 1665 1627 1619 1653
853.942993 1661 1716 1750 1702 1661 1604 1614 1654
853.963013 1660 1704 1737 1712 1659 1619 1617 1663
853.981995 1670 1720 1727 1720 1664 1628 1611 1651
854.002014 1671 1704 1749 1723 1662 1622 1600 1675
854.021973 1677 1716 1736 1724 1661 1616 1603 1656
854.041016 1667 1715 1748 1728 1666 1627 1624 1650
854.060974 1659 1726 1747 1715 1675 1605 1618 1672
854.080994 1661 1711 1729 1722 1674 1611 1610 1647
854.099976 1656 1731 1776 1712 1660 1616 1628 1653
854.119995 1665 1731 1748 1714 1674 1623 1611 1666
854.140015 1665 1727 1740 1717 1670 1611 1632 1672
854.158997 1656 1726 1748 1732 1674 1618 1616 1659
854.179016 1664 1718 1744 1727 1666 1638 1616 1671
854.198975 1669 1732 1760 1726 1666 1611 1633 1671
854.218994 1667 1721 1753 1710 1677 1621 1608 1665
854.237976 1662 1710 1752 1733 1660 1606 1624 1648
854.257996 1662 1716 1743 1725 1669 1606 1614 1664
854.278015 1664 1711 1739 1712 1671 1639 1613 1647
854.296997 1666 1730 1760 1724 1666 1617 1614 1653
854.317017 1650 1717 1752 1723 1666 1611 1614 1661
854.336975 1656 1729 1753 1716 1654 1612 1614 1656
854.356018 1664 1713 1733 1731 1654 1623 1606 1651
854.375977 1655 1730 1738 1712 1667 1624 1619 1651
854.395996 1662 1714 1736 1718 1655 1621 1613 1662
854.414978 1648 1717 1739 1716 1664 1626 1605 1658
854.434998 1665 1722 1742 1710 1660 1611 1600 1652
854.455017 1657 1707 1745 1724 1658 1622 1603 1657
854.473999 1662 1709 1735 1722 1660 1620 1597 1670
854.494019 1652 1699 1733 1715 1658 1604 1600 1662
854.513977 1669 1710 1748 1721 1650 1621 1607 1655
854.53302 1678 1710 1721 1726 1665 1622 1613 1655
854.552979 1649 1719 1724 1724 1649 1621 1619 1650
854.572998 1653 1716 1733 1714 1666 1610 1613 1662
854.59198 1664 1722 1725 1709 1657 1599 1609 1660
854.612 1639 1724 1714 1708 1670 1612 1610 1656
854.632019 1637 1709 1716 1695 1663 1610 1615 1650
854.651001 1655 1711 1738 1707 1641 1622 1597 1647
854.671021 1656 1706 1724 1721 1651 1611 1618 1652
854.690979 1658 1719 1735 1715 1669 1597 1610 1641
854.710022 1654 1686 1732 1698 1649 1609 1611 1648
854.72998 1651 1695 1735 1712 1658 1614 1604 1649
854.75 1644 1701 1721 1701 1659 1613 1606 1645
854.768982 1652 1702 1723 1700 1654 1601 1606 1649
854.789001 1647 1699 1726 1689 1645 1605 1597 1642
854.807983 1661 1691 1718 1705 1655 1613 1616 1642
854.828003 1638 1687 1727 1702 1653 1608 1615 1651
854.848022 1651 1710 1732 1684 1658 1611 1619 1654
854.867004 1658 1702 1733 1703 1659 1622 1605 1647
854.887024 1655 1701 1732 1703 1647 1629 1609 1654
854.906982 1634 1695 1723 1707 1658 1611 1614 1657
854.926025 1657 1715 1732 1713 1656 1605 1614 1636
854.945984 1644 1697 1726 1693 1658 1604 1611 1647
854.966003 1657 1701 1721 1692 1641 1605 1607 1637
854.984985 1653 1695 1719 1691 1646 1607 1602 1659
855.005005 1647 1725 1724 1689 1643 1613 1609 1639
855.025024 1655 1694 1722 1702 1643 1605 1606 1661
855.044006 1654 1694 1718 1701 1653 1617 1610 1639
855.064026 1651 1702 1731 1697 1649 1599 1601 1636
855.083984 1646 1698 1725 1701 1647 1621 1608 1639
855.103027 1636 1688 1723 1704 1650 1607 1614 1642
855.122986 1655 1696 1720 1710 1646 1606 1590 1629
855.143005 1657 1683 1727 1699 1652 1615 1603 1654
855.161987 1648 1704 1719 1709 1660 1600 1601 1652
855.182007 1642 1694 1723 1708 1643 1612 1608 1651
855.200989 1658 1696 1721 1693 1648 1601 1606 1644
855.221008 1645 1684 1709 1689 1644 1595 1613 1640
855.241028 1656 1686 1718 1719 1659 1607 1609 1637
855.26001 1641 1704 1725 1684 1649 1620 1602 1635
855.280029 1639 1710 1723 1705 1658 1612 1604 1651
855.299988 1654 1696 1712 1708 1649 1614 1613 1648
855.31897 1651 1702 1724 1697 1643 1611 1600 1627
855.338989 1635 1711 1716 1698 1645 1619 1626 1632
855.359009 1643 1702 1718 1713 1639 1597 1600 1646
855.377991 1639 1711 1725 1693 1661 1608 1606 1671
855.39801 1661 1705 1715 1699 1649 1597 1608 1644
855.41803 1664 1694 1730 1685 1649 1599 1605 1651
855.437012 1641 1698 1725 1690 1640 1609 1616 1648
855.45697 1666 1696 1732 1685 1646 1613 1618 1652
855.476013 1646 1703 1713 1697 1646 1621 1612 1661
855.495972 1651 1691 1711 1692 1639 1597 1612 1654
855.515991 1659 1706 1725 1704 1640 1617 1603 1649
855.534973 1643 1708 1719 1679 1655 1609 1612 1640
855.554993 1647 1695 1729 1692 1644 1622 1606 1650
855.575012 1639 1686 1723 1706 1636 1613 1610 1652
855.593994 1635 1697 1713 1698 1649 1606 1611 1650
855.614014 1648 1705 1720 1721 1640 1610 1616 1656
855.633972 1648 1707 1728 1699 1652 1614 1610 1662
855.653015 1645 1695 1699 1692 1655 1602 1608 1641
855.672974 1644 1691 1716 1699 1656 1607 1610 1646
855.692017 1666 1690 1715 1684 1638 1610 1607 1643
855.711975 1654 1710 1721 1700 1643 1609 1607 1644
855.731995 1658 1695 1712 1698 1654 1603 1602 1642
855.750977 1654 1688 1727 1697 1643 1609 1598 1646
855.770996 1644 1688 1702 1703 1644 1617 1612 1643
855.791016 1645 1691 1730 1697 1640 1616 1615 1655
855.809998 1647 1708 1712 1697 1646 1596 1606 1641
855.830017 1636 1711 1712 1693 1659 1613 1611 1646
855.848999 1651 1695 1726 1701 1655 1602 1607 1651
855.869019 1641 1705 1704 1713 1650 1614 1609 1642
855.888977 1644 1722 1715 1685 1627 1608 1603 1641
855.90802 1640 1709 1732 1685 1646 1603 1611 1643
855.927979 1660 1713 1700 1704 1647 1619 1612 1631
855.947998 1637 1696 1721 1706 1639 1611 1606 1650
855.96698 1648 1689 1728 1698 1643 1609 1609 1644
855.987 1662 1695 1717 1704 1650 1620 1616 1660
856.005981 1629 1694 1734 1690 1651 1618 1615 1640
856.026001 1643 1703 1710 1700 1654 1611 1600 1636
856.046021 1663 1708 1724 1687 1646 1613 1612 1631
856.065002 1649 1688 1730 1697 1661 1625 1610 1648
856.085022 1648 1698 1726 1694 1654 1625 1614 1649
856.104004 1652 1695 1717 1710 1644 1607 1607 1626
856.124023 1655 1704 1731 1693 1654 1609 1602 1634
856.143982 1644 1701 1723 1702 1653 1622 1609 1635
856.163025 1638 1695 1735 1701 1657 1615 1606 1627
856.182983 1656 1699 1729 1690 1664 1619 1613 1657
856.203003 1639 1699 1723 1700 1653 1603 1610 1644
856.221985 1642 1694 1724 1697 1646 1615 1605 1659
856.242004 1636 1696 1720 1681 1657 1614 1608 1651
856.260986 1642 1692 1707 1683 1648 1619 1603 1640
856.281006 1643 1687 1717 1705 1658 1616 1603 1648
856.301025 1642 1703 1724 1692 1637 1612 1595 1659
856.320007 1648 1706 1724 1689 1662 1606 1604 1641
856.340027 1637 1706 1719 1701 1650 1614 1605 1646
856.359009 1647 1699 1718 1692 1658 1617 1606 1638
856.379028 1649 1708 1732 1690 1644 1607 1601 1634
856.398987 1660 1693 1722 1689 1647 1613 1604 1642
856.41803 1639 1687 1709 1707 1643 1612 1598 1645
856.437988 1644 1687 1720 1698 1630 1604 1608 1650
856.45697 1641 1690 1729 1686 1638 1617 1601 1650
856.47699 1654 1692 1723 1681 1642 1603 1614 1637
856.497009 1648 1693 1729 1702 1648 1616 1598 1650
856.515991 1647 1675 1707 1681 1636 1599 1602 1645
856.536011 1651 1681 1729 1689 1664 1617 1599 1652
856.554993 1638 1680 1714 1706 1646 1611 1606 1635
856.575012 1646 1697 1707 1676 1648 1606 1612 1651
856.594971 1657 1700 1708 1695 1642 1607 1600 1632
856.614014 1645 1691 1712 1677 1649 1602 1596 1626
856.633972 1644 1691 1708 1689 1659 1591 1606 1651
856.653015 1632 1694 1706 1688 1643 1604 1600 1644
856.672974 1633 1683 1730 1683 1650 1612 1604 1646
856.692993 1647 1700 1711 1702 1637 1602 1604 1639
856.711975 1643 1689 1723 1690 1640 1610 1593 1625
856.731995 1645 1679 1705 1682 1647 1614 1608 1641
856.750977 1638 1683 1708 1690 1646 1601 1599 1646
856.770996 1643 1693 1735 1685 1643 1603 1604 1642
856.791016 1637 1701 1689 1681 1640 1605 1618 1630
856.809998 1645 1676 1697 1686 1627 1609 1596 1620
856.830017 1644 1693 1716 1690 1642 1610 1611 1619
856.848999 1635 1684 1707 1685 1642 1597 1599 1640
856.869019 1647 1683 1715 1692 1642 1606 1608 1642
856.888 1633 1676 1691 1689 1632 1609 1602 1622
856.90802 1650 1675 1717 1684 1654 1605 1594 1634
856.927979 1643 1698 1696 1679 1646 1585 1607 1642
856.947021 1640 1675 1715 1689 1657 1616 1592 1636
856.96698 1645 1692 1709 1696 1636 1602 1600 1649
856.986023 1649 1690 1701 1688 1647 1596 1615 1634
857.005981 1649 1674 1715 1683 1639 1606 1605 1636
857.026001 1630 1682 1713 1684 1633 1606 1607 1649
857.044983 1644 1687 1717 1681 1645 1596 1602 1643
857.065002 1639 1685 1707 1675 1634 1606 1610 1643
857.083984 1629 1681 1709 1693 1662 1594 1608 1638
857.104004 1635 1682 1716 1683 1646 1605 1591 1636
857.122986 1628 1675 1699 1688 1636 1613 1608 1632
857.143005 1651 1694 1702 1691 1654 1603 1606 1636
857.163025 1653 1694 1698 1685 1646 1610 1599 1632
857.182007 1625 1694 1717 1687 1649 1593 1596 1636
857.202026 1650 1685 1708 1678 1645 1598 1603 1647
857.221008 1627 1682 1693 1676 1627 1599 1611 1626
857.241028 1639 1691 1714 1691 1645 1608 1604 1631
857.260986 1646 1683 1703 1683 1647 1597 1605 1645
857.280029 1639 1690 1700 1683 1656 1608 1604 1637
857.299988 1636 1677 1701 1697 1653 1603 1595 1629
857.31897 1633 1684 1695 1683 1630 1612 1598 1634
857.338989 1638 1684 1711 1687 1646 1618 1604 1638
857.357971 1632 1686 1711 1684 1650 1608 1601 1634
857.377991 1646 1692 1697 1684 1630 1597 1600 1645
857.39801 1646 1678 1708 1672 1636 1602 1597 1638
857.416992 1628 1693 1689 1687 1647 1596 1603 1642
857.437012 1641 1687 1701 1685 1642 1599 1613 1636
857.455994 1636 1700 1708 1684 1637 1595 1596 1644
857.476013 1641 1685 1708 1684 1629 1594 1593 1629
857.494995 1635 1693 1720 1668 1640 1602 1602 1632
857.515015 1629 1681 1716 1672 1635 1606 1598 1643
857.534973 1643 1675 1692 1695 1658 1605 1591 1632
857.554016 1647 1692 1722 1683 1629 1605 1606 1639
857.573975 1644 1674 1702 1695 1636 1607 1601 1646
857.593018 1631 1688 1707 1673 1645 1597 1601 1630
857.612976 1643 1688 1703 1679 1658 1593 1606 1619
857.632019 1661 1665 1693 1704 1645 1604 1603 1623
857.651978 1648 1680 1697 1683 1643 1600 1593 1634
857.671997 1645 1670 1712 1662 1643 1594 1599 1645
857.690979 1631 1677 1703 1678 1643 1603 1597 1614
857.710999 1636 1703 1708 1673 1627 1598 1595 1647
857.72998 1632 1702 1695 1688 1637 1598 1594 1645
857.75 1651 1685 1709 1699 1651 1603 1606 1645
857.768982 1629 1682 1716 1674 1636 1608 1597 1645
857.789001 1635 1666 1707 1683 1640 1603 1613 1644
857.807983 1654 1688 1705 1683 1644 1610 1613 1646
857.828003 1635 1672 1716 1695 1628 1605 1620 1635
857.848022 1636 1698 1705 1680 1630 1603 1600 1633
857.867004 1642 1678 1695 1675 1642 1610 1598 1639
857.887024 1638 1685 1711 1695 1639 1612 1618 1627
857.906006 1633 1684 1710 1680 1644 1616 1600 1639
857.926025 1635 1670 1697 1684 1633 1617 1603 1637
857.945007 1646 1677 1704 1680 1651 1596 1597 1633
857.965027 1647 1685 1705 1688 1633 1607 1607 1643
857.984009 1623 1679 1687 1694 1646 1608 1601 1626
858.004028 1632 1680 1722 1693 1638 1614 1601 1638
858.02301 1639 1673 1705 1665 1645 1603 1599 1640
858.04303 1634 1690 1695 1692 1637 1599 1602 1646
858.062988 1652 1685 1695 1685 1643 1592 1598 1640
858.08197 1644 1676 1701 1692 1642 1607 1605 1644
858.10199 1644 1691 1691 1681 1634 1608 1616 1653
858.120972 1636 1681 1686 1692 1638 1591 1601 1633
858.140991 1631 1696 1703 1688 1655 1614 1604 1642
858.159973 1634 1679 1717 1694 1645 1606 1601 1648
858.179993 1651 1674 1704 1685 1636 1593 1595 1642
858.198975 1643 1689 1699 1657 1638 1592 1607 1640
858.218994 1631 1680 1709 1676 1640 1600 1603 1639
858.239014 1639 1681 1705 1672 1648 1607 1596 1641
858.257996 1637 1687 1701 1683 1633 1601 1591 1639
858.278015 1630 1677 1699 1664 1638 1607 1599 1646
858.296997 1633 1704 1698 1674 1643 1595 1594 1632
858.317017 1637 1689 1700 1681 1638 1593 1601 1628
858.335999 1638 1672 1695 1684 1627 1605 1604 1627
858.356018 1632 1674 1697 1684 1638 1599 1609 1638
858.375 1643 1681 1699 1679 1626 1601 1595 1634
858.39502 1635 1657 1694 1692 1632 1601 1602 1621
858.414001 1640 1695 1690 1671 1639 1599 1600 1640
858.434021 1634 1684 1701 1674 1648 1599 1602 1636
858.453003 1638 1685 1686 1699 1636 1598 1592 1630
858.473022 1629 1678 1698 1678 1627 1599 1584 1640
858.492004 1628 1668 1705 1680 1630 1609 1596 1638
858.512024 1645 1676 1697 1672 1644 1608 1607 1636
858.531982 1643 1674 1705 1676 1650 1601 1609 1630
858.551025 1636 1686 1708 1691 1635 1593 1599 1641
858.570984 1639 1688 1698 1673 1642 1597 1604 1643
858.590027 1644 1669 1701 1676 1644 1603 1596 1645
858.609985 1640 1669 1702 1675 1638 1606 1610 1637
858.629028 1652 1679 1700 1674 1633 1596 1601 1636
858.648987 1641 1695 1703 1667 1648 1598 1616 1637
858.66803 1638 1687 1701 1681 1632 1599 1598 1633
858.687988 1637 1682 1715 1681 1648 1603 1602 1631
858.70697 1643 1678 1698 1666 1634 1607 1602 1646
858.72699 1647 1667 1704 1676 1629 1611 1604 1631
858.745972 1630 1683 1700 1696 1643 1613 1602 1641
858.765991 1634 1678 1686 1691 1638 1613 1597 1628
858.784973 1631 1691 1713 1678 1640 1610 1596 1634
858.804993 1640 1670 1714 1670 1640 1604 1597 1644
858.823975 1647 1679 1699 1679 1649 1604 1608 1632
858.843994 1619 1691 1697 1668 1635 1613 1606 1641
858.864014 1631 1680 1703 1681 1645 1606 1620 1632
858.882996 1639 1676 1694 1676 1642 1609 1610 1647
858.903015 1634 1681 1708 1689 1638 1610 1600 1645
858.921997 1649 1673 1690 1696 1652 1607 1599 1638
858.942017 1635 1670 1694 1680 1642 1597 1596 1635
858.960999 1625 1682 1695 1682 1647 1599 1612 1631
858.981018 1637 1679 1715 1691 1648 1615 1597 1638
859 1625 1687 1714 1688 1646 1599 1613 1628
859.02002 1642 1677 1703 1664 1646 1603 1597 1636
859.039001 1633 1687 1711 1681 1655 1605 1599 1639
859.059021 1632 1669 1706 1685 1643 1602 1604 1640
859.078003 1644 1688 1692 1686 1648 1617 1605 1639
859.098022 1648 1666 1690 1694 1662 1602 1606 1635
859.117004 1624 1697 1700 1666 1639 1604 1606 1632
859.137024 1644 1665 1682 1681 1640 1593 1607 1625
859.156006 1629 1676 1698 1668 1632 1601 1598 1623
859.176025 1635 1684 1701 1689 1637 1597 1596 1642
859.195007 1624 1676 1696 1674 1648 1603 1595 1632
859.215027 1636 1676 1703 1672 1631 1612 1597 1635
859.234009 1639 1679 1688 1673 1636 1601 1613 1629
859.254028 1636 1679 1693 1672 1638 1616 1598 1651
859.27301 1638 1683 1692 1681 1640 1607 1592 1629
859.29303 1645 1680 1716 1676 1632 1602 1593 1632
859.312012 1632 1680 1701 1663 1647 1599 1615 1644
859.33197 1638 1682 1695 1682 1636 1612 1610 1633
859.351013 1634 1661 1709 1688 1641 1605 1620 1638
859.370972 1645 1674 1692 1682 1631 1605 1599 1626
859.390015 1642 1685 1691 1672 1643 1603 1600 1635
859.409973 1631 1680 1707 1686 1640 1594 1591 1629
859.429016 1626 1683 1709 1670 1643 1600 1610 1634
859.448975 1627 1681 1705 1671 1637 1607 1592 1628
859.468018 1642 1691 1697 1675 1641 1603 1602 1634
859.487976 1646 1671 1696 1672 1642 1592 1606 1628
859.507019 1653 1672 1712 1672 1660 1605 1613 1645
859.526978 1647 1672 1705 1697 1645 1616 1616 1650
859.546021 1629 1681 1693 1681 1640 1610 1616 1640
859.565979 1633 1678 1713 1687 1633 1613 1605 1622
859.585022 1654 1674 1703 1678 1626 1604 1599 1645
859.60498 1638 1695 1701 1679 1639 1613 1602 1632
859.624023 1626 1679 1718 1693 1639 1601 1597 1635
859.643982 1644 1677 1708 1690 1630 1612 1597 1638
859.663025 1643 1675 1729 1691 1641 1612 1607 1627
859.682983 1646 1681 1700 1687 1633 1611 1598 1653
859.702026 1652 1687 1705 1686 1641 1610 1602 1633
859.721985 1628 1696 1700 1690 1635 1604 1616 1623
859.741028 1629 1679 1688 1671 1646 1614 1606 1633
859.760986 1650 1692 1714 1670 1656 1611 1597 1646
859.780029 1635 1674 1700 1683 1638 1608 1598 1627
859.799988 1660 1692 1707 1683 1636 1611 1606 1643
859.81897 1628 1671 1689 1674 1640 1596 1611 1630
859.838989 1627 1672 1711 1667 1640 1590 1596 1624
859.857971 1646 1687 1699 1679 1632 1599 1590 1638
859.877991 1645 1680 1697 1680 1645 1598 1601 1635
859.896973 1641 1687 1707 1664 1637 1609 1608 1617
859.916992 1629 1688 1702 1680 1629 1592 1598 1621
859.935974 1642 1682 1711 1671 1635 1610 1596 1627
859.955994 1645 1671 1708 1675 1653 1608 1608 1636
859.974976 1643 1674 1702 1674 1636 1598 1607 1634
859.994995 1629 1694 1714 1678 1634 1607 1605 1640
860.013977 1639 1699 1699 1668 1635 1605 1601 1620
860.033997 1639 1682 1709 1679 1643 1596 1600 1630
860.052979 1639 1672 1706 1682 1634 1594 1594 1631
860.072998 1637 1681 1708 1668 1640 1588 1603 1642
860.09198 1627 1674 1703 1682 1636 1601 1607 1629
860.112 1647 1676 1699 1675 1645 1593 1599 1643
860.130981 1644 1685 1696 1676 1640 1598 1591 1640
860.151001 1638 1674 1686 1685 1635 1605 1593 1644
860.169983 1633 1680 1707 1677 1638 1603 1594 1631
860.189026 1647 1680 1696 1686 1646 1601 1600 1629
860.208984 1647 1678 1691 1681 1638 1597 1596 1630
860.228027 1644 1673 1703 1668 1620 1594 1597 1626
860.247986 1624 1690 1693 1684 1643 1598 1603 1622
860.267029 1629 1676 1700 1686 1643 1610 1597 1638
860.286987 1639 1679 1695 1671 1639 1596 1593 1626
860.30603 1634 1678 1697 1684 1637 1598 1589 1622
860.325989 1644 1676 1710 1687 1640 1592 1597 1621
860.344971 1645 1684 1695 1675 1636 1597 1611 1630
860.36499 1643 1672 1669 1690 1637 1610 1600 1620
860.383972 1632 1685 1700 1680 1640 1617 1592 1625
860.403992 1624 1692 1698 1692 1645 1600 1595 1640
860.422974 1637 1673 1686 1677 1639 1606 1614 1624
860.442993 1635 1687 1684 1673 1621 1608 1602 1631
860.461975 1640 1694 1716 1684 1634 1598 1592 1638
860.481995 1640 1657 1703 1677 1646 1604 1599 1635
860.500977 1636 1698 1723 1685 1638 1603 1606 1627
860.520996 1642 1681 1698 1696 1629 1612 1605 1635
860.539978 1639 1687 1695 1686 1656 1598 1610 1631
860.559021 1642 1702 1701 1676 1635 1611 1605 1626
860.578979 1628 1674 1693 1674 1634 1604 1599 1636
860.598022 1645 1682 1703 1680 1644 1604 1608 1633
860.617981 1622 1690 1703 1694 1638 1607 1614 1651
860.637024 1633 1675 1710 1676 1647 1597 1592 1643
860.656982 1628 1696 1698 1672 1629 1596 1599 1637
860.676025 1642 1676 1712 1678 1630 1605 1601 1636
860.695984 1635 1673 1709 1685 1645 1595 1600 1635
860.715027 1633 1688 1701 1665 1631 1609 1603 1633
860.734985 1640 1674 1699 1701 1643 1604 1604 1635
860.754028 1636 1696 1711 1695 1650 1591 1601 1657
860.77301 1632 1674 1717 1682 1639 1591 1597 1633
