0 12.8571429 25.7142857 38.5714286 51.4285714 64.2857143 77.1428571 90
828.851013 1720 1730 1727 1734 1728 1721 1727 1730
828.870972 1725 1727 1730 1736 1744 1725 1747 1715
828.890991 1712 1714 1721 1726 1738 1738 1720 1741
828.911987 1706 1725 1745 1736 1731 1728 1710 1721
828.932007 1718 1736 1714 1737 1745 1724 1724 1720
828.953003 1728 1745 1724 1761 1734 1731 1730 1726
828.973022 1714 1736 1725 1734 1732 1728 1717 1726
828.994019 1723 1740 1744 1739 1750 1731 1725 1711
829.013977 1715 1703 1716 1744 1735 1712 1707 1717
829.034973 1719 1718 1742 1740 1730 1718 1738 1707
829.054993 1717 1722 1716 1715 1734 1725 1740 1705
829.075012 1711 1719 1726 1742 1735 1724 1715 1713
829.096008 1717 1713 1711 1725 1743 1714 1721 1706
829.116028 1727 1721 1717 1720 1724 1719 1713 1700
829.137024 1716 1718 1718 1737 1716 1728 1718 1692
829.156982 1714 1710 1733 1718 1721 1719 1708 1705
829.177979 1718 1720 1709 1716 1723 1721 1705 1727
829.197998 1730 1724 1723 1729 1715 1729 1701 1715
829.218994 1700 1726 1730 1734 1716 1710 1710 1722
829.239014 1709 1705 1731 1736 1732 1716 1723 1706
829.258972 1701 1723 1727 1736 1706 1690 1715 1710
829.280029 1704 1707 1710 1740 1730 1723 1697 1722
829.299988 1689 1699 1710 1717 1713 1718 1725 1715
829.320984 1704 1717 1721 1728 1709 1703 1698 1701
829.341003 1697 1704 1728 1730 1719 1715 1712 1683
829.362 1707 1706 1715 1714 1704 1708 1701 1696
829.382019 1708 1700 1714 1722 1732 1708 1703 1707
829.401978 1707 1716 1722 1722 1710 1714 1716 1708
829.422974 1710 1704 1717 1725 1716 1719 1709 1702
829.442993 1704 1709 1727 1718 1731 1710 1728 1706
829.463989 1714 1711 1730 1727 1725 1715 1702 1695
829.484009 1694 1702 1709 1718 1726 1724 1709 1719
829.505005 1711 1711 1709 1730 1717 1709 1719 1706
829.525024 1704 1719 1729 1738 1710 1726 1717 1707
829.544983 1706 1701 1715 1727 1720 1731 1714 1704
829.565979 1722 1706 1720 1719 1726 1719 1716 1709
829.585999 1707 1723 1705 1724 1734 1702 1728 1710
829.606995 1700 1700 1717 1715 1732 1714 1724 1710
829.627014 1708 1710 1716 1718 1718 1712 1726 1706
829.64801 1717 1705 1716 1720 1720 1711 1713 1723
829.66803 1701 1693 1729 1725 1719 1726 1710 1708
829.687988 1708 1707 1723 1713 1712 1725 1717 1713
829.708984 1713 1714 1718 1716 1733 1717 1698 1706
829.729004 1696 1708 1737 1715 1726 1709 1721 1729
829.75 1720 1717 1723 1734 1706 1720 1709 1707
829.77002 1701 1704 1717 1728 1725 1711 1702 1691
829.791016 1706 1696 1727 1721 1732 1735 1708 1719
829.810974 1702 1712 1723 1736 1718 1709 1705 1715
829.830994 1717 1707 1721 1730 1719 1713 1724 1706
829.85199 1708 1721 1721 1726 1740 1720 1717 1723
829.872009 1711 1712 1739 1736 1723 1722 1724 1700
829.893005 1705 1724 1730 1723 1719 1716 1724 1700
829.913025 1725 1737 1717 1745 1732 1713 1710 1723
829.932983 1715 1707 1725 1728 1722 1715 1712 1710
829.953979 1708 1731 1726 1725 1735 1714 1711 1727
829.973999 1716 1721 1726 1741 1719 1726 1720 1717
829.994995 1721 1713 1710 1734 1718 1730 1730 1709
830.015015 1719 1708 1729 1745 1730 1719 1717 1711
830.036011 1715 1714 1736 1739 1753 1744 1727 1729
830.05603 1723 1711 1728 1733 1728 1730 1740 1713
830.075989 1705 1715 1740 1735 1732 1726 1729 1728
830.096985 1721 1730 1723 1743 1742 1716 1739 1722
830.117004 1732 1723 1738 1740 1747 1721 1729 1713
830.138 1730 1710 1736 1725 1739 1724 1728 1733
830.15802 1730 1734 1719 1740 1726 1738 1738 1734
830.177979 1731 1738 1734 1745 1731 1744 1738 1707
830.198975 1741 1750 1732 1749 1741 1749 1727 1733
830.218994 1732 1729 1737 1736 1746 1723 1734 1723
830.23999 1727 1744 1737 1744 1737 1742 1725 1728
830.26001 1715 1723 1736 1732 1747 1737 1732 1721
830.280029 1733 1744 1748 1752 1765 1744 1732 1741
830.301025 1736 1728 1723 1744 1724 1742 1717 1702
830.320984 1738 1757 1744 1751 1735 1730 1739 1735
830.34198 1736 1733 1728 1739 1740 1744 1744 1720
830.362 1736 1735 1744 1747 1743 1740 1746 1727
830.382996 1727 1731 1742 1743 1720 1739 1717 1736
830.403015 1730 1738 1724 1733 1746 1738 1728 1718
830.422974 1737 1734 1721 1737 1758 1722 1713 1723
830.44397 1738 1736 1756 1759 1747 1746 1739 1731
830.463989 1719 1733 1736 1766 1749 1744 1725 1733
830.484009 1730 1735 1747 1729 1739 1733 1716 1735
830.505005 1728 1743 1734 1755 1776 1730 1748 1728
830.525024 1738 1729 1746 1740 1741 1725 1730 1748
830.546021 1730 1745 1752 1755 1758 1745 1733 1716
830.565979 1727 1730 1736 1748 1739 1746 1745 1739
830.585999 1738 1739 1742 1731 1738 1738 1722 1721
830.606995 1716 1725 1751 1720 1742 1747 1732 1717
830.627014 1722 1724 1744 1742 1731 1740 1709 1727
830.64801 1740 1735 1749 1749 1739 1719 1731 1723
830.66803 1714 1710 1726 1745 1732 1711 1707 1723
830.687988 1721 1718 1729 1748 1736 1747 1717 1729
830.708984 1730 1717 1724 1746 1752 1725 1731 1721
830.729004 1721 1726 1724 1744 1752 1729 1714 1726
830.75 1707 1737 1716 1730 1747 1729 1738 1725
830.77002 1725 1736 1750 1748 1724 1728 1716 1702
830.789978 1733 1704 1733 1741 1730 1719 1721 1710
830.810974 1735 1726 1733 1751 1732 1727 1701 1720
830.830994 1713 1732 1727 1744 1724 1711 1721 1710
830.85199 1741 1724 1736 1726 1714 1741 1739 1711
830.872009 1704 1711 1732 1720 1736 1726 1719 1715
830.892029 1721 1733 1758 1750 1728 1705 1721 1724
830.913025 1711 1735 1719 1724 1725 1736 1726 1704
830.932983 1704 1726 1717 1736 1723 1720 1726 1722
830.953979 1712 1719 1728 1727 1721 1727 1714 1732
830.973999 1721 1721 1739 1742 1730 1715 1713 1716
830.994019 1713 1709 1715 1722 1732 1709 1726 1713
831.015015 1713 1709 1733 1730 1731 1720 1715 1715
831.034973 1729 1728 1730 1735 1724 1738 1719 1716
831.054993 1720 1700 1721 1735 1723 1717 1725 1707
831.075989 1711 1725 1731 1739 1727 1716 1713 1718
831.096008 1711 1721 1736 1733 1717 1699 1704 1697
831.117004 1721 1716 1714 1750 1740 1724 1706 1719
831.137024 1709 1714 1730 1734 1726 1730 1711 1727
831.156982 1704 1702 1720 1735 1716 1730 1702 1706
831.177979 1718 1724 1748 1727 1723 1704 1719 1713
831.197998 1713 1723 1718 1730 1747 1732 1722 1710
831.218994 1711 1709 1723 1719 1725 1725 1705 1698
831.239014 1709 1715 1723 1734 1720 1722 1706 1703
831.258972 1714 1711 1717 1726 1729 1709 1714 1700
831.280029 1698 1712 1741 1711 1725 1715 1715 1709
831.299988 1699 1718 1733 1730 1730 1735 1721 1725
831.320007 1714 1702 1712 1714 1730 1728 1707 1699
831.341003 1708 1699 1707 1725 1730 1728 1719 1715
831.361023 1732 1697 1715 1719 1733 1736 1716 1718
831.382019 1719 1710 1723 1731 1719 1730 1710 1705
831.401978 1707 1718 1712 1723 1724 1719 1707 1725
831.421997 1706 1721 1706 1729 1709 1715 1709 1696
831.442993 1689 1705 1710 1729 1724 1724 1724 1703
831.463013 1701 1704 1716 1718 1742 1720 1721 1711
831.482971 1714 1718 1720 1736 1727 1722 1715 1698
831.504028 1699 1711 1724 1720 1724 1738 1720 1705
831.523987 1715 1731 1718 1743 1746 1720 1714 1712
831.544983 1713 1715 1731 1737 1739 1726 1701 1718
831.565002 1705 1728 1731 1724 1725 1717 1713 1720
831.585022 1700 1717 1723 1744 1739 1701 1699 1726
831.606018 1712 1727 1733 1709 1730 1743 1716 1731
831.625977 1709 1722 1719 1735 1714 1708 1709 1704
831.645996 1714 1708 1725 1719 1734 1725 1702 1716
831.666992 1745 1710 1722 1753 1728 1710 1717 1713
831.687012 1707 1734 1729 1733 1730 1729 1718 1722
831.708008 1718 1723 1719 1740 1716 1729 1727 1703
831.728027 1720 1719 1739 1738 1734 1716 1697 1702
831.747986 1722 1726 1719 1728 1740 1719 1717 1697
831.768982 1706 1718 1720 1732 1736 1731 1708 1724
831.789001 1703 1716 1752 1738 1734 1732 1733 1724
831.809021 1708 1721 1747 1744 1739 1728 1734 1728
831.830017 1724 1721 1720 1742 1737 1724 1731 1720
831.849976 1708 1731 1738 1735 1725 1707 1718 1724
831.869995 1718 1720 1732 1737 1726 1720 1743 1728
831.890991 1721 1715 1732 1742 1737 1729 1742 1709
831.911011 1728 1723 1714 1736 1728 1721 1722 1710
831.932007 1699 1732 1738 1759 1717 1715 1725 1713
831.952026 1712 1718 1741 1738 1748 1728 1709 1729
831.971985 1730 1728 1736 1722 1752 1739 1729 1731
831.992981 1719 1714 1722 1731 1725 1737 1733 1722
832.013 1705 1728 1736 1755 1751 1726 1718 1706
832.03302 1721 1727 1734 1747 1726 1727 1732 1723
832.054016 1714 1723 1730 1757 1749 1705 1732 1712
832.073975 1716 1734 1726 1748 1737 1730 1727 1719
832.093994 1722 1735 1729 1744 1732 1727 1726 1725
832.11499 1712 1720 1756 1735 1742 1728 1720 1734
832.13501 1720 1735 1716 1743 1726 1758 1731 1730
832.155029 1717 1738 1731 1743 1734 1725 1704 1706
832.176025 1728 1707 1747 1746 1747 1736 1736 1724
832.195984 1725 1724 1751 1734 1731 1744 1727 1721
832.216003 1708 1740 1728 1728 1740 1747 1734 1728
832.237 1727 1735 1731 1746 1748 1717 1746 1722
832.257019 1738 1741 1739 1771 1739 1736 1728 1726
832.278015 1714 1731 1747 1741 1748 1731 1733 1734
832.297974 1724 1739 1736 1745 1750 1730 1742 1748
832.317993 1705 1745 1738 1750 1732 1740 1737 1734
832.338989 1735 1730 1759 1745 1738 1743 1734 1726
832.359009 1726 1743 1751 1755 1737 1739 1724 1730
832.379028 1725 1735 1752 1759 1741 1748 1737 1727
832.400024 1735 1717 1744 1752 1731 1722 1750 1732
832.419983 1735 1745 1740 1745 1759 1735 1738 1739
832.440002 1740 1723 1746 1746 1751 1750 1736 1739
832.460999 1730 1739 1749 1744 1738 1738 1728 1742
832.481018 1724 1738 1743 1743 1742 1765 1723 1711
832.500977 1731 1740 1737 1750 1756 1725 1721 1721
832.521973 1727 1742 1731 1762 1742 1742 1748 1734
832.541992 1737 1735 1736 1756 1774 1727 1730 1725
832.562012 1726 1733 1742 1753 1749 1734 1729 1724
832.583008 1740 1729 1748 1739 1737 1756 1721 1732
832.603027 1712 1750 1728 1742 1747 1739 1731 1727
832.622986 1736 1734 1750 1741 1737 1755 1738 1722
832.643982 1740 1735 1754 1759 1747 1750 1731 1708
832.664001 1735 1715 1755 1742 1735 1737 1719 1714
832.684021 1721 1724 1752 1744 1741 1748 1732 1735
832.705017 1708 1732 1737 1736 1752 1751 1727 1737
832.724976 1720 1748 1746 1745 1748 1749 1721 1730
832.744995 1729 1735 1737 1746 1723 1746 1712 1734
832.765991 1737 1743 1743 1768 1724 1726 1736 1733
832.786011 1721 1749 1735 1734 1754 1727 1730 1726
832.80603 1726 1730 1736 1746 1736 1728 1736 1722
832.827026 1714 1727 1735 1744 1735 1736 1719 1707
832.846985 1725 1732 1737 1739 1760 1751 1721 1731
832.867004 1722 1719 1740 1743 1736 1732 1728 1733
832.888 1720 1732 1736 1741 1735 1735 1730 1721
832.90802 1702 1724 1726 1749 1737 1734 1736 1729
832.927979 1728 1724 1746 1756 1735 1725 1728 1706
832.948975 1724 1731 1746 1757 1753 1735 1720 1736
832.968994 1727 1721 1748 1732 1733 1732 1739 1718
832.989014 1724 1734 1729 1761 1740 1718 1751 1708
833.01001 1733 1736 1734 1756 1727 1734 1728 1718
833.030029 1742 1723 1749 1741 1724 1718 1716 1722
833.049988 1716 1725 1722 1762 1734 1726 1723 1712
833.070984 1724 1715 1730 1736 1732 1727 1728 1714
833.091003 1727 1742 1740 1746 1739 1747 1739 1718
833.111023 1718 1717 1749 1762 1706 1731 1734 1713
833.132019 1722 1732 1716 1747 1738 1741 1718 1711
833.151978 1727 1720 1708 1734 1728 1730 1706 1726
833.171997 1723 1728 1733 1747 1733 1729 1717 1721
833.192993 1733 1730 1733 1750 1751 1745 1723 1708
833.213013 1709 1728 1724 1750 1740 1730 1725 1721
833.232971 1713 1713 1732 1739 1736 1715 1727 1713
833.254028 1722 1719 1721 1732 1735 1728 1730 1715
833.273987 1713 1716 1725 1725 1717 1730 1726 1716
833.294006 1716 1727 1728 1735 1740 1737 1722 1723
833.315002 1711 1722 1726 1725 1749 1720 1721 1723
833.335022 1723 1713 1736 1725 1738 1729 1718 1725
833.35498 1712 1723 1721 1725 1731 1712 1707 1718
833.375977 1726 1713 1734 1771 1728 1728 1712 1717
833.395996 1718 1713 1718 1730 1752 1738 1713 1711
833.416016 1717 1729 1730 1734 1740 1734 1725 1718
833.437012 1714 1734 1718 1741 1737 1727 1723 1713
833.45697 1714 1716 1720 1736 1728 1720 1702 1720
833.47699 1705 1705 1715 1726 1735 1731 1712 1723
833.497009 1721 1703 1730 1722 1709 1725 1707 1701
833.518005 1719 1717 1737 1741 1733 1724 1731 1701
833.538025 1704 1703 1724 1737 1722 1715 1729 1702
833.557983 1705 1726 1736 1723 1710 1714 1715 1711
833.578979 1702 1722 1714 1733 1725 1720 1740 1731
833.598999 1720 1715 1710 1733 1723 1730 1719 1718
833.619019 1713 1715 1714 1734 1718 1715 1705 1701
833.640015 1706 1727 1730 1729 1734 1735 1719 1711
833.659973 1726 1728 1714 1730 1724 1707 1724 1720
833.679993 1705 1714 1721 1744 1722 1740 1711 1709
833.700989 1713 1733 1722 1729 1741 1736 1722 1707
833.721008 1719 1716 1724 1735 1727 1730 1728 1703
833.741028 1715 1700 1718 1748 1730 1713 1707 1719
833.762024 1723 1719 1711 1734 1722 1708 1719 1710
833.781982 1714 1701 1715 1739 1735 1722 1720 1708
833.802002 1714 1717 1737 1727 1724 1705 1715 1728
833.822021 1733 1755 1726 1731 1719 1727 1715 1699
833.843018 1716 1711 1740 1733 1731 1719 1730 1707
833.862976 1715 1720 1714 1731 1754 1723 1719 1718
833.882996 1695 1740 1716 1743 1735 1724 1720 1714
833.903992 1707 1731 1722 1746 1726 1727 1724 1706
833.924011 1717 1731 1729 1735 1724 1739 1714 1727
833.94397 1700 1723 1719 1739 1725 1722 1723 1704
833.965027 1702 1714 1741 1733 1722 1706 1707 1711
833.984985 1737 1717 1737 1727 1732 1730 1706 1704
834.005005 1717 1714 1732 1727 1753 1732 1707 1707
834.026001 1717 1724 1729 1739 1731 1729 1719 1722
834.046021 1711 1730 1727 1734 1730 1714 1712 1709
834.065979 1712 1695 1740 1751 1736 1722 1722 1716
834.085999 1715 1718 1730 1754 1730 1736 1724 1732
834.106995 1701 1730 1718 1736 1735 1724 1727 1722
834.127014 1720 1710 1726 1728 1740 1734 1705 1713
834.146973 1727 1718 1738 1726 1742 1736 1707 1721
834.16803 1705 1714 1729 1742 1711 1732 1721 1725
834.187988 1700 1732 1721 1751 1728 1729 1736 1718
834.208008 1725 1735 1740 1736 1719 1731 1725 1715
834.228027 1725 1726 1734 1746 1747 1730 1719 1719
834.249023 1732 1720 1728 1730 1722 1710 1722 1706
834.268982 1708 1711 1731 1726 1732 1714 1717 1736
834.289001 1735 1722 1716 1723 1721 1712 1707 1707
834.309998 1717 1736 1726 1760 1736 1719 1717 1724
834.330017 1710 1723 1725 1721 1730 1715 1728 1727
834.349976 1721 1705 1721 1728 1725 1724 1714 1715
834.369995 1733 1706 1708 1715 1740 1733 1723 1719
834.390991 1716 1729 1718 1724 1725 1719 1722 1724
834.411011 1708 1721 1735 1741 1742 1728 1733 1722
834.43103 1704 1729 1720 1729 1734 1738 1719 1731
834.452026 1711 1736 1729 1747 1726 1725 1726 1705
834.471985 1727 1726 1718 1739 1736 1734 1705 1713
834.492004 1719 1717 1715 1741 1720 1708 1709 1715
834.513 1730 1724 1739 1751 1737 1731 1730 1700
834.53302 1732 1718 1726 1751 1739 1723 1719 1719
834.552979 1721 1722 1733 1737 1734 1727 1737 1722
834.572998 1717 1722 1742 1743 1729 1733 1738 1722
834.593994 1717 1735 1738 1756 1735 1734 1726 1728
834.614014 1717 1727 1760 1743 1736 1748 1729 1726
834.633972 1724 1728 1745 1745 1734 1741 1723 1718
834.653992 1733 1720 1721 1741 1743 1731 1725 1715
834.674988 1729 1708 1727 1729 1743 1717 1724 1723
834.695007 1727 1724 1735 1743 1748 1740 1723 1738
834.715027 1728 1731 1742 1741 1761 1719 1723 1717
834.736023 1709 1708 1733 1750 1736 1746 1724 1716
834.755981 1720 1717 1737 1753 1733 1750 1717 1713
834.776001 1705 1721 1735 1731 1732 1734 1720 1715
834.796021 1712 1717 1750 1745 1739 1729 1734 1730
834.817017 1729 1723 1716 1729 1747 1736 1727 1738
834.836975 1728 1722 1732 1734 1717 1734 1741 1723
834.856995 1720 1733 1736 1758 1742 1741 1738 1725
834.877991 1721 1744 1734 1733 1734 1748 1723 1715
834.89801 1723 1736 1750 1740 1749 1746 1727 1714
834.91803 1743 1750 1739 1752 1749 1750 1729 1718
834.937988 1733 1727 1748 1762 1736 1741 1729 1746
834.958984 1731 1734 1733 1759 1765 1725 1751 1731
834.979004 1732 1752 1751 1751 1742 1731 1748 1742
834.999023 1737 1724 1727 1753 1749 1730 1730 1732
835.018982 1730 1734 1761 1746 1747 1747 1742 1732
835.039978 1712 1724 1752 1766 1751 1738 1739 1730
835.059998 1733 1735 1746 1729 1727 1735 1713 1730
835.080017 1724 1710 1727 1746 1735 1726 1741 1737
835.101013 1733 1710 1728 1762 1743 1740 1745 1723
835.120972 1717 1746 1759 1750 1727 1720 1740 1735
835.140991 1728 1723 1742 1741 1729 1735 1736 1715
835.161011 1719 1717 1751 1738 1746 1752 1739 1727
835.182007 1725 1735 1734 1728 1764 1715 1740 1732
835.202026 1733 1747 1731 1748 1738 1714 1733 1727
835.221985 1725 1719 1739 1751 1741 1751 1728 1718
835.242004 1720 1732 1739 1756 1731 1730 1749 1726
835.263 1718 1736 1751 1733 1732 1739 1741 1727
835.28302 1720 1715 1736 1736 1734 1743 1741 1723
835.302979 1715 1736 1738 1751 1737 1722 1714 1705
835.322998 1731 1744 1740 1750 1744 1728 1729 1732
835.343994 1710 1723 1757 1771 1743 1740 1721 1717
835.364014 1717 1734 1753 1724 1733 1743 1717 1727
835.383972 1724 1743 1740 1735 1743 1727 1721 1730
835.403992 1712 1732 1740 1750 1763 1752 1725 1717
835.424988 1718 1742 1719 1732 1746 1745 1744 1745
835.445007 1729 1738 1723 1752 1733 1743 1732 1716
835.465027 1713 1725 1744 1739 1742 1724 1725 1734
835.486023 1740 1725 1732 1752 1725 1721 1734 1727
835.505981 1713 1738 1748 1749 1741 1746 1724 1729
835.526001 1751 1734 1732 1750 1721 1741 1725 1736
835.546021 1728 1733 1735 1746 1745 1752 1731 1738
835.567017 1733 1730 1739 1746 1740 1746 1728 1706
835.586975 1714 1730 1737 1729 1726 1729 1725 1728
835.606995 1733 1712 1741 1737 1754 1734 1725 1716
835.627014 1725 1738 1735 1742 1743 1737 1737 1716
835.64801 1735 1727 1722 1758 1709 1739 1725 1714
835.66803 1712 1720 1729 1745 1745 1737 1723 1727
835.687988 1741 1723 1715 1736 1736 1728 1728 1714
835.708008 1725 1727 1749 1729 1735 1738 1731 1717
835.729004 1702 1710 1724 1734 1741 1731 1720 1710
835.749023 1728 1732 1737 1743 1726 1739 1726 1735
835.768982 1721 1724 1746 1732 1745 1744 1729 1727
835.789001 1712 1712 1730 1748 1739 1718 1725 1731
835.809998 1709 1734 1735 1743 1747 1741 1733 1724
835.830017 1734 1737 1746 1741 1744 1743 1744 1726
835.849976 1716 1736 1739 1731 1730 1727 1740 1725
835.869995 1730 1730 1744 1744 1748 1731 1751 1718
835.890991 1732 1740 1732 1744 1734 1739 1736 1730
835.911011 1723 1725 1739 1742 1751 1728 1728 1705
835.93103 1722 1733 1739 1739 1724 1739 1755 1723
835.950989 1733 1735 1721 1747 1746 1728 1724 1727
835.971985 1713 1748 1746 1744 1752 1735 1732 1734
835.992004 1724 1730 1743 1769 1739 1735 1728 1723
836.012024 1738 1756 1746 1754 1746 1737 1747 1737
836.031982 1726 1752 1731 1740 1755 1730 1740 1736
836.052002 1735 1732 1741 1753 1753 1754 1734 1715
836.072998 1732 1734 1756 1760 1737 1716 1724 1726
836.093018 1717 1721 1743 1725 1758 1751 1720 1731
836.112976 1722 1727 1748 1749 1753 1718 1733 1731
836.132996 1739 1728 1740 1753 1727 1742 1749 1719
836.153992 1717 1741 1755 1741 1749 1736 1751 1742
836.174011 1741 1726 1748 1736 1748 1735 1740 1742
836.19397 1745 1738 1743 1741 1742 1730 1737 1726
836.213989 1722 1722 1736 1747 1719 1722 1731 1744
836.234985 1742 1734 1754 1743 1747 1744 1720 1739
836.255005 1704 1749 1725 1755 1744 1725 1723 1739
836.275024 1727 1722 1732 1746 1748 1725 1721 1734
836.294983 1719 1723 1734 1756 1743 1726 1727 1733
836.315979 1735 1740 1743 1738 1742 1749 1742 1720
836.335999 1730 1720 1742 1744 1723 1738 1729 1737
836.356018 1722 1725 1735 1751 1735 1747 1735 1735
836.375977 1724 1724 1734 1718 1732 1737 1712 1724
836.395996 1722 1715 1729 1739 1740 1718 1729 1727
836.416992 1732 1720 1724 1728 1757 1735 1734 1728
836.437012 1707 1727 1733 1745 1736 1729 1730 1714
836.45697 1723 1723 1732 1755 1735 1743 1737 1708
836.47699 1741 1721 1743 1737 1732 1721 1730 1734
836.497986 1731 1734 1739 1741 1740 1728 1733 1723
836.518005 1724 1716 1740 1728 1741 1725 1719 1738
836.538025 1733 1724 1743 1761 1745 1739 1728 1715
836.557983 1718 1730 1739 1746 1732 1734 1727 1733
836.578979 1728 1748 1739 1740 1740 1741 1744 1745
836.598999 1741 1720 1754 1754 1748 1735 1724 1719
836.619019 1727 1727 1734 1754 1755 1742 1741 1712
836.638977 1722 1741 1747 1759 1740 1748 1716 1719
836.658997 1732 1730 1745 1752 1753 1747 1717 1722
836.679993 1720 1735 1738 1753 1749 1736 1718 1723
836.700012 1724 1715 1738 1753 1735 1736 1738 1724
836.719971 1723 1731 1738 1741 1716 1734 1733 1728
836.73999 1725 1725 1756 1742 1738 1739 1732 1717
836.760986 1727 1720 1735 1758 1728 1734 1728 1740
836.781006 1722 1729 1743 1745 1751 1740 1737 1716
836.801025 1731 1728 1752 1752 1747 1734 1724 1727
836.820984 1732 1718 1746 1756 1741 1737 1742 1726
836.841003 1730 1724 1729 1753 1741 1726 1741 1721
836.862 1717 1720 1743 1750 1742 1731 1724 1719
836.882019 1732 1740 1727 1762 1736 1753 1721 1732
836.901978 1734 1730 1733 1729 1751 1726 1737 1721
836.921997 1747 1723 1732 1766 1744 1725 1722 1728
836.942993 1735 1732 1757 1744 1764 1747 1734 1730
836.963013 1727 1718 1737 1754 1748 1741 1738 1753
836.982971 1715 1734 1747 1748 1733 1745 1742 1725
837.002991 1738 1739 1735 1749 1750 1748 1725 1746
837.02301 1727 1755 1755 1753 1744 1743 1730 1738
837.044006 1733 1742 1754 1761 1754 1757 1743 1730
837.064026 1750 1755 1742 1772 1758 1768 1729 1750
837.083984 1746 1770 1771 1747 1769 1751 1746 1741
837.104004 1723 1762 1770 1760 1760 1746 1778 1759
837.124023 1752 1770 1736 1772 1771 1765 1751 1738
837.14502 1755 1746 1764 1761 1766 1770 1755 1737
837.164978 1769 1763 1755 1767 1748 1774 1753 1746
837.184998 1756 1755 1781 1774 1786 1767 1763 1751
837.205017 1757 1763 1781 1770 1786 1754 1763 1737
837.224976 1763 1752 1772 1763 1783 1764 1752 1741
837.245972 1752 1749 1764 1773 1771 1764 1754 1759
837.265991 1754 1760 1778 1774 1750 1771 1770 1745
837.286011 1745 1769 1765 1789 1754 1753 1765 1757
837.30603 1756 1755 1769 1786 1760 1762 1739 1734
837.325989 1770 1756 1749 1764 1771 1765 1757 1751
837.346985 1748 1750 1760 1778 1748 1765 1748 1745
837.367004 1740 1760 1764 1770 1767 1743 1748 1767
837.387024 1740 1750 1759 1762 1749 1754 1762 1741
837.406982 1757 1758 1766 1763 1755 1765 1756 1764
837.427002 1761 1751 1762 1766 1755 1760 1758 1768
837.447998 1745 1759 1755 1763 1775 1764 1761 1755
837.468018 1753 1779 1747 1769 1761 1749 1767 1747
837.487976 1749 1738 1758 1779 1766 1756 1765 1737
837.507996 1739 1765 1769 1784 1767 1774 1754 1745
837.528992 1746 1762 1756 1762 1772 1746 1751 1749
837.549011 1756 1763 1753 1757 1773 1754 1731 1745
837.56897 1760 1756 1755 1765 1771 1782 1744 1753
837.588989 1747 1756 1774 1781 1751 1756 1757 1756
837.609009 1764 1758 1754 1753 1763 1756 1753 1758
837.629028 1738 1768 1785 1781 1757 1771 1763 1757
837.650024 1762 1747 1759 1766 1774 1735 1745 1744
837.669983 1747 1749 1772 1772 1772 1762 1765 1755
837.690002 1762 1771 1782 1770 1758 1774 1756 1740
837.710022 1754 1776 1770 1766 1774 1764 1764 1761
837.72998 1767 1750 1779 1786 1776 1759 1762 1755
837.750977 1734 1776 1764 1763 1775 1762 1751 1772
837.770996 1771 1750 1759 1775 1785 1757 1758 1754
837.791016 1751 1764 1777 1791 1796 1766 1763 1770
837.810974 1758 1764 1761 1766 1770 1771 1765 1765
837.830994 1763 1766 1777 1782 1766 1742 1773 1769
837.85199 1758 1771 1765 1781 1764 1757 1751 1744
837.872009 1760 1754 1786 1783 1814 1783 1745 1765
837.892029 1773 1756 1772 1786 1773 1784 1768 1769
837.911987 1757 1772 1782 1766 1799 1764 1774 1767
837.932007 1743 1750 1758 1788 1782 1771 1778 1772
837.953003 1755 1768 1764 1787 1774 1771 1754 1757
837.973022 1759 1767 1769 1787 1779 1773 1779 1769
837.992981 1756 1768 1755 1760 1779 1766 1760 1767
838.013 1758 1768 1775 1773 1786 1767 1765 1771
838.03302 1749 1767 1772 1772 1770 1791 1768 1772
838.052979 1764 1783 1783 1787 1788 1782 1774 1771
838.073975 1762 1766 1782 1778 1791 1762 1756 1770
838.093994 1780 1770 1756 1785 1766 1771 1778 1786
838.114014 1761 1759 1780 1804 1764 1775 1775 1778
838.133972 1758 1767 1777 1792 1782 1773 1761 1771
838.153992 1783 1764 1795 1788 1791 1775 1775 1771
838.174011 1754 1781 1779 1778 1765 1784 1780 1764
838.195007 1769 1775 1785 1783 1775 1774 1768 1755
838.215027 1758 1774 1779 1802 1761 1779 1789 1761
838.234985 1763 1781 1788 1794 1759 1777 1781 1762
838.255005 1774 1763 1798 1789 1766 1787 1784 1772
838.275024 1775 1771 1778 1780 1795 1802 1781 1774
838.296021 1791 1798 1766 1784 1802 1788 1777 1775
838.315979 1779 1766 1770 1795 1779 1777 1788 1782
838.335999 1776 1755 1774 1765 1777 1775 1779 1771
838.356018 1766 1768 1769 1780 1762 1761 1747 1762
838.375977 1785 1765 1773 1770 1772 1778 1786 1765
838.395996 1770 1753 1760 1780 1773 1773 1761 1751
838.416992 1752 1769 1779 1784 1770 1784 1770 1749
838.437012 1744 1796 1774 1779 1774 1775 1762 1754
838.45697 1758 1781 1776 1776 1768 1749 1785 1758
838.47699 1766 1749 1769 1785 1769 1765 1748 1766
838.497009 1773 1767 1799 1784 1782 1775 1760 1767
838.517029 1770 1751 1763 1781 1761 1789 1759 1739
838.538025 1766 1753 1773 1792 1779 1768 1763 1753
838.557983 1767 1766 1775 1772 1782 1776 1756 1754
838.578003 1762 1774 1784 1776 1787 1768 1756 1734
838.598022 1749 1773 1754 1775 1764 1769 1781 1742
838.617981 1754 1753 1769 1774 1773 1771 1753 1760
838.638 1743 1750 1764 1780 1780 1749 1747 1730
838.658997 1749 1777 1770 1780 1776 1758 1779 1760
838.679016 1757 1750 1771 1774 1767 1780 1750 1760
838.698975 1750 1759 1774 1780 1788 1778 1761 1748
838.718994 1770 1756 1765 1787 1764 1761 1758 1735
838.739014 1750 1762 1767 1786 1777 1751 1756 1743
838.758972 1758 1760 1752 1774 1768 1759 1748 1763
838.780029 1741 1758 1771 1776 1784 1758 1755 1751
838.799988 1751 1758 1754 1779 1770 1772 1759 1736
838.820007 1767 1754 1755 1772 1777 1763 1757 1763
838.840027 1744 1756 1777 1754 1763 1778 1739 1755
838.859985 1759 1752 1782 1796 1771 1773 1757 1750
838.880005 1754 1766 1772 1790 1792 1764 1739 1765
838.901001 1742 1757 1786 1780 1783 1794 1768 1756
838.921021 1750 1748 1775 1785 1787 1777 1756 1750
838.940979 1791 1757 1766 1793 1772 1786 1780 1768
838.960999 1763 1752 1776 1782 1767 1765 1767 1769
838.981018 1751 1777 1781 1779 1773 1774 1752 1771
839.000977 1745 1762 1788 1791 1763 1769 1748 1764
839.020996 1765 1755 1756 1792 1792 1784 1747 1761
839.041992 1761 1745 1761 1788 1773 1768 1777 1762
839.062012 1753 1757 1786 1770 1777 1780 1764 1739
839.08197 1780 1763 1769 1784 1774 1767 1768 1768
839.10199 1749 1764 1765 1785 1771 1769 1754 1761
839.122009 1771 1751 1774 1799 1769 1780 1758 1759
839.142029 1769 1774 1771 1777 1786 1797 1766 1742
839.161987 1755 1760 1772 1772 1759 1776 1781 1769
839.182983 1750 1753 1768 1787 1772 1767 1766 1762
839.203003 1777 1771 1789 1781 1779 1786 1765 1760
839.223022 1772 1756 1756 1786 1789 1776 1776 1750
839.242981 1780 1784 1771 1783 1813 1784 1788 1751
839.263 1756 1780 1770 1791 1790 1781 1762 1763
839.28302 1785 1769 1776 1810 1803 1768 1766 1768
839.304016 1771 1754 1782 1801 1798 1790 1796 1749
839.323975 1757 1783 1780 1797 1785 1794 1756 1758
839.343994 1782 1760 1758 1791 1776 1792 1783 1763
839.364014 1757 1755 1790 1786 1784 1785 1771 1776
839.383972 1769 1779 1776 1800 1783 1771 1769 1763
839.403992 1769 1768 1777 1799 1799 1777 1777 1766
839.424011 1780 1759 1773 1766 1786 1791 1776 1763
839.445007 1765 1784 1774 1792 1805 1788 1767 1751
839.465027 1768 1776 1782 1784 1803 1780 1789 1761
839.484985 1763 1773 1771 1800 1787 1781 1771 1759
839.505005 1778 1789 1775 1814 1777 1774 1775 1756
839.525024 1780 1780 1793 1810 1780 1797 1790 1759
839.544983 1791 1769 1787 1790 1801 1777 1786 1784
839.565002 1806 1786 1808 1802 1789 1785 1792 1789
839.585999 1776 1794 1802 1819 1797 1793 1814 1759
839.606018 1808 1766 1798 1793 1806 1791 1799 1781
839.625977 1784 1788 1796 1804 1794 1790 1786 1786
839.645996 1777 1795 1800 1813 1791 1795 1799 1785
839.666016 1802 1783 1782 1820 1799 1801 1811 1780
839.685974 1781 1839 1798 1804 1809 1812 1791 1789
839.705994 1805 1807 1800 1843 1822 1814 1819 1775
839.726013 1782 1779 1793 1808 1822 1832 1800 1795
839.747009 1816 1784 1792 1824 1805 1803 1796 1790
839.767029 1799 1799 1799 1808 1804 1819 1785 1807
839.786987 1780 1806 1806 1830 1812 1809 1816 1813
839.807007 1799 1823 1783 1817 1813 1822 1816 1797
839.827026 1817 1817 1827 1828 1804 1807 1823 1785
839.846985 1829 1812 1803 1821 1819 1797 1808 1802
839.867004 1812 1795 1812 1823 1807 1839 1801 1787
839.887024 1804 1816 1816 1827 1822 1835 1808 1827
839.90802 1815 1800 1811 1840 1828 1835 1812 1817
839.927979 1818 1828 1816 1812 1853 1816 1796 1822
839.947998 1800 1840 1816 1847 1827 1830 1827 1789
839.968018 1822 1803 1845 1823 1845 1844 1813 1826
839.987976 1832 1809 1835 1843 1807 1812 1815 1812
840.007996 1835 1805 1832 1859 1822 1826 1823 1818
840.028015 1826 1809 1845 1825 1831 1835 1822 1821
840.047974 1819 1807 1829 1850 1853 1834 1836 1805
840.06897 1819 1824 1853 1848 1829 1857 1842 1813
840.088989 1819 1806 1855 1861 1827 1837 1814 1826
840.109009 1845 1825 1836 1863 1857 1840 1837 1823
840.129028 1815 1824 1835 1861 1836 1852 1835 1816
840.148987 1834 1840 1863 1884 1845 1857 1842 1811
840.169006 1831 1814 1832 1868 1859 1839 1806 1827
840.189026 1841 1856 1828 1890 1844 1834 1817 1841
840.208984 1804 1827 1825 1842 1866 1840 1841 1808
840.22998 1826 1806 1832 1879 1861 1844 1845 1813
840.25 1832 1832 1859 1834 1859 1839 1812 1814
840.27002 1815 1835 1829 1871 1850 1852 1821 1809
840.289978 1841 1835 1813 1874 1847 1840 1835 1825
840.309998 1809 1838 1840 1855 1876 1851 1828 1823
840.330017 1813 1798 1846 1855 1850 1856 1817 1815
840.349976 1825 1833 1825 1847 1831 1842 1818 1807
840.369995 1834 1836 1839 1869 1860 1851 1833 1808
840.390015 1819 1804 1852 1861 1852 1832 1805 1816
840.411011 1842 1830 1822 1855 1842 1836 1824 1820
840.43103 1811 1815 1851 1853 1836 1834 1831 1802
840.450989 1836 1825 1818 1849 1865 1834 1810 1811
840.471008 1838 1801 1826 1843 1846 1832 1803 1796
840.491028 1816 1846 1843 1841 1836 1826 1831 1814
840.510986 1819 1823 1824 1840 1826 1816 1815 1807
840.531006 1802 1818 1835 1851 1819 1816 1816 1810
840.551025 1814 1830 1832 1828 1816 1826 1825 1798
840.570984 1799 1809 1820 1820 1816 1830 1804 1796
840.59198 1807 1801 1824 1808 1818 1832 1792 1808
840.612 1801 1810 1817 1827 1824 1825 1812 1808
840.632019 1808 1821 1804 1804 1811 1805 1797 1791
840.651978 1806 1789 1818 1807 1806 1834 1776 1815
840.671997 1805 1792 1787 1803 1793 1790 1790 1763
840.692017 1798 1791 1785 1810 1821 1789 1805 1775
840.711975 1787 1784 1785 1810 1800 1799 1783 1784
840.731995 1771 1789 1802 1806 1796 1798 1786 1793
840.752014 1772 1786 1772 1806 1787 1789 1782 1799
840.771973 1792 1792 1766 1760 1778 1768 1789 1775
840.79303 1773 1780 1793 1794 1794 1786 1788 1765
840.812988 1752 1777 1771 1786 1770 1782 1772 1763
840.833008 1761 1777 1778 1803 1795 1767 1768 1774
840.853027 1784 1760 1776 1788 1775 1781 1766 1770
840.872986 1771 1772 1750 1786 1794 1756 1766 1764
840.893005 1766 1768 1760 1779 1781 1780 1785 1745
840.913025 1773 1760 1774 1785 1777 1754 1761 1774
840.932983 1762 1769 1755 1757 1768 1751 1748 1776
840.953003 1764 1760 1758 1769 1761 1766 1754 1741
840.973022 1738 1775 1774 1762 1766 1772 1762 1771
840.994019 1743 1746 1758 1765 1751 1753 1754 1750
841.013977 1742 1750 1746 1764 1747 1751 1740 1743
841.033997 1750 1747 1748 1781 1758 1758 1751 1764
841.054016 1738 1746 1761 1749 1754 1755 1749 1741
841.073975 1747 1734 1758 1743 1756 1753 1746 1730
841.093994 1733 1721 1744 1768 1748 1748 1747 1744
841.114014 1741 1749 1774 1749 1741 1739 1752 1754
841.133972 1739 1734 1733 1724 1757 1754 1748 1747
841.153992 1739 1743 1743 1751 1742 1759 1759 1737
841.174011 1729 1738 1751 1763 1749 1747 1755 1735
841.19397 1722 1737 1743 1758 1751 1758 1733 1717
841.215027 1733 1740 1753 1733 1742 1740 1733 1744
841.234985 1730 1725 1745 1742 1733 1742 1753 1749
841.255005 1756 1754 1727 1766 1729 1736 1729 1739
841.275024 1736 1751 1735 1755 1740 1747 1735 1735
841.294983 1722 1728 1749 1751 1739 1750 1732 1733
841.315002 1749 1744 1730 1756 1745 1753 1734 1743
841.335022 1732 1731 1750 1757 1733 1758 1733 1729
841.35498 1739 1743 1757 1754 1743 1724 1751 1725
841.375 1729 1736 1734 1736 1759 1736 1738 1727
841.39502 1727 1736 1737 1760 1730 1739 1720 1728
841.414978 1743 1740 1749 1754 1754 1753 1738 1722
841.434998 1724 1711 1763 1750 1731 1747 1737 1724
841.455994 1728 1731 1737 1751 1737 1719 1740 1744
841.476013 1726 1747 1742 1763 1755 1747 1740 1739
841.495972 1750 1756 1744 1754 1752 1757 1727 1730
841.515991 1726 1735 1721 1743 1745 1744 1750 1731
841.536011 1746 1725 1746 1739 1733 1748 1748 1738
841.55603 1745 1741 1755 1752 1753 1716 1731 1724
841.575989 1727 1731 1756 1743 1745 1751 1743 1735
841.596008 1758 1756 1744 1767 1759 1742 1728 1743
841.616028 1744 1739 1742 1749 1741 1743 1737 1746
841.635986 1745 1728 1731 1750 1755 1760 1720 1735
841.656006 1731 1738 1737 1752 1747 1749 1737 1724
841.676025 1731 1753 1746 1755 1740 1738 1729 1752
841.695984 1737 1742 1754 1747 1732 1731 1733 1725
841.716003 1753 1730 1736 1764 1749 1724 1725 1729
841.737 1733 1744 1758 1753 1753 1736 1734 1733
841.757019 1733 1739 1733 1744 1744 1747 1736 1729
841.776978 1739 1743 1728 1747 1755 1737 1737 1729
841.796997 1740 1738 1738 1741 1751 1735 1751 1713
841.817017 1726 1736 1743 1764 1742 1748 1729 1723
841.836975 1755 1746 1747 1752 1757 1725 1743 1738
841.856995 1730 1739 1749 1721 1749 1732 1727 1739
841.877014 1734 1730 1730 1760 1751 1731 1738 1725
841.896973 1747 1746 1739 1752 1749 1734 1734 1721
841.916992 1739 1746 1738 1748 1751 1738 1748 1715
841.937012 1744 1720 1734 1754 1736 1726 1739 1727
841.95697 1717 1739 1741 1753 1754 1730 1711 1735
841.97699 1731 1727 1737 1759 1741 1747 1729 1732
841.997009 1738 1733 1744 1759 1757 1746 1740 1733
842.018005 1725 1725 1736 1744 1734 1734 1719 1731
842.038025 1728 1735 1730 1747 1728 1751 1722 1733
842.057983 1730 1749 1747 1748 1747 1733 1766 1735
842.078003 1711 1731 1739 1728 1741 1755 1743 1741
842.098022 1722 1724 1733 1743 1747 1739 1729 1724
842.117981 1736 1734 1747 1723 1724 1735 1732 1731
842.138 1730 1718 1743 1755 1728 1734 1712 1727
842.15802 1719 1726 1732 1747 1739 1743 1713 1721
842.177979 1728 1720 1737 1733 1710 1720 1730 1737
842.197998 1716 1736 1746 1740 1741 1725 1726 1710
842.218018 1718 1732 1729 1736 1726 1729 1723 1728
842.237976 1735 1713 1747 1742 1722 1724 1714 1722
842.257996 1733 1732 1741 1739 1728 1733 1708 1730
842.278015 1723 1727 1738 1731 1729 1722 1724 1728
842.297974 1718 1722 1744 1752 1734 1736 1728 1726
842.317993 1722 1740 1726 1750 1748 1730 1727 1738
842.338013 1738 1740 1748 1746 1729 1731 1724 1725
842.357971 1713 1744 1727 1757 1756 1734 1728 1736
842.379028 1714 1715 1753 1740 1752 1732 1737 1727
842.398987 1734 1730 1733 1754 1722 1729 1724 1724
842.419006 1713 1714 1749 1747 1755 1753 1723 1717
842.439026 1722 1732 1747 1730 1731 1740 1744 1731
842.458984 1717 1737 1731 1752 1746 1724 1721 1711
842.479004 1710 1734 1740 1752 1748 1738 1747 1730
842.499023 1712 1738 1744 1734 1732 1731 1742 1716
842.518982 1728 1734 1732 1752 1725 1736 1735 1721
842.539001 1716 1718 1733 1732 1727 1729 1739 1715
842.559021 1729 1732 1744 1747 1729 1739 1727 1733
842.578979 1722 1735 1744 1745 1742 1730 1725 1722
842.598999 1728 1736 1748 1746 1750 1726 1741 1730
842.619019 1729 1727 1744 1748 1752 1743 1736 1718
842.638977 1719 1737 1743 1749 1755 1732 1719 1749
842.658997 1720 1746 1752 1742 1749 1751 1738 1718
842.679016 1729 1714 1760 1740 1739 1745 1734 1724
842.698975 1741 1730 1751 1769 1749 1740 1731 1735
842.718994 1722 1726 1755 1755 1732 1725 1736 1721
842.739014 1730 1740 1746 1767 1752 1736 1739 1725
842.758972 1726 1751 1744 1749 1742 1750 1744 1720
842.778992 1747 1725 1749 1763 1754 1759 1735 1735
842.799011 1730 1728 1749 1754 1742 1763 1724 1744
842.820007 1735 1728 1746 1732 1756 1738 1736 1726
842.840027 1719 1733 1732 1750 1756 1731 1748 1734
842.859985 1723 1739 1723 1744 1753 1739 1751 1734
842.880005 1728 1744 1747 1756 1759 1734 1743 1734
842.900024 1738 1737 1748 1771 1735 1756 1751 1742
842.919983 1726 1729 1737 1751 1730 1756 1741 1732
842.940002 1745 1735 1755 1750 1768 1744 1735 1748
842.960022 1726 1723 1742 1749 1736 1728 1727 1738
842.97998 1747 1744 1750 1754 1749 1729 1736 1732
843 1725 1746 1766 1742 1732 1757 1740 1744
843.02002 1733 1759 1748 1756 1747 1750 1733 1715
843.039978 1754 1738 1738 1743 1753 1740 1743 1730
843.059998 1731 1755 1754 1757 1742 1737 1746 1729
843.080017 1734 1727 1752 1748 1750 1750 1724 1729
843.099976 1736 1727 1740 1757 1747 1716 1724 1734
843.119995 1717 1742 1732 1753 1729 1744 1743 1728
843.140015 1727 1732 1750 1732 1745 1752 1713 1729
843.159973 1735 1736 1720 1750 1745 1736 1737 1745
843.179993 1717 1751 1741 1760 1753 1757 1739 1753
843.200012 1742 1744 1734 1747 1725 1729 1733 1733
843.219971 1735 1740 1765 1751 1720 1763 1745 1728
843.23999 1722 1739 1741 1742 1748 1740 1739 1729
843.26001 1733 1742 1734 1738 1746 1740 1737 1730
843.280029 1739 1713 1749 1739 1725 1746 1735 1731
843.299988 1733 1747 1746 1746 1742 1747 1739 1721
843.320007 1720 1738 1754 1772 1734 1743 1736 1742
843.340027 1740 1738 1747 1756 1739 1752 1745 1737
843.359985 1723 1738 1761 1736 1746 1738 1727 1755
843.380005 1729 1717 1729 1742 1747 1741 1732 1731
843.400024 1709 1725 1730 1733 1725 1734 1733 1722
843.419983 1728 1743 1745 1753 1746 1730 1753 1740
843.440002 1739 1723 1736 1737 1764 1749 1724 1743
843.460022 1719 1716 1748 1735 1758 1750 1736 1710
843.47998 1729 1717 1731 1731 1741 1733 1739 1743
843.5 1727 1733 1735 1766 1741 1760 1722 1723
843.52002 1718 1728 1744 1760 1736 1744 1741 1722
843.539978 1725 1727 1731 1751 1744 1737 1741 1727
843.559998 1750 1749 1762 1758 1741 1751 1747 1743
843.580994 1726 1742 1730 1745 1742 1726 1730 1721
843.601013 1727 1744 1753 1757 1741 1736 1726 1735
843.620972 1737 1741 1723 1733 1742 1738 1734 1721
843.640991 1735 1741 1737 1752 1751 1735 1728 1719
843.661011 1734 1733 1743 1747 1742 1743 1727 1711
843.68103 1737 1752 1734 1752 1750 1738 1750 1730
843.700989 1749 1735 1741 1744 1742 1749 1731 1727
843.721008 1723 1721 1735 1741 1754 1734 1731 1718
843.741028 1738 1718 1732 1743 1739 1735 1756 1726
843.760986 1737 1737 1752 1740 1732 1727 1720 1712
843.781006 1736 1736 1734 1734 1763 1720 1734 1738
843.801025 1735 1735 1753 1742 1741 1734 1748 1740
843.820984 1728 1745 1750 1755 1757 1730 1746 1729
843.841003 1716 1715 1733 1753 1742 1765 1737 1731
843.861023 1737 1734 1749 1745 1751 1727 1748 1721
843.880981 1719 1735 1734 1744 1734 1721 1723 1739
843.901001 1721 1735 1749 1740 1740 1726 1720 1748
843.921021 1744 1737 1734 1753 1734 1736 1740 1743
843.940979 1733 1733 1740 1750 1732 1751 1749 1730
843.960999 1740 1725 1754 1758 1736 1730 1736 1724
843.981018 1726 1736 1735 1737 1741 1749 1724 1731
844.000977 1746 1745 1726 1747 1730 1751 1733 1716
844.020996 1737 1739 1752 1728 1735 1730 1741 1725
844.041016 1738 1724 1746 1766 1766 1737 1746 1730
844.060974 1723 1728 1737 1745 1732 1732 1740 1724
844.080994 1713 1735 1741 1722 1725 1746 1745 1713
844.101013 1739 1726 1746 1760 1735 1740 1739 1719
844.120972 1718 1732 1742 1760 1727 1730 1728 1721
844.140991 1728 1726 1736 1744 1735 1725 1725 1743
844.161011 1725 1750 1744 1733 1747 1732 1737 1739
844.18103 1722 1735 1745 1748 1730 1749 1730 1732
844.200989 1741 1727 1748 1760 1749 1750 1739 1755
844.221008 1719 1749 1744 1743 1739 1730 1738 1708
844.241028 1738 1730 1737 1758 1743 1730 1726 1728
844.260986 1736 1733 1737 1751 1729 1744 1740 1728
844.281006 1733 1726 1748 1749 1728 1747 1743 1719
844.301025 1739 1747 1740 1740 1728 1729 1722 1737
844.320984 1725 1735 1740 1730 1746 1736 1734 1734
844.341003 1732 1746 1755 1730 1746 1737 1731 1731
844.361023 1727 1744 1753 1756 1743 1731 1715 1723
844.380981 1729 1750 1727 1762 1745 1739 1744 1724
844.401001 1736 1743 1721 1730 1732 1727 1732 1738
844.421021 1710 1728 1735 1726 1727 1739 1730 1724
844.440979 1706 1743 1741 1760 1732 1725 1737 1729
844.460999 1704 1725 1740 1744 1739 1725 1740 1728
844.481018 1714 1742 1738 1745 1740 1734 1721 1719
844.500977 1720 1727 1754 1745 1732 1729 1723 1727
844.520996 1727 1717 1723 1747 1728 1724 1727 1711
844.541016 1741 1716 1735 1747 1735 1737 1727 1732
844.559998 1730 1725 1732 1742 1734 1726 1725 1724
844.580017 1717 1717 1729 1728 1743 1738 1742 1720
844.599976 1722 1717 1737 1736 1719 1731 1710 1723
844.619995 1723 1734 1727 1741 1727 1722 1724 1724
844.640015 1724 1733 1721 1734 1742 1743 1725 1707
844.659973 1735 1716 1731 1733 1722 1747 1734 1711
844.679993 1722 1739 1756 1738 1721 1739 1732 1704
844.700012 1726 1713 1719 1741 1729 1727 1728 1731
844.719971 1721 1712 1721 1741 1732 1729 1731 1721
844.73999 1740 1717 1728 1747 1723 1720 1715 1722
844.76001 1716 1736 1716 1739 1729 1736 1718 1712
844.780029 1718 1713 1721 1750 1741 1731 1716 1721
844.799988 1700 1705 1736 1748 1724 1726 1723 1716
844.820007 1707 1714 1722 1737 1724 1717 1728 1732
844.840027 1718 1716 1726 1746 1736 1726 1719 1720
844.859985 1713 1715 1731 1746 1726 1723 1711 1715
844.880005 1725 1720 1722 1742 1736 1745 1737 1712
844.900024 1718 1722 1727 1735 1744 1719 1716 1716
844.919983 1715 1721 1721 1744 1722 1735 1713 1716
844.940002 1716 1725 1720 1742 1727 1734 1717 1713
844.960022 1723 1729 1721 1732 1727 1710 1724 1736
844.97998 1712 1709 1719 1714 1741 1708 1707 1726
845 1719 1719 1728 1728 1717 1720 1721 1700
845.02002 1712 1723 1742 1749 1740 1729 1736 1718
845.039978 1719 1729 1737 1735 1742 1727 1720 1715
845.059998 1724 1729 1742 1734 1729 1731 1721 1718
845.080017 1724 1724 1743 1726 1722 1744 1714 1714
845.099976 1727 1725 1718 1724 1721 1734 1716 1711
845.119995 1731 1721 1734 1718 1733 1727 1729 1719
845.140015 1706 1724 1732 1755 1740 1716 1732 1737
845.159973 1732 1724 1730 1738 1733 1732 1700 1727
845.179993 1704 1702 1734 1745 1727 1731 1730 1714
845.200012 1723 1726 1733 1726 1730 1725 1741 1721
845.219971 1719 1736 1733 1745 1728 1730 1707 1722
845.23999 1732 1733 1735 1751 1732 1735 1713 1730
845.26001 1726 1725 1737 1738 1729 1725 1719 1718
845.280029 1735 1729 1737 1741 1729 1731 1713 1714
845.299011 1721 1730 1737 1731 1720 1727 1720 1724
845.31897 1713 1726 1737 1734 1727 1730 1720 1709
845.338989 1720 1729 1715 1739 1721 1738 1716 1736
845.359009 1732 1730 1742 1751 1744 1737 1717 1722
845.379028 1729 1723 1736 1731 1750 1726 1733 1719
845.398987 1732 1735 1726 1739 1719 1739 1733 1725
845.419006 1718 1724 1732 1746 1745 1744 1735 1731
845.439026 1720 1728 1729 1738 1747 1730 1748 1720
845.458984 1712 1726 1744 1745 1712 1763 1716 1715
845.479004 1715 1737 1748 1740 1742 1742 1724 1728
845.499023 1760 1721 1737 1736 1724 1745 1733 1728
845.518982 1728 1752 1739 1751 1734 1741 1745 1718
845.539001 1736 1748 1743 1747 1744 1746 1732 1732
845.559021 1734 1714 1750 1757 1748 1731 1731 1740
845.578979 1723 1750 1758 1758 1751 1743 1712 1737
845.598999 1748 1728 1734 1731 1749 1734 1731 1731
845.619019 1732 1750 1735 1741 1740 1735 1735 1732
845.638977 1738 1747 1727 1750 1752 1750 1728 1752
845.658997 1740 1746 1743 1748 1738 1745 1734 1743
845.679016 1746 1744 1736 1754 1755 1734 1737 1742
845.698975 1734 1737 1762 1762 1750 1754 1723 1725
845.718994 1733 1738 1755 1753 1741 1749 1746 1737
845.737976 1745 1750 1770 1747 1744 1750 1738 1735
845.757996 1744 1734 1748 1748 1753 1748 1738 1736
845.778015 1740 1741 1749 1752 1752 1733 1746 1723
845.797974 1745 1767 1758 1751 1751 1718 1719 1717
845.817993 1734 1752 1724 1741 1734 1758 1722 1719
845.838013 1739 1737 1729 1757 1751 1746 1744 1727
845.857971 1748 1734 1772 1754 1733 1766 1740 1731
845.877991 1733 1733 1755 1748 1747 1743 1731 1739
845.89801 1742 1741 1735 1747 1743 1724 1741 1742
845.91803 1748 1747 1758 1768 1735 1744 1749 1721
845.937988 1722 1742 1739 1766 1746 1730 1747 1724
845.958008 1741 1728 1749 1757 1739 1749 1755 1728
845.978027 1754 1751 1765 1760 1744 1730 1738 1730
845.997986 1732 1735 1761 1757 1758 1749 1772 1754
846.018005 1751 1757 1737 1751 1731 1743 1746 1738
846.038025 1723 1742 1742 1755 1748 1737 1746 1729
846.057983 1727 1752 1743 1750 1756 1738 1759 1728
846.078003 1748 1733 1759 1763 1741 1744 1746 1738
846.096985 1735 1762 1746 1733 1749 1740 1733 1742
846.117004 1737 1730 1744 1746 1751 1748 1734 1730
846.137024 1741 1736 1744 1740 1752 1747 1728 1756
846.156982 1742 1752 1730 1753 1737 1753 1753 1726
846.177002 1731 1718 1744 1750 1744 1720 1733 1719
846.197021 1734 1741 1742 1755 1733 1736 1743 1724
846.21698 1744 1739 1734 1742 1742 1748 1737 1730
846.237 1733 1740 1732 1742 1746 1733 1740 1721
846.257019 1748 1730 1754 1754 1735 1743 1734 1746
846.276978 1736 1731 1753 1764 1739 1746 1742 1735
846.296997 1741 1738 1735 1744 1744 1741 1724 1742
846.317017 1733 1728 1742 1747 1751 1735 1730 1741
846.336975 1747 1722 1764 1740 1741 1745 1715 1727
846.356995 1732 1753 1736 1757 1749 1735 1734 1753
846.377014 1741 1728 1744 1763 1746 1737 1733 1729
846.395996 1728 1726 1744 1765 1745 1737 1755 1726
846.416016 1733 1749 1740 1736 1750 1739 1738 1727
846.435974 1730 1754 1747 1745 1732 1748 1748 1724
846.455994 1725 1737 1739 1742 1737 1743 1735 1730
846.476013 1741 1757 1768 1756 1746 1758 1743 1744
846.495972 1719 1740 1766 1740 1745 1738 1733 1738
846.515991 1748 1743 1748 1766 1764 1743 1736 1742
846.536011 1737 1753 1742 1761 1757 1734 1737 1742
846.55603 1747 1744 1734 1762 1729 1741 1731 1706
846.575989 1740 1737 1747 1743 1743 1738 1754 1734
846.596008 1738 1727 1742 1747 1756 1742 1747 1746
846.616028 1732 1736 1749 1739 1750 1750 1722 1735
846.63501 1735 1748 1727 1749 1738 1748 1718 1722
846.655029 1722 1739 1750 1746 1743 1733 1739 1724
846.674988 1733 1740 1732 1742 1725 1730 1723 1737
846.695007 1729 1734 1743 1737 1746 1728 1717 1719
846.715027 1746 1722 1747 1732 1737 1727 1734 1726
846.734985 1736 1742 1744 1741 1744 1734 1725 1733
846.755005 1727 1740 1741 1742 1725 1728 1730 1728
846.775024 1723 1736 1756 1741 1736 1721 1735 1739
846.794983 1716 1753 1746 1739 1730 1758 1730 1731
846.815002 1729 1721 1737 1756 1735 1722 1728 1738
846.835022 1730 1733 1744 1734 1748 1732 1714 1731
846.85498 1758 1743 1742 1742 1741 1723 1744 1741
846.875 1731 1747 1735 1753 1738 1741 1725 1729
846.893982 1734 1730 1735 1747 1753 1746 1729 1746
846.914001 1737 1731 1738 1736 1745 1743 1731 1721
846.934021 1754 1734 1745 1754 1737 1730 1740 1735
846.953979 1740 1745 1740 1758 1733 1730 1741 1728
846.973999 1732 1749 1716 1750 1752 1720 1715 1742
846.994019 1723 1732 1730 1764 1750 1737 1735 1731
847.013977 1721 1734 1757 1724 1746 1736 1748 1734
847.033997 1733 1744 1765 1766 1752 1729 1730 1727
847.054016 1730 1732 1742 1754 1745 1736 1732 1732
847.073975 1762 1748 1749 1735 1742 1738 1742 1721
847.093994 1721 1743 1733 1747 1736 1737 1747 1723
847.112976 1722 1729 1744 1752 1736 1739 1750 1729
847.132996 1726 1724 1722 1754 1730 1719 1726 1745
847.153015 1731 1730 1745 1744 1744 1750 1727 1723
847.172974 1714 1744 1739 1748 1759 1725 1733 1703
847.192993 1721 1729 1745 1749 1736 1731 1734 1752
847.213013 1728 1743 1733 1753 1745 1737 1726 1742
847.232971 1722 1726 1726 1739 1716 1736 1738 1725
847.252991 1744 1741 1739 1751 1740 1726 1732 1733
847.27301 1745 1735 1733 1745 1749 1736 1750 1733
847.29303 1733 1740 1723 1740 1728 1735 1729 1740
847.312012 1732 1730 1729 1730 1734 1735 1733 1720
847.33197 1746 1736 1735 1726 1733 1746 1720 1730
847.35199 1732 1742 1724 1745 1723 1725 1730 1744
847.372009 1720 1720 1743 1728 1750 1750 1725 1739
847.392029 1712 1712 1736 1748 1745 1733 1719 1720
847.411987 1707 1728 1746 1747 1723 1720 1723 1721
847.432007 1723 1732 1739 1716 1726 1720 1724 1739
847.452026 1730 1725 1721 1723 1726 1716 1731 1744
847.471985 1743 1720 1734 1737 1743 1732 1746 1719
847.492004 1732 1718 1733 1720 1727 1715 1716 1729
847.510986 1702 1733 1715 1738 1715 1718 1738 1722
847.531006 1722 1701 1733 1719 1745 1727 1713 1721
847.551025 1697 1738 1718 1750 1735 1716 1734 1723
847.570984 1724 1717 1739 1750 1715 1716 1715 1732
847.591003 1736 1728 1724 1742 1731 1728 1723 1720
847.611023 1727 1737 1734 1735 1722 1724 1729 1715
847.630981 1724 1725 1734 1733 1741 1719 1723 1719
847.651001 1714 1737 1739 1737 1728 1725 1731 1711
847.669983 1720 1722 1729 1742 1708 1724 1717 1716
847.690002 1726 1722 1729 1734 1732 1743 1745 1720
847.710022 1719 1723 1725 1740 1730 1732 1718 1704
847.72998 1733 1712 1743 1735 1734 1741 1727 1718
847.75 1732 1719 1721 1734 1721 1733 1731 1710
847.77002 1712 1724 1721 1729 1738 1736 1725 1728
847.789978 1756 1743 1727 1743 1750 1730 1729 1728
847.809998 1735 1737 1745 1750 1726 1731 1723 1723
847.830017 1714 1721 1713 1725 1734 1744 1734 1721
847.848999 1711 1738 1736 1745 1751 1727 1723 1729
847.869019 1731 1736 1744 1739 1738 1724 1742 1741
847.888977 1724 1719 1745 1751 1731 1721 1738 1719
847.908997 1729 1733 1723 1736 1727 1731 1721 1716
847.929016 1736 1726 1732 1753 1727 1730 1745 1743
847.948975 1730 1712 1751 1739 1731 1728 1745 1718
847.968994 1721 1732 1735 1750 1719 1741 1724 1719
847.989014 1725 1728 1746 1731 1735 1727 1730 1722
848.007996 1744 1728 1723 1729 1754 1735 1719 1733
848.028015 1737 1720 1724 1740 1725 1733 1724 1747
848.047974 1721 1741 1738 1747 1735 1738 1734 1727
848.067993 1726 1767 1737 1761 1740 1733 1723 1727
848.088013 1738 1725 1744 1746 1744 1734 1726 1742
848.107971 1735 1733 1723 1749 1724 1730 1744 1743
848.127991 1728 1736 1735 1742 1747 1743 1713 1724
848.14801 1733 1733 1754 1752 1747 1738 1734 1733
848.166992 1732 1738 1735 1735 1745 1738 1734 1716
848.187012 1742 1726 1750 1746 1742 1759 1729 1725
848.20697 1736 1720 1727 1757 1737 1728 1745 1718
848.22699 1748 1736 1739 1748 1736 1735 1730 1736
848.247009 1737 1741 1747 1748 1731 1751 1737 1717
848.267029 1733 1751 1745 1737 1725 1743 1734 1749
848.286987 1744 1720 1750 1751 1746 1742 1736 1749
848.307007 1732 1735 1753 1747 1747 1734 1749 1744
848.325989 1733 1760 1755 1748 1729 1734 1740 1735
848.346008 1742 1729 1751 1738 1731 1754 1743 1727
848.366028 1742 1753 1730 1746 1749 1739 1747 1723
848.385986 1746 1753 1753 1744 1741 1737 1735 1743
848.406006 1762 1753 1762 1742 1747 1736 1730 1739
848.426025 1744 1741 1744 1763 1732 1747 1744 1741
848.445984 1724 1732 1737 1758 1740 1761 1758 1731
848.466003 1733 1737 1751 1745 1755 1755 1765 1729
848.484985 1735 1748 1759 1750 1732 1748 1735 1751
848.505005 1742 1726 1743 1737 1752 1740 1752 1744
848.525024 1756 1767 1735 1745 1740 1740 1736 1742
848.544983 1731 1745 1738 1760 1738 1742 1755 1742
848.565002 1742 1741 1737 1761 1740 1743 1732 1728
848.585022 1745 1740 1766 1743 1744 1751 1738 1744
848.604004 1738 1745 1744 1759 1755 1761 1736 1736
848.624023 1730 1732 1739 1739 1742 1763 1733 1736
848.643982 1749 1745 1752 1761 1747 1754 1741 1738
848.664001 1728 1752 1756 1752 1736 1745 1731 1758
848.684021 1745 1746 1732 1742 1765 1747 1729 1726
848.703979 1737 1744 1747 1743 1736 1750 1746 1739
848.723999 1746 1731 1759 1756 1752 1737 1741 1738
848.742981 1745 1738 1742 1746 1748 1762 1734 1733
848.763 1745 1741 1751 1744 1743 1735 1729 1722
848.78302 1746 1747 1744 1751 1753 1747 1731 1748
848.802979 1740 1738 1734 1748 1742 1746 1750 1734
848.822998 1736 1749 1743 1744 1749 1741 1736 1726
848.843018 1771 1736 1777 1752 1758 1736 1736 1764
848.862976 1740 1749 1751 1748 1752 1740 1737 1748
848.882019 1759 1744 1737 1763 1757 1758 1752 1755
848.901978 1738 1750 1773 1759 1743 1762 1751 1753
848.921997 1730 1745 1758 1766 1771 1755 1772 1741
848.942017 1749 1758 1757 1749 1747 1761 1746 1751
848.961975 1761 1752 1756 1770 1749 1777 1740 1749
848.981995 1757 1750 1755 1754 1754 1753 1746 1746
849.002014 1765 1749 1762 1763 1761 1753 1745 1744
849.020996 1742 1752 1767 1769 1766 1765 1740 1750
849.041016 1743 1768 1761 1759 1754 1778 1750 1748
849.060974 1764 1751 1751 1752 1740 1761 1747 1746
849.080994 1763 1751 1763 1769 1745 1761 1757 1757
849.101013 1759 1754 1740 1761 1744 1753 1737 1757
849.120972 1736 1747 1759 1772 1759 1757 1760 1770
849.140015 1747 1747 1766 1776 1728 1734 1751 1736
849.159973 1739 1761 1757 1747 1752 1740 1760 1728
849.179993 1746 1765 1757 1754 1767 1766 1738 1754
849.200012 1762 1752 1753 1751 1752 1757 1743 1742
849.219971 1745 1747 1746 1752 1758 1757 1738 1737
849.23999 1742 1741 1741 1758 1752 1759 1756 1745
849.258972 1751 1736 1763 1760 1746 1764 1756 1753
849.278992 1733 1725 1748 1749 1769 1755 1729 1742
849.299011 1732 1747 1754 1751 1749 1750 1737 1739
849.31897 1727 1741 1746 1754 1741 1753 1731 1733
849.338989 1754 1726 1748 1742 1772 1739 1746 1752
849.359009 1758 1746 1751 1755 1739 1767 1747 1738
849.377991 1732 1739 1754 1746 1764 1738 1746 1740
849.39801 1754 1750 1736 1762 1754 1761 1750 1752
849.41803 1751 1747 1762 1737 1729 1753 1744 1716
849.437988 1727 1742 1759 1741 1730 1755 1732 1735
849.458008 1744 1742 1744 1750 1754 1739 1760 1735
849.478027 1729 1757 1752 1732 1747 1738 1720 1739
849.497009 1754 1739 1727 1749 1748 1752 1745 1730
849.517029 1733 1732 1741 1756 1745 1734 1726 1747
849.536987 1744 1728 1749 1731 1732 1734 1742 1748
849.557007 1732 1728 1732 1739 1750 1725 1730 1736
849.577026 1735 1749 1748 1734 1741 1731 1742 1730
849.596985 1742 1744 1736 1745 1749 1728 1748 1715
849.616028 1733 1748 1727 1744 1743 1747 1742 1731
849.635986 1744 1734 1741 1755 1744 1748 1743 1745
849.656006 1713 1721 1746 1746 1721 1725 1719 1721
849.676025 1720 1727 1746 1729 1750 1738 1730 1749
849.695984 1736 1733 1741 1739 1746 1730 1716 1722
849.716003 1745 1729 1738 1753 1725 1738 1730 1719
849.734985 1738 1734 1736 1748 1736 1747 1736 1737
849.755005 1743 1749 1729 1748 1749 1744 1736 1735
849.775024 1753 1733 1746 1752 1745 1748 1726 1726
849.794983 1744 1733 1769 1744 1745 1729 1750 1741
849.815002 1740 1749 1768 1753 1742 1724 1715 1722
849.833984 1728 1729 1748 1740 1739 1726 1733 1748
849.854004 1750 1743 1759 1753 1744 1744 1768 1755
849.874023 1739 1736 1723 1746 1754 1726 1726 1737
849.893982 1743 1754 1749 1735 1757 1741 1736 1737
849.914001 1743 1729 1731 1739 1766 1733 1739 1742
849.934021 1740 1743 1753 1748 1762 1747 1732 1730
849.953003 1736 1736 1747 1749 1758 1745 1746 1741
849.973022 1734 1731 1726 1746 1746 1730 1737 1727
849.992981 1749 1742 1753 1750 1765 1746 1744 1755
850.013 1747 1752 1756 1764 1755 1737 1752 1728
850.03302 1740 1738 1733 1755 1744 1735 1727 1745
850.052002 1743 1750 1764 1741 1766 1765 1767 1737
850.072021 1750 1746 1767 1768 1747 1745 1728 1736
850.09198 1743 1753 1747 1756 1767 1745 1745 1759
850.112 1731 1744 1754 1746 1745 1745 1737 1733
850.132019 1737 1745 1744 1751 1741 1738 1760 1732
850.151001 1742 1731 1754 1748 1751 1737 1729 1727
850.171021 1745 1751 1764 1761 1748 1745 1749 1743
850.190979 1731 1739 1740 1740 1761 1741 1743 1709
850.210999 1726 1730 1738 1747 1737 1740 1730 1720
850.231018 1748 1732 1747 1762 1737 1755 1751 1752
850.250977 1729 1739 1742 1751 1737 1744 1731 1724
850.27002 1719 1738 1737 1744 1758 1734 1740 1724
850.289978 1737 1743 1744 1750 1742 1743 1746 1742
850.309998 1725 1746 1729 1740 1737 1732 1736 1726
850.330017 1719 1735 1746 1746 1739 1742 1734 1749
850.349976 1734 1714 1760 1748 1725 1739 1718 1736
850.369019 1718 1736 1738 1755 1741 1726 1748 1730
850.388977 1738 1741 1731 1738 1729 1742 1743 1737
850.408997 1759 1747 1750 1744 1740 1730 1730 1750
850.429016 1721 1744 1748 1745 1748 1719 1717 1732
850.448975 1738 1738 1737 1752 1744 1743 1722 1737
850.468018 1730 1733 1740 1745 1732 1735 1738 1729
850.487976 1735 1723 1729 1721 1752 1751 1729 1731
850.507996 1728 1734 1734 1751 1741 1740 1727 1740
850.528015 1732 1728 1757 1750 1761 1730 1738 1726
850.547974 1722 1738 1735 1752 1743 1734 1726 1733
850.567017 1734 1726 1734 1758 1731 1727 1735 1712
850.586975 1727 1728 1747 1745 1742 1743 1741 1718
850.606995 1720 1744 1749 1737 1727 1739 1734 1721
850.627014 1721 1744 1738 1758 1731 1738 1720 1742
850.645996 1733 1734 1744 1750 1729 1718 1745 1717
850.666016 1734 1726 1752 1747 1742 1736 1726 1755
850.685974 1727 1731 1739 1739 1729 1727 1741 1730
850.705994 1734 1737 1723 1755 1737 1752 1738 1725
850.726013 1728 1731 1746 1725 1742 1744 1740 1724
850.744995 1730 1726 1762 1749 1736 1728 1734 1753
850.765015 1715 1729 1737 1728 1729 1723 1728 1749
850.784973 1736 1733 1735 1744 1739 1726 1733 1731
850.804993 1750 1731 1736 1739 1731 1729 1741 1729
850.825012 1725 1720 1734 1735 1731 1719 1725 1719
850.843994 1739 1723 1728 1739 1743 1720 1726 1731
850.864014 1741 1738 1735 1752 1716 1729 1739 1716
850.883972 1730 1722 1741 1749 1732 1739 1717 1737
850.903992 1736 1743 1740 1745 1718 1750 1732 1725
850.924011 1729 1741 1739 1748 1741 1734 1747 1725
850.942993 1740 1724 1744 1747 1723 1732 1747 1731
850.963013 1743 1747 1752 1748 1723 1742 1736 1739
850.982971 1717 1733 1725 1737 1737 1733 1750 1726
851.002991 1730 1729 1725 1752 1740 1734 1737 1726
851.021973 1714 1717 1751 1735 1739 1725 1735 1730
851.041992 1724 1732 1735 1734 1729 1750 1748 1739
851.062012 1720 1740 1734 1747 1724 1728 1731 1731
851.08197 1731 1722 1726 1747 1728 1731 1733 1722
851.10199 1730 1725 1737 1752 1737 1736 1739 1735
851.120972 1721 1740 1743 1727 1712 1741 1719 1730
851.140991 1717 1740 1720 1742 1721 1731 1741 1721
851.161011 1745 1748 1735 1735 1732 1720 1722 1730
851.18103 1724 1740 1736 1746 1738 1725 1731 1734
851.200012 1733 1730 1736 1737 1745 1737 1734 1725
851.219971 1720 1739 1735 1750 1746 1730 1711 1722
851.23999 1734 1735 1756 1728 1746 1723 1734 1709
851.26001 1731 1731 1734 1738 1736 1720 1713 1738
851.280029 1722 1732 1739 1730 1734 1730 1734 1717
851.299011 1726 1724 1737 1752 1728 1729 1722 1715
851.31897 1743 1722 1742 1746 1727 1745 1718 1738
851.338989 1733 1728 1736 1733 1736 1728 1735 1740
851.359009 1731 1741 1729 1745 1733 1731 1734 1735
851.377991 1745 1723 1738 1738 1727 1736 1712 1733
851.39801 1718 1733 1738 1742 1739 1722 1712 1724
851.41803 1717 1718 1727 1733 1740 1735 1723 1700
851.437988 1733 1729 1731 1724 1722 1732 1721 1728
851.45697 1720 1727 1743 1734 1727 1712 1717 1734
851.47699 1719 1717 1738 1734 1730 1711 1725 1725
851.497009 1722 1719 1730 1724 1728 1737 1723 1721
851.517029 1721 1722 1738 1728 1724 1708 1717 1725
851.536011 1737 1719 1722 1738 1722 1725 1711 1720
851.55603 1708 1715 1727 1719 1724 1720 1725 1711
851.575989 1722 1735 1740 1728 1710 1712 1729 1700
851.596008 1724 1732 1718 1724 1725 1742 1721 1712
851.616028 1735 1726 1728 1703 1716 1721 1715 1726
851.63501 1719 1724 1735 1721 1729 1720 1726 1719
851.655029 1721 1724 1719 1733 1736 1737 1734 1712
851.674988 1706 1721 1710 1737 1721 1724 1713 1712
851.695007 1713 1720 1730 1723 1727 1725 1709 1713
851.713989 1719 1726 1717 1733 1721 1709 1702 1717
851.734009 1729 1708 1721 1719 1719 1719 1724 1707
851.754028 1708 1727 1722 1713 1724 1721 1721 1721
851.773987 1718 1717 1734 1724 1714 1717 1701 1729
851.79303 1730 1715 1742 1737 1710 1731 1724 1711
851.812988 1714 1720 1725 1733 1721 1712 1717 1704
851.833008 1717 1724 1723 1712 1708 1726 1713 1726
851.853027 1717 1721 1728 1738 1705 1722 1726 1735
851.872009 1711 1726 1714 1733 1718 1720 1708 1729
851.892029 1718 1717 1713 1731 1721 1707 1729 1721
851.911987 1720 1721 1717 1739 1715 1713 1733 1733
851.932007 1729 1718 1722 1728 1724 1726 1723 1712
851.950989 1723 1726 1727 1725 1733 1713 1719 1705
851.971008 1706 1720 1728 1726 1727 1711 1717 1711
851.991028 1716 1718 1727 1725 1714 1726 1720 1730
852.010986 1717 1722 1720 1734 1716 1728 1700 1708
852.030029 1725 1736 1719 1727 1731 1715 1722 1717
852.049988 1718 1731 1717 1707 1716 1722 1721 1721
852.070007 1719 1719 1724 1727 1714 1716 1707 1723
852.090027 1699 1714 1723 1739 1722 1727 1712 1696
852.109009 1729 1723 1720 1736 1727 1726 1728 1700
852.129028 1708 1714 1702 1734 1720 1718 1714 1688
852.148987 1720 1701 1717 1725 1709 1724 1722 1729
852.169006 1720 1728 1715 1734 1700 1724 1714 1729
852.187988 1710 1727 1720 1724 1731 1721 1722 1709
852.208008 1716 1734 1733 1730 1718 1727 1715 1714
852.228027 1718 1720 1733 1731 1737 1714 1731 1724
852.247986 1712 1715 1713 1716 1723 1723 1712 1720
852.267029 1712 1708 1726 1733 1708 1721 1722 1711
852.286987 1723 1712 1716 1730 1719 1716 1720 1723
852.307007 1730 1704 1736 1731 1714 1703 1725 1724
852.327026 1721 1723 1719 1740 1731 1725 1720 1726
852.346008 1708 1712 1700 1714 1723 1720 1701 1721
852.366028 1730 1731 1741 1722 1712 1730 1709 1719
852.385986 1722 1726 1734 1731 1720 1718 1728 1709
852.406006 1730 1721 1718 1725 1736 1731 1739 1718
852.424988 1703 1707 1725 1736 1723 1726 1718 1726
852.445007 1714 1718 1724 1725 1727 1720 1732 1715
852.465027 1728 1722 1724 1743 1710 1735 1711 1729
852.484009 1731 1719 1720 1744 1725 1732 1713 1722
852.504028 1712 1723 1716 1724 1718 1727 1710 1701
852.523987 1722 1708 1736 1723 1736 1723 1714 1729
852.544006 1720 1732 1724 1737 1734 1705 1715 1716
852.562988 1718 1718 1717 1738 1732 1719 1725 1711
852.583008 1724 1727 1731 1737 1729 1722 1740 1734
852.603027 1715 1739 1714 1729 1717 1727 1731 1726
852.622986 1715 1718 1737 1715 1729 1711 1716 1719
852.642029 1735 1707 1725 1737 1711 1725 1718 1718
852.661987 1718 1726 1725 1721 1734 1717 1723 1730
852.682007 1715 1709 1727 1725 1733 1717 1732 1723
852.700989 1720 1726 1716 1708 1724 1722 1725 1704
852.721008 1720 1715 1742 1726 1740 1706 1719 1724
852.741028 1713 1721 1728 1728 1723 1730 1718 1710
852.760986 1722 1736 1730 1738 1723 1714 1738 1715
852.780029 1727 1696 1725 1734 1718 1723 1727 1719
852.799988 1710 1738 1728 1719 1727 1731 1711 1694
852.820007 1710 1728 1733 1718 1719 1712 1709 1720
852.840027 1735 1729 1728 1725 1711 1708 1724 1730
852.859009 1710 1720 1715 1721 1719 1728 1727 1714
852.879028 1730 1713 1727 1724 1738 1718 1721 1704
852.898987 1727 1730 1711 1739 1736 1723 1733 1719
852.91803 1724 1722 1721 1730 1732 1718 1715 1713
852.937988 1737 1712 1725 1717 1721 1725 1716 1724
852.958008 1721 1707 1735 1721 1714 1714 1732 1726
852.978027 1713 1725 1705 1717 1725 1730 1720 1711
852.997009 1720 1705 1725 1723 1714 1718 1720 1711
853.017029 1702 1714 1718 1716 1697 1719 1717 1717
853.036987 1725 1713 1719 1725 1719 1721 1712 1724
853.05603 1704 1724 1710 1722 1737 1743 1719 1712
853.075989 1728 1716 1736 1733 1720 1723 1725 1721
853.096008 1730 1717 1730 1728 1720 1730 1731 1716
853.116028 1718 1705 1727 1733 1716 1709 1748 1705
853.13501 1711 1707 1735 1738 1715 1717 1717 1710
853.155029 1717 1715 1721 1722 1756 1724 1722 1727
853.174988 1743 1728 1734 1712 1724 1729 1726 1706
853.19397 1723 1729 1719 1719 1730 1710 1719 1723
853.213989 1707 1702 1722 1728 1740 1716 1737 1714
853.234009 1694 1730 1716 1745 1735 1728 1710 1722
853.254028 1727 1716 1723 1726 1732 1715 1719 1702
853.27301 1727 1719 1743 1720 1719 1731 1712 1720
853.29303 1717 1733 1733 1714 1713 1719 1714 1702
853.312988 1718 1709 1711 1735 1733 1722 1711 1741
853.33197 1711 1716 1724 1733 1726 1725 1720 1725
853.35199 1723 1732 1714 1716 1728 1722 1711 1731
853.372009 1709 1720 1726 1728 1730 1721 1706 1711
853.390991 1710 1728 1723 1730 1715 1712 1717 1711
853.411011 1716 1717 1742 1733 1733 1712 1735 1722
853.43103 1734 1728 1714 1747 1719 1731 1708 1712
853.450989 1723 1734 1716 1734 1722 1730 1725 1722
853.469971 1713 1715 1723 1724 1720 1714 1714 1714
853.48999 1724 1714 1711 1725 1748 1723 1725 1734
853.51001 1710 1726 1711 1718 1734 1724 1720 1725
853.528992 1732 1716 1730 1724 1717 1720 1736 1716
853.549011 1712 1713 1720 1709 1704 1707 1722 1716
853.56897 1704 1719 1726 1749 1725 1727 1710 1728
853.588989 1728 1712 1730 1718 1732 1713 1702 1703
853.607971 1717 1708 1721 1744 1710 1721 1713 1708
853.627991 1726 1720 1718 1726 1725 1713 1726 1719
853.64801 1713 1734 1713 1722 1721 1720 1707 1709
853.666992 1706 1727 1732 1717 1723 1722 1716 1716
853.687012 1718 1717 1729 1726 1724 1726 1725 1729
853.70697 1716 1719 1721 1743 1715 1721 1716 1727
853.726013 1705 1724 1720 1725 1717 1715 1729 1718
853.745972 1713 1697 1710 1723 1728 1715 1713 1697
853.765991 1718 1715 1720 1726 1722 1722 1711 1717
853.784973 1717 1723 1728 1727 1723 1718 1722 1691
853.804993 1725 1723 1721 1733 1737 1719 1724 1715
853.825012 1732 1711 1747 1732 1728 1722 1726 1704
853.844971 1717 1712 1723 1737 1716 1713 1726 1718
853.864014 1710 1733 1714 1733 1740 1723 1728 1711
853.883972 1714 1726 1734 1721 1729 1732 1714 1721
853.903992 1717 1719 1720 1714 1738 1736 1722 1723
853.922974 1721 1730 1742 1730 1733 1728 1717 1717
853.942993 1727 1721 1725 1733 1731 1715 1738 1725
853.963013 1714 1732 1728 1734 1744 1736 1748 1718
853.981995 1725 1708 1733 1732 1726 1725 1712 1714
854.002014 1719 1728 1721 1717 1745 1722 1729 1726
854.021973 1727 1713 1717 1726 1734 1714 1722 1719
854.041016 1715 1710 1730 1745 1738 1735 1730 1724
854.060974 1730 1738 1744 1722 1730 1732 1738 1709
854.080994 1723 1730 1723 1742 1744 1717 1729 1720
854.099976 1721 1728 1736 1733 1741 1720 1739 1719
854.119995 1719 1727 1753 1731 1727 1746 1743 1710
854.140015 1749 1733 1741 1740 1744 1726 1717 1720
854.158997 1727 1726 1731 1752 1733 1729 1736 1721
854.179016 1738 1733 1733 1734 1739 1741 1739 1732
854.198975 1733 1723 1746 1739 1735 1724 1738 1738
854.218994 1742 1719 1735 1753 1740 1736 1743 1730
854.237976 1722 1730 1719 1748 1719 1723 1735 1745
854.257996 1724 1726 1747 1746 1721 1719 1722 1740
854.278015 1740 1728 1758 1756 1721 1735 1728 1723
854.296997 1733 1741 1742 1728 1737 1716 1741 1728
854.317017 1709 1737 1726 1737 1716 1737 1737 1714
854.336975 1720 1721 1726 1720 1740 1727 1731 1711
854.356018 1721 1739 1722 1733 1704 1741 1712 1722
854.375977 1730 1714 1745 1734 1731 1714 1721 1727
854.395996 1730 1739 1723 1724 1709 1715 1709 1704
854.414978 1708 1737 1725 1732 1709 1733 1726 1711
854.434998 1700 1732 1733 1737 1742 1721 1715 1715
854.455017 1737 1726 1727 1729 1735 1721 1736 1711
854.473999 1715 1729 1736 1726 1721 1730 1717 1728
854.494019 1729 1722 1727 1736 1723 1742 1707 1726
854.513977 1723 1730 1716 1712 1724 1729 1716 1714
854.53302 1705 1724 1727 1722 1725 1723 1727 1707
854.552979 1724 1713 1711 1736 1723 1721 1707 1704
854.572998 1713 1733 1745 1722 1732 1727 1714 1712
854.59198 1717 1731 1716 1725 1729 1718 1728 1721
854.612 1704 1721 1723 1734 1731 1717 1722 1717
854.632019 1724 1728 1723 1732 1704 1726 1708 1720
854.651001 1717 1714 1720 1734 1705 1709 1706 1717
854.671021 1716 1707 1730 1727 1711 1723 1721 1716
854.690979 1713 1745 1727 1719 1731 1695 1725 1702
854.710022 1715 1735 1724 1731 1712 1716 1714 1713
854.72998 1695 1725 1745 1717 1738 1707 1690 1713
854.75 1713 1727 1717 1724 1719 1714 1693 1711
854.768982 1729 1726 1722 1728 1713 1710 1728 1710
854.789001 1718 1723 1714 1738 1719 1712 1720 1727
854.807983 1723 1717 1709 1725 1719 1715 1733 1723
854.828003 1718 1720 1719 1733 1722 1730 1702 1723
854.848022 1724 1729 1718 1736 1713 1713 1710 1695
854.867004 1700 1722 1707 1731 1723 1713 1730 1707
854.887024 1705 1713 1709 1737 1715 1735 1707 1724
854.906982 1720 1714 1719 1718 1718 1713 1711 1719
854.926025 1724 1722 1705 1730 1729 1712 1727 1704
854.945984 1706 1710 1720 1732 1711 1728 1708 1714
854.966003 1721 1695 1724 1720 1714 1709 1701 1729
854.984985 1717 1716 1718 1720 1715 1718 1720 1695
855.005005 1696 1725 1720 1708 1715 1720 1712 1711
855.025024 1716 1727 1720 1717 1709 1726 1719 1710
855.044006 1727 1728 1715 1728 1728 1719 1717 1719
855.064026 1702 1724 1710 1720 1717 1700 1732 1712
855.083984 1727 1706 1717 1726 1733 1703 1694 1715
855.103027 1714 1717 1699 1732 1726 1715 1727 1704
855.122986 1725 1720 1710 1743 1720 1713 1716 1700
855.143005 1716 1712 1715 1719 1715 1721 1737 1713
855.161987 1724 1713 1711 1712 1710 1721 1722 1717
855.182007 1715 1719 1725 1721 1719 1708 1713 1723
855.200989 1711 1714 1726 1738 1707 1720 1722 1698
855.221008 1732 1710 1713 1716 1702 1719 1717 1715
855.241028 1726 1709 1722 1731 1722 1715 1710 1724
855.26001 1725 1721 1712 1737 1730 1719 1721 1713
855.280029 1709 1717 1720 1719 1715 1744 1728 1728
855.299988 1715 1720 1726 1728 1716 1735 1711 1714
855.31897 1707 1707 1720 1728 1708 1730 1714 1710
855.338989 1722 1728 1723 1731 1722 1708 1704 1705
855.359009 1722 1716 1709 1727 1726 1714 1709 1715
855.377991 1716 1723 1736 1718 1726 1720 1732 1716
855.39801 1714 1721 1727 1720 1719 1717 1725 1716
855.41803 1717 1718 1722 1719 1721 1727 1720 1714
855.437012 1710 1709 1720 1730 1720 1727 1711 1697
855.45697 1697 1736 1706 1720 1733 1715 1717 1697
855.476013 1705 1724 1723 1724 1721 1709 1711 1709
855.495972 1705 1717 1719 1726 1721 1713 1719 1723
855.515991 1719 1706 1716 1734 1726 1713 1714 1702
855.534973 1714 1720 1702 1703 1717 1711 1703 1705
855.554993 1707 1703 1724 1726 1720 1706 1724 1714
855.575012 1716 1720 1713 1719 1726 1715 1721 1703
855.593994 1713 1731 1711 1727 1729 1728 1726 1715
855.614014 1703 1715 1711 1719 1713 1706 1728 1706
855.633972 1718 1709 1725 1720 1708 1719 1703 1715
855.653015 1735 1724 1716 1737 1713 1739 1722 1717
855.672974 1714 1723 1709 1715 1732 1711 1706 1707
855.692017 1727 1698 1704 1719 1713 1716 1712 1724
855.711975 1717 1727 1717 1740 1724 1734 1728 1705
855.731995 1730 1723 1723 1742 1709 1721 1695 1715
855.750977 1712 1719 1730 1722 1715 1722 1709 1713
855.770996 1712 1707 1724 1718 1712 1719 1718 1703
855.791016 1708 1725 1728 1724 1710 1705 1697 1706
855.809998 1705 1721 1738 1730 1714 1702 1707 1700
855.830017 1712 1710 1728 1728 1708 1713 1712 1716
855.848999 1709 1709 1711 1732 1718 1702 1721 1689
855.869019 1722 1725 1728 1712 1709 1725 1716 1710
855.888977 1718 1727 1708 1719 1705 1706 1730 1717
855.90802 1715 1735 1716 1720 1709 1725 1708 1720
855.927979 1721 1728 1724 1722 1717 1721 1700 1713
855.947998 1714 1699 1731 1726 1733 1725 1727 1721
855.96698 1719 1747 1733 1721 1706 1728 1714 1728
855.987 1716 1717 1718 1709 1723 1723 1731 1713
856.005981 1720 1734 1722 1714 1715 1721 1705 1722
856.026001 1707 1721 1709 1716 1729 1728 1713 1727
856.046021 1727 1744 1718 1734 1703 1722 1706 1717
856.065002 1720 1725 1728 1723 1733 1726 1730 1705
856.085022 1716 1728 1732 1727 1711 1720 1725 1715
856.104004 1728 1721 1733 1728 1727 1703 1708 1711
856.124023 1699 1713 1726 1728 1729 1723 1712 1716
856.143982 1722 1728 1713 1729 1722 1720 1730 1723
856.163025 1722 1719 1720 1733 1724 1727 1719 1721
856.182983 1715 1718 1718 1721 1746 1713 1727 1704
856.203003 1712 1721 1732 1727 1717 1711 1715 1724
856.221985 1701 1710 1706 1728 1716 1718 1709 1722
856.242004 1723 1723 1721 1749 1712 1726 1725 1704
856.260986 1715 1716 1702 1735 1697 1697 1723 1711
856.281006 1716 1711 1721 1731 1725 1712 1697 1714
856.301025 1719 1694 1719 1712 1717 1724 1721 1702
856.320007 1715 1722 1734 1733 1730 1718 1713 1720
856.340027 1716 1710 1723 1719 1719 1706 1706 1715
856.359009 1725 1712 1716 1726 1712 1732 1731 1701
856.379028 1691 1736 1730 1723 1717 1708 1728 1713
856.398987 1711 1719 1715 1732 1715 1713 1713 1708
856.41803 1709 1704 1722 1739 1727 1706 1718 1715
856.437988 1707 1702 1732 1713 1695 1707 1738 1718
856.45697 1719 1718 1727 1720 1717 1721 1727 1707
856.47699 1725 1711 1722 1702 1729 1720 1699 1709
856.497009 1701 1701 1730 1727 1719 1717 1717 1737
856.515991 1715 1720 1710 1722 1710 1721 1717 1702
856.536011 1706 1726 1729 1716 1706 1699 1706 1707
856.554993 1711 1721 1712 1725 1706 1705 1708 1710
856.575012 1707 1732 1689 1718 1721 1721 1702 1703
856.594971 1716 1701 1722 1721 1722 1707 1713 1722
856.614014 1720 1701 1722 1718 1706 1710 1693 1712
856.633972 1708 1719 1703 1725 1709 1713 1704 1710
856.653015 1716 1709 1706 1718 1711 1721 1732 1699
856.672974 1706 1725 1713 1710 1719 1727 1717 1690
856.692993 1699 1695 1720 1701 1698 1697 1703 1719
856.711975 1705 1705 1727 1721 1709 1723 1701 1711
856.731995 1698 1708 1710 1720 1724 1722 1699 1715
856.750977 1709 1717 1723 1708 1724 1721 1697 1701
856.770996 1715 1709 1709 1722 1715 1716 1705 1687
856.791016 1700 1708 1721 1732 1715 1705 1714 1692
856.809998 1706 1710 1701 1722 1702 1705 1708 1734
856.830017 1708 1713 1698 1707 1679 1710 1708 1703
856.848999 1704 1713 1706 1715 1711 1711 1699 1703
856.869019 1686 1709 1719 1727 1727 1734 1720 1703
856.888 1710 1691 1732 1724 1708 1707 1713 1721
856.90802 1707 1707 1704 1700 1721 1715 1708 1696
856.927979 1700 1717 1710 1721 1708 1705 1719 1700
856.947021 1719 1727 1714 1706 1718 1698 1720 1706
856.96698 1705 1698 1736 1712 1709 1705 1712 1702
856.986023 1705 1714 1702 1707 1731 1721 1711 1716
857.005981 1704 1690 1714 1715 1695 1717 1713 1716
857.026001 1721 1723 1726 1720 1709 1700 1719 1701
857.044983 1729 1716 1718 1729 1706 1720 1709 1715
857.065002 1724 1717 1689 1726 1713 1719 1714 1700
857.083984 1714 1700 1707 1710 1723 1722 1713 1708
857.104004 1726 1711 1710 1710 1710 1711 1712 1697
857.122986 1713 1707 1703 1727 1701 1718 1704 1695
857.143005 1701 1693 1697 1712 1717 1715 1724 1710
857.163025 1710 1710 1710 1706 1712 1711 1709 1715
857.182007 1708 1702 1709 1713 1726 1693 1715 1710
857.202026 1705 1713 1708 1711 1704 1708 1707 1706
857.221008 1709 1705 1689 1732 1732 1710 1711 1689
857.241028 1711 1712 1713 1730 1724 1701 1705 1709
857.260986 1717 1727 1710 1731 1705 1694 1715 1721
857.280029 1716 1714 1717 1714 1714 1720 1711 1705
857.299988 1715 1714 1719 1719 1704 1706 1730 1698
857.31897 1712 1723 1723 1710 1721 1720 1726 1704
857.338989 1721 1708 1715 1725 1719 1701 1719 1699
857.357971 1709 1700 1708 1712 1705 1719 1708 1705
857.377991 1732 1716 1695 1713 1707 1715 1697 1724
857.39801 1728 1709 1725 1708 1696 1701 1706 1698
857.416992 1693 1712 1701 1713 1712 1712 1707 1706
857.437012 1713 1697 1716 1721 1710 1709 1709 1697
857.455994 1707 1702 1700 1717 1706 1715 1722 1713
857.476013 1687 1717 1725 1713 1706 1720 1703 1706
857.494995 1721 1731 1714 1716 1705 1720 1716 1687
857.515015 1701 1692 1724 1705 1710 1708 1736 1717
857.534973 1729 1697 1722 1735 1719 1705 1710 1713
857.554016 1712 1719 1714 1720 1701 1736 1708 1707
857.573975 1717 1722 1711 1715 1712 1717 1733 1716
857.593018 1691 1704 1719 1699 1736 1727 1700 1730
857.612976 1697 1708 1724 1715 1710 1711 1703 1695
857.632019 1718 1696 1733 1718 1706 1719 1711 1700
857.651978 1698 1710 1722 1719 1691 1708 1720 1706
857.671997 1714 1725 1718 1703 1727 1713 1717 1724
857.690979 1707 1720 1718 1718 1714 1709 1711 1704
857.710999 1718 1707 1687 1723 1711 1709 1713 1709
857.72998 1701 1714 1713 1701 1717 1711 1715 1706
857.75 1699 1721 1713 1719 1705 1710 1717 1706
857.768982 1714 1723 1710 1702 1721 1709 1718 1693
857.789001 1710 1693 1712 1716 1712 1714 1726 1701
857.807983 1696 1716 1708 1717 1708 1702 1722 1715
857.828003 1705 1695 1701 1710 1730 1726 1713 1712
857.848022 1711 1719 1710 1714 1707 1694 1706 1703
857.867004 1715 1713 1716 1723 1725 1693 1723 1707
857.887024 1705 1736 1734 1722 1704 1692 1706 1736
857.906006 1715 1704 1720 1713 1695 1716 1714 1713
857.926025 1715 1726 1713 1719 1709 1704 1709 1715
857.945007 1716 1704 1716 1714 1703 1711 1720 1710
857.965027 1715 1719 1715 1711 1716 1727 1711 1711
857.984009 1726 1709 1704 1719 1693 1698 1705 1694
858.004028 1707 1715 1708 1713 1723 1710 1725 1716
858.02301 1709 1710 1718 1710 1705 1716 1701 1723
858.04303 1709 1711 1719 1707 1718 1704 1708 1697
858.062988 1712 1711 1741 1708 1729 1709 1707 1726
858.08197 1722 1717 1715 1736 1722 1709 1715 1734
858.10199 1711 1719 1710 1718 1726 1721 1719 1700
858.120972 1695 1713 1718 1743 1725 1724 1710 1705
858.140991 1719 1709 1714 1722 1701 1719 1715 1701
858.159973 1704 1714 1713 1728 1727 1724 1706 1707
858.179993 1716 1708 1715 1715 1694 1699 1713 1698
858.198975 1709 1724 1726 1736 1694 1710 1704 1709
858.218994 1690 1712 1718 1720 1719 1716 1701 1719
858.239014 1701 1699 1699 1705 1712 1706 1713 1708
858.257996 1708 1709 1712 1723 1698 1719 1700 1709
858.278015 1700 1704 1696 1709 1716 1728 1705 1701
858.296997 1702 1688 1702 1718 1716 1705 1710 1707
858.317017 1708 1722 1702 1729 1702 1719 1704 1682
858.335999 1711 1711 1699 1713 1722 1710 1696 1714
858.356018 1700 1700 1711 1692 1699 1708 1710 1704
858.375 1705 1714 1699 1723 1708 1694 1694 1697
858.39502 1715 1702 1716 1723 1704 1710 1700 1704
858.414001 1712 1708 1716 1724 1717 1717 1712 1712
858.434021 1700 1722 1706 1720 1710 1721 1698 1712
858.453003 1708 1722 1733 1715 1729 1704 1726 1704
858.473022 1705 1699 1694 1718 1719 1697 1696 1701
858.492004 1719 1707 1709 1710 1717 1708 1709 1704
858.512024 1719 1709 1704 1723 1716 1711 1711 1702
858.531982 1702 1714 1706 1707 1699 1710 1709 1703
858.551025 1710 1712 1731 1712 1714 1708 1719 1710
858.570984 1695 1721 1712 1708 1720 1721 1718 1706
858.590027 1714 1714 1715 1718 1710 1702 1716 1703
858.609985 1720 1719 1712 1711 1712 1706 1699 1699
858.629028 1705 1718 1719 1718 1734 1718 1716 1708
858.648987 1715 1721 1724 1718 1709 1725 1708 1722
858.66803 1723 1703 1721 1732 1717 1700 1707 1707
858.687988 1713 1718 1712 1724 1714 1715 1700 1723
858.70697 1712 1703 1714 1728 1723 1717 1714 1703
858.72699 1704 1715 1712 1720 1709 1730 1723 1717
858.745972 1711 1710 1716 1715 1723 1712 1693 1713
858.765991 1713 1728 1712 1717 1722 1697 1702 1693
858.784973 1701 1712 1726 1712 1713 1715 1711 1720
858.804993 1713 1705 1714 1719 1719 1711 1714 1715
858.823975 1707 1713 1713 1729 1711 1710 1710 1717
858.843994 1730 1712 1723 1708 1716 1719 1725 1714
858.864014 1713 1701 1711 1724 1730 1718 1727 1708
858.882996 1733 1693 1720 1730 1710 1705 1721 1705
858.903015 1714 1714 1717 1723 1701 1713 1706 1705
858.921997 1724 1704 1712 1730 1725 1720 1729 1718
858.942017 1725 1715 1733 1716 1719 1716 1705 1700
858.960999 1721 1712 1723 1733 1718 1714 1715 1704
858.981018 1720 1695 1712 1723 1713 1723 1697 1717
859 1729 1703 1716 1712 1707 1710 1721 1715
859.02002 1724 1712 1726 1710 1721 1700 1707 1716
859.039001 1701 1724 1708 1695 1712 1708 1709 1712
859.059021 1727 1704 1722 1723 1727 1714 1715 1704
859.078003 1699 1704 1722 1716 1714 1701 1701 1721
859.098022 1706 1702 1706 1717 1711 1725 1714 1710
859.117004 1713 1706 1718 1728 1699 1703 1706 1720
859.137024 1710 1714 1710 1721 1708 1708 1702 1700
859.156006 1701 1705 1702 1707 1723 1711 1723 1700
859.176025 1697 1722 1698 1697 1699 1712 1699 1700
859.195007 1693 1712 1715 1705 1715 1706 1716 1704
859.215027 1704 1711 1705 1702 1702 1704 1711 1698
859.234009 1709 1691 1723 1720 1704 1726 1704 1705
859.254028 1696 1705 1713 1718 1705 1696 1714 1717
859.27301 1707 1688 1715 1721 1711 1708 1702 1709
859.29303 1708 1702 1707 1710 1720 1709 1707 1709
859.312012 1711 1706 1693 1715 1716 1695 1703 1712
859.33197 1703 1710 1715 1713 1714 1717 1695 1710
859.351013 1706 1720 1719 1718 1705 1706 1710 1716
859.370972 1711 1704 1711 1732 1707 1690 1703 1698
859.390015 1703 1720 1717 1715 1716 1706 1708 1695
859.409973 1709 1714 1708 1720 1696 1713 1707 1716
859.429016 1710 1701 1709 1713 1715 1710 1713 1704
859.448975 1704 1701 1716 1710 1710 1707 1686 1693
859.468018 1707 1711 1706 1703 1710 1703 1697 1708
859.487976 1722 1710 1722 1730 1703 1707 1724 1694
859.507019 1691 1712 1726 1702 1714 1712 1710 1723
859.526978 1698 1729 1713 1714 1708 1719 1711 1715
859.546021 1721 1720 1722 1726 1700 1718 1713 1688
859.565979 1699 1713 1712 1711 1695 1713 1718 1716
859.585022 1718 1703 1729 1719 1729 1719 1708 1710
859.60498 1706 1721 1718 1733 1706 1705 1714 1718
859.624023 1716 1692 1720 1715 1726 1729 1714 1707
859.643982 1711 1716 1700 1726 1717 1723 1703 1712
859.663025 1722 1702 1713 1735 1720 1709 1715 1704
859.682983 1719 1706 1710 1727 1722 1718 1701 1732
859.702026 1702 1722 1725 1731 1720 1721 1716 1713
859.721985 1717 1712 1716 1727 1685 1709 1731 1718
859.741028 1721 1711 1742 1712 1719 1738 1705 1708
859.760986 1716 1705 1717 1702 1699 1727 1717 1690
859.780029 1711 1701 1711 1704 1707 1710 1724 1713
859.799988 1700 1710 1703 1717 1714 1710 1709 1726
859.81897 1715 1717 1726 1719 1712 1706 1690 1703
859.838989 1708 1712 1734 1714 1712 1723 1694 1714
859.857971 1716 1716 1709 1718 1717 1702 1720 1704
859.877991 1708 1716 1733 1705 1698 1698 1701 1721
859.896973 1697 1697 1707 1710 1696 1719 1721 1714
859.916992 1711 1716 1704 1705 1710 1707 1704 1698
859.935974 1716 1724 1721 1718 1704 1708 1710 1699
859.955994 1711 1708 1694 1725 1720 1717 1705 1711
859.974976 1704 1707 1716 1731 1721 1698 1700 1704
859.994995 1711 1709 1707 1718 1715 1698 1688 1718
860.013977 1710 1700 1711 1722 1705 1697 1707 1721
860.033997 1720 1720 1719 1701 1704 1718 1710 1725
860.052979 1705 1708 1712 1735 1714 1712 1701 1707
860.072998 1712 1712 1705 1702 1694 1709 1715 1708
860.09198 1716 1708 1706 1705 1707 1705 1701 1707
860.112 1709 1699 1710 1716 1709 1703 1711 1708
860.130981 1695 1701 1706 1704 1717 1717 1695 1709
860.151001 1698 1710 1710 1716 1699 1700 1706 1692
860.169983 1699 1711 1705 1709 1718 1693 1718 1698
860.189026 1719 1706 1704 1708 1704 1717 1701 1705
860.208984 1708 1692 1701 1711 1709 1719 1704 1698
860.228027 1718 1708 1717 1705 1719 1693 1705 1695
860.247986 1698 1712 1710 1697 1707 1699 1708 1687
860.267029 1700 1695 1713 1728 1698 1698 1720 1709
860.286987 1709 1701 1713 1712 1712 1695 1717 1696
860.30603 1701 1704 1720 1711 1728 1723 1700 1703
860.325989 1698 1711 1701 1698 1712 1705 1684 1692
860.344971 1719 1695 1709 1700 1710 1698 1705 1708
860.36499 1700 1708 1708 1724 1696 1721 1697 1705
860.383972 1700 1707 1694 1708 1699 1699 1712 1705
860.403992 1722 1714 1705 1711 1707 1694 1711 1704
860.422974 1713 1697 1686 1721 1699 1708 1727 1690
860.442993 1703 1712 1712 1733 1702 1714 1711 1694
860.461975 1709 1698 1715 1723 1720 1715 1699 1704
860.481995 1701 1708 1711 1714 1712 1697 1710 1703
860.500977 1712 1701 1716 1712 1712 1717 1721 1720
860.520996 1709 1727 1718 1718 1717 1717 1716 1702
860.539978 1714 1702 1714 1719 1716 1696 1721 1700
860.559021 1720 1716 1730 1711 1695 1727 1688 1702
860.578979 1707 1703 1716 1718 1706 1721 1699 1714
860.598022 1710 1706 1711 1709 1702 1689 1706 1710
860.617981 1701 1711 1714 1718 1703 1710 1709 1700
860.637024 1713 1702 1712 1713 1728 1729 1712 1717
860.656982 1706 1691 1714 1703 1697 1707 1726 1704
860.676025 1709 1710 1704 1716 1710 1705 1707 1710
860.695984 1707 1701 1706 1700 1699 1714 1708 1716
860.715027 1699 1723 1696 1722 1696 1714 1692 1685
860.734985 1713 1704 1709 1726 1710 1690 1713 1703
860.754028 1705 1726 1704 1717 1700 1701 1715 1718
860.77301 1723 1703 1715 1709 1710 1709 1699 1690
