0 12.8571429 25.7142857 38.5714286 51.4285714 64.2857143 77.1428571 90
828.851013 1736 1752 1743 1756 1757 1728 1734 1728
828.870972 1733 1735 1741 1779 1751 1753 1731 1729
828.890991 1739 1738 1737 1758 1768 1738 1730 1722
828.911987 1743 1725 1764 1742 1742 1747 1735 1730
828.932007 1741 1735 1746 1767 1745 1729 1731 1735
828.953003 1723 1737 1767 1758 1739 1730 1721 1721
828.973022 1727 1732 1731 1754 1731 1737 1738 1724
828.994019 1713 1731 1730 1727 1734 1728 1725 1706
829.013977 1714 1720 1736 1743 1732 1736 1710 1717
829.034973 1718 1716 1740 1744 1742 1732 1722 1733
829.054993 1731 1728 1740 1739 1736 1738 1739 1718
829.075012 1728 1721 1736 1748 1747 1729 1722 1706
829.096008 1696 1731 1729 1754 1740 1717 1734 1737
829.116028 1721 1731 1733 1745 1732 1722 1716 1726
829.137024 1730 1720 1741 1747 1738 1721 1722 1718
829.156982 1739 1716 1733 1721 1731 1738 1710 1716
829.177979 1722 1714 1726 1740 1745 1735 1711 1722
829.197998 1723 1713 1730 1735 1737 1740 1725 1708
829.218994 1724 1707 1728 1718 1722 1722 1722 1703
829.239014 1715 1718 1731 1736 1733 1723 1700 1715
829.258972 1717 1703 1728 1725 1736 1732 1715 1713
829.280029 1722 1719 1716 1724 1727 1731 1707 1712
829.299988 1719 1720 1731 1732 1704 1712 1708 1721
829.320984 1720 1711 1736 1727 1724 1707 1700 1707
829.341003 1716 1719 1721 1743 1739 1724 1708 1713
829.362 1717 1714 1709 1713 1727 1711 1719 1723
829.382019 1710 1728 1717 1731 1729 1725 1722 1734
829.401978 1711 1718 1738 1745 1735 1731 1713 1709
829.422974 1717 1713 1736 1743 1734 1714 1698 1719
829.442993 1690 1719 1728 1726 1718 1718 1714 1717
829.463989 1715 1711 1715 1734 1740 1720 1719 1710
829.484009 1715 1724 1724 1728 1727 1728 1716 1730
829.505005 1719 1731 1723 1722 1714 1727 1712 1710
829.525024 1713 1741 1732 1723 1745 1737 1738 1730
829.544983 1715 1705 1727 1733 1725 1711 1719 1720
829.565979 1710 1732 1720 1743 1725 1727 1714 1707
829.585999 1715 1715 1731 1744 1739 1722 1715 1717
829.606995 1702 1724 1726 1719 1728 1723 1721 1725
829.627014 1714 1718 1734 1731 1726 1713 1709 1702
829.64801 1714 1722 1715 1728 1722 1721 1712 1720
829.66803 1704 1711 1711 1719 1715 1712 1713 1713
829.687988 1705 1719 1721 1745 1732 1738 1719 1711
829.708984 1693 1693 1718 1721 1730 1716 1715 1739
829.729004 1721 1734 1718 1727 1742 1738 1721 1706
829.75 1724 1703 1731 1729 1731 1736 1713 1729
829.77002 1726 1736 1712 1745 1742 1732 1716 1720
829.791016 1737 1725 1724 1745 1742 1728 1718 1720
829.810974 1717 1727 1726 1730 1732 1736 1729 1728
829.830994 1718 1723 1731 1740 1724 1717 1718 1715
829.85199 1726 1719 1745 1704 1749 1728 1710 1714
829.872009 1733 1732 1716 1740 1728 1723 1739 1727
829.893005 1709 1704 1738 1737 1730 1710 1722 1736
829.913025 1717 1733 1729 1742 1754 1714 1707 1730
829.932983 1720 1733 1735 1753 1732 1725 1743 1731
829.953979 1713 1731 1744 1737 1733 1710 1724 1722
829.973999 1724 1726 1720 1728 1735 1731 1731 1740
829.994995 1727 1729 1718 1753 1750 1732 1720 1744
830.015015 1733 1723 1745 1743 1722 1720 1724 1736
830.036011 1715 1726 1721 1748 1752 1718 1715 1720
830.05603 1709 1740 1737 1750 1746 1734 1728 1729
830.075989 1711 1741 1745 1738 1747 1732 1731 1721
830.096985 1721 1755 1753 1764 1749 1735 1741 1742
830.117004 1721 1749 1742 1755 1742 1734 1727 1737
830.138 1744 1749 1751 1738 1736 1728 1740 1728
830.15802 1737 1742 1752 1753 1757 1735 1721 1735
830.177979 1732 1753 1778 1745 1752 1732 1736 1738
830.198975 1734 1740 1757 1748 1762 1731 1726 1745
830.218994 1730 1745 1756 1759 1753 1749 1738 1741
830.23999 1729 1743 1745 1746 1753 1749 1743 1741
830.26001 1737 1736 1739 1765 1742 1748 1737 1734
830.280029 1747 1747 1742 1756 1744 1764 1736 1728
830.301025 1723 1728 1745 1743 1750 1752 1745 1734
830.320984 1735 1751 1749 1752 1726 1731 1728 1748
830.34198 1733 1731 1745 1761 1778 1757 1735 1727
830.362 1724 1753 1757 1755 1742 1744 1740 1747
830.382996 1727 1744 1748 1749 1772 1748 1736 1748
830.403015 1731 1734 1755 1751 1760 1752 1736 1751
830.422974 1745 1744 1749 1742 1757 1744 1732 1740
830.44397 1731 1771 1755 1759 1785 1751 1720 1726
830.463989 1743 1745 1767 1754 1754 1744 1740 1722
830.484009 1741 1728 1766 1766 1759 1757 1737 1742
830.505005 1753 1748 1774 1766 1767 1750 1748 1741
830.525024 1732 1742 1742 1755 1778 1759 1747 1736
830.546021 1714 1736 1753 1755 1759 1759 1740 1739
830.565979 1729 1723 1745 1729 1739 1761 1728 1743
830.585999 1733 1720 1753 1744 1752 1761 1714 1731
830.606995 1738 1745 1760 1738 1737 1747 1739 1716
830.627014 1738 1744 1745 1738 1752 1730 1723 1745
830.64801 1739 1718 1748 1751 1741 1751 1746 1722
830.66803 1734 1735 1746 1725 1739 1723 1725 1742
830.687988 1721 1735 1736 1751 1749 1745 1732 1738
830.708984 1723 1746 1751 1751 1737 1746 1733 1736
830.729004 1734 1734 1745 1749 1748 1731 1724 1733
830.75 1725 1737 1744 1733 1752 1734 1733 1729
830.77002 1722 1739 1721 1746 1735 1731 1735 1735
830.789978 1731 1714 1741 1772 1743 1749 1730 1729
830.810974 1725 1717 1754 1756 1735 1739 1733 1710
830.830994 1714 1735 1745 1736 1740 1721 1718 1708
830.85199 1725 1748 1751 1749 1743 1725 1728 1721
830.872009 1741 1722 1746 1731 1737 1740 1717 1726
830.892029 1733 1738 1720 1749 1759 1738 1710 1734
830.913025 1733 1745 1735 1744 1756 1721 1725 1728
830.932983 1725 1743 1729 1747 1713 1735 1728 1718
830.953979 1727 1722 1742 1742 1723 1730 1727 1724
830.973999 1732 1718 1752 1740 1733 1710 1725 1707
830.994019 1726 1708 1734 1729 1745 1739 1728 1703
831.015015 1722 1731 1733 1720 1730 1724 1717 1723
831.034973 1724 1734 1733 1736 1737 1741 1715 1714
831.054993 1719 1751 1730 1747 1727 1731 1725 1722
831.075989 1705 1722 1741 1740 1735 1716 1710 1723
831.096008 1717 1735 1732 1727 1718 1725 1717 1711
831.117004 1744 1714 1728 1729 1730 1730 1719 1729
831.137024 1723 1723 1730 1727 1733 1742 1711 1719
831.156982 1736 1740 1726 1738 1732 1725 1723 1706
831.177979 1712 1737 1728 1744 1724 1717 1717 1720
831.197998 1691 1726 1717 1730 1732 1712 1716 1722
831.218994 1700 1731 1717 1748 1730 1724 1723 1709
831.239014 1721 1722 1730 1733 1729 1726 1724 1709
831.258972 1716 1721 1726 1738 1718 1722 1710 1721
831.280029 1710 1729 1740 1729 1726 1741 1712 1716
831.299988 1709 1722 1735 1731 1724 1729 1732 1723
831.320007 1712 1712 1736 1743 1734 1711 1719 1729
831.341003 1720 1736 1724 1726 1731 1735 1711 1707
831.361023 1700 1728 1738 1726 1715 1735 1718 1721
831.382019 1723 1730 1735 1728 1721 1714 1698 1707
831.401978 1719 1712 1731 1731 1735 1732 1719 1713
831.421997 1701 1723 1737 1741 1748 1728 1724 1726
831.442993 1744 1709 1753 1747 1724 1723 1714 1709
831.463013 1716 1725 1738 1729 1737 1710 1739 1708
831.482971 1708 1744 1741 1742 1733 1734 1724 1719
831.504028 1718 1739 1739 1739 1732 1735 1713 1707
831.523987 1715 1741 1740 1751 1739 1717 1707 1713
831.544983 1716 1753 1733 1729 1747 1727 1708 1711
831.565002 1710 1721 1723 1738 1732 1733 1734 1723
831.585022 1721 1722 1724 1720 1734 1728 1733 1719
831.606018 1714 1723 1733 1738 1725 1735 1731 1707
831.625977 1702 1746 1734 1729 1737 1717 1729 1726
831.645996 1737 1726 1748 1745 1739 1724 1717 1730
831.666992 1728 1727 1745 1746 1745 1743 1728 1737
831.687012 1726 1722 1729 1739 1730 1727 1728 1729
831.708008 1715 1724 1713 1729 1734 1727 1706 1723
831.728027 1735 1723 1706 1743 1739 1725 1712 1721
831.747986 1730 1736 1738 1737 1728 1738 1709 1716
831.768982 1731 1744 1736 1743 1748 1738 1720 1720
831.789001 1713 1723 1723 1730 1739 1738 1729 1724
831.809021 1715 1745 1730 1732 1725 1726 1730 1719
831.830017 1731 1744 1727 1744 1748 1727 1730 1725
831.849976 1720 1741 1738 1736 1737 1738 1716 1747
831.869995 1711 1721 1754 1742 1747 1739 1731 1726
831.890991 1714 1720 1726 1754 1743 1730 1718 1721
831.911011 1719 1736 1747 1744 1738 1741 1725 1739
831.932007 1742 1730 1746 1742 1741 1730 1735 1740
831.952026 1738 1748 1745 1755 1731 1730 1715 1731
831.971985 1730 1741 1729 1737 1734 1727 1712 1736
831.992981 1722 1741 1746 1741 1749 1749 1735 1726
832.013 1730 1728 1726 1751 1750 1734 1727 1724
832.03302 1730 1734 1730 1741 1767 1748 1742 1746
832.054016 1727 1728 1735 1755 1750 1737 1740 1721
832.073975 1741 1750 1753 1726 1747 1730 1734 1743
832.093994 1735 1734 1735 1726 1734 1736 1728 1724
832.11499 1739 1740 1747 1753 1743 1743 1719 1725
832.13501 1754 1743 1743 1763 1750 1722 1739 1738
832.155029 1744 1751 1748 1748 1750 1736 1751 1730
832.176025 1736 1731 1759 1781 1750 1740 1717 1735
832.195984 1743 1744 1743 1749 1740 1748 1733 1731
832.216003 1726 1748 1740 1763 1739 1731 1740 1744
832.237 1738 1753 1744 1746 1734 1759 1736 1748
832.257019 1726 1749 1754 1759 1758 1734 1729 1743
832.278015 1730 1734 1761 1758 1752 1746 1723 1732
832.297974 1740 1753 1745 1761 1734 1745 1724 1753
832.317993 1746 1743 1742 1749 1751 1742 1723 1733
832.338989 1742 1746 1747 1767 1762 1743 1755 1720
832.359009 1736 1747 1774 1750 1755 1745 1752 1740
832.379028 1731 1735 1751 1759 1742 1763 1745 1738
832.400024 1736 1760 1767 1765 1760 1747 1752 1733
832.419983 1733 1742 1755 1745 1761 1749 1729 1742
832.440002 1741 1740 1739 1748 1767 1733 1731 1731
832.460999 1755 1736 1753 1775 1756 1747 1743 1748
832.481018 1729 1749 1743 1740 1762 1742 1743 1753
832.500977 1739 1746 1744 1758 1751 1746 1736 1731
832.521973 1731 1746 1759 1765 1755 1737 1726 1746
832.541992 1730 1747 1754 1738 1755 1747 1744 1737
832.562012 1728 1746 1761 1782 1748 1729 1753 1733
832.583008 1731 1734 1758 1751 1766 1738 1729 1726
832.603027 1743 1746 1763 1743 1754 1744 1732 1743
832.622986 1735 1742 1754 1758 1744 1742 1754 1745
832.643982 1732 1732 1750 1756 1757 1742 1748 1726
832.664001 1733 1756 1731 1748 1758 1749 1752 1734
832.684021 1733 1721 1756 1746 1746 1750 1741 1737
832.705017 1729 1756 1744 1754 1755 1741 1727 1738
832.724976 1741 1748 1756 1759 1761 1752 1739 1741
832.744995 1736 1747 1746 1748 1759 1740 1728 1743
832.765991 1739 1739 1750 1736 1751 1740 1739 1741
832.786011 1734 1728 1758 1750 1739 1746 1734 1733
832.80603 1722 1746 1749 1756 1750 1729 1743 1732
832.827026 1726 1740 1771 1753 1741 1742 1752 1727
832.846985 1728 1749 1749 1743 1762 1759 1735 1726
832.867004 1719 1726 1741 1751 1743 1740 1744 1745
832.888 1734 1745 1740 1760 1736 1735 1728 1741
832.90802 1731 1756 1742 1759 1755 1744 1744 1732
832.927979 1718 1748 1756 1743 1754 1738 1732 1742
832.948975 1723 1742 1746 1738 1753 1751 1741 1741
832.968994 1738 1733 1748 1763 1739 1730 1737 1741
832.989014 1734 1740 1740 1739 1741 1734 1713 1744
833.01001 1724 1741 1727 1765 1748 1742 1730 1726
833.030029 1716 1732 1745 1762 1743 1744 1744 1744
833.049988 1740 1739 1753 1745 1730 1754 1738 1714
833.070984 1736 1741 1749 1747 1753 1735 1712 1738
833.091003 1734 1727 1763 1752 1766 1745 1721 1737
833.111023 1730 1742 1743 1749 1729 1721 1732 1734
833.132019 1730 1741 1745 1742 1751 1731 1711 1724
833.151978 1715 1719 1733 1727 1732 1723 1718 1706
833.171997 1739 1737 1737 1739 1744 1746 1723 1744
833.192993 1730 1738 1738 1733 1738 1732 1729 1726
833.213013 1730 1731 1738 1753 1759 1724 1710 1733
833.232971 1733 1724 1744 1736 1728 1733 1726 1734
833.254028 1732 1725 1756 1755 1744 1727 1724 1730
833.273987 1732 1730 1735 1738 1730 1745 1726 1735
833.294006 1715 1723 1752 1743 1740 1747 1746 1726
833.315002 1727 1711 1737 1728 1762 1725 1734 1722
833.335022 1731 1725 1730 1734 1735 1714 1740 1721
833.35498 1722 1730 1738 1744 1747 1743 1730 1734
833.375977 1734 1736 1735 1731 1753 1734 1731 1716
833.395996 1730 1737 1748 1734 1760 1722 1729 1717
833.416016 1699 1732 1725 1743 1746 1719 1702 1721
833.437012 1735 1722 1742 1738 1745 1723 1710 1709
833.45697 1722 1740 1737 1738 1732 1731 1710 1716
833.47699 1738 1727 1733 1745 1729 1734 1725 1710
833.497009 1730 1733 1741 1747 1728 1739 1718 1717
833.518005 1719 1722 1739 1735 1727 1732 1723 1738
833.538025 1728 1725 1746 1759 1724 1723 1710 1722
833.557983 1723 1731 1743 1724 1723 1708 1718 1719
833.578979 1717 1734 1748 1745 1720 1746 1731 1710
833.598999 1724 1723 1739 1734 1735 1739 1713 1735
833.619019 1729 1726 1726 1746 1733 1729 1709 1707
833.640015 1708 1713 1732 1739 1735 1725 1715 1724
833.659973 1715 1719 1732 1736 1730 1735 1731 1725
833.679993 1718 1735 1731 1730 1738 1715 1734 1721
833.700989 1713 1726 1751 1738 1737 1752 1741 1727
833.721008 1733 1734 1729 1747 1737 1731 1734 1718
833.741028 1722 1728 1719 1736 1729 1745 1717 1717
833.762024 1717 1722 1718 1751 1728 1728 1713 1729
833.781982 1724 1727 1739 1720 1730 1732 1727 1733
833.802002 1724 1730 1723 1720 1730 1729 1708 1706
833.822021 1724 1733 1743 1732 1734 1723 1719 1732
833.843018 1715 1730 1732 1737 1738 1731 1724 1739
833.862976 1706 1724 1743 1750 1743 1721 1739 1709
833.882996 1721 1721 1741 1747 1737 1738 1717 1730
833.903992 1736 1723 1736 1733 1741 1742 1731 1742
833.924011 1720 1743 1729 1748 1750 1735 1717 1705
833.94397 1736 1736 1748 1740 1750 1730 1739 1722
833.965027 1735 1723 1736 1735 1735 1731 1709 1725
833.984985 1725 1738 1747 1746 1722 1719 1724 1712
834.005005 1714 1727 1754 1733 1735 1719 1718 1717
834.026001 1731 1720 1732 1750 1730 1730 1738 1730
834.046021 1735 1711 1731 1742 1735 1732 1715 1726
834.065979 1720 1721 1734 1725 1743 1737 1718 1730
834.085999 1720 1734 1739 1736 1734 1719 1722 1731
834.106995 1729 1728 1732 1731 1746 1727 1709 1742
834.127014 1730 1718 1739 1737 1724 1738 1728 1723
834.146973 1727 1724 1724 1742 1724 1724 1727 1738
834.16803 1703 1726 1725 1744 1748 1725 1718 1715
834.187988 1709 1738 1742 1759 1742 1732 1728 1717
834.208008 1722 1733 1734 1739 1714 1726 1712 1712
834.228027 1724 1729 1719 1731 1740 1744 1722 1728
834.249023 1729 1732 1749 1738 1734 1730 1727 1725
834.268982 1740 1732 1744 1753 1757 1719 1726 1725
834.289001 1713 1721 1745 1744 1749 1739 1729 1727
834.309998 1720 1730 1734 1744 1740 1737 1716 1734
834.330017 1719 1741 1741 1752 1734 1739 1716 1726
834.349976 1727 1730 1722 1750 1734 1721 1715 1733
834.369995 1735 1725 1744 1721 1744 1723 1720 1741
834.390991 1733 1732 1729 1752 1739 1729 1705 1718
834.411011 1715 1717 1723 1752 1738 1721 1715 1715
834.43103 1724 1727 1722 1744 1741 1717 1728 1726
834.452026 1721 1728 1752 1723 1752 1754 1727 1719
834.471985 1718 1732 1741 1750 1725 1723 1737 1728
834.492004 1721 1732 1743 1732 1763 1741 1737 1725
834.513 1731 1738 1755 1736 1741 1738 1732 1743
834.53302 1726 1726 1742 1745 1739 1728 1720 1734
834.552979 1731 1724 1734 1749 1736 1729 1726 1728
834.572998 1730 1733 1735 1746 1743 1737 1737 1730
834.593994 1732 1716 1737 1756 1748 1735 1721 1724
834.614014 1732 1727 1753 1754 1735 1734 1737 1719
834.633972 1730 1727 1744 1749 1751 1755 1739 1723
834.653992 1738 1749 1753 1744 1748 1748 1738 1720
834.674988 1735 1734 1738 1754 1748 1746 1743 1734
834.695007 1714 1731 1736 1733 1733 1741 1738 1734
834.715027 1726 1752 1733 1754 1733 1746 1744 1738
834.736023 1742 1745 1740 1750 1748 1741 1729 1745
834.755981 1738 1736 1749 1738 1772 1749 1724 1733
834.776001 1730 1732 1742 1738 1737 1741 1751 1719
834.796021 1729 1737 1746 1765 1740 1734 1747 1738
834.817017 1745 1753 1747 1754 1754 1748 1740 1737
834.836975 1732 1748 1745 1734 1762 1729 1732 1736
834.856995 1737 1744 1741 1747 1745 1738 1764 1712
834.877991 1732 1746 1758 1737 1756 1743 1738 1726
834.89801 1747 1759 1763 1754 1739 1723 1722 1733
834.91803 1743 1751 1746 1734 1744 1744 1742 1734
834.937988 1727 1742 1760 1753 1749 1739 1737 1750
834.958984 1755 1737 1747 1765 1755 1746 1737 1741
834.979004 1753 1734 1763 1755 1752 1761 1751 1736
834.999023 1738 1747 1740 1748 1758 1745 1739 1722
835.018982 1736 1755 1730 1751 1751 1737 1723 1715
835.039978 1731 1751 1755 1728 1744 1723 1733 1756
835.059998 1734 1745 1757 1753 1755 1741 1737 1745
835.080017 1738 1740 1759 1772 1740 1750 1732 1745
835.101013 1735 1734 1750 1754 1746 1754 1738 1759
835.120972 1724 1749 1756 1751 1761 1747 1733 1722
835.140991 1720 1734 1741 1754 1735 1748 1745 1728
835.161011 1731 1761 1761 1760 1739 1740 1750 1740
835.182007 1737 1762 1747 1759 1748 1741 1729 1738
835.202026 1732 1729 1764 1746 1755 1746 1734 1738
835.221985 1732 1751 1749 1753 1743 1750 1731 1739
835.242004 1730 1732 1751 1754 1748 1748 1730 1746
835.263 1737 1750 1746 1736 1759 1734 1729 1722
835.28302 1748 1728 1761 1764 1747 1717 1732 1750
835.302979 1733 1740 1754 1741 1755 1745 1718 1728
835.322998 1725 1753 1744 1746 1750 1746 1733 1736
835.343994 1737 1741 1760 1745 1753 1748 1740 1742
835.364014 1748 1746 1742 1754 1749 1749 1738 1747
835.383972 1739 1743 1736 1758 1737 1731 1708 1745
835.403992 1731 1736 1755 1746 1744 1739 1742 1734
835.424988 1717 1738 1757 1751 1741 1746 1742 1721
835.445007 1727 1741 1760 1752 1745 1754 1729 1727
835.465027 1724 1766 1750 1767 1736 1744 1728 1736
835.486023 1741 1732 1744 1753 1754 1751 1742 1727
835.505981 1746 1734 1751 1754 1758 1723 1716 1738
835.526001 1738 1722 1749 1757 1753 1757 1739 1725
835.546021 1745 1729 1747 1734 1756 1737 1732 1729
835.567017 1741 1739 1765 1753 1756 1742 1754 1748
835.586975 1726 1759 1744 1755 1753 1723 1739 1721
835.606995 1733 1727 1728 1740 1760 1739 1723 1734
835.627014 1734 1723 1757 1750 1774 1739 1755 1724
835.64801 1714 1744 1750 1737 1753 1742 1718 1711
835.66803 1730 1732 1743 1736 1751 1724 1719 1726
835.687988 1736 1753 1738 1743 1758 1730 1732 1723
835.708008 1744 1719 1747 1752 1766 1740 1719 1724
835.729004 1729 1729 1752 1739 1741 1749 1721 1750
835.749023 1730 1749 1741 1742 1763 1738 1732 1736
835.768982 1748 1746 1747 1749 1740 1763 1724 1743
835.789001 1734 1747 1743 1769 1748 1733 1759 1733
835.809998 1736 1750 1735 1757 1756 1741 1748 1735
835.830017 1736 1753 1736 1744 1738 1741 1745 1740
835.849976 1734 1737 1734 1765 1762 1724 1756 1727
835.869995 1739 1744 1757 1757 1744 1746 1735 1726
835.890991 1728 1763 1749 1752 1760 1744 1746 1734
835.911011 1738 1740 1766 1748 1756 1732 1743 1747
835.93103 1739 1739 1747 1753 1750 1759 1746 1728
835.950989 1752 1734 1759 1738 1740 1742 1724 1736
835.971985 1746 1741 1768 1758 1755 1741 1741 1732
835.992004 1727 1747 1748 1738 1757 1738 1746 1727
836.012024 1745 1749 1753 1756 1773 1731 1742 1751
836.031982 1748 1736 1752 1751 1756 1765 1747 1730
836.052002 1722 1755 1752 1756 1761 1750 1752 1741
836.072998 1743 1755 1744 1746 1757 1735 1749 1741
836.093018 1737 1737 1746 1768 1762 1729 1755 1744
836.112976 1741 1744 1757 1748 1749 1766 1741 1734
836.132996 1730 1738 1750 1788 1780 1756 1724 1748
836.153992 1722 1754 1753 1746 1759 1755 1753 1757
836.174011 1741 1744 1774 1779 1755 1739 1728 1746
836.19397 1743 1767 1735 1759 1747 1743 1738 1733
836.213989 1747 1745 1725 1745 1768 1738 1738 1733
836.234985 1743 1746 1733 1757 1745 1758 1743 1721
836.255005 1720 1728 1747 1744 1756 1729 1717 1737
836.275024 1739 1748 1738 1761 1744 1747 1732 1722
836.294983 1732 1757 1756 1749 1753 1749 1723 1742
836.315979 1739 1728 1745 1747 1748 1737 1730 1744
836.335999 1726 1743 1754 1762 1749 1746 1745 1754
836.356018 1727 1739 1734 1764 1761 1736 1757 1733
836.375977 1741 1747 1741 1772 1744 1730 1729 1734
836.395996 1743 1736 1753 1765 1757 1735 1746 1737
836.416992 1747 1746 1739 1737 1742 1739 1741 1726
836.437012 1740 1741 1735 1745 1752 1747 1741 1738
836.45697 1759 1758 1751 1753 1750 1750 1748 1737
836.47699 1744 1728 1735 1763 1739 1728 1741 1732
836.497986 1758 1730 1744 1762 1763 1758 1726 1727
836.518005 1764 1742 1755 1750 1746 1751 1733 1741
836.538025 1728 1747 1744 1741 1765 1754 1745 1732
836.557983 1736 1749 1742 1775 1759 1764 1732 1756
836.578979 1745 1738 1756 1756 1744 1754 1728 1740
836.598999 1741 1758 1759 1761 1756 1759 1737 1756
836.619019 1742 1756 1749 1749 1740 1734 1744 1735
836.638977 1749 1741 1772 1742 1747 1751 1747 1749
836.658997 1739 1755 1753 1756 1742 1743 1746 1744
836.679993 1742 1737 1728 1760 1766 1737 1735 1740
836.700012 1740 1739 1749 1766 1765 1749 1753 1740
836.719971 1741 1727 1763 1753 1741 1752 1737 1747
836.73999 1749 1736 1751 1746 1758 1752 1738 1737
836.760986 1732 1759 1753 1737 1755 1747 1729 1723
836.781006 1729 1737 1741 1750 1741 1749 1732 1755
836.801025 1736 1724 1758 1756 1768 1750 1739 1722
836.820984 1736 1737 1775 1739 1756 1756 1755 1754
836.841003 1739 1745 1759 1757 1766 1746 1739 1732
836.862 1742 1742 1755 1761 1739 1751 1754 1729
836.882019 1744 1749 1733 1752 1756 1738 1743 1734
836.901978 1745 1746 1781 1774 1756 1734 1728 1746
836.921997 1752 1748 1745 1753 1746 1761 1743 1759
836.942993 1730 1752 1768 1765 1774 1743 1725 1749
836.963013 1739 1772 1764 1760 1761 1763 1733 1751
836.982971 1753 1764 1768 1751 1752 1733 1756 1751
837.002991 1739 1756 1758 1748 1729 1755 1741 1745
837.02301 1771 1736 1764 1777 1761 1773 1742 1743
837.044006 1753 1759 1751 1782 1760 1750 1755 1774
837.064026 1766 1762 1796 1777 1794 1774 1758 1750
837.083984 1770 1761 1766 1777 1760 1769 1752 1780
837.104004 1760 1777 1793 1780 1764 1773 1761 1746
837.124023 1782 1763 1779 1768 1759 1766 1778 1755
837.14502 1748 1768 1777 1785 1780 1774 1739 1759
837.164978 1765 1780 1785 1780 1782 1779 1745 1757
837.184998 1770 1775 1768 1770 1773 1790 1772 1766
837.205017 1763 1777 1781 1753 1792 1784 1767 1770
837.224976 1772 1772 1771 1771 1791 1776 1765 1774
837.245972 1783 1784 1786 1782 1798 1772 1769 1776
837.265991 1746 1777 1776 1789 1770 1790 1756 1769
837.286011 1775 1780 1801 1797 1795 1783 1783 1774
837.30603 1787 1776 1773 1763 1793 1769 1764 1755
837.325989 1782 1767 1783 1782 1783 1771 1755 1768
837.346985 1774 1780 1774 1774 1806 1787 1773 1770
837.367004 1771 1760 1780 1771 1814 1772 1762 1771
837.387024 1765 1782 1790 1775 1774 1792 1753 1775
837.406982 1761 1752 1745 1768 1781 1767 1758 1764
837.427002 1754 1771 1768 1767 1779 1779 1766 1751
837.447998 1777 1778 1787 1797 1788 1782 1754 1766
837.468018 1739 1769 1786 1773 1775 1781 1753 1772
837.487976 1784 1783 1775 1772 1780 1772 1766 1760
837.507996 1748 1772 1784 1782 1801 1768 1759 1787
837.528992 1779 1775 1778 1772 1811 1773 1761 1778
837.549011 1773 1757 1775 1801 1755 1774 1764 1776
837.56897 1779 1763 1769 1784 1779 1788 1774 1768
837.588989 1783 1765 1775 1794 1795 1773 1774 1776
837.609009 1756 1782 1774 1785 1783 1778 1755 1788
837.629028 1780 1769 1788 1758 1781 1769 1783 1761
837.650024 1767 1785 1799 1805 1768 1776 1781 1760
837.669983 1767 1788 1781 1786 1789 1789 1773 1775
837.690002 1761 1777 1768 1797 1807 1784 1761 1775
837.710022 1777 1791 1783 1804 1798 1770 1777 1778
837.72998 1757 1796 1800 1803 1764 1777 1780 1780
837.750977 1768 1784 1783 1793 1777 1790 1762 1790
837.770996 1780 1780 1777 1800 1798 1776 1800 1783
837.791016 1803 1772 1802 1785 1793 1793 1791 1786
837.810974 1792 1791 1790 1806 1793 1788 1773 1774
837.830994 1772 1792 1780 1811 1795 1776 1791 1792
837.85199 1780 1797 1801 1804 1784 1783 1783 1780
837.872009 1791 1780 1784 1801 1812 1800 1767 1784
837.892029 1791 1792 1797 1791 1837 1802 1801 1795
837.911987 1797 1785 1784 1782 1799 1796 1787 1781
837.932007 1803 1802 1795 1812 1815 1796 1778 1768
837.953003 1799 1788 1809 1817 1794 1783 1777 1788
837.973022 1787 1798 1808 1802 1783 1803 1786 1787
837.992981 1785 1776 1795 1799 1812 1783 1786 1813
838.013 1780 1799 1818 1808 1789 1798 1789 1791
838.03302 1776 1784 1804 1809 1798 1791 1805 1800
838.052979 1779 1799 1809 1805 1810 1807 1798 1785
838.073975 1800 1796 1802 1811 1792 1800 1783 1779
838.093994 1774 1819 1806 1802 1804 1805 1791 1782
838.114014 1799 1807 1802 1805 1812 1785 1781 1795
838.133972 1789 1781 1799 1814 1821 1814 1785 1800
838.153992 1787 1806 1809 1823 1816 1793 1788 1800
838.174011 1802 1805 1815 1795 1793 1801 1785 1792
838.195007 1804 1813 1804 1817 1797 1799 1810 1818
838.215027 1819 1811 1800 1812 1827 1802 1802 1813
838.234985 1804 1799 1797 1818 1812 1803 1803 1783
838.255005 1799 1788 1802 1807 1822 1825 1813 1791
838.275024 1791 1821 1814 1813 1830 1796 1812 1793
838.296021 1813 1793 1816 1813 1826 1820 1805 1786
838.315979 1822 1811 1830 1824 1844 1806 1815 1785
838.335999 1795 1809 1811 1806 1808 1816 1805 1787
838.356018 1809 1823 1830 1816 1812 1819 1803 1798
838.375977 1808 1798 1817 1827 1810 1813 1791 1818
838.395996 1819 1808 1810 1810 1799 1803 1798 1808
838.416992 1800 1812 1793 1826 1828 1800 1796 1819
838.437012 1788 1814 1823 1817 1814 1828 1789 1822
838.45697 1806 1823 1812 1817 1817 1788 1818 1809
838.47699 1805 1810 1812 1800 1833 1827 1806 1812
838.497009 1814 1792 1820 1830 1810 1807 1818 1790
838.517029 1818 1819 1805 1819 1815 1801 1802 1813
838.538025 1819 1799 1809 1818 1823 1818 1796 1815
838.557983 1804 1807 1831 1826 1845 1846 1815 1792
838.578003 1817 1823 1812 1812 1846 1789 1820 1789
838.598022 1787 1808 1816 1825 1828 1818 1802 1797
838.617981 1845 1800 1817 1826 1839 1813 1813 1816
838.638 1823 1825 1820 1840 1823 1816 1807 1829
838.658997 1804 1804 1821 1841 1826 1830 1824 1795
838.679016 1827 1816 1829 1834 1812 1826 1797 1796
838.698975 1803 1831 1830 1836 1836 1843 1814 1813
838.718994 1801 1844 1826 1839 1833 1822 1819 1812
838.739014 1818 1835 1837 1832 1826 1838 1797 1812
838.758972 1833 1830 1837 1851 1843 1845 1815 1795
838.780029 1803 1835 1830 1851 1832 1851 1818 1824
838.799988 1827 1841 1848 1853 1840 1827 1828 1813
838.820007 1800 1842 1839 1842 1847 1835 1830 1811
838.840027 1815 1823 1832 1838 1833 1837 1815 1861
838.859985 1829 1830 1833 1841 1841 1840 1845 1844
838.880005 1833 1840 1850 1864 1878 1839 1832 1819
838.901001 1819 1817 1843 1851 1866 1856 1814 1832
838.921021 1840 1839 1858 1879 1859 1833 1848 1812
838.940979 1832 1849 1876 1850 1872 1847 1837 1823
838.960999 1855 1842 1858 1868 1867 1842 1849 1839
838.981018 1832 1860 1852 1872 1873 1852 1841 1851
839.000977 1832 1856 1850 1855 1888 1872 1842 1841
839.020996 1842 1846 1853 1855 1875 1880 1849 1833
839.041992 1846 1850 1848 1851 1864 1867 1854 1848
839.062012 1839 1871 1870 1885 1859 1866 1845 1856
839.08197 1851 1834 1866 1884 1881 1875 1857 1858
839.10199 1857 1836 1854 1874 1865 1889 1850 1850
839.122009 1845 1854 1860 1884 1905 1867 1836 1843
839.142029 1868 1863 1864 1880 1884 1893 1860 1853
839.161987 1872 1867 1852 1884 1870 1866 1837 1865
839.182983 1861 1847 1890 1893 1899 1866 1867 1821
839.203003 1851 1857 1861 1918 1895 1887 1850 1880
839.223022 1852 1859 1878 1874 1885 1871 1843 1848
839.242981 1851 1872 1872 1906 1879 1865 1868 1865
839.263 1851 1871 1881 1890 1925 1888 1859 1878
839.28302 1862 1868 1898 1885 1900 1898 1877 1865
839.304016 1870 1852 1883 1896 1883 1876 1858 1843
839.323975 1865 1870 1878 1899 1905 1867 1873 1876
839.343994 1856 1877 1873 1892 1898 1899 1879 1847
839.364014 1894 1864 1892 1893 1908 1910 1871 1865
839.383972 1856 1863 1900 1890 1921 1883 1893 1873
839.403992 1851 1874 1907 1893 1895 1912 1854 1873
839.424011 1863 1873 1897 1932 1898 1878 1880 1875
839.445007 1847 1856 1906 1933 1920 1892 1879 1893
839.465027 1867 1868 1908 1882 1911 1905 1876 1877
839.484985 1876 1873 1909 1907 1921 1905 1855 1865
839.505005 1884 1881 1905 1899 1909 1906 1878 1876
839.525024 1897 1902 1902 1893 1919 1901 1880 1876
839.544983 1903 1896 1896 1915 1920 1925 1893 1869
839.565002 1893 1920 1898 1928 1902 1925 1876 1901
839.585999 1887 1898 1901 1936 1928 1928 1892 1894
839.606018 1908 1887 1899 1936 1927 1911 1886 1902
839.625977 1886 1888 1923 1923 1943 1925 1906 1911
839.645996 1917 1928 1901 1943 1926 1906 1912 1912
839.666016 1905 1928 1896 1940 1941 1910 1923 1878
839.685974 1938 1900 1923 1947 1945 1929 1894 1922
839.705994 1921 1924 1933 1960 1947 1946 1917 1892
839.726013 1914 1930 1935 1941 1941 1959 1921 1912
839.747009 1911 1913 1923 1947 1934 1950 1919 1914
839.767029 1932 1923 1904 1950 1956 1975 1915 1915
839.786987 1921 1926 1941 1940 1944 1957 1902 1926
839.807007 1917 1934 1916 1938 1960 1944 1909 1922
839.827026 1898 1947 1937 1938 1963 1948 1938 1917
839.846985 1934 1937 1943 1954 1961 1951 1928 1930
839.867004 1940 1907 1947 1959 1960 1940 1930 1939
839.887024 1927 1939 1954 1951 1956 1961 1966 1927
839.90802 1941 1954 1984 1981 1971 1950 1952 1955
839.927979 1960 1986 1970 1964 1974 1969 1932 1943
839.947998 1948 1956 1977 1983 1985 1966 1969 1955
839.968018 1963 1976 1949 1965 1965 1990 1953 1951
839.987976 1951 1971 1969 1991 1962 1974 1993 1960
840.007996 1962 1965 1970 2007 2007 1976 1985 1954
840.028015 1963 1958 1984 2002 2019 1974 1962 1976
840.047974 1955 1978 1980 1994 2000 1989 1985 1976
840.06897 1985 1994 1959 2006 2021 2012 1980 1982
840.088989 1993 1996 2000 1996 2003 2019 1974 1994
840.109009 1995 1982 1994 2017 2021 2026 1980 1964
840.129028 1972 2007 2009 2001 2027 2011 1981 1981
840.148987 1976 2000 2005 1973 2014 2018 2004 2022
840.169006 1996 1998 1993 2037 2037 2034 1980 1989
840.189026 1977 1982 2032 2023 2021 2012 1995 1988
840.208984 1982 2014 2014 1994 2039 2000 1997 1997
840.22998 1986 1997 2005 2000 2038 2010 2005 1985
840.25 2016 1986 2000 2039 2031 2034 2008 1994
840.27002 1992 1993 2024 2044 2033 2016 2007 1979
840.289978 1998 1997 2021 2057 2043 1996 1996 2003
840.309998 1987 1981 1995 2047 2010 2052 1988 2001
840.330017 2000 2004 2001 2024 2034 2033 2006 1998
840.349976 1989 1978 1991 2029 2029 2026 1994 1981
840.369995 1984 2021 2008 2034 2015 2001 2005 2012
840.390015 1977 2005 2006 2017 2012 2017 2003 2005
840.411011 1968 1993 2029 2030 2050 2034 2003 1984
840.43103 1975 1995 2031 2023 2024 2001 1982 1983
840.450989 2009 2000 2016 2000 2013 2046 1992 1975
840.471008 1989 1967 1995 1987 2017 2022 1996 1963
840.491028 1979 1982 1988 2016 2024 1997 1962 1986
840.510986 1980 1997 2026 1969 2011 1988 1978 1979
840.531006 1990 1958 2011 1999 1983 1979 1980 1990
840.551025 1990 1979 2001 2025 2035 1989 1973 1971
840.570984 1954 1966 2002 1993 1988 1968 1989 1943
840.59198 1987 1968 1963 1973 2005 1984 1972 1958
840.612 1944 1938 1944 1990 1983 1962 1953 1957
840.632019 1949 1950 1966 1968 1978 1963 1935 1965
840.651978 1930 1974 1970 1991 1983 1951 1946 1946
840.671997 1965 1947 1955 1958 1971 1949 1955 1947
840.692017 1946 1932 1948 1930 1952 1951 1932 1925
840.711975 1934 1930 1938 1953 1956 1939 1923 1894
840.731995 1909 1925 1930 1923 1929 1931 1910 1909
840.752014 1900 1926 1932 1964 1927 1917 1907 1901
840.771973 1891 1910 1905 1924 1928 1898 1906 1904
840.79303 1906 1908 1917 1917 1917 1915 1898 1894
840.812988 1911 1885 1922 1920 1907 1914 1902 1907
840.833008 1902 1895 1904 1908 1895 1915 1894 1913
840.853027 1894 1884 1879 1901 1923 1914 1897 1904
840.872986 1883 1884 1862 1904 1892 1870 1871 1886
840.893005 1879 1882 1887 1862 1873 1874 1881 1874
840.913025 1881 1894 1860 1882 1874 1851 1867 1861
840.932983 1876 1867 1866 1888 1860 1860 1856 1861
840.953003 1866 1843 1844 1873 1871 1856 1855 1858
840.973022 1854 1863 1863 1860 1861 1846 1866 1826
840.994019 1826 1837 1871 1859 1869 1830 1838 1861
841.013977 1840 1842 1861 1865 1856 1850 1848 1839
841.033997 1841 1848 1832 1846 1828 1824 1834 1847
841.054016 1833 1829 1855 1862 1810 1827 1836 1828
841.073975 1841 1844 1832 1834 1830 1826 1825 1804
841.093994 1817 1827 1830 1848 1815 1828 1821 1816
841.114014 1803 1825 1833 1837 1815 1816 1806 1819
841.133972 1802 1832 1819 1809 1824 1835 1821 1790
841.153992 1819 1805 1813 1789 1813 1827 1816 1818
841.174011 1817 1826 1804 1805 1835 1781 1802 1820
841.19397 1805 1807 1825 1811 1825 1813 1815 1806
841.215027 1800 1813 1804 1811 1812 1812 1827 1809
841.234985 1812 1813 1805 1814 1804 1801 1791 1806
841.255005 1804 1811 1809 1810 1816 1802 1801 1798
841.275024 1784 1797 1786 1826 1793 1814 1782 1793
841.294983 1806 1807 1808 1807 1819 1808 1792 1796
841.315002 1806 1790 1812 1809 1805 1796 1800 1795
841.335022 1820 1801 1805 1802 1785 1799 1798 1779
841.35498 1782 1800 1801 1788 1804 1819 1788 1785
841.375 1772 1805 1793 1790 1810 1787 1785 1783
841.39502 1806 1775 1802 1787 1781 1792 1776 1784
841.414978 1788 1798 1812 1807 1782 1781 1780 1780
841.434998 1787 1794 1806 1791 1796 1782 1789 1778
841.455994 1781 1784 1807 1779 1806 1793 1790 1776
841.476013 1774 1803 1810 1792 1796 1802 1790 1788
841.495972 1789 1789 1802 1802 1807 1806 1778 1779
841.515991 1778 1815 1802 1812 1792 1796 1777 1770
841.536011 1809 1797 1792 1806 1795 1797 1787 1753
841.55603 1790 1791 1811 1792 1802 1786 1791 1782
841.575989 1788 1806 1788 1789 1795 1785 1786 1779
841.596008 1799 1775 1807 1799 1803 1779 1790 1785
841.616028 1781 1786 1803 1793 1792 1782 1776 1785
841.635986 1780 1779 1802 1807 1768 1802 1770 1783
841.656006 1785 1799 1793 1791 1799 1779 1781 1784
841.676025 1789 1784 1778 1762 1786 1781 1767 1779
841.695984 1799 1774 1789 1799 1793 1787 1789 1798
841.716003 1803 1795 1798 1784 1787 1774 1781 1768
841.737 1800 1783 1793 1798 1788 1790 1785 1780
841.757019 1783 1782 1797 1796 1790 1787 1766 1797
841.776978 1782 1788 1781 1807 1788 1793 1759 1778
841.796997 1782 1798 1779 1798 1770 1801 1775 1774
841.817017 1770 1783 1789 1784 1779 1783 1781 1773
841.836975 1761 1779 1767 1786 1791 1762 1764 1774
841.856995 1753 1786 1776 1794 1789 1789 1778 1775
841.877014 1751 1808 1787 1788 1762 1779 1758 1783
841.896973 1764 1759 1777 1805 1805 1784 1784 1771
841.916992 1747 1784 1797 1785 1791 1755 1797 1776
841.937012 1792 1773 1782 1769 1793 1778 1760 1771
841.95697 1772 1788 1773 1777 1776 1777 1766 1771
841.97699 1786 1768 1790 1794 1768 1769 1776 1789
841.997009 1781 1786 1777 1784 1806 1775 1782 1778
842.018005 1771 1775 1784 1786 1790 1760 1771 1765
842.038025 1768 1766 1780 1790 1765 1782 1764 1776
842.057983 1758 1772 1776 1780 1782 1758 1781 1752
842.078003 1777 1766 1768 1766 1781 1755 1763 1766
842.098022 1763 1771 1796 1759 1775 1768 1777 1781
842.117981 1777 1777 1774 1769 1789 1773 1765 1774
842.138 1761 1768 1781 1769 1792 1791 1750 1763
842.15802 1760 1754 1773 1758 1765 1754 1769 1760
842.177979 1756 1761 1780 1775 1767 1764 1766 1765
842.197998 1766 1750 1770 1761 1760 1755 1754 1769
842.218018 1752 1761 1772 1781 1759 1754 1762 1772
842.237976 1761 1773 1764 1750 1786 1764 1764 1747
842.257996 1790 1764 1768 1773 1750 1751 1747 1770
842.278015 1745 1754 1768 1766 1790 1742 1763 1746
842.297974 1725 1755 1772 1762 1750 1761 1756 1750
842.317993 1773 1769 1758 1794 1796 1755 1764 1749
842.338013 1756 1753 1774 1778 1773 1789 1767 1758
842.357971 1774 1760 1732 1782 1750 1756 1739 1752
842.379028 1789 1762 1764 1765 1777 1748 1769 1750
842.398987 1771 1754 1762 1773 1777 1752 1743 1754
842.419006 1753 1759 1766 1770 1758 1742 1760 1750
842.439026 1763 1770 1771 1763 1786 1772 1747 1737
842.458984 1767 1752 1752 1766 1758 1776 1744 1759
842.479004 1745 1752 1767 1768 1751 1755 1758 1748
842.499023 1758 1771 1776 1765 1750 1755 1742 1782
842.518982 1768 1775 1780 1762 1749 1775 1735 1767
842.539001 1763 1762 1772 1750 1769 1751 1737 1772
842.559021 1760 1787 1760 1758 1770 1767 1745 1751
842.578979 1781 1786 1776 1775 1772 1745 1740 1769
842.598999 1757 1764 1749 1750 1781 1774 1748 1770
842.619019 1770 1763 1766 1760 1788 1742 1757 1764
842.638977 1754 1753 1771 1779 1759 1768 1758 1766
842.658997 1785 1775 1769 1766 1768 1773 1764 1765
842.679016 1759 1761 1768 1756 1775 1778 1765 1765
842.698975 1762 1763 1761 1762 1778 1771 1757 1774
842.718994 1789 1768 1778 1786 1779 1773 1766 1776
842.739014 1768 1781 1779 1760 1757 1772 1776 1756
842.758972 1762 1761 1787 1778 1766 1785 1765 1769
842.778992 1780 1763 1773 1784 1778 1791 1768 1757
842.799011 1774 1796 1768 1790 1784 1778 1783 1781
842.820007 1774 1766 1778 1793 1788 1779 1769 1766
842.840027 1773 1768 1775 1799 1776 1779 1765 1770
842.859985 1771 1777 1777 1779 1762 1775 1780 1772
842.880005 1762 1764 1779 1777 1777 1784 1768 1758
842.900024 1755 1755 1772 1771 1782 1756 1755 1780
842.919983 1785 1773 1787 1782 1773 1785 1772 1760
842.940002 1782 1774 1777 1773 1775 1764 1777 1759
842.960022 1770 1796 1776 1775 1783 1794 1771 1768
842.97998 1764 1764 1790 1769 1768 1761 1765 1769
843 1759 1784 1770 1757 1775 1791 1770 1764
843.02002 1767 1749 1781 1771 1770 1781 1767 1749
843.039978 1775 1784 1768 1764 1776 1786 1751 1785
843.059998 1763 1770 1779 1783 1775 1788 1756 1787
843.080017 1767 1758 1765 1758 1778 1768 1758 1769
843.099976 1761 1776 1767 1771 1765 1749 1781 1772
843.119995 1751 1770 1784 1762 1787 1752 1780 1770
843.140015 1766 1772 1762 1781 1776 1773 1770 1773
843.159973 1760 1761 1794 1791 1761 1777 1768 1764
843.179993 1758 1773 1760 1769 1785 1758 1762 1776
843.200012 1775 1767 1779 1787 1795 1764 1778 1774
843.219971 1759 1766 1759 1767 1751 1765 1772 1754
843.23999 1766 1755 1782 1782 1777 1779 1767 1771
843.26001 1755 1786 1772 1784 1779 1771 1749 1760
843.280029 1764 1790 1776 1765 1775 1772 1764 1771
843.299988 1786 1771 1788 1781 1781 1766 1781 1750
843.320007 1767 1770 1751 1769 1779 1773 1767 1775
843.340027 1763 1744 1762 1789 1773 1777 1758 1766
843.359985 1769 1777 1772 1771 1779 1752 1762 1757
843.380005 1763 1794 1777 1775 1772 1786 1765 1772
843.400024 1767 1782 1782 1758 1768 1771 1764 1759
843.419983 1754 1784 1772 1793 1776 1768 1757 1755
843.440002 1755 1775 1765 1781 1777 1756 1745 1748
843.460022 1761 1758 1776 1779 1776 1769 1765 1755
843.47998 1738 1778 1780 1778 1774 1756 1775 1740
843.5 1754 1759 1793 1770 1774 1771 1753 1776
843.52002 1763 1782 1777 1791 1767 1762 1760 1760
843.539978 1759 1756 1758 1774 1783 1777 1764 1758
843.559998 1765 1768 1773 1773 1758 1767 1767 1774
843.580994 1764 1776 1775 1766 1775 1773 1769 1764
843.601013 1778 1782 1782 1777 1751 1779 1750 1761
843.620972 1764 1762 1767 1761 1759 1749 1771 1753
843.640991 1758 1767 1779 1765 1771 1776 1761 1764
843.661011 1765 1782 1767 1786 1767 1760 1747 1770
843.68103 1782 1795 1790 1775 1765 1740 1768 1786
843.700989 1762 1767 1775 1780 1767 1777 1751 1753
843.721008 1768 1757 1768 1786 1764 1765 1773 1760
843.741028 1779 1768 1780 1791 1801 1771 1759 1756
843.760986 1760 1775 1773 1773 1763 1781 1755 1763
843.781006 1754 1758 1776 1751 1761 1768 1758 1750
843.801025 1768 1772 1771 1778 1767 1749 1751 1759
843.820984 1767 1772 1766 1777 1771 1772 1770 1750
843.841003 1768 1773 1784 1796 1762 1763 1750 1752
843.861023 1763 1756 1792 1770 1773 1757 1763 1754
843.880981 1758 1766 1775 1775 1771 1783 1762 1764
843.901001 1766 1753 1777 1776 1773 1756 1754 1760
843.921021 1769 1767 1768 1775 1795 1761 1766 1750
843.940979 1756 1764 1774 1767 1765 1771 1759 1757
843.960999 1763 1755 1773 1780 1764 1763 1772 1771
843.981018 1777 1773 1752 1763 1777 1770 1739 1756
844.000977 1786 1767 1770 1767 1749 1752 1779 1755
844.020996 1756 1753 1771 1769 1765 1761 1761 1762
844.041016 1769 1745 1783 1773 1767 1757 1763 1753
844.060974 1754 1754 1781 1781 1759 1778 1782 1750
844.080994 1776 1767 1747 1770 1771 1754 1764 1780
844.101013 1748 1752 1767 1777 1773 1750 1769 1785
844.120972 1757 1752 1771 1774 1783 1778 1775 1757
844.140991 1780 1769 1773 1784 1766 1753 1770 1754
844.161011 1780 1779 1788 1786 1770 1777 1753 1755
844.18103 1774 1774 1780 1763 1776 1771 1765 1757
844.200989 1763 1772 1769 1787 1758 1782 1776 1764
844.221008 1767 1769 1772 1778 1768 1763 1767 1779
844.241028 1773 1748 1782 1752 1778 1766 1761 1770
844.260986 1766 1767 1769 1787 1784 1758 1770 1780
844.281006 1767 1763 1742 1770 1763 1766 1754 1746
844.301025 1752 1778 1772 1771 1766 1759 1777 1765
844.320984 1751 1758 1765 1764 1755 1771 1738 1763
844.341003 1765 1776 1767 1766 1773 1756 1763 1768
844.361023 1750 1747 1774 1789 1765 1750 1757 1744
844.380981 1750 1771 1753 1785 1773 1784 1758 1765
844.401001 1754 1751 1780 1746 1746 1750 1756 1746
844.421021 1749 1770 1769 1765 1760 1765 1757 1765
844.440979 1761 1763 1769 1760 1735 1754 1748 1765
844.460999 1742 1759 1760 1767 1775 1753 1761 1751
844.481018 1757 1768 1771 1761 1782 1765 1757 1744
844.500977 1755 1767 1775 1757 1758 1772 1754 1767
844.520996 1755 1766 1760 1758 1769 1773 1760 1766
844.541016 1745 1749 1764 1743 1745 1778 1737 1755
844.559998 1773 1754 1769 1773 1768 1755 1758 1759
844.580017 1761 1754 1755 1759 1761 1752 1750 1764
844.599976 1767 1765 1772 1769 1763 1745 1748 1763
844.619995 1735 1759 1754 1767 1762 1762 1753 1786
844.640015 1762 1758 1758 1770 1753 1756 1768 1736
844.659973 1733 1765 1773 1775 1745 1763 1759 1755
844.679993 1752 1753 1770 1758 1757 1748 1756 1747
844.700012 1758 1762 1758 1759 1765 1759 1767 1757
844.719971 1751 1762 1753 1749 1771 1752 1733 1758
844.73999 1742 1753 1760 1765 1760 1760 1746 1736
844.76001 1747 1751 1760 1768 1768 1773 1750 1771
844.780029 1730 1753 1752 1772 1758 1759 1750 1755
844.799988 1748 1771 1770 1778 1747 1752 1760 1750
844.820007 1749 1756 1760 1750 1763 1757 1722 1750
844.840027 1761 1759 1767 1756 1760 1768 1754 1748
844.859985 1769 1751 1738 1765 1746 1748 1749 1755
844.880005 1763 1757 1760 1759 1769 1762 1746 1757
844.900024 1764 1760 1754 1776 1751 1750 1776 1760
844.919983 1753 1763 1752 1770 1752 1759 1764 1757
844.940002 1751 1766 1762 1773 1754 1761 1757 1746
844.960022 1764 1768 1779 1751 1759 1753 1755 1756
844.97998 1743 1773 1756 1768 1746 1744 1758 1759
845 1752 1766 1766 1772 1766 1753 1749 1758
845.02002 1763 1758 1770 1779 1749 1766 1747 1738
845.039978 1763 1756 1754 1757 1763 1759 1756 1758
845.059998 1743 1750 1761 1767 1756 1758 1751 1747
845.080017 1753 1744 1766 1745 1762 1747 1759 1753
845.099976 1770 1754 1747 1766 1768 1751 1769 1756
845.119995 1754 1775 1758 1756 1759 1767 1740 1753
845.140015 1771 1769 1750 1763 1768 1749 1747 1760
845.159973 1760 1771 1758 1753 1772 1763 1753 1760
845.179993 1764 1747 1755 1753 1753 1750 1730 1762
845.200012 1752 1772 1751 1756 1759 1763 1737 1744
845.219971 1760 1764 1745 1758 1759 1762 1775 1746
845.23999 1750 1748 1751 1768 1760 1780 1751 1760
845.26001 1758 1752 1756 1751 1754 1776 1775 1752
845.280029 1740 1767 1763 1784 1765 1752 1740 1754
845.299011 1748 1752 1773 1759 1768 1770 1751 1762
845.31897 1760 1753 1755 1777 1743 1750 1761 1739
845.338989 1734 1760 1770 1749 1755 1750 1744 1752
845.359009 1764 1771 1765 1760 1769 1757 1780 1754
845.379028 1748 1766 1780 1783 1765 1765 1735 1782
845.398987 1767 1769 1758 1761 1760 1760 1751 1753
845.419006 1769 1759 1774 1765 1774 1760 1778 1746
845.439026 1760 1765 1766 1764 1764 1766 1764 1770
845.458984 1771 1769 1765 1783 1768 1771 1757 1760
845.479004 1783 1753 1768 1775 1761 1775 1759 1773
845.499023 1759 1774 1787 1775 1764 1762 1755 1768
845.518982 1791 1752 1790 1786 1782 1757 1786 1768
845.539001 1778 1792 1776 1768 1780 1776 1761 1770
845.559021 1766 1791 1783 1785 1764 1767 1779 1770
845.578979 1768 1765 1771 1783 1773 1779 1775 1790
845.598999 1769 1797 1801 1784 1773 1772 1780 1762
845.619019 1796 1781 1784 1772 1774 1777 1759 1770
845.638977 1760 1773 1775 1780 1785 1777 1779 1786
845.658997 1768 1775 1772 1774 1769 1768 1780 1786
845.679016 1779 1778 1795 1768 1772 1763 1776 1783
845.698975 1784 1798 1788 1778 1777 1785 1794 1784
845.718994 1792 1783 1794 1769 1763 1771 1765 1771
845.737976 1778 1794 1790 1793 1770 1772 1783 1765
845.757996 1788 1782 1791 1809 1754 1798 1753 1781
845.778015 1770 1770 1777 1762 1766 1772 1776 1762
845.797974 1787 1799 1794 1775 1791 1785 1764 1785
845.817993 1765 1784 1782 1791 1795 1787 1769 1771
845.838013 1775 1782 1785 1796 1792 1771 1785 1782
845.857971 1771 1795 1795 1780 1798 1778 1781 1774
845.877991 1781 1779 1787 1771 1776 1777 1776 1781
845.89801 1791 1762 1799 1793 1765 1782 1773 1771
845.91803 1788 1807 1794 1802 1800 1781 1770 1792
845.937988 1780 1799 1781 1788 1778 1767 1784 1795
845.958008 1784 1803 1786 1788 1782 1802 1775 1784
845.978027 1778 1763 1785 1801 1788 1769 1792 1763
845.997986 1779 1817 1798 1807 1774 1788 1786 1768
846.018005 1774 1783 1799 1782 1777 1798 1792 1769
846.038025 1799 1780 1771 1797 1781 1789 1773 1789
846.057983 1778 1793 1799 1782 1800 1804 1763 1767
846.078003 1792 1797 1786 1786 1782 1765 1767 1770
846.096985 1775 1798 1789 1815 1787 1774 1778 1763
846.117004 1764 1788 1788 1783 1786 1780 1777 1771
846.137024 1767 1779 1783 1777 1765 1777 1757 1756
846.156982 1782 1803 1776 1771 1792 1762 1803 1799
846.177002 1771 1777 1762 1788 1781 1799 1773 1791
846.197021 1763 1766 1791 1794 1777 1780 1780 1780
846.21698 1777 1785 1791 1789 1759 1781 1774 1758
846.237 1791 1778 1789 1805 1763 1773 1772 1775
846.257019 1796 1769 1788 1786 1771 1785 1766 1761
846.276978 1777 1780 1796 1780 1781 1761 1789 1783
846.296997 1775 1789 1785 1782 1775 1775 1768 1788
846.317017 1788 1799 1786 1777 1796 1771 1772 1772
846.336975 1790 1785 1777 1790 1772 1776 1773 1774
846.356995 1778 1758 1796 1770 1789 1793 1762 1782
846.377014 1774 1796 1788 1798 1798 1779 1780 1778
846.395996 1783 1774 1777 1781 1768 1788 1786 1798
846.416016 1786 1784 1786 1781 1765 1798 1772 1795
846.435974 1776 1772 1776 1801 1774 1770 1793 1788
846.455994 1780 1782 1802 1789 1786 1786 1794 1783
846.476013 1801 1777 1778 1799 1790 1790 1762 1787
846.495972 1772 1777 1784 1792 1785 1771 1772 1784
846.515991 1797 1790 1779 1771 1802 1785 1790 1791
846.536011 1798 1791 1771 1776 1769 1773 1798 1773
846.55603 1779 1790 1796 1771 1794 1777 1805 1776
846.575989 1799 1779 1792 1782 1778 1772 1764 1782
846.596008 1767 1795 1771 1781 1795 1762 1782 1779
846.616028 1772 1782 1790 1766 1758 1789 1778 1768
846.63501 1767 1798 1757 1784 1782 1789 1753 1773
846.655029 1781 1762 1758 1768 1756 1778 1779 1769
846.674988 1756 1772 1775 1793 1764 1778 1784 1787
846.695007 1753 1779 1770 1777 1776 1764 1768 1784
846.715027 1771 1779 1792 1776 1755 1781 1762 1765
846.734985 1777 1779 1788 1789 1776 1777 1767 1772
846.755005 1784 1787 1779 1779 1771 1763 1762 1780
846.775024 1774 1773 1787 1787 1785 1779 1742 1786
846.794983 1766 1757 1795 1776 1768 1770 1760 1770
846.815002 1778 1767 1800 1789 1792 1782 1767 1785
846.835022 1762 1769 1791 1797 1766 1767 1759 1768
846.85498 1786 1771 1783 1788 1767 1768 1773 1779
846.875 1760 1784 1776 1779 1775 1774 1793 1768
846.893982 1801 1792 1790 1778 1773 1783 1772 1787
846.914001 1781 1788 1786 1780 1779 1774 1770 1777
846.934021 1767 1780 1783 1772 1781 1788 1782 1779
846.953979 1785 1810 1794 1776 1786 1780 1766 1763
846.973999 1793 1771 1785 1770 1761 1800 1792 1767
846.994019 1791 1781 1781 1765 1790 1785 1784 1796
847.013977 1775 1792 1773 1777 1773 1773 1775 1759
847.033997 1789 1769 1802 1766 1786 1764 1770 1803
847.054016 1778 1766 1802 1792 1780 1773 1791 1793
847.073975 1776 1770 1792 1810 1792 1779 1774 1790
847.093994 1772 1772 1779 1793 1771 1784 1761 1770
847.112976 1790 1780 1804 1780 1787 1793 1764 1776
847.132996 1768 1778 1765 1777 1769 1776 1764 1776
847.153015 1805 1791 1800 1776 1785 1778 1769 1789
847.172974 1794 1782 1786 1780 1772 1761 1759 1773
847.192993 1778 1785 1766 1778 1795 1780 1786 1795
847.213013 1771 1788 1797 1780 1784 1773 1796 1764
847.232971 1792 1798 1797 1781 1804 1776 1768 1794
847.252991 1781 1768 1801 1770 1765 1764 1779 1785
847.27301 1796 1780 1791 1766 1763 1791 1778 1789
847.29303 1778 1791 1784 1783 1780 1781 1778 1782
847.312012 1780 1767 1784 1773 1771 1784 1794 1787
847.33197 1775 1797 1787 1776 1792 1777 1777 1775
847.35199 1777 1795 1777 1777 1769 1768 1756 1790
847.372009 1801 1787 1780 1774 1774 1775 1772 1774
847.392029 1784 1801 1769 1773 1779 1783 1777 1764
847.411987 1765 1762 1772 1754 1786 1766 1767 1770
847.432007 1763 1770 1792 1782 1788 1783 1783 1753
847.452026 1790 1786 1775 1779 1754 1785 1788 1763
847.471985 1768 1787 1782 1769 1788 1769 1772 1789
847.492004 1772 1759 1778 1776 1760 1767 1769 1796
847.510986 1751 1762 1781 1764 1781 1764 1764 1762
847.531006 1785 1784 1770 1764 1771 1767 1774 1765
847.551025 1782 1792 1791 1755 1776 1756 1767 1769
847.570984 1772 1792 1793 1793 1765 1772 1775 1771
847.591003 1774 1783 1772 1777 1760 1778 1771 1789
847.611023 1779 1781 1778 1765 1765 1751 1776 1776
847.630981 1753 1780 1773 1809 1744 1778 1774 1755
847.651001 1774 1761 1755 1774 1761 1777 1759 1762
847.669983 1774 1759 1767 1782 1767 1792 1766 1771
847.690002 1772 1766 1801 1776 1766 1785 1780 1766
847.710022 1754 1772 1765 1768 1763 1783 1773 1771
847.72998 1776 1779 1788 1781 1788 1757 1765 1752
847.75 1792 1765 1774 1770 1774 1780 1774 1761
847.77002 1779 1789 1778 1777 1795 1774 1767 1766
847.789978 1762 1781 1784 1780 1792 1758 1776 1787
847.809998 1796 1802 1783 1787 1785 1772 1779 1771
847.830017 1774 1792 1790 1771 1761 1787 1765 1769
847.848999 1768 1796 1778 1779 1782 1769 1781 1786
847.869019 1797 1777 1777 1780 1775 1765 1788 1778
847.888977 1784 1772 1804 1777 1787 1788 1773 1797
847.908997 1790 1792 1786 1788 1773 1785 1765 1785
847.929016 1772 1778 1797 1771 1795 1790 1791 1761
847.948975 1759 1783 1785 1784 1785 1763 1765 1772
847.968994 1801 1776 1793 1788 1769 1764 1770 1790
847.989014 1790 1789 1783 1791 1786 1775 1787 1805
848.007996 1772 1785 1779 1792 1788 1774 1769 1791
848.028015 1786 1792 1778 1799 1768 1797 1781 1774
848.047974 1794 1783 1790 1807 1804 1786 1775 1778
848.067993 1777 1766 1794 1787 1780 1785 1793 1781
848.088013 1808 1793 1795 1766 1770 1784 1781 1795
848.107971 1781 1792 1792 1776 1778 1797 1778 1781
848.127991 1773 1786 1769 1791 1785 1780 1782 1791
848.14801 1796 1796 1787 1783 1800 1773 1778 1778
848.166992 1768 1776 1799 1792 1795 1781 1790 1762
848.187012 1792 1788 1802 1803 1807 1802 1809 1802
848.20697 1790 1797 1792 1799 1788 1792 1779 1779
848.22699 1790 1793 1782 1791 1791 1777 1778 1784
848.247009 1800 1802 1813 1801 1804 1785 1779 1782
848.267029 1793 1799 1790 1782 1799 1793 1799 1795
848.286987 1801 1807 1795 1802 1796 1783 1793 1787
848.307007 1805 1794 1793 1772 1800 1797 1781 1780
848.325989 1795 1802 1786 1800 1802 1778 1778 1800
848.346008 1817 1801 1798 1819 1793 1788 1809 1807
848.366028 1772 1794 1801 1811 1789 1794 1796 1797
848.385986 1789 1809 1815 1816 1795 1802 1779 1805
848.406006 1789 1796 1801 1797 1794 1777 1789 1807
848.426025 1791 1812 1809 1794 1787 1785 1783 1786
848.445984 1809 1821 1811 1809 1798 1798 1793 1801
848.466003 1793 1816 1799 1788 1801 1794 1802 1818
848.484985 1790 1795 1820 1792 1803 1815 1800 1810
848.505005 1785 1788 1815 1807 1792 1786 1808 1807
848.525024 1788 1808 1815 1796 1794 1792 1802 1797
848.544983 1798 1800 1805 1813 1793 1791 1794 1792
848.565002 1794 1820 1790 1800 1800 1794 1790 1809
848.585022 1790 1811 1789 1809 1794 1815 1795 1803
848.604004 1796 1813 1806 1796 1808 1806 1782 1788
848.624023 1793 1801 1772 1801 1790 1801 1789 1812
848.643982 1797 1795 1810 1798 1794 1787 1797 1799
848.664001 1803 1799 1812 1818 1804 1787 1791 1783
848.684021 1816 1813 1807 1779 1799 1757 1808 1784
848.703979 1787 1788 1802 1807 1783 1779 1798 1813
848.723999 1797 1784 1787 1790 1787 1785 1798 1788
848.742981 1774 1805 1810 1793 1797 1787 1782 1798
848.763 1814 1791 1803 1787 1786 1801 1786 1785
848.78302 1781 1787 1792 1803 1801 1803 1810 1787
848.802979 1782 1814 1801 1794 1775 1801 1802 1799
848.822998 1806 1783 1806 1779 1810 1780 1783 1783
848.843018 1816 1798 1804 1806 1801 1807 1809 1812
848.862976 1814 1844 1833 1806 1809 1799 1799 1819
848.882019 1805 1807 1812 1804 1814 1777 1807 1802
848.901978 1800 1821 1805 1796 1814 1810 1800 1803
848.921997 1812 1823 1819 1825 1805 1824 1797 1795
848.942017 1803 1818 1818 1786 1806 1796 1808 1814
848.961975 1823 1809 1818 1792 1823 1798 1797 1837
848.981995 1808 1817 1808 1804 1813 1783 1788 1803
849.002014 1795 1818 1816 1826 1815 1834 1802 1798
849.020996 1824 1813 1815 1817 1805 1819 1807 1786
849.041016 1798 1810 1812 1810 1806 1800 1792 1817
849.060974 1807 1822 1804 1811 1806 1814 1791 1808
849.080994 1818 1817 1819 1822 1815 1817 1789 1812
849.101013 1814 1814 1819 1801 1804 1812 1817 1805
849.120972 1798 1810 1831 1809 1792 1824 1807 1802
849.140015 1828 1814 1808 1817 1806 1803 1818 1829
849.159973 1810 1824 1810 1808 1801 1790 1819 1801
849.179993 1805 1815 1817 1806 1812 1805 1817 1793
849.200012 1797 1809 1815 1798 1794 1799 1791 1817
849.219971 1823 1823 1811 1806 1815 1789 1794 1822
849.23999 1792 1804 1801 1811 1792 1807 1792 1802
849.258972 1801 1808 1806 1815 1798 1812 1799 1805
849.278992 1799 1793 1804 1799 1800 1798 1796 1807
849.299011 1803 1770 1792 1801 1802 1817 1790 1797
849.31897 1803 1810 1815 1804 1808 1816 1803 1787
849.338989 1802 1808 1790 1785 1788 1818 1789 1797
849.359009 1816 1810 1793 1804 1780 1810 1789 1800
849.377991 1826 1785 1809 1793 1797 1810 1788 1800
849.39801 1790 1791 1795 1799 1801 1772 1775 1799
849.41803 1800 1791 1808 1787 1806 1793 1804 1805
849.437988 1795 1786 1810 1781 1777 1816 1791 1794
849.458008 1816 1795 1799 1806 1788 1772 1784 1790
849.478027 1793 1805 1800 1783 1796 1804 1777 1791
849.497009 1797 1782 1801 1781 1788 1792 1790 1787
849.517029 1795 1806 1802 1777 1802 1780 1794 1802
849.536987 1782 1804 1809 1773 1789 1797 1799 1798
849.557007 1782 1813 1793 1786 1800 1786 1809 1791
849.577026 1811 1797 1806 1802 1786 1783 1779 1789
849.596985 1796 1792 1801 1790 1774 1772 1788 1795
849.616028 1792 1780 1791 1821 1785 1784 1796 1793
849.635986 1808 1787 1802 1802 1782 1786 1790 1798
849.656006 1788 1786 1799 1799 1792 1788 1787 1795
849.676025 1794 1813 1796 1775 1801 1797 1787 1806
849.695984 1796 1775 1785 1798 1774 1784 1793 1785
849.716003 1797 1797 1804 1781 1800 1789 1786 1792
849.734985 1777 1786 1796 1798 1788 1794 1800 1784
849.755005 1780 1799 1806 1791 1800 1790 1786 1771
849.775024 1775 1791 1799 1788 1771 1772 1790 1782
849.794983 1776 1816 1784 1787 1785 1785 1776 1782
849.815002 1793 1807 1799 1793 1800 1780 1808 1799
849.833984 1807 1798 1801 1769 1775 1800 1783 1796
849.854004 1775 1788 1788 1803 1797 1804 1779 1794
849.874023 1797 1792 1805 1785 1793 1788 1796 1784
849.893982 1800 1783 1791 1784 1770 1784 1790 1794
849.914001 1811 1801 1814 1769 1803 1785 1793 1790
849.934021 1803 1800 1816 1792 1782 1800 1786 1793
849.953003 1808 1794 1800 1813 1812 1788 1799 1793
849.973022 1794 1796 1810 1805 1799 1805 1786 1806
849.992981 1793 1810 1814 1809 1792 1793 1814 1800
850.013 1785 1779 1792 1811 1794 1788 1819 1807
850.03302 1790 1799 1799 1803 1788 1783 1772 1784
850.052002 1803 1808 1810 1799 1792 1790 1797 1796
850.072021 1787 1810 1801 1799 1791 1790 1815 1807
850.09198 1800 1800 1803 1809 1787 1783 1794 1808
850.112 1783 1797 1789 1800 1812 1787 1798 1787
850.132019 1794 1792 1800 1803 1796 1781 1779 1785
850.151001 1794 1773 1797 1797 1824 1783 1786 1785
850.171021 1813 1803 1798 1783 1798 1808 1794 1802
850.190979 1777 1812 1804 1795 1789 1772 1780 1795
850.210999 1779 1800 1791 1805 1804 1784 1784 1803
850.231018 1793 1788 1786 1800 1792 1789 1775 1816
850.250977 1807 1800 1801 1786 1805 1782 1771 1800
850.27002 1781 1807 1809 1785 1797 1814 1781 1796
850.289978 1786 1781 1787 1796 1773 1776 1800 1807
850.309998 1797 1786 1809 1793 1803 1799 1793 1799
850.330017 1790 1803 1821 1777 1809 1796 1785 1805
850.349976 1782 1777 1788 1786 1796 1773 1797 1801
850.369019 1802 1789 1789 1813 1785 1780 1791 1790
850.388977 1792 1780 1804 1797 1786 1780 1786 1792
850.408997 1786 1796 1788 1771 1757 1794 1786 1777
850.429016 1809 1812 1795 1788 1789 1814 1775 1779
850.448975 1790 1780 1788 1810 1780 1779 1774 1796
850.468018 1794 1796 1798 1776 1806 1798 1781 1793
850.487976 1785 1793 1801 1789 1790 1766 1790 1797
850.507996 1801 1771 1776 1810 1783 1803 1792 1785
850.528015 1795 1786 1785 1794 1773 1795 1781 1806
850.547974 1793 1808 1780 1781 1800 1785 1782 1785
850.567017 1772 1804 1783 1791 1790 1774 1788 1787
850.586975 1790 1784 1790 1783 1787 1786 1786 1781
850.606995 1775 1798 1805 1791 1805 1779 1793 1781
850.627014 1782 1804 1780 1782 1776 1784 1781 1759
850.645996 1793 1794 1789 1786 1780 1782 1774 1798
850.666016 1791 1812 1788 1787 1785 1769 1787 1781
850.685974 1768 1800 1788 1790 1776 1774 1773 1765
850.705994 1783 1773 1793 1780 1801 1784 1776 1760
850.726013 1796 1780 1802 1780 1779 1796 1794 1790
850.744995 1800 1795 1807 1779 1789 1771 1773 1786
850.765015 1782 1781 1775 1782 1791 1781 1782 1786
850.784973 1801 1780 1775 1778 1781 1766 1783 1779
850.804993 1815 1792 1771 1784 1778 1782 1770 1776
850.825012 1773 1791 1787 1790 1769 1788 1778 1798
850.843994 1802 1787 1801 1785 1782 1794 1768 1788
850.864014 1791 1787 1790 1781 1785 1789 1787 1775
850.883972 1790 1787 1774 1783 1772 1766 1792 1790
850.903992 1783 1783 1805 1782 1783 1795 1764 1789
850.924011 1788 1809 1802 1783 1784 1773 1782 1782
850.942993 1802 1800 1784 1770 1777 1797 1778 1792
850.963013 1797 1788 1787 1791 1788 1758 1787 1778
850.982971 1794 1794 1788 1788 1788 1801 1797 1789
851.002991 1800 1814 1790 1792 1788 1792 1797 1812
851.021973 1799 1805 1788 1792 1798 1780 1798 1796
851.041992 1812 1811 1769 1779 1777 1817 1795 1791
851.062012 1768 1806 1794 1797 1781 1779 1788 1774
851.08197 1810 1787 1791 1800 1763 1781 1795 1776
851.10199 1793 1797 1781 1784 1790 1783 1799 1789
851.120972 1792 1786 1793 1791 1765 1808 1801 1789
851.140991 1804 1807 1792 1782 1797 1785 1781 1774
851.161011 1793 1777 1787 1768 1764 1781 1781 1783
851.18103 1789 1789 1793 1785 1789 1779 1798 1787
851.200012 1786 1783 1786 1791 1772 1787 1799 1795
851.219971 1790 1772 1798 1795 1785 1777 1753 1788
851.23999 1792 1789 1775 1782 1793 1786 1782 1794
851.26001 1785 1790 1774 1807 1781 1783 1779 1795
851.280029 1783 1790 1805 1786 1780 1790 1790 1766
851.299011 1796 1784 1789 1788 1776 1777 1778 1791
851.31897 1796 1798 1809 1790 1791 1779 1751 1788
851.338989 1787 1793 1790 1781 1762 1780 1791 1787
851.359009 1782 1805 1772 1766 1776 1790 1785 1798
851.377991 1776 1773 1805 1801 1766 1783 1775 1790
851.39801 1790 1795 1776 1787 1769 1761 1779 1775
851.41803 1775 1798 1785 1763 1759 1772 1789 1772
851.437988 1762 1779 1778 1784 1750 1770 1759 1790
851.45697 1775 1776 1795 1794 1787 1778 1773 1794
851.47699 1789 1786 1780 1779 1773 1779 1764 1774
851.497009 1796 1794 1784 1797 1758 1767 1760 1785
851.517029 1795 1796 1796 1776 1772 1754 1784 1771
851.536011 1799 1773 1787 1772 1762 1771 1762 1786
851.55603 1779 1786 1766 1776 1791 1766 1770 1772
851.575989 1776 1769 1785 1765 1768 1787 1778 1773
851.596008 1775 1764 1767 1793 1780 1772 1766 1791
851.616028 1758 1789 1770 1781 1767 1774 1765 1776
851.63501 1759 1787 1786 1765 1766 1766 1753 1780
851.655029 1784 1768 1780 1765 1789 1762 1766 1786
851.674988 1793 1778 1759 1765 1761 1728 1771 1784
851.695007 1773 1780 1783 1767 1766 1758 1787 1774
851.713989 1782 1782 1761 1766 1756 1769 1767 1761
851.734009 1788 1768 1778 1777 1762 1770 1781 1761
851.754028 1769 1765 1767 1761 1756 1762 1773 1783
851.773987 1773 1788 1778 1760 1772 1764 1769 1762
851.79303 1769 1767 1772 1787 1767 1763 1749 1760
851.812988 1786 1782 1765 1787 1764 1774 1770 1771
851.833008 1743 1767 1752 1758 1743 1754 1769 1775
851.853027 1783 1754 1789 1755 1771 1769 1759 1753
851.872009 1771 1775 1779 1767 1792 1764 1782 1785
851.892029 1777 1757 1784 1758 1779 1766 1764 1773
851.911987 1783 1761 1777 1769 1763 1755 1769 1785
851.932007 1788 1768 1794 1778 1762 1757 1765 1791
851.950989 1764 1790 1771 1764 1760 1750 1772 1767
851.971008 1772 1787 1780 1778 1763 1766 1761 1788
851.991028 1763 1784 1756 1773 1778 1777 1765 1771
852.010986 1761 1773 1790 1772 1756 1755 1760 1765
852.030029 1798 1782 1775 1779 1791 1784 1776 1777
852.049988 1764 1777 1781 1768 1756 1757 1756 1781
852.070007 1768 1763 1770 1760 1761 1773 1762 1771
852.090027 1754 1771 1765 1768 1754 1755 1752 1769
852.109009 1768 1776 1779 1761 1775 1759 1774 1771
852.129028 1767 1775 1760 1787 1766 1762 1742 1773
852.148987 1768 1770 1776 1761 1765 1771 1750 1748
852.169006 1776 1774 1759 1772 1784 1776 1770 1778
852.187988 1762 1789 1784 1775 1751 1767 1753 1772
852.208008 1778 1762 1772 1779 1777 1770 1746 1779
852.228027 1794 1763 1776 1764 1757 1769 1761 1770
852.247986 1778 1771 1797 1775 1773 1765 1782 1765
852.267029 1779 1776 1784 1776 1768 1773 1773 1786
852.286987 1779 1791 1792 1766 1778 1765 1783 1784
852.307007 1782 1783 1762 1784 1783 1759 1760 1782
852.327026 1787 1774 1779 1767 1765 1771 1765 1778
852.346008 1793 1760 1773 1774 1789 1759 1783 1769
852.366028 1792 1779 1787 1765 1785 1765 1775 1782
852.385986 1760 1795 1783 1785 1776 1785 1750 1783
852.406006 1765 1775 1766 1780 1768 1780 1751 1774
852.424988 1761 1790 1771 1772 1784 1772 1765 1770
852.445007 1777 1770 1775 1783 1770 1773 1752 1768
852.465027 1779 1778 1786 1764 1753 1765 1773 1782
852.484009 1777 1765 1774 1772 1769 1761 1783 1770
852.504028 1756 1768 1774 1759 1768 1761 1763 1785
852.523987 1771 1767 1757 1774 1769 1766 1766 1793
852.544006 1767 1774 1778 1762 1760 1749 1754 1764
852.562988 1782 1790 1771 1776 1780 1772 1773 1773
852.583008 1787 1781 1774 1768 1779 1754 1773 1779
852.603027 1761 1787 1788 1789 1770 1759 1774 1777
852.622986 1780 1794 1761 1757 1764 1769 1759 1773
852.642029 1785 1781 1778 1771 1785 1758 1761 1772
852.661987 1783 1783 1776 1784 1774 1780 1756 1772
852.682007 1767 1787 1782 1772 1773 1775 1776 1781
852.700989 1789 1783 1774 1759 1781 1766 1767 1786
852.721008 1769 1759 1784 1776 1770 1759 1757 1788
852.741028 1767 1798 1775 1780 1777 1764 1783 1779
852.760986 1778 1772 1797 1757 1764 1779 1757 1766
852.780029 1774 1773 1771 1765 1757 1763 1765 1777
852.799988 1778 1782 1754 1774 1771 1757 1782 1773
852.820007 1789 1790 1776 1761 1758 1763 1764 1769
852.840027 1770 1781 1782 1770 1762 1770 1769 1785
852.859009 1781 1774 1783 1758 1768 1761 1774 1779
852.879028 1760 1776 1777 1777 1764 1768 1778 1755
852.898987 1793 1763 1756 1779 1778 1773 1773 1776
852.91803 1761 1770 1771 1783 1764 1770 1775 1784
852.937988 1780 1761 1768 1768 1772 1768 1763 1775
852.958008 1778 1784 1771 1762 1755 1760 1776 1774
852.978027 1771 1794 1773 1766 1769 1761 1769 1785
852.997009 1768 1777 1783 1782 1776 1772 1750 1776
853.017029 1783 1789 1777 1786 1751 1759 1762 1761
853.036987 1767 1786 1785 1773 1762 1756 1770 1759
853.05603 1772 1776 1775 1747 1744 1757 1758 1787
853.075989 1762 1765 1779 1753 1773 1782 1781 1769
853.096008 1781 1782 1761 1773 1785 1783 1767 1767
853.116028 1791 1779 1775 1769 1765 1753 1776 1759
853.13501 1778 1768 1798 1776 1774 1787 1763 1782
853.155029 1770 1766 1786 1773 1776 1786 1772 1763
853.174988 1773 1764 1771 1776 1761 1784 1766 1784
853.19397 1774 1766 1778 1797 1778 1781 1765 1775
853.213989 1768 1777 1778 1778 1775 1771 1782 1782
853.234009 1782 1788 1785 1770 1790 1758 1765 1760
853.254028 1782 1785 1754 1791 1765 1762 1763 1781
853.27301 1767 1775 1773 1783 1765 1762 1762 1771
853.29303 1786 1752 1791 1764 1774 1795 1778 1780
853.312988 1796 1787 1759 1771 1770 1754 1761 1784
853.33197 1789 1791 1761 1773 1775 1765 1767 1777
853.35199 1765 1768 1786 1776 1785 1765 1769 1759
853.372009 1766 1777 1765 1776 1756 1770 1759 1773
853.390991 1775 1772 1764 1785 1774 1783 1800 1757
853.411011 1775 1778 1773 1774 1771 1761 1752 1791
853.43103 1774 1770 1767 1762 1771 1781 1762 1780
853.450989 1785 1788 1778 1778 1763 1789 1759 1779
853.469971 1781 1801 1761 1767 1755 1765 1783 1775
853.48999 1777 1777 1774 1770 1758 1789 1765 1766
853.51001 1770 1785 1779 1776 1758 1778 1760 1764
853.528992 1790 1772 1780 1767 1769 1775 1773 1783
853.549011 1779 1790 1788 1785 1787 1777 1786 1758
853.56897 1770 1766 1770 1773 1771 1774 1779 1785
853.588989 1780 1791 1773 1768 1769 1766 1767 1783
853.607971 1783 1757 1777 1784 1781 1790 1770 1783
853.627991 1777 1776 1777 1761 1755 1775 1782 1771
853.64801 1780 1775 1782 1788 1755 1763 1778 1773
853.666992 1784 1770 1760 1780 1765 1756 1764 1767
853.687012 1789 1766 1771 1764 1763 1796 1781 1778
853.70697 1778 1787 1782 1782 1783 1774 1784 1768
853.726013 1790 1774 1801 1774 1777 1780 1762 1769
853.745972 1767 1784 1782 1766 1765 1773 1767 1776
853.765991 1789 1790 1780 1764 1786 1767 1788 1770
853.784973 1782 1774 1783 1795 1780 1755 1756 1778
853.804993 1787 1771 1784 1771 1759 1774 1774 1801
853.825012 1779 1794 1779 1778 1772 1772 1776 1783
853.844971 1768 1801 1800 1784 1761 1773 1767 1774
853.864014 1777 1788 1778 1773 1790 1760 1760 1771
853.883972 1780 1793 1777 1790 1769 1774 1773 1777
853.903992 1766 1793 1798 1775 1769 1785 1788 1781
853.922974 1778 1786 1792 1775 1762 1779 1785 1794
853.942993 1786 1788 1774 1780 1774 1796 1789 1789
853.963013 1794 1811 1785 1797 1786 1786 1790 1802
853.981995 1782 1800 1788 1778 1777 1780 1767 1773
854.002014 1781 1796 1799 1790 1797 1785 1773 1786
854.021973 1765 1790 1778 1775 1793 1781 1781 1789
854.041016 1790 1801 1796 1794 1778 1771 1769 1803
854.060974 1784 1803 1793 1772 1785 1787 1786 1786
854.080994 1788 1824 1790 1805 1788 1788 1774 1779
854.099976 1797 1805 1799 1807 1791 1797 1801 1812
854.119995 1791 1793 1790 1791 1781 1793 1784 1801
854.140015 1779 1805 1766 1796 1787 1773 1780 1778
854.158997 1794 1786 1795 1781 1802 1782 1783 1787
854.179016 1798 1797 1787 1806 1793 1787 1798 1785
854.198975 1810 1812 1795 1786 1790 1799 1795 1799
854.218994 1775 1786 1811 1791 1795 1791 1801 1791
854.237976 1791 1799 1822 1786 1795 1798 1781 1816
854.257996 1783 1798 1796 1807 1783 1790 1801 1779
854.278015 1791 1800 1798 1787 1799 1791 1797 1783
854.296997 1806 1791 1800 1790 1811 1776 1782 1807
854.317017 1790 1778 1799 1770 1780 1782 1807 1801
854.336975 1799 1813 1800 1801 1802 1796 1793 1792
854.356018 1778 1791 1794 1774 1800 1799 1789 1792
854.375977 1769 1792 1785 1797 1781 1782 1771 1773
854.395996 1804 1796 1797 1792 1778 1776 1794 1807
854.414978 1800 1801 1789 1768 1775 1781 1780 1785
854.434998 1777 1804 1773 1775 1787 1768 1788 1782
854.455017 1786 1789 1788 1787 1787 1799 1779 1791
854.473999 1789 1789 1782 1789 1791 1797 1768 1780
854.494019 1793 1788 1799 1784 1777 1786 1781 1784
854.513977 1778 1773 1797 1773 1781 1781 1765 1783
854.53302 1809 1778 1784 1800 1786 1775 1772 1766
854.552979 1790 1787 1766 1778 1767 1767 1768 1785
854.572998 1777 1797 1792 1784 1787 1778 1784 1762
854.59198 1792 1780 1786 1792 1782 1789 1767 1777
854.612 1775 1770 1782 1793 1771 1769 1780 1777
854.632019 1787 1776 1798 1799 1787 1777 1775 1774
854.651001 1812 1785 1775 1779 1786 1769 1794 1767
854.671021 1766 1784 1783 1779 1777 1754 1780 1792
854.690979 1788 1767 1772 1757 1784 1750 1772 1779
854.710022 1801 1769 1787 1782 1785 1770 1789 1779
854.72998 1789 1771 1782 1771 1789 1773 1769 1781
854.75 1781 1777 1780 1777 1773 1759 1779 1765
854.768982 1770 1792 1779 1775 1780 1788 1775 1762
854.789001 1806 1779 1786 1779 1774 1780 1787 1785
854.807983 1790 1781 1784 1779 1768 1782 1768 1784
854.828003 1782 1780 1774 1762 1769 1784 1773 1782
854.848022 1777 1794 1793 1773 1775 1747 1770 1770
854.867004 1780 1778 1788 1759 1770 1771 1771 1792
854.887024 1790 1803 1780 1794 1781 1779 1765 1796
854.906982 1773 1788 1775 1778 1780 1774 1777 1767
854.926025 1771 1789 1786 1780 1779 1780 1778 1772
854.945984 1791 1779 1775 1767 1777 1765 1777 1778
854.966003 1785 1808 1788 1775 1774 1780 1770 1776
854.984985 1798 1790 1765 1768 1781 1785 1777 1773
855.005005 1785 1786 1762 1774 1774 1776 1786 1790
855.025024 1781 1785 1772 1781 1775 1789 1772 1769
855.044006 1772 1782 1783 1773 1775 1761 1781 1782
855.064026 1779 1787 1781 1772 1777 1762 1772 1777
855.083984 1777 1787 1781 1778 1767 1765 1768 1790
855.103027 1777 1782 1781 1772 1775 1788 1776 1782
855.122986 1774 1789 1778 1767 1779 1789 1778 1774
855.143005 1768 1800 1780 1759 1777 1772 1773 1779
855.161987 1773 1772 1776 1755 1754 1774 1764 1795
855.182007 1788 1770 1772 1772 1772 1744 1770 1771
855.200989 1778 1774 1780 1773 1768 1768 1769 1789
855.221008 1766 1776 1780 1783 1789 1761 1780 1790
855.241028 1774 1780 1769 1776 1754 1765 1786 1792
855.26001 1777 1774 1783 1765 1766 1765 1764 1778
855.280029 1786 1782 1794 1771 1771 1764 1764 1781
855.299988 1774 1775 1764 1764 1758 1774 1768 1779
855.31897 1764 1786 1775 1780 1775 1756 1775 1788
855.338989 1768 1774 1779 1776 1778 1767 1775 1779
855.359009 1782 1770 1792 1767 1770 1782 1778 1775
855.377991 1775 1782 1776 1776 1788 1785 1772 1772
855.39801 1773 1767 1777 1769 1771 1772 1757 1797
855.41803 1764 1797 1766 1771 1765 1783 1772 1774
855.437012 1767 1772 1777 1769 1762 1784 1774 1764
855.45697 1770 1768 1779 1760 1740 1764 1789 1780
855.476013 1760 1764 1796 1771 1767 1770 1769 1786
855.495972 1761 1763 1768 1761 1764 1765 1773 1789
855.515991 1779 1759 1760 1770 1767 1772 1763 1772
855.534973 1788 1770 1781 1780 1765 1749 1771 1784
855.554993 1772 1800 1763 1769 1764 1790 1757 1780
855.575012 1770 1769 1763 1779 1761 1773 1779 1769
855.593994 1787 1762 1776 1782 1768 1768 1786 1773
855.614014 1772 1771 1770 1775 1775 1752 1771 1775
855.633972 1775 1768 1763 1767 1789 1777 1772 1777
855.653015 1774 1765 1765 1782 1760 1760 1768 1769
855.672974 1765 1761 1779 1768 1771 1771 1768 1780
855.692017 1780 1787 1777 1750 1764 1758 1769 1769
855.711975 1769 1779 1764 1781 1765 1785 1770 1778
855.731995 1780 1774 1792 1780 1764 1773 1791 1786
855.750977 1782 1781 1793 1791 1769 1747 1774 1774
855.770996 1775 1777 1776 1779 1769 1769 1771 1780
855.791016 1784 1775 1764 1779 1767 1783 1771 1776
855.809998 1769 1791 1790 1768 1758 1755 1772 1760
855.830017 1769 1777 1784 1766 1781 1763 1782 1775
855.848999 1769 1779 1766 1756 1785 1766 1770 1780
855.869019 1791 1779 1769 1774 1770 1769 1789 1769
855.888977 1785 1781 1781 1778 1774 1767 1748 1788
855.90802 1777 1792 1757 1769 1756 1764 1757 1764
855.927979 1774 1772 1764 1780 1783 1748 1768 1789
855.947998 1776 1793 1779 1774 1777 1771 1768 1774
855.96698 1776 1766 1776 1768 1765 1771 1759 1763
855.987 1771 1776 1776 1769 1767 1775 1768 1783
856.005981 1767 1772 1781 1776 1760 1774 1775 1785
856.026001 1772 1775 1769 1764 1764 1769 1763 1754
856.046021 1771 1791 1775 1760 1776 1765 1777 1764
856.065002 1758 1802 1776 1777 1750 1781 1775 1775
856.085022 1792 1791 1784 1775 1766 1769 1772 1792
856.104004 1793 1783 1760 1763 1773 1762 1764 1785
856.124023 1780 1772 1785 1761 1750 1770 1771 1773
856.143982 1763 1774 1785 1794 1768 1760 1764 1779
856.163025 1785 1790 1766 1755 1790 1774 1764 1769
856.182983 1767 1780 1786 1763 1767 1769 1764 1763
856.203003 1790 1784 1773 1774 1768 1753 1762 1783
856.221985 1768 1770 1759 1759 1786 1776 1781 1778
856.242004 1778 1767 1777 1769 1774 1760 1777 1782
856.260986 1784 1775 1759 1759 1771 1760 1770 1765
856.281006 1754 1753 1778 1757 1767 1777 1771 1758
856.301025 1784 1768 1778 1778 1769 1774 1781 1799
856.320007 1766 1777 1787 1772 1755 1768 1788 1770
856.340027 1782 1760 1774 1765 1756 1747 1758 1784
856.359009 1782 1760 1787 1766 1764 1769 1754 1778
856.379028 1785 1764 1780 1769 1773 1761 1775 1779
856.398987 1771 1774 1782 1779 1758 1759 1755 1793
856.41803 1765 1764 1776 1781 1749 1772 1736 1776
856.437988 1781 1767 1769 1769 1781 1764 1767 1771
856.45697 1777 1773 1772 1767 1760 1760 1766 1784
856.47699 1764 1773 1774 1760 1766 1754 1762 1767
856.497009 1775 1766 1775 1763 1763 1752 1758 1774
856.515991 1763 1780 1784 1762 1775 1754 1779 1776
856.536011 1765 1767 1763 1782 1767 1757 1771 1765
856.554993 1755 1766 1763 1766 1747 1760 1762 1779
856.575012 1791 1771 1771 1777 1748 1769 1749 1770
856.594971 1780 1771 1757 1760 1757 1755 1776 1765
856.614014 1761 1759 1782 1773 1755 1764 1763 1764
856.633972 1750 1759 1756 1751 1757 1763 1768 1777
856.653015 1774 1767 1775 1745 1747 1777 1759 1761
856.672974 1772 1755 1781 1760 1769 1791 1757 1762
856.692993 1777 1758 1753 1746 1769 1784 1759 1789
856.711975 1775 1765 1787 1741 1742 1754 1746 1778
856.731995 1761 1764 1767 1763 1757 1751 1758 1757
856.750977 1765 1777 1757 1756 1775 1773 1768 1759
856.770996 1755 1764 1767 1761 1777 1747 1760 1763
856.791016 1763 1772 1777 1760 1764 1751 1748 1763
856.809998 1760 1755 1763 1770 1774 1768 1762 1770
856.830017 1764 1769 1748 1771 1771 1750 1763 1744
856.848999 1755 1765 1771 1768 1758 1752 1753 1768
856.869019 1762 1757 1760 1769 1750 1748 1756 1764
856.888 1764 1755 1768 1764 1760 1734 1760 1772
856.90802 1752 1768 1788 1761 1754 1752 1759 1776
856.927979 1741 1768 1756 1772 1754 1764 1772 1781
856.947021 1744 1761 1733 1757 1753 1749 1755 1762
856.96698 1774 1781 1771 1758 1755 1755 1755 1771
856.986023 1764 1762 1782 1766 1747 1759 1756 1763
857.005981 1763 1772 1760 1769 1766 1764 1760 1762
857.026001 1766 1768 1753 1747 1768 1773 1758 1758
857.044983 1765 1792 1759 1746 1726 1758 1755 1761
857.065002 1769 1775 1761 1756 1775 1742 1771 1758
857.083984 1766 1752 1785 1783 1761 1753 1730 1762
857.104004 1766 1777 1770 1750 1771 1755 1752 1754
857.122986 1751 1758 1758 1757 1765 1756 1748 1766
857.143005 1779 1754 1760 1755 1747 1764 1750 1775
857.163025 1762 1755 1779 1742 1763 1756 1764 1753
857.182007 1764 1789 1769 1751 1743 1759 1763 1750
857.202026 1764 1780 1778 1783 1748 1753 1755 1750
857.221008 1761 1763 1749 1746 1739 1743 1766 1776
857.241028 1775 1756 1784 1778 1762 1757 1740 1763
857.260986 1776 1768 1759 1771 1772 1761 1767 1755
857.280029 1768 1770 1738 1752 1751 1756 1757 1771
857.299988 1785 1770 1775 1776 1764 1744 1777 1772
857.31897 1757 1764 1760 1743 1755 1753 1761 1793
857.338989 1780 1786 1778 1764 1747 1761 1781 1767
857.357971 1766 1759 1771 1768 1755 1775 1741 1782
857.377991 1752 1773 1763 1761 1760 1774 1760 1756
857.39801 1763 1762 1758 1765 1752 1768 1767 1783
857.416992 1746 1755 1777 1769 1752 1765 1778 1743
857.437012 1788 1770 1774 1756 1742 1755 1746 1757
857.455994 1760 1787 1762 1768 1751 1754 1753 1776
857.476013 1760 1775 1761 1746 1770 1769 1750 1761
857.494995 1768 1778 1758 1757 1747 1753 1747 1745
857.515015 1777 1778 1754 1769 1762 1757 1751 1756
857.534973 1764 1773 1767 1766 1759 1759 1762 1770
857.554016 1761 1771 1770 1763 1742 1762 1745 1769
857.573975 1763 1765 1777 1752 1771 1752 1768 1782
857.593018 1741 1780 1764 1756 1745 1759 1766 1763
857.612976 1772 1756 1764 1764 1763 1752 1761 1774
857.632019 1771 1770 1779 1766 1744 1740 1755 1766
857.651978 1771 1760 1757 1750 1740 1745 1756 1770
857.671997 1758 1760 1758 1761 1756 1745 1767 1760
857.690979 1766 1766 1773 1781 1758 1750 1768 1758
857.710999 1759 1775 1759 1769 1767 1763 1759 1763
857.72998 1739 1774 1768 1755 1756 1753 1761 1769
857.75 1763 1778 1760 1760 1757 1746 1756 1769
857.768982 1767 1772 1774 1738 1770 1757 1738 1770
857.789001 1763 1767 1763 1754 1745 1772 1760 1758
857.807983 1756 1757 1773 1758 1766 1739 1757 1770
857.828003 1754 1783 1740 1747 1734 1757 1751 1775
857.848022 1769 1772 1761 1766 1775 1737 1758 1770
857.867004 1758 1766 1758 1761 1766 1763 1761 1757
857.887024 1766 1782 1770 1769 1747 1778 1759 1744
857.906006 1772 1772 1768 1771 1751 1773 1774 1753
857.926025 1777 1770 1768 1748 1744 1755 1766 1757
857.945007 1782 1768 1767 1748 1753 1747 1767 1772
857.965027 1766 1773 1777 1770 1743 1766 1745 1771
857.984009 1776 1764 1762 1758 1761 1771 1745 1759
858.004028 1767 1778 1781 1746 1760 1761 1763 1752
858.02301 1774 1760 1756 1762 1747 1755 1745 1764
858.04303 1772 1766 1776 1758 1742 1759 1773 1766
858.062988 1747 1771 1776 1773 1735 1746 1761 1771
858.08197 1759 1771 1774 1766 1766 1759 1755 1759
858.10199 1763 1780 1776 1740 1758 1755 1742 1758
858.120972 1758 1776 1767 1776 1752 1756 1758 1762
858.140991 1779 1766 1759 1764 1752 1764 1744 1760
858.159973 1747 1747 1769 1773 1761 1755 1768 1757
858.179993 1761 1765 1766 1759 1762 1744 1758 1754
858.198975 1781 1770 1741 1753 1745 1758 1752 1753
858.218994 1754 1766 1743 1760 1751 1752 1750 1762
858.239014 1755 1769 1777 1772 1763 1755 1753 1745
858.257996 1751 1780 1758 1754 1744 1748 1744 1784
858.278015 1783 1771 1781 1765 1745 1752 1782 1761
858.296997 1753 1759 1750 1744 1749 1749 1759 1760
858.317017 1768 1778 1750 1742 1740 1751 1760 1752
858.335999 1755 1756 1752 1752 1742 1762 1755 1757
858.356018 1769 1767 1750 1763 1752 1743 1753 1750
858.375 1749 1777 1762 1738 1757 1751 1746 1766
858.39502 1754 1752 1755 1755 1740 1740 1755 1748
858.414001 1763 1760 1761 1735 1763 1757 1749 1761
858.434021 1769 1764 1762 1761 1741 1749 1754 1761
858.453003 1738 1753 1766 1754 1757 1741 1750 1771
858.473022 1738 1759 1742 1751 1727 1739 1768 1762
858.492004 1746 1782 1742 1751 1748 1752 1753 1767
858.512024 1758 1759 1754 1764 1755 1760 1756 1750
858.531982 1756 1755 1765 1762 1750 1743 1740 1765
858.551025 1764 1768 1776 1759 1747 1771 1746 1758
858.570984 1765 1763 1760 1761 1750 1767 1766 1756
858.590027 1754 1764 1764 1744 1744 1762 1770 1745
858.609985 1768 1757 1757 1745 1753 1734 1742 1759
858.629028 1755 1777 1761 1753 1753 1760 1767 1750
858.648987 1766 1775 1760 1757 1741 1754 1761 1767
858.66803 1777 1787 1776 1751 1766 1746 1754 1757
858.687988 1772 1787 1761 1750 1764 1757 1763 1774
858.70697 1766 1758 1762 1766 1758 1757 1741 1771
858.72699 1764 1748 1761 1770 1757 1773 1753 1780
858.745972 1766 1763 1749 1736 1762 1761 1742 1764
858.765991 1794 1767 1765 1764 1753 1753 1745 1769
858.784973 1771 1780 1755 1755 1754 1761 1743 1767
858.804993 1766 1772 1760 1768 1743 1762 1751 1772
858.823975 1767 1769 1764 1765 1756 1766 1761 1764
858.843994 1775 1773 1770 1767 1757 1742 1759 1778
858.864014 1778 1780 1773 1763 1751 1767 1772 1753
858.882996 1772 1788 1780 1759 1769 1744 1763 1774
858.903015 1760 1744 1778 1743 1764 1754 1779 1780
858.921997 1774 1755 1777 1761 1746 1758 1765 1765
858.942017 1761 1761 1759 1759 1749 1747 1751 1758
858.960999 1790 1760 1745 1747 1756 1752 1757 1758
858.981018 1740 1767 1769 1757 1747 1749 1757 1769
859 1750 1770 1759 1747 1756 1774 1761 1771
859.02002 1765 1763 1760 1740 1764 1772 1751 1779
859.039001 1756 1757 1755 1762 1763 1745 1756 1755
859.059021 1754 1751 1786 1762 1744 1749 1769 1756
859.078003 1773 1756 1768 1755 1744 1750 1744 1764
859.098022 1765 1779 1776 1750 1749 1767 1752 1765
859.117004 1755 1761 1760 1748 1746 1756 1744 1762
859.137024 1762 1763 1756 1741 1747 1728 1758 1741
859.156006 1757 1774 1761 1753 1766 1737 1769 1759
859.176025 1781 1777 1757 1772 1754 1749 1750 1765
859.195007 1770 1780 1751 1739 1766 1744 1747 1768
859.215027 1753 1757 1737 1742 1743 1749 1749 1749
859.234009 1765 1767 1774 1745 1749 1765 1737 1759
859.254028 1768 1769 1743 1763 1767 1755 1745 1747
859.27301 1764 1758 1761 1739 1735 1747 1745 1760
859.29303 1757 1756 1780 1746 1749 1749 1740 1755
859.312012 1772 1765 1743 1740 1762 1760 1749 1756
859.33197 1766 1800 1758 1734 1749 1740 1742 1760
859.351013 1765 1754 1754 1758 1755 1746 1750 1760
859.370972 1761 1765 1755 1761 1745 1759 1755 1736
859.390015 1776 1763 1758 1759 1756 1734 1761 1739
859.409973 1744 1774 1752 1749 1750 1745 1749 1763
859.429016 1763 1769 1756 1748 1748 1738 1758 1747
859.448975 1767 1759 1761 1731 1760 1762 1757 1777
859.468018 1747 1763 1762 1768 1758 1757 1759 1769
859.487976 1772 1782 1768 1766 1765 1747 1754 1767
859.507019 1771 1761 1750 1746 1758 1751 1740 1765
859.526978 1758 1777 1778 1760 1742 1781 1765 1757
859.546021 1769 1764 1771 1782 1762 1745 1752 1772
859.565979 1767 1765 1760 1755 1767 1757 1750 1746
859.585022 1784 1772 1765 1767 1772 1761 1762 1763
859.60498 1777 1769 1762 1739 1764 1734 1776 1762
859.624023 1758 1760 1762 1758 1758 1751 1760 1760
859.643982 1770 1759 1760 1766 1764 1769 1752 1771
859.663025 1773 1765 1772 1757 1783 1765 1767 1764
859.682983 1762 1768 1754 1753 1752 1766 1779 1770
859.702026 1773 1764 1774 1770 1773 1745 1754 1778
859.721985 1764 1788 1765 1770 1755 1744 1768 1777
859.741028 1765 1768 1765 1752 1751 1762 1746 1764
859.760986 1773 1759 1757 1747 1751 1758 1756 1773
859.780029 1769 1771 1768 1745 1750 1752 1745 1763
859.799988 1763 1769 1767 1749 1754 1735 1737 1771
859.81897 1767 1762 1765 1740 1750 1752 1748 1744
859.838989 1750 1765 1754 1751 1746 1736 1755 1779
859.857971 1755 1760 1754 1748 1744 1752 1769 1777
859.877991 1767 1756 1775 1778 1761 1745 1743 1756
859.896973 1753 1762 1774 1760 1755 1751 1751 1757
859.916992 1769 1749 1759 1746 1733 1748 1754 1757
859.935974 1742 1750 1753 1758 1760 1748 1738 1763
859.955994 1764 1758 1772 1762 1758 1757 1750 1765
859.974976 1764 1754 1765 1754 1751 1748 1755 1769
859.994995 1750 1747 1747 1742 1738 1754 1760 1751
860.013977 1763 1768 1746 1736 1751 1750 1750 1764
860.033997 1751 1762 1753 1759 1756 1753 1741 1755
860.052979 1745 1754 1756 1741 1769 1741 1752 1764
860.072998 1770 1753 1753 1737 1744 1759 1749 1762
860.09198 1741 1756 1772 1746 1739 1768 1751 1762
860.112 1768 1757 1755 1750 1748 1749 1755 1771
860.130981 1743 1744 1759 1759 1758 1749 1733 1762
860.151001 1749 1757 1760 1744 1732 1734 1761 1768
860.169983 1760 1760 1745 1751 1747 1739 1762 1747
860.189026 1757 1758 1762 1743 1742 1751 1739 1761
860.208984 1765 1752 1771 1753 1743 1740 1740 1758
860.228027 1749 1751 1746 1747 1741 1748 1747 1742
860.247986 1752 1758 1756 1737 1732 1745 1758 1771
860.267029 1750 1762 1754 1757 1725 1752 1736 1740
860.286987 1759 1759 1758 1742 1752 1748 1749 1755
860.30603 1759 1771 1739 1752 1744 1744 1739 1755
860.325989 1754 1765 1740 1731 1743 1731 1741 1756
860.344971 1759 1769 1753 1751 1748 1762 1746 1765
860.36499 1757 1774 1748 1748 1765 1745 1739 1743
860.383972 1757 1762 1755 1734 1752 1760 1759 1749
860.403992 1756 1770 1739 1751 1758 1727 1735 1761
860.422974 1781 1778 1760 1764 1745 1755 1766 1773
860.442993 1745 1754 1736 1754 1733 1765 1764 1776
860.461975 1747 1773 1747 1747 1741 1762 1739 1754
860.481995 1753 1763 1741 1752 1735 1740 1750 1761
860.500977 1762 1753 1746 1746 1729 1763 1759 1764
860.520996 1751 1760 1742 1750 1733 1751 1744 1750
860.539978 1754 1761 1754 1754 1757 1742 1759 1743
860.559021 1742 1763 1747 1743 1737 1756 1762 1754
860.578979 1755 1745 1768 1754 1740 1744 1742 1768
860.598022 1770 1762 1766 1759 1748 1760 1753 1768
860.617981 1758 1765 1747 1756 1755 1741 1765 1774
860.637024 1751 1768 1763 1758 1735 1750 1739 1766
860.656982 1761 1766 1775 1751 1762 1744 1749 1762
860.676025 1742 1768 1743 1759 1736 1743 1751 1761
860.695984 1749 1771 1779 1760 1748 1745 1773 1764
860.715027 1756 1747 1762 1748 1751 1749 1780 1757
860.734985 1754 1738 1758 1764 1750 1745 1749 1770
860.754028 1764 1764 1766 1739 1760 1750 1762 1762
860.77301 1754 1755 1752 1762 1738 1755 1776 1763
