0 12.8571429 25.7142857 38.5714286 51.4285714 64.2857143 77.1428571 90
828.851013 1725 1740 1765 1758 1760 1739 1740 1711
828.870972 1733 1739 1726 1748 1742 1726 1728 1727
828.890991 1730 1748 1746 1743 1738 1730 1716 1737
828.911987 1732 1733 1743 1745 1753 1735 1729 1725
828.932007 1723 1752 1745 1757 1744 1736 1723 1737
828.953003 1734 1732 1757 1747 1746 1739 1751 1727
828.973022 1730 1731 1737 1735 1743 1741 1724 1733
828.994019 1731 1733 1758 1740 1741 1741 1734 1716
829.013977 1732 1739 1749 1743 1751 1719 1722 1726
829.034973 1725 1733 1744 1733 1729 1754 1717 1713
829.054993 1717 1720 1751 1742 1727 1727 1744 1712
829.075012 1716 1725 1742 1746 1731 1718 1726 1719
829.096008 1708 1730 1739 1730 1739 1721 1726 1719
829.116028 1727 1731 1720 1739 1720 1730 1724 1717
829.137024 1698 1710 1732 1754 1727 1726 1706 1708
829.156982 1724 1723 1726 1737 1709 1719 1721 1715
829.177979 1725 1731 1735 1715 1752 1729 1717 1725
829.197998 1728 1714 1734 1748 1737 1727 1724 1701
829.218994 1709 1716 1728 1716 1711 1721 1703 1712
829.239014 1696 1732 1725 1719 1725 1704 1727 1716
829.258972 1715 1727 1751 1731 1726 1704 1713 1718
829.280029 1716 1724 1731 1726 1732 1717 1718 1720
829.299988 1704 1722 1730 1733 1726 1735 1732 1709
829.320984 1707 1715 1720 1728 1718 1735 1702 1699
829.341003 1719 1724 1743 1709 1732 1736 1709 1708
829.362 1705 1716 1716 1747 1718 1718 1723 1708
829.382019 1709 1728 1726 1730 1714 1720 1722 1720
829.401978 1711 1713 1716 1743 1726 1712 1713 1715
829.422974 1708 1708 1733 1713 1733 1710 1710 1714
829.442993 1721 1703 1747 1736 1712 1734 1712 1726
829.463989 1710 1727 1736 1723 1722 1718 1715 1712
829.484009 1704 1708 1722 1747 1725 1704 1712 1712
829.505005 1716 1718 1724 1752 1727 1712 1713 1712
829.525024 1712 1719 1727 1734 1723 1709 1703 1714
829.544983 1724 1708 1729 1737 1746 1712 1718 1705
829.565979 1704 1707 1741 1724 1715 1730 1704 1695
829.585999 1721 1731 1741 1728 1732 1722 1717 1704
829.606995 1723 1728 1730 1732 1736 1728 1722 1711
829.627014 1705 1736 1736 1745 1728 1719 1707 1723
829.64801 1702 1712 1741 1720 1733 1699 1740 1720
829.66803 1719 1715 1741 1729 1725 1721 1711 1716
829.687988 1716 1731 1718 1715 1730 1725 1714 1713
829.708984 1702 1733 1729 1730 1716 1717 1722 1713
829.729004 1729 1732 1737 1738 1725 1725 1723 1706
829.75 1721 1728 1728 1739 1728 1716 1702 1712
829.77002 1709 1732 1726 1739 1723 1737 1697 1730
829.791016 1712 1720 1732 1725 1726 1730 1704 1722
829.810974 1729 1729 1755 1724 1735 1735 1698 1723
829.830994 1702 1716 1721 1729 1729 1715 1720 1715
829.85199 1729 1712 1727 1747 1751 1715 1717 1724
829.872009 1718 1721 1734 1733 1740 1717 1719 1720
829.893005 1721 1728 1734 1734 1737 1727 1735 1714
829.913025 1714 1731 1734 1749 1737 1733 1757 1722
829.932983 1739 1719 1741 1753 1718 1719 1726 1705
829.953979 1714 1742 1744 1726 1723 1737 1728 1725
829.973999 1722 1722 1728 1746 1738 1728 1723 1725
829.994995 1705 1724 1740 1736 1727 1707 1733 1719
830.015015 1712 1721 1751 1726 1739 1718 1719 1729
830.036011 1725 1730 1732 1735 1749 1724 1718 1710
830.05603 1733 1744 1729 1737 1728 1743 1734 1739
830.075989 1725 1731 1745 1757 1744 1728 1721 1714
830.096985 1723 1730 1731 1757 1762 1720 1750 1736
830.117004 1730 1726 1742 1751 1730 1735 1733 1738
830.138 1717 1736 1753 1744 1722 1736 1729 1728
830.15802 1729 1745 1755 1740 1745 1738 1726 1719
830.177979 1742 1740 1756 1750 1739 1751 1747 1742
830.198975 1738 1743 1731 1749 1753 1747 1746 1737
830.218994 1743 1730 1736 1758 1733 1755 1741 1741
830.23999 1729 1742 1755 1756 1750 1727 1736 1733
830.26001 1725 1732 1732 1763 1728 1756 1726 1726
830.280029 1736 1736 1744 1753 1738 1759 1732 1736
830.301025 1758 1744 1754 1759 1746 1742 1744 1732
830.320984 1732 1740 1750 1757 1744 1739 1733 1727
830.34198 1730 1745 1752 1747 1745 1729 1728 1740
830.362 1720 1738 1748 1734 1730 1759 1734 1731
830.382996 1735 1743 1744 1758 1744 1740 1720 1729
830.403015 1747 1729 1752 1762 1740 1755 1741 1730
830.422974 1733 1750 1763 1746 1757 1731 1727 1736
830.44397 1747 1740 1766 1748 1739 1745 1754 1732
830.463989 1733 1735 1764 1758 1754 1745 1721 1737
830.484009 1740 1729 1731 1756 1737 1748 1728 1744
830.505005 1730 1732 1745 1752 1747 1736 1735 1731
830.525024 1720 1738 1738 1739 1760 1745 1738 1734
830.546021 1712 1749 1752 1749 1770 1749 1726 1737
830.565979 1731 1743 1744 1737 1741 1736 1736 1724
830.585999 1752 1749 1739 1748 1747 1749 1737 1725
830.606995 1736 1743 1754 1734 1745 1744 1726 1733
830.627014 1748 1717 1732 1734 1746 1740 1742 1723
830.64801 1736 1739 1749 1753 1762 1729 1713 1734
830.66803 1724 1743 1745 1746 1753 1728 1717 1736
830.687988 1726 1734 1743 1763 1766 1726 1726 1722
830.708984 1742 1726 1746 1748 1756 1740 1717 1726
830.729004 1730 1745 1725 1743 1735 1732 1743 1731
830.75 1738 1734 1736 1728 1742 1736 1725 1729
830.77002 1730 1737 1731 1748 1753 1733 1727 1713
830.789978 1736 1725 1762 1735 1736 1740 1727 1730
830.810974 1714 1722 1733 1734 1740 1725 1739 1719
830.830994 1727 1729 1758 1738 1743 1720 1727 1711
830.85199 1729 1733 1727 1754 1735 1717 1729 1707
830.872009 1713 1749 1738 1738 1738 1725 1734 1706
830.892029 1729 1718 1727 1748 1748 1715 1722 1717
830.913025 1737 1719 1736 1761 1740 1735 1728 1743
830.932983 1738 1741 1736 1746 1734 1707 1711 1723
830.953979 1717 1724 1730 1736 1736 1733 1723 1708
830.973999 1731 1728 1727 1743 1735 1738 1711 1720
830.994019 1693 1722 1729 1729 1741 1713 1723 1719
831.015015 1718 1741 1747 1731 1720 1706 1725 1708
831.034973 1706 1733 1732 1731 1744 1741 1724 1725
831.054993 1722 1733 1742 1750 1746 1724 1732 1715
831.075989 1725 1730 1713 1739 1731 1722 1728 1729
831.096008 1712 1699 1736 1737 1732 1715 1711 1705
831.117004 1711 1711 1756 1740 1731 1721 1722 1732
831.137024 1730 1751 1717 1727 1748 1719 1698 1718
831.156982 1722 1728 1733 1739 1728 1713 1723 1722
831.177979 1714 1722 1733 1735 1731 1727 1723 1697
831.197998 1713 1718 1717 1737 1703 1728 1715 1711
831.218994 1702 1715 1738 1736 1740 1720 1719 1716
831.239014 1696 1719 1738 1717 1727 1720 1713 1711
831.258972 1719 1722 1731 1727 1740 1731 1715 1726
831.280029 1695 1717 1745 1729 1733 1703 1726 1716
831.299988 1727 1715 1717 1734 1735 1720 1716 1733
831.320007 1719 1711 1731 1743 1740 1717 1706 1720
831.341003 1713 1709 1741 1727 1731 1724 1713 1713
831.361023 1720 1707 1741 1751 1732 1736 1725 1704
831.382019 1711 1716 1719 1721 1715 1718 1702 1718
831.401978 1707 1716 1734 1730 1722 1736 1720 1718
831.421997 1720 1736 1738 1742 1735 1720 1721 1725
831.442993 1715 1714 1726 1741 1752 1729 1722 1704
831.463013 1711 1719 1731 1719 1739 1727 1721 1708
831.482971 1712 1738 1727 1728 1747 1732 1707 1734
831.504028 1711 1721 1729 1741 1733 1731 1728 1707
831.523987 1736 1732 1740 1752 1723 1723 1711 1719
831.544983 1717 1729 1733 1723 1733 1741 1724 1722
831.565002 1737 1726 1730 1733 1752 1725 1711 1714
831.585022 1719 1726 1737 1718 1745 1728 1719 1723
831.606018 1715 1736 1723 1731 1740 1720 1724 1733
831.625977 1720 1728 1722 1723 1731 1748 1721 1705
831.645996 1730 1718 1731 1760 1734 1723 1721 1733
831.666992 1725 1723 1735 1738 1734 1724 1728 1720
831.687012 1715 1730 1746 1728 1743 1717 1721 1725
831.708008 1712 1730 1725 1740 1742 1712 1715 1716
831.728027 1714 1739 1739 1742 1746 1724 1723 1711
831.747986 1717 1724 1719 1738 1745 1734 1728 1728
831.768982 1732 1731 1726 1734 1748 1744 1732 1734
831.789001 1738 1721 1743 1735 1744 1726 1716 1729
831.809021 1726 1720 1745 1722 1736 1736 1720 1731
831.830017 1724 1730 1749 1743 1752 1720 1707 1727
831.849976 1723 1717 1735 1745 1721 1735 1722 1720
831.869995 1727 1720 1736 1755 1732 1721 1725 1717
831.890991 1732 1719 1734 1757 1735 1720 1722 1736
831.911011 1707 1719 1726 1749 1735 1712 1734 1732
831.932007 1730 1740 1760 1748 1749 1736 1718 1721
831.952026 1727 1739 1740 1732 1766 1736 1736 1740
831.971985 1732 1739 1746 1749 1752 1737 1722 1725
831.992981 1732 1725 1726 1737 1746 1739 1717 1729
832.013 1702 1740 1750 1753 1730 1741 1726 1727
832.03302 1699 1745 1742 1747 1745 1753 1736 1712
832.054016 1719 1739 1742 1750 1735 1747 1729 1732
832.073975 1744 1731 1732 1743 1750 1732 1732 1746
832.093994 1726 1741 1764 1753 1738 1736 1720 1724
832.11499 1732 1747 1737 1752 1754 1734 1739 1739
832.13501 1710 1746 1731 1760 1751 1745 1731 1733
832.155029 1740 1739 1739 1765 1765 1747 1735 1725
832.176025 1744 1721 1740 1751 1745 1742 1723 1740
832.195984 1741 1742 1741 1746 1740 1737 1749 1744
832.216003 1717 1732 1756 1742 1758 1750 1736 1739
832.237 1745 1729 1755 1738 1755 1742 1728 1737
832.257019 1744 1739 1728 1756 1740 1744 1725 1724
832.278015 1730 1745 1745 1756 1740 1744 1737 1736
832.297974 1742 1742 1729 1756 1756 1728 1733 1739
832.317993 1740 1753 1759 1751 1715 1746 1738 1728
832.338989 1740 1729 1754 1748 1739 1731 1750 1722
832.359009 1737 1731 1727 1765 1773 1742 1745 1746
832.379028 1730 1727 1745 1746 1773 1736 1744 1738
832.400024 1724 1735 1761 1743 1752 1750 1750 1741
832.419983 1742 1733 1776 1758 1739 1759 1745 1735
832.440002 1727 1748 1754 1764 1748 1746 1744 1731
832.460999 1751 1726 1747 1759 1763 1722 1735 1725
832.481018 1737 1745 1760 1753 1748 1725 1738 1723
832.500977 1727 1742 1755 1744 1743 1750 1740 1743
832.521973 1730 1746 1759 1755 1758 1754 1733 1735
832.541992 1730 1743 1733 1760 1763 1746 1727 1747
832.562012 1738 1762 1750 1749 1741 1753 1733 1733
832.583008 1727 1724 1731 1751 1739 1751 1741 1729
832.603027 1745 1747 1755 1738 1763 1769 1728 1720
832.622986 1719 1752 1761 1758 1776 1737 1727 1744
832.643982 1732 1754 1768 1754 1763 1738 1746 1730
832.664001 1729 1747 1737 1752 1756 1749 1739 1740
832.684021 1723 1738 1762 1753 1739 1739 1742 1740
832.705017 1744 1756 1760 1750 1745 1742 1735 1752
832.724976 1732 1735 1755 1748 1749 1745 1725 1739
832.744995 1719 1726 1758 1762 1754 1753 1741 1739
832.765991 1746 1748 1750 1731 1773 1740 1734 1733
832.786011 1726 1742 1731 1757 1747 1734 1729 1747
832.80603 1712 1748 1751 1748 1727 1729 1723 1734
832.827026 1719 1736 1753 1752 1743 1737 1726 1725
832.846985 1735 1735 1736 1747 1746 1749 1715 1727
832.867004 1741 1750 1748 1750 1752 1742 1746 1735
832.888 1715 1743 1771 1752 1752 1726 1737 1746
832.90802 1734 1722 1724 1759 1734 1742 1718 1728
832.927979 1723 1731 1745 1769 1725 1768 1722 1738
832.948975 1726 1738 1733 1756 1750 1765 1736 1718
832.968994 1729 1749 1737 1743 1736 1753 1737 1728
832.989014 1727 1736 1722 1743 1727 1745 1741 1733
833.01001 1728 1730 1737 1739 1743 1731 1726 1728
833.030029 1725 1736 1742 1738 1763 1717 1736 1720
833.049988 1735 1758 1729 1741 1743 1735 1738 1737
833.070984 1736 1736 1741 1736 1749 1737 1719 1720
833.091003 1732 1727 1755 1742 1736 1726 1736 1727
833.111023 1714 1725 1734 1746 1733 1735 1708 1728
833.132019 1723 1736 1749 1750 1737 1747 1737 1710
833.151978 1719 1751 1745 1738 1756 1745 1719 1739
833.171997 1728 1746 1726 1743 1756 1733 1716 1725
833.192993 1707 1728 1725 1738 1743 1731 1733 1725
833.213013 1719 1731 1738 1739 1737 1703 1738 1727
833.232971 1704 1725 1746 1738 1736 1742 1722 1737
833.254028 1729 1735 1738 1754 1731 1737 1716 1730
833.273987 1713 1730 1724 1729 1741 1718 1730 1726
833.294006 1732 1740 1750 1739 1730 1712 1732 1741
833.315002 1710 1727 1731 1743 1737 1727 1719 1714
833.335022 1729 1732 1744 1712 1734 1726 1714 1703
833.35498 1712 1736 1749 1748 1740 1734 1728 1737
833.375977 1727 1722 1727 1751 1745 1726 1717 1745
833.395996 1726 1730 1726 1733 1762 1731 1713 1714
833.416016 1732 1718 1725 1736 1729 1737 1710 1706
833.437012 1713 1728 1713 1739 1734 1734 1721 1729
833.45697 1718 1722 1736 1728 1740 1723 1725 1719
833.47699 1722 1737 1719 1745 1738 1730 1733 1710
833.497009 1704 1716 1727 1732 1741 1757 1711 1706
833.518005 1729 1720 1751 1736 1745 1718 1721 1723
833.538025 1700 1713 1733 1745 1727 1731 1714 1700
833.557983 1704 1729 1731 1732 1724 1724 1717 1721
833.578979 1715 1722 1733 1738 1737 1738 1724 1724
833.598999 1704 1727 1727 1739 1727 1721 1725 1720
833.619019 1724 1725 1727 1741 1739 1719 1715 1695
833.640015 1717 1738 1730 1726 1765 1725 1733 1719
833.659973 1727 1715 1714 1734 1727 1723 1726 1708
833.679993 1708 1731 1718 1747 1741 1736 1732 1722
833.700989 1716 1740 1730 1731 1731 1717 1737 1705
833.721008 1704 1731 1735 1733 1726 1743 1704 1737
833.741028 1741 1747 1739 1733 1726 1735 1725 1720
833.762024 1718 1728 1745 1736 1757 1723 1711 1727
833.781982 1715 1729 1733 1742 1723 1740 1719 1724
833.802002 1711 1708 1715 1753 1738 1728 1728 1733
833.822021 1717 1718 1730 1728 1729 1740 1719 1722
833.843018 1717 1729 1718 1743 1733 1741 1732 1733
833.862976 1725 1727 1736 1734 1735 1713 1724 1719
833.882996 1722 1726 1733 1739 1736 1732 1730 1714
833.903992 1725 1721 1733 1733 1746 1740 1709 1718
833.924011 1742 1720 1730 1726 1733 1734 1729 1706
833.94397 1728 1736 1736 1721 1725 1728 1719 1711
833.965027 1717 1730 1716 1742 1733 1731 1718 1724
833.984985 1714 1729 1737 1745 1733 1730 1716 1706
834.005005 1724 1727 1754 1734 1741 1719 1718 1731
834.026001 1718 1739 1744 1732 1713 1740 1732 1704
834.046021 1716 1730 1733 1745 1729 1725 1731 1723
834.065979 1726 1744 1720 1740 1739 1708 1730 1700
834.085999 1719 1727 1715 1757 1756 1739 1724 1720
834.106995 1730 1724 1736 1731 1740 1737 1707 1716
834.127014 1704 1734 1746 1738 1743 1717 1711 1738
834.146973 1722 1728 1728 1758 1723 1724 1716 1712
834.16803 1722 1721 1738 1754 1739 1724 1717 1724
834.187988 1722 1731 1744 1739 1735 1743 1713 1731
834.208008 1726 1738 1739 1748 1743 1739 1714 1723
834.228027 1734 1734 1738 1737 1735 1731 1719 1724
834.249023 1739 1718 1714 1730 1731 1723 1719 1726
834.268982 1725 1721 1716 1745 1737 1720 1719 1727
834.289001 1703 1727 1739 1737 1735 1731 1717 1724
834.309998 1705 1722 1728 1742 1733 1730 1717 1721
834.330017 1723 1729 1713 1735 1748 1725 1720 1725
834.349976 1725 1718 1734 1740 1750 1735 1715 1735
834.369995 1719 1731 1753 1737 1733 1721 1739 1723
834.390991 1728 1709 1721 1730 1725 1738 1734 1733
834.411011 1724 1739 1732 1719 1729 1722 1711 1719
834.43103 1696 1734 1732 1726 1745 1730 1707 1731
834.452026 1722 1734 1748 1730 1725 1751 1712 1719
834.471985 1723 1744 1727 1746 1745 1738 1733 1740
834.492004 1704 1741 1740 1710 1736 1738 1725 1710
834.513 1722 1724 1739 1734 1727 1741 1720 1730
834.53302 1721 1718 1746 1751 1725 1732 1707 1719
834.552979 1732 1724 1736 1737 1750 1741 1734 1738
834.572998 1719 1735 1742 1748 1732 1733 1711 1748
834.593994 1725 1718 1742 1737 1740 1721 1736 1737
834.614014 1719 1726 1735 1741 1760 1746 1736 1741
834.633972 1725 1737 1749 1740 1736 1727 1723 1705
834.653992 1744 1723 1723 1736 1736 1735 1745 1728
834.674988 1730 1731 1738 1746 1730 1732 1736 1725
834.695007 1735 1728 1723 1735 1760 1727 1724 1724
834.715027 1711 1738 1747 1741 1760 1735 1727 1725
834.736023 1736 1719 1737 1743 1747 1743 1733 1728
834.755981 1729 1713 1748 1751 1737 1749 1725 1743
834.776001 1737 1734 1751 1748 1754 1728 1725 1708
834.796021 1732 1746 1745 1744 1737 1744 1738 1733
834.817017 1719 1750 1736 1751 1739 1738 1732 1730
834.836975 1731 1732 1757 1749 1752 1713 1749 1741
834.856995 1726 1746 1737 1758 1757 1726 1720 1735
834.877991 1726 1731 1743 1753 1754 1727 1736 1748
834.89801 1720 1740 1730 1746 1737 1753 1737 1737
834.91803 1735 1746 1747 1736 1734 1734 1734 1726
834.937988 1733 1746 1746 1746 1751 1733 1731 1737
834.958984 1733 1742 1740 1762 1733 1752 1736 1743
834.979004 1752 1739 1735 1756 1747 1744 1729 1719
834.999023 1729 1731 1734 1750 1727 1757 1746 1737
835.018982 1739 1729 1747 1725 1746 1727 1726 1748
835.039978 1735 1746 1757 1766 1749 1753 1748 1740
835.059998 1734 1747 1754 1749 1768 1733 1741 1723
835.080017 1752 1741 1751 1763 1751 1744 1731 1722
835.101013 1744 1726 1746 1750 1747 1742 1734 1735
835.120972 1744 1746 1752 1752 1755 1743 1734 1730
835.140991 1732 1731 1744 1737 1741 1753 1735 1723
835.161011 1739 1725 1754 1758 1762 1733 1727 1738
835.182007 1727 1759 1739 1747 1753 1736 1723 1735
835.202026 1725 1752 1748 1744 1743 1734 1737 1739
835.221985 1737 1730 1738 1760 1751 1746 1738 1734
835.242004 1734 1743 1737 1761 1757 1736 1746 1741
835.263 1738 1739 1737 1753 1735 1739 1718 1737
835.28302 1761 1730 1725 1731 1745 1757 1747 1740
835.302979 1735 1735 1753 1752 1752 1740 1758 1731
835.322998 1737 1753 1738 1749 1746 1731 1732 1739
835.343994 1733 1732 1741 1756 1738 1744 1737 1735
835.364014 1729 1735 1755 1752 1747 1753 1738 1709
835.383972 1728 1753 1727 1733 1740 1740 1734 1738
835.403992 1735 1740 1754 1754 1754 1728 1725 1759
835.424988 1740 1736 1749 1737 1756 1756 1723 1732
835.445007 1735 1731 1740 1750 1757 1744 1734 1731
835.465027 1743 1748 1751 1742 1753 1740 1759 1743
835.486023 1713 1757 1743 1757 1748 1739 1742 1715
835.505981 1741 1734 1738 1748 1759 1722 1753 1750
835.526001 1727 1740 1729 1739 1746 1734 1735 1759
835.546021 1740 1717 1755 1748 1754 1736 1728 1738
835.567017 1739 1760 1764 1742 1744 1740 1733 1727
835.586975 1740 1717 1749 1758 1746 1744 1722 1732
835.606995 1734 1731 1733 1754 1755 1743 1732 1746
835.627014 1739 1746 1745 1758 1746 1733 1735 1726
835.64801 1734 1750 1739 1757 1748 1745 1747 1726
835.66803 1728 1759 1764 1742 1722 1722 1727 1707
835.687988 1731 1741 1728 1759 1748 1736 1733 1725
835.708008 1724 1741 1742 1745 1768 1729 1735 1730
835.729004 1728 1733 1737 1747 1755 1735 1754 1731
835.749023 1722 1744 1748 1738 1736 1735 1734 1729
835.768982 1727 1734 1759 1737 1749 1720 1723 1720
835.789001 1734 1735 1739 1750 1771 1747 1741 1736
835.809998 1744 1736 1733 1743 1751 1721 1734 1734
835.830017 1730 1745 1754 1757 1772 1760 1737 1729
835.849976 1743 1744 1744 1746 1735 1756 1719 1721
835.869995 1733 1742 1784 1746 1762 1737 1746 1710
835.890991 1714 1731 1753 1755 1756 1731 1741 1745
835.911011 1741 1733 1751 1756 1743 1728 1747 1732
835.93103 1744 1753 1753 1748 1749 1742 1750 1725
835.950989 1745 1738 1754 1738 1749 1742 1747 1736
835.971985 1724 1738 1756 1748 1752 1747 1744 1747
835.992004 1730 1742 1760 1761 1751 1742 1746 1738
836.012024 1723 1737 1751 1758 1748 1753 1743 1739
836.031982 1742 1739 1744 1758 1767 1740 1747 1755
836.052002 1721 1752 1731 1752 1765 1758 1738 1740
836.072998 1742 1748 1750 1739 1763 1739 1748 1739
836.093018 1728 1747 1764 1754 1746 1747 1741 1742
836.112976 1732 1744 1755 1770 1742 1728 1737 1742
836.132996 1745 1753 1763 1762 1740 1747 1748 1743
836.153992 1737 1739 1747 1747 1756 1751 1735 1745
836.174011 1728 1745 1758 1741 1749 1751 1743 1742
836.19397 1722 1745 1768 1758 1756 1745 1741 1736
836.213989 1731 1719 1738 1749 1745 1740 1725 1725
836.234985 1723 1727 1749 1748 1741 1743 1743 1723
836.255005 1719 1749 1734 1748 1756 1728 1739 1728
836.275024 1751 1745 1743 1742 1740 1730 1725 1749
836.294983 1734 1758 1755 1762 1748 1752 1738 1727
836.315979 1732 1732 1739 1761 1741 1745 1726 1732
836.335999 1743 1741 1753 1760 1749 1745 1747 1748
836.356018 1726 1743 1748 1753 1737 1756 1728 1742
836.375977 1734 1728 1760 1740 1745 1741 1732 1730
836.395996 1711 1740 1726 1772 1750 1753 1753 1766
836.416992 1723 1720 1741 1738 1742 1738 1732 1739
836.437012 1732 1743 1738 1755 1762 1740 1725 1740
836.45697 1753 1727 1772 1730 1738 1740 1738 1739
836.47699 1738 1728 1757 1741 1740 1767 1740 1731
836.497986 1719 1738 1758 1750 1747 1723 1736 1730
836.518005 1754 1728 1755 1767 1766 1737 1750 1746
836.538025 1747 1749 1748 1748 1748 1751 1750 1724
836.557983 1741 1775 1763 1757 1753 1754 1726 1730
836.578979 1738 1740 1752 1763 1739 1754 1754 1734
836.598999 1739 1741 1762 1772 1758 1746 1744 1744
836.619019 1731 1744 1746 1759 1746 1741 1741 1737
836.638977 1742 1749 1749 1744 1752 1733 1726 1731
836.658997 1736 1747 1746 1764 1756 1742 1742 1737
836.679993 1729 1764 1741 1747 1739 1745 1728 1745
836.700012 1743 1759 1743 1752 1734 1737 1733 1748
836.719971 1726 1737 1747 1745 1757 1749 1728 1729
836.73999 1708 1740 1740 1769 1751 1747 1741 1751
836.760986 1715 1737 1747 1759 1748 1744 1733 1734
836.781006 1751 1741 1747 1755 1765 1753 1735 1735
836.801025 1750 1740 1751 1776 1740 1742 1749 1732
836.820984 1733 1766 1752 1765 1752 1740 1730 1738
836.841003 1737 1724 1755 1741 1748 1728 1746 1734
836.862 1738 1752 1744 1758 1778 1734 1737 1740
836.882019 1736 1735 1748 1746 1748 1750 1730 1742
836.901978 1737 1726 1746 1742 1766 1735 1742 1726
836.921997 1759 1746 1733 1752 1737 1748 1741 1752
836.942993 1726 1735 1746 1752 1744 1744 1725 1746
836.963013 1735 1744 1766 1758 1745 1753 1730 1738
836.982971 1756 1727 1755 1756 1755 1757 1744 1746
837.002991 1744 1729 1750 1762 1755 1765 1738 1766
837.02301 1747 1760 1750 1772 1764 1759 1756 1754
837.044006 1764 1761 1769 1774 1765 1753 1769 1749
837.064026 1773 1760 1767 1765 1773 1764 1743 1765
837.083984 1768 1772 1769 1771 1771 1787 1775 1758
837.104004 1761 1778 1768 1785 1764 1764 1781 1764
837.124023 1777 1768 1782 1789 1773 1769 1752 1764
837.14502 1758 1781 1778 1796 1766 1753 1756 1773
837.164978 1758 1769 1766 1779 1772 1770 1740 1767
837.184998 1772 1776 1784 1754 1759 1779 1772 1753
837.205017 1777 1781 1803 1776 1767 1770 1780 1789
837.224976 1767 1773 1772 1773 1780 1757 1766 1780
837.245972 1768 1772 1777 1773 1789 1793 1773 1766
837.265991 1771 1766 1779 1791 1769 1770 1762 1752
837.286011 1778 1785 1751 1779 1778 1777 1776 1748
837.30603 1771 1772 1755 1776 1791 1783 1759 1784
837.325989 1756 1774 1777 1769 1790 1773 1770 1773
837.346985 1758 1771 1802 1780 1769 1764 1773 1759
837.367004 1767 1761 1785 1789 1773 1782 1761 1780
837.387024 1780 1765 1796 1786 1771 1778 1761 1766
837.406982 1768 1758 1758 1778 1775 1782 1774 1780
837.427002 1766 1756 1769 1794 1760 1787 1757 1772
837.447998 1759 1784 1771 1769 1780 1793 1764 1783
837.468018 1770 1762 1785 1772 1769 1778 1754 1754
837.487976 1774 1767 1788 1781 1779 1784 1775 1752
837.507996 1783 1773 1790 1798 1777 1766 1760 1762
837.528992 1763 1787 1800 1781 1775 1790 1780 1772
837.549011 1776 1766 1783 1760 1807 1747 1782 1768
837.56897 1769 1779 1760 1788 1780 1767 1769 1794
837.588989 1769 1778 1784 1792 1769 1768 1786 1776
837.609009 1772 1778 1784 1786 1786 1773 1767 1750
837.629028 1764 1782 1788 1781 1774 1778 1774 1770
837.650024 1778 1783 1795 1782 1781 1765 1754 1778
837.669983 1783 1752 1780 1782 1787 1749 1789 1764
837.690002 1783 1755 1783 1798 1790 1774 1766 1777
837.710022 1784 1793 1799 1782 1787 1769 1785 1784
837.72998 1778 1784 1797 1796 1792 1788 1791 1765
837.750977 1781 1772 1767 1805 1775 1788 1785 1779
837.770996 1772 1784 1785 1792 1793 1797 1799 1769
837.791016 1783 1785 1774 1778 1766 1804 1787 1769
837.810974 1779 1785 1777 1784 1784 1805 1807 1767
837.830994 1776 1799 1805 1799 1803 1794 1779 1762
837.85199 1775 1771 1782 1769 1781 1797 1801 1768
837.872009 1781 1781 1812 1812 1786 1800 1774 1804
837.892029 1775 1796 1826 1788 1790 1783 1787 1784
837.911987 1798 1787 1783 1795 1795 1790 1781 1784
837.932007 1808 1782 1815 1798 1803 1789 1786 1776
837.953003 1817 1782 1795 1786 1789 1801 1802 1769
837.973022 1780 1795 1807 1801 1805 1783 1783 1776
837.992981 1774 1793 1772 1795 1798 1787 1783 1781
838.013 1787 1783 1790 1821 1806 1792 1788 1791
838.03302 1780 1787 1797 1809 1797 1784 1815 1775
838.052979 1793 1807 1801 1801 1811 1794 1793 1789
838.073975 1794 1783 1796 1778 1812 1801 1798 1807
838.093994 1791 1806 1812 1811 1804 1797 1811 1799
838.114014 1817 1808 1803 1811 1793 1800 1797 1786
838.133972 1795 1811 1797 1825 1815 1801 1791 1809
838.153992 1806 1807 1803 1829 1812 1806 1813 1792
838.174011 1799 1808 1811 1799 1811 1807 1796 1803
838.195007 1807 1809 1804 1816 1810 1821 1792 1793
838.215027 1798 1810 1818 1807 1802 1812 1833 1810
838.234985 1806 1800 1812 1805 1813 1815 1809 1813
838.255005 1786 1816 1817 1818 1802 1814 1815 1800
838.275024 1797 1811 1817 1841 1818 1799 1797 1805
838.296021 1823 1823 1815 1828 1810 1802 1815 1808
838.315979 1812 1802 1824 1820 1799 1836 1795 1822
838.335999 1829 1824 1823 1824 1826 1816 1789 1794
838.356018 1803 1793 1818 1826 1789 1822 1810 1807
838.375977 1797 1818 1819 1802 1809 1811 1808 1806
838.395996 1787 1813 1819 1798 1804 1815 1814 1789
838.416992 1807 1785 1815 1815 1793 1810 1795 1812
838.437012 1796 1784 1810 1806 1799 1811 1798 1827
838.45697 1812 1789 1795 1804 1796 1812 1815 1810
838.47699 1830 1806 1813 1815 1826 1816 1814 1796
838.497009 1794 1812 1816 1817 1820 1825 1821 1787
838.517029 1806 1835 1805 1822 1832 1813 1834 1814
838.538025 1809 1804 1807 1827 1825 1797 1800 1806
838.557983 1799 1813 1812 1840 1823 1834 1819 1809
838.578003 1839 1832 1820 1810 1826 1805 1797 1821
838.598022 1797 1818 1804 1813 1813 1824 1806 1800
838.617981 1801 1817 1826 1831 1832 1817 1824 1798
838.638 1823 1824 1821 1821 1827 1818 1813 1806
838.658997 1812 1819 1811 1822 1835 1824 1808 1831
838.679016 1808 1814 1825 1855 1838 1813 1838 1816
838.698975 1803 1813 1818 1834 1849 1821 1821 1804
838.718994 1832 1843 1847 1831 1821 1829 1831 1817
838.739014 1796 1817 1823 1853 1846 1831 1829 1829
838.758972 1815 1832 1829 1861 1840 1812 1824 1824
838.780029 1829 1840 1843 1850 1847 1822 1821 1820
838.799988 1841 1833 1815 1845 1857 1863 1839 1819
838.820007 1822 1845 1826 1853 1858 1843 1832 1831
838.840027 1824 1819 1842 1842 1841 1841 1844 1835
838.859985 1817 1832 1862 1849 1828 1845 1821 1835
838.880005 1839 1857 1864 1857 1861 1838 1839 1834
838.901001 1841 1851 1830 1867 1865 1845 1850 1825
838.921021 1834 1829 1869 1869 1883 1865 1832 1836
838.940979 1853 1840 1842 1859 1865 1845 1836 1869
838.960999 1847 1849 1844 1868 1852 1870 1861 1832
838.981018 1834 1854 1849 1856 1872 1877 1844 1830
839.000977 1850 1852 1864 1857 1879 1863 1857 1843
839.020996 1831 1843 1859 1893 1868 1870 1847 1851
839.041992 1848 1849 1852 1878 1848 1889 1868 1844
839.062012 1863 1853 1870 1883 1867 1878 1854 1855
839.08197 1852 1846 1861 1920 1889 1886 1868 1865
839.10199 1872 1865 1871 1879 1887 1886 1878 1849
839.122009 1849 1865 1857 1888 1876 1875 1876 1868
839.142029 1853 1859 1891 1881 1892 1885 1855 1853
839.161987 1857 1857 1859 1880 1894 1880 1859 1871
839.182983 1868 1867 1869 1888 1901 1856 1869 1853
839.203003 1872 1874 1877 1910 1891 1885 1862 1884
839.223022 1864 1851 1867 1869 1900 1873 1870 1859
839.242981 1865 1876 1880 1875 1887 1904 1858 1863
839.263 1876 1874 1861 1901 1899 1907 1866 1854
839.28302 1879 1862 1895 1905 1900 1904 1905 1856
839.304016 1861 1843 1895 1904 1884 1889 1897 1884
839.323975 1871 1908 1891 1907 1884 1890 1884 1879
839.343994 1874 1889 1885 1920 1933 1904 1889 1891
839.364014 1867 1897 1880 1888 1949 1907 1889 1885
839.383972 1875 1873 1880 1903 1917 1910 1889 1869
839.403992 1867 1896 1902 1912 1911 1923 1886 1866
839.424011 1876 1879 1895 1912 1919 1919 1872 1854
839.445007 1916 1876 1894 1911 1907 1904 1873 1891
839.465027 1872 1883 1874 1921 1907 1904 1899 1872
839.484985 1885 1864 1904 1924 1909 1915 1889 1901
839.505005 1892 1883 1901 1956 1913 1913 1899 1886
839.525024 1894 1900 1894 1913 1920 1920 1909 1895
839.544983 1899 1887 1916 1923 1932 1914 1903 1877
839.565002 1902 1887 1904 1915 1922 1912 1914 1895
839.585999 1885 1902 1903 1930 1912 1909 1903 1903
839.606018 1916 1911 1914 1922 1952 1935 1891 1891
839.625977 1899 1908 1921 1937 1931 1922 1938 1893
839.645996 1894 1923 1914 1908 1943 1933 1914 1920
839.666016 1916 1926 1910 1942 1915 1919 1922 1904
839.685974 1912 1950 1930 1943 1944 1947 1916 1928
839.705994 1934 1932 1922 1926 1944 1930 1943 1923
839.726013 1938 1911 1924 1951 1964 1945 1908 1911
839.747009 1944 1914 1947 1946 1966 1932 1913 1912
839.767029 1923 1916 1940 1947 1960 1955 1941 1929
839.786987 1942 1920 1953 1946 1959 1938 1925 1923
839.807007 1941 1916 1970 1953 1975 1917 1952 1916
839.827026 1912 1964 1972 1954 1947 1967 1971 1941
839.846985 1942 1930 1953 1967 1957 2007 1958 1928
839.867004 1931 1937 1951 1973 1975 1980 1933 1926
839.887024 1953 1938 1957 1960 1974 1969 1971 1934
839.90802 1951 1951 1939 1980 1968 1995 1966 1952
839.927979 1961 1944 1959 1993 1986 1996 1982 1952
839.947998 1954 1948 1959 1978 1996 1997 1988 1984
839.968018 1965 1980 1952 1991 2007 1998 1980 1961
839.987976 1950 1986 1974 1999 1999 1992 1981 1978
840.007996 1956 1982 2013 2018 2001 2007 1978 1994
840.028015 1993 1964 1997 1992 1996 1973 1999 2000
840.047974 1974 2007 1991 2002 2018 2018 2013 1963
840.06897 1976 1997 2025 2007 2010 2028 2020 1997
840.088989 2003 1994 2018 2021 2021 2019 2019 1991
840.109009 1984 1983 1995 2058 2036 2014 1988 1998
840.129028 1975 1985 2003 2036 2062 2031 2024 2012
840.148987 2007 2002 2015 2055 2043 2054 2035 1999
840.169006 2013 2020 2039 2060 2032 2052 2037 2008
840.189026 1997 2013 2014 2030 2064 2040 2014 2005
840.208984 2021 1997 2017 2068 2045 2059 2022 2023
840.22998 1999 1993 2009 2040 2047 2060 2017 2037
840.25 1990 2040 1998 2038 2053 2034 2051 1988
840.27002 2010 2032 1999 2051 2045 2034 2028 2018
840.289978 1995 2019 2066 2041 2044 2044 2026 2002
840.309998 2015 1989 2031 2044 2035 2045 2026 2001
840.330017 2035 2009 2034 2037 2053 2053 2039 2005
840.349976 2027 2018 2031 2035 2037 2024 2034 2020
840.369995 1996 2019 2033 2059 2044 2030 2030 1999
840.390015 2006 2009 2048 2050 2081 2044 2025 2019
840.411011 2048 2029 2013 2023 2057 2050 2032 2045
840.43103 2049 1996 2027 2042 2038 2057 2036 2019
840.450989 2002 2012 2023 2031 2054 2009 2026 2014
840.471008 2012 2021 2049 2005 2044 2023 2005 1991
840.491028 1979 1987 2025 2035 2052 2003 2000 1983
840.510986 1975 2021 2000 2014 2019 2040 2001 2009
840.531006 1984 1980 1995 1997 2004 2033 2021 1984
840.551025 1981 1983 1992 2005 2026 2002 1999 1978
840.570984 1990 1997 1997 2007 2021 1999 1995 1961
840.59198 1978 1961 2018 1975 2005 2006 1990 1993
840.612 1968 1975 1979 1978 2000 1975 1992 1955
840.632019 1970 1963 1973 1992 1989 1963 1999 1940
840.651978 1960 1960 1970 1984 1966 1957 1972 1962
840.671997 1967 1949 1952 2009 1958 1949 1943 1960
840.692017 1925 1957 1950 1963 1964 1970 1943 1935
840.711975 1932 1906 1943 1944 1944 1947 1959 1938
840.731995 1935 1922 1925 1934 1946 1935 1948 1941
840.752014 1924 1923 1929 1948 1943 1922 1937 1919
840.771973 1926 1919 1912 1935 1951 1927 1926 1897
840.79303 1921 1905 1915 1904 1915 1914 1903 1889
840.812988 1883 1908 1899 1922 1909 1939 1919 1908
840.833008 1905 1913 1925 1908 1900 1916 1896 1907
840.853027 1901 1909 1900 1919 1900 1897 1885 1896
840.872986 1879 1902 1881 1892 1912 1898 1895 1908
840.893005 1852 1881 1880 1900 1899 1898 1868 1883
840.913025 1877 1867 1883 1868 1894 1886 1865 1856
840.932983 1863 1874 1854 1878 1881 1882 1879 1882
840.953003 1872 1856 1847 1835 1890 1888 1873 1868
840.973022 1862 1864 1865 1872 1855 1868 1846 1860
840.994019 1856 1852 1837 1849 1843 1850 1858 1843
841.013977 1829 1841 1859 1871 1867 1862 1850 1828
841.033997 1857 1835 1830 1838 1862 1834 1833 1840
841.054016 1845 1829 1856 1843 1821 1833 1816 1841
841.073975 1815 1838 1836 1861 1834 1823 1835 1828
841.093994 1804 1834 1834 1826 1811 1822 1809 1813
841.114014 1830 1832 1814 1841 1825 1843 1834 1826
841.133972 1829 1831 1832 1849 1813 1824 1812 1844
841.153992 1828 1805 1803 1827 1853 1832 1836 1800
841.174011 1816 1821 1812 1814 1812 1826 1823 1830
841.19397 1798 1812 1814 1815 1822 1815 1818 1803
841.215027 1815 1819 1799 1815 1823 1817 1800 1810
841.234985 1790 1819 1810 1835 1802 1821 1813 1810
841.255005 1794 1797 1814 1798 1810 1801 1805 1808
841.275024 1794 1808 1793 1802 1809 1803 1782 1803
841.294983 1799 1796 1797 1789 1805 1801 1795 1798
841.315002 1804 1782 1792 1805 1810 1804 1789 1792
841.335022 1796 1796 1786 1805 1810 1808 1800 1797
841.35498 1775 1801 1791 1821 1765 1816 1794 1797
841.375 1786 1813 1800 1815 1803 1796 1795 1775
841.39502 1794 1809 1773 1786 1800 1823 1800 1796
841.414978 1788 1790 1805 1799 1795 1791 1802 1788
841.434998 1778 1777 1788 1773 1795 1782 1794 1801
841.455994 1770 1792 1796 1804 1794 1794 1786 1774
841.476013 1787 1799 1810 1797 1812 1795 1805 1766
841.495972 1780 1801 1816 1791 1804 1794 1788 1787
841.515991 1791 1782 1783 1792 1791 1797 1786 1795
841.536011 1792 1791 1779 1797 1774 1794 1802 1793
841.55603 1786 1804 1789 1783 1787 1817 1805 1786
841.575989 1786 1808 1807 1795 1798 1788 1784 1770
841.596008 1794 1799 1807 1799 1803 1784 1802 1794
841.616028 1781 1786 1790 1798 1783 1782 1797 1794
841.635986 1772 1788 1798 1783 1782 1789 1788 1765
841.656006 1800 1787 1800 1803 1799 1763 1795 1769
841.676025 1785 1798 1783 1793 1777 1787 1782 1766
841.695984 1782 1789 1794 1797 1799 1788 1784 1765
841.716003 1783 1771 1779 1787 1791 1795 1789 1800
841.737 1783 1788 1795 1783 1775 1787 1767 1791
841.757019 1790 1787 1773 1785 1796 1784 1775 1794
841.776978 1777 1785 1791 1783 1808 1783 1761 1771
841.796997 1768 1799 1801 1799 1770 1804 1785 1788
841.817017 1778 1778 1787 1781 1791 1780 1773 1760
841.836975 1774 1774 1781 1778 1785 1788 1775 1769
841.856995 1765 1772 1791 1786 1771 1785 1760 1770
841.877014 1786 1794 1776 1783 1796 1768 1770 1785
841.896973 1789 1767 1787 1774 1761 1779 1778 1776
841.916992 1764 1788 1795 1780 1775 1783 1771 1773
841.937012 1770 1768 1794 1782 1766 1763 1782 1782
841.95697 1761 1787 1796 1768 1778 1768 1756 1778
841.97699 1777 1766 1794 1784 1783 1783 1776 1775
841.997009 1781 1774 1790 1773 1783 1791 1754 1793
842.018005 1766 1764 1800 1794 1761 1788 1764 1780
842.038025 1755 1774 1785 1776 1784 1774 1779 1782
842.057983 1758 1786 1789 1748 1761 1768 1781 1776
842.078003 1761 1766 1783 1783 1775 1774 1759 1751
842.098022 1769 1785 1794 1778 1779 1775 1761 1794
842.117981 1762 1779 1784 1783 1786 1790 1779 1763
842.138 1757 1761 1766 1778 1764 1750 1744 1762
842.15802 1775 1749 1779 1792 1763 1750 1763 1782
842.177979 1757 1771 1762 1755 1783 1773 1761 1755
842.197998 1754 1765 1780 1766 1777 1753 1762 1781
842.218018 1760 1776 1764 1777 1798 1757 1769 1742
842.237976 1757 1782 1782 1774 1777 1757 1765 1785
842.257996 1754 1759 1776 1762 1769 1742 1756 1762
842.278015 1763 1772 1747 1741 1774 1762 1765 1747
842.297974 1740 1768 1769 1753 1767 1762 1745 1759
842.317993 1757 1771 1776 1784 1763 1767 1762 1755
842.338013 1772 1757 1766 1782 1774 1752 1763 1764
842.357971 1761 1755 1771 1776 1774 1775 1781 1751
842.379028 1762 1761 1777 1775 1765 1769 1751 1753
842.398987 1762 1761 1745 1772 1792 1763 1791 1772
842.419006 1758 1772 1764 1761 1752 1758 1761 1762
842.439026 1769 1772 1760 1775 1754 1777 1752 1773
842.458984 1754 1767 1766 1774 1753 1758 1732 1754
842.479004 1763 1767 1770 1765 1776 1781 1767 1763
842.499023 1755 1772 1757 1762 1766 1784 1759 1736
842.518982 1750 1755 1769 1772 1754 1762 1752 1758
842.539001 1748 1772 1756 1773 1773 1763 1767 1768
842.559021 1756 1768 1779 1762 1756 1783 1755 1760
842.578979 1763 1763 1787 1773 1777 1742 1761 1755
842.598999 1734 1756 1772 1759 1760 1758 1753 1776
842.619019 1747 1772 1774 1789 1770 1787 1756 1769
842.638977 1763 1781 1772 1781 1764 1770 1764 1771
842.658997 1754 1759 1770 1778 1774 1777 1760 1756
842.679016 1770 1768 1771 1764 1784 1774 1760 1776
842.698975 1758 1768 1754 1776 1764 1777 1773 1752
842.718994 1762 1784 1766 1776 1777 1775 1770 1747
842.739014 1773 1755 1776 1793 1783 1766 1761 1766
842.758972 1768 1777 1796 1772 1771 1773 1790 1764
842.778992 1785 1767 1785 1790 1773 1788 1773 1751
842.799011 1773 1786 1775 1767 1796 1789 1772 1761
842.820007 1755 1770 1774 1780 1798 1780 1762 1763
842.840027 1781 1769 1793 1772 1780 1768 1772 1757
842.859985 1768 1767 1790 1778 1789 1778 1769 1763
842.880005 1766 1765 1771 1790 1769 1769 1775 1774
842.900024 1758 1776 1767 1784 1774 1777 1771 1768
842.919983 1769 1757 1787 1765 1786 1792 1772 1772
842.940002 1769 1762 1787 1778 1801 1773 1761 1763
842.960022 1772 1780 1756 1787 1782 1775 1764 1771
842.97998 1774 1787 1769 1784 1779 1778 1754 1771
843 1771 1794 1757 1762 1765 1777 1777 1767
843.02002 1779 1771 1796 1763 1762 1772 1766 1768
843.039978 1771 1754 1775 1779 1786 1769 1757 1757
843.059998 1768 1766 1783 1792 1783 1780 1774 1780
843.080017 1769 1762 1780 1774 1773 1774 1782 1770
843.099976 1762 1785 1766 1793 1766 1770 1787 1754
843.119995 1758 1769 1778 1765 1776 1789 1780 1758
843.140015 1774 1758 1785 1778 1774 1778 1750 1732
843.159973 1756 1761 1771 1783 1758 1766 1758 1772
843.179993 1771 1769 1787 1786 1787 1769 1767 1774
843.200012 1770 1766 1779 1781 1790 1767 1760 1761
843.219971 1782 1771 1771 1747 1768 1764 1759 1766
843.23999 1772 1780 1767 1783 1768 1764 1766 1774
843.26001 1756 1759 1777 1762 1777 1753 1767 1761
843.280029 1776 1760 1769 1797 1761 1745 1740 1751
843.299988 1766 1767 1746 1774 1765 1778 1769 1756
843.320007 1777 1768 1788 1776 1765 1755 1768 1765
843.340027 1770 1772 1750 1780 1768 1761 1750 1772
843.359985 1773 1773 1783 1787 1781 1782 1772 1773
843.380005 1765 1766 1767 1786 1772 1757 1766 1781
843.400024 1769 1761 1746 1772 1770 1770 1770 1763
843.419983 1772 1780 1773 1765 1762 1777 1770 1771
843.440002 1768 1772 1789 1764 1767 1777 1766 1766
843.460022 1766 1770 1770 1774 1769 1790 1773 1767
843.47998 1760 1766 1774 1767 1771 1770 1784 1764
843.5 1753 1761 1766 1779 1768 1789 1757 1769
843.52002 1754 1754 1784 1761 1774 1756 1751 1751
843.539978 1777 1774 1776 1771 1766 1754 1774 1769
843.559998 1772 1753 1775 1791 1777 1759 1752 1770
843.580994 1767 1768 1775 1769 1771 1790 1764 1730
843.601013 1768 1762 1762 1761 1786 1768 1757 1765
843.620972 1761 1765 1766 1774 1778 1786 1773 1770
843.640991 1748 1764 1772 1777 1771 1769 1796 1765
843.661011 1763 1768 1772 1763 1795 1766 1735 1773
843.68103 1774 1768 1775 1798 1748 1776 1754 1769
843.700989 1779 1762 1759 1773 1780 1760 1784 1772
843.721008 1747 1769 1766 1760 1763 1768 1771 1763
843.741028 1753 1772 1781 1772 1791 1761 1761 1772
843.760986 1762 1760 1771 1769 1786 1783 1761 1777
843.781006 1750 1774 1770 1760 1773 1771 1770 1749
843.801025 1756 1759 1766 1751 1762 1761 1767 1762
843.820984 1755 1759 1770 1767 1768 1750 1754 1783
843.841003 1747 1759 1769 1777 1776 1777 1762 1769
843.861023 1755 1776 1788 1771 1774 1757 1760 1761
843.880981 1760 1773 1757 1763 1789 1768 1783 1749
843.901001 1748 1765 1773 1766 1781 1773 1771 1752
843.921021 1760 1778 1769 1766 1800 1766 1741 1784
843.940979 1750 1762 1771 1758 1770 1770 1740 1768
843.960999 1766 1760 1775 1761 1768 1771 1772 1759
843.981018 1758 1762 1793 1776 1757 1759 1765 1759
844.000977 1771 1772 1772 1763 1765 1765 1758 1768
844.020996 1750 1792 1761 1791 1790 1769 1754 1773
844.041016 1769 1753 1762 1773 1779 1757 1753 1771
844.060974 1757 1765 1778 1768 1776 1747 1774 1764
844.080994 1756 1751 1771 1767 1775 1770 1749 1780
844.101013 1772 1764 1758 1752 1757 1764 1757 1761
844.120972 1750 1773 1784 1753 1779 1767 1772 1757
844.140991 1783 1773 1765 1790 1776 1756 1772 1755
844.161011 1760 1763 1777 1780 1770 1776 1791 1759
844.18103 1756 1754 1773 1769 1787 1769 1764 1773
844.200989 1771 1773 1775 1776 1753 1778 1774 1775
844.221008 1768 1765 1784 1756 1755 1767 1771 1762
844.241028 1748 1773 1781 1770 1761 1766 1764 1775
844.260986 1776 1755 1757 1796 1766 1765 1773 1751
844.281006 1780 1765 1778 1770 1785 1748 1756 1758
844.301025 1750 1779 1757 1759 1758 1785 1751 1781
844.320984 1753 1781 1768 1774 1758 1772 1756 1758
844.341003 1762 1768 1777 1771 1783 1751 1763 1750
844.361023 1758 1763 1766 1771 1764 1778 1759 1768
844.380981 1750 1760 1746 1762 1774 1761 1787 1758
844.401001 1756 1771 1750 1776 1755 1760 1743 1761
844.421021 1752 1750 1776 1756 1772 1773 1752 1747
844.440979 1743 1748 1770 1758 1783 1761 1754 1776
844.460999 1757 1776 1752 1768 1748 1763 1755 1767
844.481018 1740 1774 1782 1770 1774 1762 1756 1754
844.500977 1745 1753 1792 1783 1769 1771 1757 1757
844.520996 1753 1776 1751 1758 1738 1754 1770 1740
844.541016 1744 1766 1772 1757 1749 1764 1754 1754
844.559998 1744 1760 1759 1759 1746 1758 1743 1747
844.580017 1752 1763 1759 1771 1752 1763 1757 1786
844.599976 1766 1780 1771 1761 1774 1773 1758 1750
844.619995 1768 1771 1750 1755 1763 1763 1756 1741
844.640015 1770 1749 1775 1770 1766 1745 1769 1752
844.659973 1763 1739 1789 1772 1772 1753 1763 1759
844.679993 1762 1749 1749 1762 1755 1750 1754 1745
844.700012 1754 1759 1778 1752 1758 1771 1748 1757
844.719971 1747 1762 1777 1744 1748 1758 1755 1738
844.73999 1728 1763 1752 1749 1766 1767 1738 1760
844.76001 1774 1754 1758 1771 1765 1739 1762 1743
844.780029 1763 1761 1756 1758 1781 1739 1750 1731
844.799988 1760 1759 1764 1749 1755 1769 1759 1755
844.820007 1743 1771 1759 1760 1762 1767 1758 1751
844.840027 1762 1760 1757 1757 1757 1742 1765 1765
844.859985 1763 1764 1765 1776 1766 1760 1740 1758
844.880005 1768 1762 1767 1749 1761 1758 1754 1743
844.900024 1766 1771 1762 1770 1754 1755 1747 1757
844.919983 1763 1781 1756 1757 1765 1748 1771 1744
844.940002 1743 1744 1754 1761 1750 1768 1762 1741
844.960022 1757 1742 1764 1759 1753 1761 1742 1758
844.97998 1759 1761 1758 1772 1722 1755 1747 1769
845 1763 1756 1763 1764 1761 1767 1759 1747
845.02002 1748 1752 1766 1778 1767 1741 1758 1759
845.039978 1748 1754 1761 1769 1764 1751 1753 1748
845.059998 1761 1743 1753 1756 1773 1754 1769 1746
845.080017 1768 1773 1783 1760 1766 1766 1766 1761
845.099976 1745 1765 1780 1772 1767 1742 1766 1770
845.119995 1756 1751 1774 1772 1770 1747 1747 1758
845.140015 1746 1772 1760 1760 1747 1756 1768 1770
845.159973 1740 1755 1747 1768 1752 1746 1750 1744
845.179993 1767 1759 1772 1768 1758 1774 1755 1757
845.200012 1763 1753 1761 1758 1765 1764 1769 1758
845.219971 1754 1772 1773 1768 1752 1760 1761 1764
845.23999 1768 1747 1776 1764 1767 1771 1771 1744
845.26001 1746 1779 1769 1772 1756 1745 1744 1749
845.280029 1751 1767 1767 1754 1759 1753 1767 1763
845.299011 1780 1750 1748 1775 1761 1754 1758 1750
845.31897 1753 1781 1757 1755 1772 1786 1746 1745
845.338989 1744 1770 1776 1765 1756 1767 1755 1755
845.359009 1784 1766 1773 1778 1773 1750 1771 1777
845.379028 1760 1768 1780 1782 1757 1775 1767 1761
845.398987 1757 1775 1792 1770 1751 1746 1755 1756
845.419006 1759 1762 1762 1766 1793 1748 1786 1769
845.439026 1756 1753 1775 1762 1791 1770 1768 1765
845.458984 1763 1756 1784 1771 1752 1765 1765 1779
845.479004 1775 1762 1764 1767 1771 1778 1760 1751
845.499023 1747 1786 1774 1773 1737 1778 1767 1768
845.518982 1754 1770 1762 1799 1781 1765 1772 1768
845.539001 1779 1784 1791 1774 1752 1764 1773 1763
845.559021 1769 1787 1786 1782 1760 1760 1771 1763
845.578979 1785 1800 1794 1787 1769 1772 1777 1774
845.598999 1776 1779 1773 1796 1777 1764 1774 1782
845.619019 1780 1780 1771 1791 1782 1790 1761 1783
845.638977 1783 1769 1789 1774 1766 1781 1776 1783
845.658997 1773 1799 1777 1787 1774 1789 1786 1779
845.679016 1780 1782 1758 1776 1761 1767 1774 1767
845.698975 1792 1780 1779 1775 1786 1792 1782 1769
845.718994 1772 1785 1799 1785 1786 1792 1779 1786
845.737976 1772 1798 1783 1778 1786 1788 1765 1776
845.757996 1772 1778 1803 1794 1773 1799 1781 1769
845.778015 1778 1785 1789 1787 1756 1771 1782 1773
845.797974 1782 1789 1783 1794 1771 1786 1798 1782
845.817993 1784 1783 1787 1776 1776 1783 1766 1774
845.838013 1774 1775 1797 1786 1775 1771 1787 1767
845.857971 1755 1791 1778 1781 1786 1783 1776 1779
845.877991 1795 1772 1778 1775 1791 1796 1773 1793
845.89801 1796 1791 1787 1775 1779 1783 1771 1763
845.91803 1789 1791 1779 1793 1780 1767 1780 1787
845.937988 1784 1788 1790 1775 1780 1779 1778 1784
845.958008 1778 1783 1795 1796 1774 1765 1784 1786
845.978027 1784 1778 1777 1805 1770 1775 1789 1776
845.997986 1787 1791 1790 1780 1782 1787 1774 1787
846.018005 1796 1804 1787 1793 1787 1788 1770 1777
846.038025 1785 1775 1796 1776 1776 1781 1789 1798
846.057983 1781 1792 1793 1756 1776 1789 1764 1781
846.078003 1775 1773 1793 1780 1780 1783 1772 1768
846.096985 1780 1783 1792 1773 1787 1798 1787 1775
846.117004 1767 1770 1779 1789 1794 1788 1773 1815
846.137024 1777 1784 1784 1783 1798 1784 1770 1785
846.156982 1769 1769 1781 1796 1778 1758 1797 1792
846.177002 1790 1767 1789 1782 1778 1793 1785 1779
846.197021 1751 1779 1773 1801 1786 1783 1766 1771
846.21698 1766 1808 1781 1816 1777 1784 1788 1785
846.237 1778 1784 1782 1782 1783 1772 1787 1795
846.257019 1773 1802 1777 1782 1783 1792 1766 1779
846.276978 1784 1775 1780 1786 1792 1777 1772 1774
846.296997 1769 1762 1773 1794 1816 1789 1767 1765
846.317017 1791 1768 1786 1781 1782 1792 1779 1766
846.336975 1775 1791 1787 1790 1774 1779 1784 1784
846.356995 1788 1792 1787 1774 1793 1770 1778 1797
846.377014 1775 1785 1769 1790 1793 1768 1778 1779
846.395996 1780 1773 1787 1785 1786 1796 1793 1788
846.416016 1800 1784 1789 1790 1801 1780 1748 1779
846.435974 1797 1788 1763 1790 1796 1792 1800 1774
846.455994 1775 1795 1780 1772 1791 1792 1772 1788
846.476013 1800 1786 1790 1781 1775 1796 1781 1767
846.495972 1784 1790 1798 1780 1783 1787 1785 1788
846.515991 1792 1780 1783 1797 1783 1788 1799 1783
846.536011 1783 1786 1797 1784 1795 1784 1784 1786
846.55603 1784 1795 1794 1780 1804 1795 1786 1780
846.575989 1774 1796 1797 1780 1781 1781 1780 1789
846.596008 1758 1792 1779 1794 1796 1777 1766 1777
846.616028 1772 1793 1804 1771 1781 1776 1777 1769
846.63501 1768 1781 1779 1786 1774 1781 1770 1768
846.655029 1780 1770 1782 1789 1777 1773 1764 1766
846.674988 1774 1762 1772 1778 1790 1776 1772 1792
846.695007 1775 1776 1780 1775 1780 1758 1779 1785
846.715027 1789 1768 1784 1770 1782 1768 1785 1772
846.734985 1786 1807 1765 1767 1780 1753 1770 1765
846.755005 1772 1778 1765 1781 1770 1778 1783 1787
846.775024 1787 1780 1764 1774 1772 1769 1769 1776
846.794983 1768 1778 1779 1768 1761 1787 1766 1776
846.815002 1777 1778 1797 1781 1756 1785 1771 1756
846.835022 1771 1792 1787 1778 1783 1777 1760 1794
846.85498 1788 1785 1790 1796 1786 1783 1777 1763
846.875 1764 1781 1786 1772 1773 1778 1782 1776
846.893982 1784 1801 1787 1772 1779 1778 1781 1792
846.914001 1772 1784 1808 1784 1776 1781 1797 1793
846.934021 1783 1795 1795 1780 1786 1784 1783 1780
846.953979 1807 1772 1803 1774 1778 1768 1780 1777
846.973999 1778 1790 1789 1789 1766 1772 1790 1784
846.994019 1784 1772 1778 1791 1784 1779 1768 1787
847.013977 1789 1790 1802 1801 1776 1773 1788 1773
847.033997 1778 1776 1775 1790 1755 1792 1790 1790
847.054016 1782 1770 1778 1771 1762 1801 1785 1774
847.073975 1781 1770 1781 1777 1770 1786 1772 1769
847.093994 1786 1781 1785 1785 1765 1776 1772 1775
847.112976 1775 1784 1784 1794 1784 1782 1762 1776
847.132996 1788 1768 1775 1792 1779 1793 1784 1800
847.153015 1769 1800 1788 1769 1782 1795 1778 1773
847.172974 1794 1774 1768 1797 1799 1783 1778 1790
847.192993 1779 1798 1771 1783 1789 1788 1801 1781
847.213013 1801 1775 1792 1810 1776 1773 1792 1790
847.232971 1781 1774 1781 1784 1777 1786 1773 1778
847.252991 1772 1815 1767 1790 1774 1774 1797 1780
847.27301 1786 1788 1794 1797 1793 1777 1798 1792
847.29303 1781 1798 1793 1800 1785 1769 1804 1777
847.312012 1782 1774 1804 1781 1797 1769 1770 1766
847.33197 1782 1772 1787 1786 1788 1768 1783 1786
847.35199 1793 1800 1789 1779 1790 1775 1789 1767
847.372009 1787 1780 1793 1781 1795 1760 1771 1794
847.392029 1785 1807 1771 1777 1778 1782 1800 1779
847.411987 1775 1783 1788 1766 1782 1781 1785 1783
847.432007 1780 1792 1764 1788 1773 1769 1774 1779
847.452026 1773 1779 1772 1784 1784 1758 1773 1774
847.471985 1778 1781 1785 1781 1772 1800 1765 1792
847.492004 1785 1785 1775 1779 1770 1782 1762 1769
847.510986 1791 1770 1767 1782 1762 1787 1795 1760
847.531006 1768 1758 1764 1779 1764 1783 1771 1779
847.551025 1758 1776 1782 1770 1766 1781 1767 1759
847.570984 1780 1771 1782 1787 1775 1780 1759 1770
847.591003 1765 1770 1761 1770 1771 1763 1768 1769
847.611023 1776 1747 1769 1769 1775 1792 1779 1775
847.630981 1773 1768 1770 1784 1774 1775 1758 1769
847.651001 1776 1779 1774 1771 1769 1771 1771 1771
847.669983 1783 1761 1796 1778 1764 1783 1785 1784
847.690002 1781 1786 1779 1770 1784 1773 1774 1776
847.710022 1769 1782 1785 1759 1773 1762 1773 1788
847.72998 1788 1781 1769 1786 1762 1793 1784 1775
847.75 1787 1773 1778 1774 1779 1784 1767 1785
847.77002 1762 1773 1772 1767 1766 1790 1785 1779
847.789978 1771 1785 1779 1772 1784 1773 1783 1794
847.809998 1779 1790 1794 1765 1783 1788 1786 1806
847.830017 1779 1802 1761 1765 1760 1770 1793 1793
847.848999 1779 1793 1786 1777 1771 1771 1779 1783
847.869019 1786 1790 1781 1767 1777 1772 1791 1790
847.888977 1787 1797 1791 1778 1773 1786 1807 1792
847.908997 1798 1791 1772 1789 1792 1764 1786 1786
847.929016 1780 1790 1784 1797 1783 1766 1762 1791
847.948975 1800 1791 1777 1770 1781 1788 1788 1764
847.968994 1780 1786 1775 1772 1806 1775 1752 1794
847.989014 1787 1776 1774 1787 1774 1771 1774 1784
848.007996 1784 1787 1804 1770 1791 1784 1794 1778
848.028015 1804 1790 1775 1788 1778 1782 1798 1782
848.047974 1784 1790 1805 1788 1775 1794 1772 1792
848.067993 1780 1803 1799 1811 1798 1776 1789 1790
848.088013 1794 1791 1793 1764 1797 1792 1805 1781
848.107971 1796 1784 1807 1805 1773 1792 1780 1782
848.127991 1782 1803 1777 1788 1791 1789 1771 1794
848.14801 1779 1790 1802 1806 1762 1776 1785 1794
848.166992 1795 1800 1802 1786 1780 1803 1801 1803
848.187012 1781 1789 1805 1796 1784 1793 1765 1787
848.20697 1803 1815 1812 1777 1794 1812 1795 1809
848.22699 1810 1810 1785 1780 1796 1771 1780 1782
848.247009 1800 1786 1795 1782 1796 1798 1788 1794
848.267029 1792 1788 1800 1792 1803 1792 1777 1801
848.286987 1787 1807 1811 1806 1804 1787 1786 1804
848.307007 1785 1807 1794 1806 1786 1797 1786 1791
848.325989 1815 1794 1784 1804 1815 1805 1796 1792
848.346008 1792 1795 1804 1813 1787 1798 1789 1794
848.366028 1799 1807 1795 1799 1788 1786 1781 1807
848.385986 1808 1768 1787 1801 1798 1796 1811 1801
848.406006 1802 1787 1797 1793 1773 1797 1791 1800
848.426025 1818 1822 1789 1797 1795 1804 1787 1802
848.445984 1798 1818 1800 1803 1805 1791 1796 1800
848.466003 1804 1807 1810 1825 1799 1798 1807 1808
848.484985 1798 1806 1825 1805 1815 1798 1795 1805
848.505005 1771 1809 1810 1809 1818 1798 1793 1773
848.525024 1820 1805 1787 1806 1796 1793 1799 1797
848.544983 1799 1826 1787 1807 1802 1800 1780 1801
848.565002 1791 1815 1824 1794 1806 1785 1803 1795
848.585022 1807 1789 1809 1805 1808 1817 1787 1798
848.604004 1804 1809 1817 1791 1811 1803 1804 1812
848.624023 1803 1809 1795 1804 1792 1785 1804 1800
848.643982 1793 1803 1805 1811 1792 1797 1793 1793
848.664001 1798 1802 1801 1798 1807 1795 1782 1782
848.684021 1796 1811 1781 1804 1804 1791 1810 1799
848.703979 1806 1795 1800 1803 1803 1790 1792 1798
848.723999 1803 1816 1813 1790 1801 1792 1799 1797
848.742981 1797 1815 1799 1809 1802 1790 1803 1787
848.763 1807 1789 1794 1813 1793 1797 1799 1791
848.78302 1795 1788 1785 1801 1807 1806 1793 1800
848.802979 1794 1797 1801 1797 1798 1789 1807 1810
848.822998 1785 1804 1810 1805 1791 1799 1806 1788
848.843018 1810 1798 1817 1813 1817 1816 1806 1811
848.862976 1818 1810 1795 1819 1812 1817 1792 1799
848.882019 1818 1824 1800 1812 1816 1811 1809 1810
848.901978 1814 1815 1814 1793 1813 1812 1806 1806
848.921997 1807 1812 1814 1802 1813 1826 1811 1805
848.942017 1820 1811 1814 1806 1822 1812 1817 1820
848.961975 1824 1806 1832 1809 1808 1793 1825 1811
848.981995 1820 1814 1802 1810 1814 1792 1810 1832
849.002014 1796 1811 1813 1817 1808 1819 1814 1811
849.020996 1792 1818 1823 1813 1815 1825 1808 1820
849.041016 1819 1815 1816 1819 1809 1828 1798 1813
849.060974 1787 1815 1816 1819 1825 1804 1812 1794
849.080994 1814 1825 1813 1808 1820 1820 1808 1813
849.101013 1817 1829 1821 1822 1822 1816 1799 1814
849.120972 1809 1805 1813 1811 1802 1813 1815 1808
849.140015 1805 1801 1821 1815 1814 1804 1805 1815
849.159973 1795 1807 1821 1808 1820 1794 1798 1795
849.179993 1819 1822 1819 1806 1804 1816 1789 1822
849.200012 1799 1800 1809 1832 1811 1806 1817 1796
849.219971 1815 1811 1810 1800 1814 1802 1824 1817
849.23999 1809 1800 1821 1803 1817 1804 1788 1805
849.258972 1833 1816 1809 1805 1786 1812 1817 1811
849.278992 1798 1820 1819 1797 1796 1798 1816 1821
849.299011 1791 1810 1817 1800 1792 1795 1792 1801
849.31897 1789 1799 1803 1796 1809 1813 1797 1825
849.338989 1793 1805 1808 1808 1805 1811 1806 1800
849.359009 1787 1804 1794 1809 1802 1782 1818 1816
849.377991 1804 1805 1802 1786 1812 1796 1792 1787
849.39801 1802 1816 1803 1807 1804 1820 1806 1813
849.41803 1797 1807 1806 1823 1794 1802 1790 1794
849.437988 1796 1796 1794 1786 1799 1794 1794 1813
849.458008 1790 1817 1821 1797 1810 1782 1797 1808
849.478027 1786 1781 1818 1812 1800 1787 1787 1833
849.497009 1781 1803 1802 1813 1805 1788 1780 1791
849.517029 1791 1786 1795 1785 1797 1791 1809 1790
849.536987 1778 1802 1793 1798 1786 1796 1795 1800
849.557007 1789 1802 1802 1797 1781 1797 1772 1801
849.577026 1793 1795 1802 1795 1796 1784 1774 1808
849.596985 1783 1812 1775 1776 1783 1798 1780 1783
849.616028 1782 1786 1802 1797 1802 1787 1786 1795
849.635986 1794 1797 1773 1780 1797 1793 1789 1810
849.656006 1805 1798 1791 1786 1783 1775 1769 1778
849.676025 1793 1795 1808 1790 1786 1814 1802 1805
849.695984 1815 1800 1773 1805 1785 1784 1774 1786
849.716003 1804 1787 1798 1820 1793 1794 1783 1792
849.734985 1776 1791 1796 1793 1791 1801 1781 1802
849.755005 1799 1801 1805 1786 1788 1782 1798 1802
849.775024 1783 1780 1797 1792 1792 1791 1796 1781
849.794983 1795 1820 1807 1794 1789 1800 1781 1805
849.815002 1805 1804 1793 1781 1803 1802 1798 1787
849.833984 1782 1802 1799 1798 1783 1778 1780 1798
849.854004 1786 1800 1789 1801 1776 1798 1798 1790
849.874023 1791 1789 1785 1787 1805 1808 1782 1813
849.893982 1805 1788 1795 1802 1781 1788 1799 1800
849.914001 1794 1795 1794 1791 1797 1791 1786 1793
849.934021 1790 1803 1813 1806 1801 1820 1790 1810
849.953003 1775 1801 1806 1786 1792 1795 1806 1788
849.973022 1775 1791 1812 1805 1806 1787 1788 1785
849.992981 1785 1796 1798 1809 1793 1790 1800 1799
850.013 1818 1813 1810 1814 1806 1785 1804 1793
850.03302 1781 1803 1806 1821 1797 1815 1797 1804
850.052002 1803 1811 1814 1796 1809 1802 1824 1808
850.072021 1816 1807 1802 1809 1795 1779 1816 1791
850.09198 1793 1830 1802 1796 1808 1786 1800 1828
850.112 1810 1802 1811 1781 1790 1801 1792 1788
850.132019 1793 1799 1810 1803 1781 1803 1791 1802
850.151001 1811 1785 1804 1801 1797 1813 1805 1799
850.171021 1810 1805 1799 1794 1781 1798 1784 1791
850.190979 1799 1805 1785 1797 1802 1777 1827 1793
850.210999 1783 1806 1798 1775 1784 1774 1789 1776
850.231018 1782 1800 1813 1801 1782 1782 1787 1802
850.250977 1819 1790 1795 1806 1788 1781 1797 1769
850.27002 1807 1796 1796 1807 1793 1793 1791 1777
850.289978 1788 1788 1785 1782 1789 1795 1799 1795
850.309998 1786 1803 1800 1780 1781 1794 1796 1807
850.330017 1776 1798 1798 1788 1798 1785 1794 1791
850.349976 1788 1792 1798 1809 1796 1804 1781 1797
850.369019 1788 1787 1817 1812 1813 1810 1798 1790
850.388977 1782 1810 1819 1801 1793 1792 1790 1780
850.408997 1798 1799 1800 1800 1801 1793 1778 1781
850.429016 1788 1784 1773 1789 1780 1791 1801 1791
850.448975 1791 1779 1778 1785 1784 1797 1798 1794
850.468018 1791 1812 1806 1793 1782 1795 1798 1795
850.487976 1795 1797 1820 1776 1795 1784 1768 1799
850.507996 1821 1793 1781 1800 1792 1784 1807 1808
850.528015 1808 1814 1815 1806 1788 1788 1796 1803
850.547974 1800 1816 1787 1805 1783 1789 1774 1782
850.567017 1790 1796 1782 1806 1823 1769 1804 1777
850.586975 1806 1803 1784 1788 1788 1773 1816 1783
850.606995 1784 1805 1819 1774 1790 1802 1780 1804
850.627014 1770 1789 1793 1789 1780 1781 1781 1785
850.645996 1795 1791 1798 1780 1775 1764 1805 1788
850.666016 1793 1787 1787 1793 1766 1772 1794 1803
850.685974 1799 1786 1794 1779 1783 1785 1773 1808
850.705994 1795 1800 1790 1792 1762 1776 1780 1777
850.726013 1788 1784 1790 1797 1779 1798 1788 1774
850.744995 1787 1779 1794 1806 1775 1794 1799 1803
850.765015 1782 1800 1805 1785 1784 1773 1779 1793
850.784973 1775 1796 1775 1780 1785 1781 1775 1800
850.804993 1780 1788 1817 1798 1782 1782 1781 1801
850.825012 1792 1788 1801 1784 1792 1783 1791 1786
850.843994 1797 1796 1769 1798 1787 1793 1773 1795
850.864014 1771 1796 1795 1778 1788 1791 1784 1785
850.883972 1786 1785 1790 1793 1780 1789 1773 1792
850.903992 1777 1795 1798 1781 1782 1784 1785 1799
850.924011 1790 1806 1797 1807 1785 1794 1782 1772
850.942993 1782 1783 1784 1784 1775 1772 1783 1804
850.963013 1790 1794 1787 1799 1788 1795 1786 1801
850.982971 1790 1795 1779 1802 1806 1785 1776 1791
851.002991 1787 1796 1784 1804 1776 1790 1780 1796
851.021973 1802 1800 1789 1773 1781 1792 1790 1780
851.041992 1797 1786 1779 1796 1790 1781 1782 1803
851.062012 1804 1797 1779 1785 1782 1771 1799 1765
851.08197 1797 1792 1812 1790 1795 1794 1800 1791
851.10199 1793 1791 1797 1793 1763 1785 1771 1793
851.120972 1783 1810 1776 1802 1798 1791 1773 1786
851.140991 1804 1791 1777 1814 1808 1762 1790 1779
851.161011 1785 1790 1767 1795 1796 1793 1775 1806
851.18103 1798 1782 1806 1798 1785 1760 1787 1793
851.200012 1789 1808 1803 1790 1796 1782 1782 1797
851.219971 1788 1797 1801 1778 1769 1785 1791 1795
851.23999 1783 1800 1789 1794 1786 1777 1788 1810
851.26001 1780 1791 1789 1779 1808 1781 1792 1793
851.280029 1797 1780 1792 1784 1802 1780 1776 1786
851.299011 1780 1785 1782 1795 1796 1779 1790 1792
851.31897 1794 1787 1789 1777 1789 1772 1778 1800
851.338989 1782 1768 1775 1792 1767 1772 1794 1795
851.359009 1778 1781 1792 1790 1773 1761 1786 1759
851.377991 1796 1797 1793 1775 1753 1783 1792 1795
851.39801 1780 1800 1780 1779 1803 1786 1790 1784
851.41803 1795 1793 1792 1797 1794 1783 1788 1782
851.437988 1800 1779 1803 1782 1793 1780 1788 1781
851.45697 1765 1783 1769 1776 1774 1763 1801 1782
851.47699 1790 1793 1772 1777 1770 1771 1782 1769
851.497009 1797 1786 1788 1786 1767 1778 1773 1768
851.517029 1789 1800 1790 1762 1785 1774 1791 1767
851.536011 1786 1801 1774 1795 1758 1767 1789 1795
851.55603 1783 1770 1779 1774 1766 1792 1779 1782
851.575989 1765 1784 1779 1784 1763 1798 1792 1781
851.596008 1797 1786 1789 1783 1780 1765 1778 1797
851.616028 1778 1765 1783 1770 1760 1786 1764 1783
851.63501 1764 1780 1770 1755 1770 1767 1780 1795
851.655029 1775 1781 1789 1787 1765 1756 1758 1758
851.674988 1763 1778 1775 1767 1757 1769 1780 1788
851.695007 1769 1774 1770 1787 1766 1767 1773 1783
851.713989 1762 1783 1787 1771 1764 1769 1766 1775
851.734009 1759 1796 1756 1784 1777 1780 1791 1793
851.754028 1764 1761 1777 1767 1766 1764 1779 1792
851.773987 1768 1782 1792 1774 1757 1762 1764 1779
851.79303 1789 1775 1780 1763 1771 1757 1766 1773
851.812988 1768 1783 1784 1772 1760 1761 1762 1772
851.833008 1791 1780 1756 1778 1776 1745 1764 1772
851.853027 1786 1781 1780 1775 1758 1777 1761 1782
851.872009 1776 1770 1789 1753 1751 1770 1782 1786
851.892029 1784 1788 1763 1790 1765 1761 1776 1764
851.911987 1760 1788 1797 1795 1764 1772 1766 1767
851.932007 1778 1789 1760 1756 1767 1768 1781 1780
851.950989 1778 1768 1786 1763 1782 1780 1762 1792
851.971008 1778 1781 1767 1778 1776 1757 1782 1769
851.991028 1772 1769 1790 1751 1776 1768 1753 1780
852.010986 1778 1786 1759 1788 1772 1751 1733 1765
852.030029 1775 1765 1793 1785 1766 1779 1766 1774
852.049988 1767 1776 1770 1776 1752 1776 1800 1767
852.070007 1780 1789 1775 1763 1781 1774 1777 1766
852.090027 1776 1785 1773 1769 1783 1784 1768 1777
852.109009 1771 1785 1765 1753 1750 1774 1773 1763
852.129028 1785 1789 1761 1770 1757 1757 1777 1759
852.148987 1768 1771 1783 1768 1753 1765 1775 1793
852.169006 1790 1788 1783 1749 1783 1777 1767 1781
852.187988 1771 1782 1782 1783 1766 1777 1771 1775
852.208008 1786 1760 1787 1770 1776 1786 1757 1780
852.228027 1794 1759 1759 1769 1783 1797 1762 1783
852.247986 1773 1785 1765 1787 1778 1772 1757 1780
852.267029 1792 1786 1786 1780 1761 1775 1780 1781
852.286987 1763 1772 1788 1783 1778 1761 1775 1786
852.307007 1786 1781 1784 1776 1778 1777 1753 1779
852.327026 1783 1777 1770 1773 1759 1766 1772 1782
852.346008 1788 1789 1770 1777 1773 1752 1770 1784
852.366028 1800 1787 1782 1767 1757 1769 1778 1770
852.385986 1770 1814 1770 1784 1776 1790 1781 1783
852.406006 1787 1801 1785 1779 1792 1785 1778 1755
852.424988 1780 1779 1778 1771 1750 1758 1789 1790
852.445007 1766 1777 1782 1781 1779 1770 1772 1786
852.465027 1795 1786 1761 1788 1774 1759 1773 1791
852.484009 1764 1788 1785 1772 1781 1776 1768 1763
852.504028 1773 1779 1779 1807 1770 1775 1776 1772
852.523987 1756 1788 1768 1770 1753 1779 1763 1791
852.544006 1770 1746 1792 1784 1762 1788 1770 1778
852.562988 1788 1793 1782 1775 1782 1775 1764 1786
852.583008 1769 1776 1795 1778 1759 1784 1777 1779
852.603027 1789 1778 1798 1787 1778 1774 1789 1794
852.622986 1781 1790 1793 1767 1773 1760 1763 1790
852.642029 1770 1774 1777 1750 1749 1772 1787 1773
852.661987 1794 1797 1770 1779 1763 1778 1777 1784
852.682007 1778 1788 1774 1777 1774 1767 1780 1754
852.700989 1766 1779 1776 1766 1778 1774 1781 1781
852.721008 1776 1774 1776 1785 1775 1766 1766 1776
852.741028 1781 1790 1783 1775 1776 1778 1756 1756
852.760986 1773 1766 1791 1781 1753 1784 1779 1774
852.780029 1780 1797 1768 1779 1788 1802 1774 1772
852.799988 1770 1791 1758 1746 1753 1784 1768 1770
852.820007 1777 1787 1768 1776 1766 1779 1782 1775
852.840027 1784 1770 1791 1790 1776 1780 1776 1776
852.859009 1773 1788 1792 1790 1780 1763 1761 1786
852.879028 1778 1761 1760 1789 1754 1761 1794 1784
852.898987 1764 1783 1788 1775 1767 1772 1772 1780
852.91803 1772 1785 1776 1779 1782 1768 1789 1773
852.937988 1772 1780 1793 1764 1785 1772 1756 1782
852.958008 1776 1793 1785 1776 1767 1769 1766 1762
852.978027 1772 1768 1757 1782 1751 1771 1790 1764
852.997009 1774 1784 1778 1783 1761 1768 1764 1776
853.017029 1766 1768 1777 1751 1770 1759 1776 1787
853.036987 1769 1771 1775 1760 1772 1764 1779 1783
853.05603 1780 1782 1776 1759 1768 1766 1767 1780
853.075989 1773 1767 1769 1777 1746 1787 1768 1791
853.096008 1778 1793 1770 1774 1769 1772 1760 1775
853.116028 1781 1785 1781 1782 1762 1782 1788 1770
853.13501 1775 1787 1764 1775 1777 1776 1764 1765
853.155029 1770 1764 1787 1758 1770 1773 1780 1775
853.174988 1800 1763 1776 1759 1775 1791 1772 1797
853.19397 1796 1787 1762 1782 1770 1765 1760 1780
853.213989 1766 1786 1781 1778 1773 1768 1784 1790
853.234009 1775 1790 1787 1790 1785 1773 1763 1801
853.254028 1784 1784 1778 1801 1790 1769 1781 1776
853.27301 1783 1787 1761 1786 1783 1766 1776 1780
853.29303 1778 1780 1766 1780 1776 1761 1789 1771
853.312988 1787 1788 1779 1773 1787 1765 1772 1774
853.33197 1775 1781 1782 1772 1777 1773 1787 1793
853.35199 1786 1775 1770 1772 1774 1758 1797 1783
853.372009 1757 1748 1770 1749 1790 1774 1765 1790
853.390991 1778 1778 1784 1766 1766 1776 1785 1782
853.411011 1781 1777 1757 1771 1777 1755 1767 1769
853.43103 1777 1786 1786 1788 1773 1765 1761 1784
853.450989 1785 1796 1795 1763 1760 1773 1779 1759
853.469971 1771 1795 1780 1761 1774 1795 1787 1780
853.48999 1790 1803 1780 1787 1774 1777 1772 1771
853.51001 1772 1767 1775 1762 1779 1783 1766 1775
853.528992 1790 1789 1782 1774 1788 1771 1786 1783
853.549011 1771 1784 1774 1795 1777 1759 1769 1779
853.56897 1799 1781 1784 1799 1776 1774 1783 1785
853.588989 1771 1778 1772 1777 1767 1768 1776 1776
853.607971 1799 1774 1776 1783 1782 1800 1777 1795
853.627991 1794 1786 1789 1794 1766 1766 1789 1785
853.64801 1767 1758 1783 1781 1796 1786 1769 1784
853.666992 1790 1775 1771 1784 1762 1774 1801 1789
853.687012 1780 1780 1767 1773 1771 1755 1781 1784
853.70697 1772 1785 1807 1771 1781 1783 1764 1772
853.726013 1792 1764 1772 1773 1754 1759 1778 1777
853.745972 1761 1782 1775 1781 1792 1785 1772 1795
853.765991 1787 1777 1783 1789 1792 1770 1775 1787
853.784973 1760 1782 1774 1768 1763 1778 1784 1787
853.804993 1779 1771 1778 1782 1781 1790 1771 1778
853.825012 1774 1787 1800 1769 1795 1774 1787 1775
853.844971 1789 1782 1769 1782 1787 1769 1752 1780
853.864014 1785 1794 1800 1770 1773 1782 1785 1776
853.883972 1787 1788 1784 1774 1769 1776 1784 1780
853.903992 1781 1777 1791 1791 1797 1774 1765 1793
853.922974 1766 1811 1778 1778 1776 1780 1790 1796
853.942993 1783 1794 1783 1774 1771 1788 1791 1785
853.963013 1794 1798 1783 1786 1771 1780 1795 1792
853.981995 1771 1810 1782 1813 1782 1801 1788 1773
854.002014 1799 1797 1790 1772 1769 1788 1807 1774
854.021973 1812 1785 1774 1795 1791 1803 1787 1782
854.041016 1797 1784 1788 1792 1767 1790 1792 1790
854.060974 1797 1798 1808 1782 1770 1817 1780 1798
854.080994 1789 1795 1821 1790 1783 1751 1791 1808
854.099976 1804 1807 1798 1802 1783 1798 1793 1796
854.119995 1799 1789 1804 1819 1798 1793 1795 1813
854.140015 1783 1805 1812 1800 1789 1790 1805 1782
854.158997 1802 1797 1795 1801 1785 1808 1796 1785
854.179016 1798 1776 1779 1796 1792 1791 1797 1804
854.198975 1808 1793 1771 1789 1776 1825 1794 1785
854.218994 1786 1821 1804 1801 1790 1773 1805 1810
854.237976 1798 1794 1803 1814 1792 1789 1794 1808
854.257996 1790 1819 1797 1779 1783 1794 1794 1808
854.278015 1787 1791 1792 1789 1783 1796 1791 1807
854.296997 1805 1795 1788 1794 1786 1796 1800 1792
854.317017 1805 1796 1811 1808 1787 1792 1797 1796
854.336975 1786 1789 1802 1797 1790 1801 1791 1808
854.356018 1798 1805 1773 1778 1785 1803 1796 1781
854.375977 1791 1784 1785 1784 1781 1790 1798 1811
854.395996 1782 1816 1802 1798 1770 1789 1786 1786
854.414978 1817 1815 1784 1789 1792 1791 1785 1782
854.434998 1807 1793 1798 1790 1794 1776 1784 1777
854.455017 1767 1810 1786 1790 1796 1801 1802 1799
854.473999 1784 1793 1802 1782 1803 1805 1803 1793
854.494019 1792 1794 1798 1787 1773 1781 1758 1782
854.513977 1792 1790 1798 1790 1791 1788 1789 1791
854.53302 1785 1798 1790 1779 1769 1778 1782 1801
854.552979 1786 1801 1806 1782 1780 1788 1788 1789
854.572998 1785 1791 1791 1777 1786 1787 1770 1782
854.59198 1781 1788 1810 1777 1779 1793 1771 1776
854.612 1781 1801 1787 1788 1773 1784 1794 1791
854.632019 1761 1798 1793 1785 1773 1791 1784 1778
854.651001 1795 1775 1788 1789 1775 1780 1777 1772
854.671021 1802 1757 1787 1776 1781 1778 1777 1779
854.690979 1794 1795 1766 1787 1771 1799 1771 1783
854.710022 1770 1780 1805 1778 1765 1776 1763 1792
854.72998 1781 1775 1774 1803 1777 1783 1782 1780
854.75 1788 1786 1779 1791 1754 1781 1768 1772
854.768982 1790 1800 1779 1794 1782 1779 1800 1785
854.789001 1784 1773 1774 1769 1779 1771 1778 1792
854.807983 1772 1781 1782 1775 1760 1772 1785 1789
854.828003 1767 1787 1784 1778 1788 1795 1746 1794
854.848022 1783 1788 1775 1774 1778 1783 1792 1794
854.867004 1762 1750 1782 1756 1776 1795 1797 1788
854.887024 1789 1780 1788 1790 1799 1786 1772 1761
854.906982 1780 1781 1795 1787 1776 1783 1785 1771
854.926025 1777 1797 1787 1811 1775 1772 1795 1784
854.945984 1787 1779 1772 1792 1795 1782 1780 1789
854.966003 1773 1797 1776 1791 1781 1763 1763 1789
854.984985 1780 1782 1773 1784 1774 1778 1756 1776
855.005005 1783 1767 1792 1799 1771 1776 1792 1785
855.025024 1779 1786 1784 1786 1777 1784 1772 1773
855.044006 1772 1778 1779 1765 1784 1775 1779 1777
855.064026 1777 1764 1778 1801 1773 1778 1776 1804
855.083984 1770 1789 1777 1768 1772 1777 1796 1782
855.103027 1767 1789 1789 1795 1795 1771 1774 1790
855.122986 1769 1797 1783 1770 1768 1760 1775 1773
855.143005 1801 1786 1764 1788 1786 1762 1796 1798
855.161987 1795 1788 1777 1775 1773 1761 1781 1780
855.182007 1780 1764 1789 1784 1784 1774 1773 1771
855.200989 1779 1787 1783 1773 1766 1775 1777 1780
855.221008 1783 1800 1793 1770 1765 1765 1774 1777
855.241028 1772 1783 1795 1769 1765 1779 1783 1777
855.26001 1781 1775 1791 1762 1782 1780 1787 1802
855.280029 1768 1791 1772 1770 1757 1773 1798 1776
855.299988 1782 1769 1786 1771 1759 1768 1777 1796
855.31897 1782 1794 1803 1772 1771 1767 1770 1766
855.338989 1767 1773 1788 1778 1767 1764 1772 1773
855.359009 1779 1763 1777 1768 1772 1768 1766 1791
855.377991 1772 1770 1754 1768 1783 1779 1789 1787
855.39801 1780 1767 1786 1786 1767 1768 1768 1772
855.41803 1786 1762 1786 1788 1775 1768 1782 1776
855.437012 1763 1776 1781 1765 1767 1765 1766 1790
855.45697 1781 1774 1773 1773 1768 1783 1764 1775
855.476013 1762 1803 1794 1765 1773 1775 1778 1773
855.495972 1774 1784 1776 1772 1756 1781 1770 1772
855.515991 1776 1784 1795 1784 1781 1775 1770 1769
855.534973 1775 1786 1769 1776 1753 1759 1770 1769
855.554993 1754 1761 1763 1772 1770 1780 1772 1776
855.575012 1786 1778 1781 1787 1789 1770 1780 1788
855.593994 1780 1776 1774 1771 1751 1771 1784 1780
855.614014 1781 1787 1775 1771 1787 1771 1781 1803
855.633972 1770 1780 1776 1788 1780 1779 1766 1769
855.653015 1787 1775 1775 1752 1775 1773 1765 1773
855.672974 1768 1773 1775 1779 1744 1760 1766 1764
855.692017 1776 1780 1776 1774 1764 1769 1775 1775
855.711975 1774 1773 1770 1774 1789 1769 1773 1784
855.731995 1780 1774 1775 1779 1768 1792 1783 1776
855.750977 1791 1784 1779 1769 1783 1767 1760 1779
855.770996 1760 1772 1795 1760 1773 1767 1776 1777
855.791016 1765 1778 1767 1783 1764 1771 1764 1775
855.809998 1787 1760 1777 1765 1793 1762 1754 1784
855.830017 1770 1796 1778 1772 1772 1765 1770 1785
855.848999 1786 1786 1771 1787 1758 1773 1778 1763
855.869019 1780 1767 1788 1762 1773 1745 1778 1776
855.888977 1787 1788 1775 1778 1769 1771 1778 1779
855.90802 1780 1773 1778 1772 1770 1759 1764 1758
855.927979 1779 1762 1767 1791 1754 1769 1768 1780
855.947998 1773 1804 1777 1765 1792 1782 1789 1767
855.96698 1770 1776 1777 1764 1760 1765 1781 1765
855.987 1789 1782 1786 1776 1756 1771 1762 1795
856.005981 1777 1784 1774 1770 1755 1770 1787 1780
856.026001 1787 1784 1797 1783 1774 1801 1771 1787
856.046021 1772 1801 1774 1768 1754 1770 1788 1794
856.065002 1792 1808 1787 1762 1778 1777 1793 1777
856.085022 1785 1783 1768 1780 1757 1800 1768 1786
856.104004 1784 1777 1791 1775 1788 1784 1770 1791
856.124023 1766 1800 1775 1781 1791 1784 1771 1781
856.143982 1786 1796 1783 1781 1763 1778 1779 1777
856.163025 1752 1759 1780 1766 1753 1763 1777 1783
856.182983 1764 1782 1782 1767 1767 1763 1780 1796
856.203003 1775 1793 1771 1784 1769 1766 1771 1779
856.221985 1778 1774 1783 1779 1788 1760 1770 1762
856.242004 1788 1776 1775 1783 1775 1779 1758 1786
856.260986 1771 1780 1794 1765 1770 1786 1774 1772
856.281006 1789 1758 1776 1782 1774 1780 1769 1774
856.301025 1786 1778 1770 1788 1764 1783 1763 1784
856.320007 1787 1782 1774 1771 1788 1764 1765 1782
856.340027 1765 1771 1779 1773 1750 1778 1755 1766
856.359009 1773 1791 1784 1765 1752 1752 1765 1778
856.379028 1772 1788 1785 1776 1763 1768 1775 1770
856.398987 1774 1777 1795 1770 1756 1763 1778 1766
856.41803 1780 1764 1776 1773 1769 1768 1778 1787
856.437988 1775 1768 1765 1756 1777 1766 1769 1787
856.45697 1773 1778 1775 1770 1755 1777 1769 1775
856.47699 1772 1774 1777 1773 1765 1764 1771 1778
856.497009 1753 1763 1778 1781 1767 1776 1765 1772
856.515991 1755 1766 1785 1763 1777 1757 1777 1785
856.536011 1763 1772 1750 1764 1762 1780 1766 1770
856.554993 1783 1777 1752 1774 1750 1771 1758 1787
856.575012 1787 1787 1766 1761 1776 1764 1769 1778
856.594971 1764 1760 1772 1779 1756 1775 1766 1794
856.614014 1770 1766 1762 1759 1777 1772 1768 1798
856.633972 1766 1753 1764 1755 1756 1763 1761 1754
856.653015 1781 1761 1790 1758 1752 1755 1763 1760
856.672974 1780 1759 1784 1774 1757 1769 1761 1751
856.692993 1770 1755 1769 1763 1773 1771 1772 1787
856.711975 1781 1740 1770 1782 1770 1777 1749 1778
856.731995 1771 1765 1781 1747 1768 1751 1759 1774
856.750977 1762 1787 1763 1769 1773 1753 1746 1768
856.770996 1764 1749 1773 1758 1753 1758 1763 1780
856.791016 1757 1771 1765 1757 1754 1747 1766 1738
856.809998 1776 1751 1764 1767 1755 1760 1748 1746
856.830017 1766 1760 1753 1767 1754 1755 1778 1784
856.848999 1767 1777 1761 1774 1773 1771 1750 1764
856.869019 1775 1765 1756 1750 1763 1775 1758 1765
856.888 1750 1770 1766 1772 1775 1761 1759 1753
856.90802 1763 1770 1766 1757 1748 1758 1756 1769
856.927979 1767 1780 1754 1753 1753 1763 1770 1761
856.947021 1768 1761 1749 1768 1745 1764 1763 1769
856.96698 1780 1778 1778 1767 1766 1764 1771 1779
856.986023 1771 1779 1768 1757 1758 1750 1780 1762
857.005981 1778 1772 1764 1757 1775 1765 1773 1767
857.026001 1785 1778 1772 1755 1768 1767 1782 1775
857.044983 1767 1770 1755 1746 1747 1748 1775 1776
857.065002 1774 1759 1773 1761 1764 1780 1772 1777
857.083984 1766 1796 1753 1767 1748 1745 1769 1765
857.104004 1777 1771 1767 1751 1756 1760 1770 1762
857.122986 1791 1761 1742 1763 1762 1774 1778 1765
857.143005 1777 1749 1765 1754 1759 1761 1767 1765
857.163025 1778 1795 1779 1765 1745 1759 1757 1762
857.182007 1759 1792 1783 1765 1757 1773 1754 1776
857.202026 1764 1763 1769 1759 1756 1760 1766 1772
857.221008 1769 1781 1766 1763 1755 1762 1749 1784
857.241028 1770 1759 1771 1760 1767 1759 1770 1745
857.260986 1765 1783 1770 1772 1780 1771 1755 1771
857.280029 1762 1774 1768 1745 1776 1761 1763 1787
857.299988 1791 1778 1761 1762 1753 1771 1761 1774
857.31897 1779 1756 1761 1766 1762 1777 1779 1773
857.338989 1757 1762 1763 1756 1769 1755 1770 1768
857.357971 1764 1770 1768 1766 1783 1750 1764 1776
857.377991 1774 1768 1756 1743 1766 1788 1776 1752
857.39801 1780 1801 1768 1758 1765 1764 1765 1756
857.416992 1776 1758 1770 1766 1764 1758 1772 1764
857.437012 1755 1772 1774 1756 1755 1758 1766 1782
857.455994 1768 1764 1762 1751 1770 1756 1764 1761
857.476013 1770 1785 1768 1761 1770 1763 1749 1765
857.494995 1777 1791 1778 1741 1759 1761 1762 1763
857.515015 1770 1769 1764 1755 1774 1771 1776 1792
857.534973 1759 1773 1780 1757 1774 1744 1767 1767
857.554016 1777 1764 1753 1756 1765 1772 1759 1766
857.573975 1777 1769 1750 1761 1753 1756 1756 1779
857.593018 1761 1771 1771 1766 1766 1750 1745 1759
857.612976 1761 1765 1763 1750 1765 1763 1768 1756
857.632019 1765 1755 1775 1759 1762 1783 1758 1751
857.651978 1744 1764 1759 1765 1756 1764 1767 1736
857.671997 1756 1781 1757 1762 1747 1753 1755 1759
857.690979 1752 1775 1765 1781 1780 1763 1760 1760
857.710999 1757 1778 1749 1763 1734 1773 1762 1775
857.72998 1759 1760 1773 1761 1761 1745 1771 1765
857.75 1757 1758 1756 1756 1760 1748 1774 1770
857.768982 1775 1776 1777 1771 1759 1752 1757 1776
857.789001 1770 1762 1788 1762 1762 1760 1764 1777
857.807983 1764 1750 1774 1781 1744 1765 1766 1768
857.828003 1747 1758 1779 1760 1748 1754 1758 1768
857.848022 1760 1759 1761 1763 1754 1759 1764 1763
857.867004 1781 1783 1776 1763 1749 1759 1766 1784
857.887024 1751 1779 1770 1764 1772 1756 1757 1768
857.906006 1755 1753 1775 1765 1747 1757 1769 1763
857.926025 1780 1765 1773 1758 1757 1759 1775 1785
857.945007 1763 1762 1770 1768 1743 1772 1744 1764
857.965027 1757 1764 1758 1755 1760 1747 1770 1775
857.984009 1756 1764 1752 1782 1759 1758 1759 1760
858.004028 1788 1782 1760 1776 1770 1747 1777 1758
858.02301 1754 1767 1769 1766 1755 1763 1788 1772
858.04303 1769 1760 1772 1772 1757 1761 1789 1787
858.062988 1737 1757 1781 1741 1751 1759 1781 1760
858.08197 1763 1783 1761 1772 1751 1769 1777 1794
858.10199 1770 1771 1776 1761 1747 1758 1754 1763
858.120972 1773 1772 1770 1761 1765 1758 1774 1783
858.140991 1762 1769 1771 1751 1762 1762 1766 1753
858.159973 1773 1769 1764 1759 1740 1757 1762 1769
858.179993 1771 1739 1764 1763 1755 1760 1759 1762
858.198975 1780 1762 1754 1755 1756 1742 1749 1768
858.218994 1758 1788 1768 1760 1763 1768 1759 1758
858.239014 1754 1764 1746 1771 1765 1736 1753 1760
858.257996 1763 1765 1762 1756 1751 1756 1768 1770
858.278015 1770 1772 1750 1770 1744 1769 1752 1754
858.296997 1760 1765 1789 1755 1750 1753 1747 1776
858.317017 1758 1777 1742 1765 1763 1762 1760 1765
858.335999 1762 1752 1772 1747 1746 1752 1775 1761
858.356018 1765 1767 1777 1727 1739 1745 1764 1761
858.375 1759 1768 1756 1758 1753 1741 1760 1759
858.39502 1770 1757 1738 1741 1769 1754 1752 1747
858.414001 1763 1755 1768 1765 1762 1748 1751 1773
858.434021 1757 1756 1779 1739 1751 1756 1757 1771
858.453003 1759 1757 1759 1760 1755 1741 1751 1750
858.473022 1777 1749 1758 1759 1758 1748 1758 1761
858.492004 1757 1758 1762 1760 1767 1763 1760 1737
858.512024 1777 1769 1763 1770 1749 1756 1767 1778
858.531982 1766 1762 1780 1775 1767 1769 1759 1754
858.551025 1746 1761 1747 1764 1747 1742 1768 1756
858.570984 1767 1772 1747 1762 1744 1743 1760 1758
858.590027 1758 1781 1758 1760 1750 1758 1774 1762
858.609985 1768 1761 1764 1760 1753 1760 1762 1760
858.629028 1768 1779 1776 1754 1762 1763 1761 1766
858.648987 1780 1791 1766 1760 1756 1763 1743 1771
858.66803 1752 1757 1765 1756 1768 1765 1757 1782
858.687988 1770 1763 1767 1756 1752 1749 1765 1767
858.70697 1756 1767 1779 1766 1776 1754 1772 1758
858.72699 1778 1788 1778 1788 1774 1767 1758 1776
858.745972 1770 1763 1777 1757 1728 1777 1763 1757
858.765991 1745 1787 1774 1754 1758 1783 1772 1772
858.784973 1757 1759 1783 1753 1768 1760 1775 1750
858.804993 1772 1762 1777 1774 1757 1755 1743 1750
858.823975 1758 1784 1788 1770 1770 1746 1744 1757
858.843994 1769 1785 1774 1764 1773 1762 1768 1755
858.864014 1749 1781 1779 1765 1798 1743 1761 1767
858.882996 1782 1766 1751 1745 1762 1755 1755 1777
858.903015 1760 1778 1765 1740 1774 1764 1750 1756
858.921997 1760 1769 1756 1763 1752 1765 1759 1780
858.942017 1762 1754 1757 1759 1752 1758 1741 1764
858.960999 1761 1772 1751 1769 1750 1749 1755 1771
858.981018 1775 1763 1759 1756 1773 1748 1748 1779
859 1775 1782 1761 1755 1757 1765 1769 1761
859.02002 1762 1780 1774 1770 1757 1760 1763 1763
859.039001 1774 1777 1767 1771 1748 1775 1753 1763
859.059021 1766 1768 1756 1762 1752 1770 1762 1766
859.078003 1769 1781 1766 1761 1760 1758 1752 1759
859.098022 1769 1745 1766 1750 1759 1742 1758 1746
859.117004 1775 1758 1745 1756 1759 1751 1750 1768
859.137024 1768 1750 1763 1733 1761 1743 1757 1771
859.156006 1776 1760 1751 1760 1748 1746 1750 1777
859.176025 1751 1750 1756 1753 1751 1735 1750 1764
859.195007 1764 1757 1759 1752 1724 1747 1755 1757
859.215027 1761 1745 1756 1766 1746 1758 1742 1760
859.234009 1758 1756 1785 1760 1760 1753 1762 1766
859.254028 1749 1756 1758 1766 1743 1753 1766 1744
859.27301 1776 1746 1744 1769 1756 1732 1751 1756
859.29303 1756 1765 1770 1782 1754 1734 1764 1775
859.312012 1752 1752 1757 1760 1748 1759 1755 1756
859.33197 1760 1759 1760 1753 1753 1751 1747 1752
859.351013 1761 1769 1762 1762 1751 1770 1767 1751
859.370972 1770 1776 1747 1756 1750 1757 1758 1776
859.390015 1757 1756 1785 1754 1756 1735 1730 1766
859.409973 1761 1750 1753 1770 1760 1746 1757 1761
859.429016 1757 1742 1761 1771 1744 1761 1752 1753
859.448975 1772 1754 1762 1743 1769 1765 1785 1763
859.468018 1763 1759 1749 1756 1768 1771 1769 1750
859.487976 1776 1785 1763 1755 1750 1749 1769 1766
859.507019 1769 1784 1782 1756 1773 1760 1752 1759
859.526978 1783 1761 1762 1757 1756 1779 1736 1770
859.546021 1757 1750 1764 1740 1757 1738 1750 1763
859.565979 1759 1783 1764 1776 1756 1741 1773 1757
859.585022 1739 1778 1756 1748 1743 1758 1765 1762
859.60498 1769 1764 1761 1762 1757 1753 1776 1748
859.624023 1749 1792 1760 1770 1748 1766 1760 1768
859.643982 1750 1770 1752 1745 1746 1745 1766 1769
859.663025 1799 1776 1767 1750 1748 1737 1775 1761
859.682983 1764 1781 1751 1780 1756 1751 1749 1753
859.702026 1761 1760 1759 1781 1766 1760 1751 1749
859.721985 1769 1765 1769 1762 1769 1747 1762 1775
859.741028 1771 1779 1784 1765 1758 1754 1766 1750
859.760986 1773 1767 1761 1746 1770 1753 1752 1763
859.780029 1754 1785 1755 1758 1752 1763 1743 1757
859.799988 1771 1766 1755 1733 1744 1737 1748 1746
859.81897 1738 1749 1753 1758 1757 1782 1756 1753
859.838989 1785 1776 1742 1765 1748 1740 1764 1751
859.857971 1760 1769 1759 1760 1763 1756 1756 1766
859.877991 1753 1750 1769 1742 1762 1759 1751 1751
859.896973 1750 1763 1743 1749 1751 1747 1751 1755
859.916992 1762 1759 1769 1758 1747 1741 1738 1758
859.935974 1770 1759 1759 1751 1744 1752 1748 1775
859.955994 1763 1749 1764 1755 1768 1752 1757 1763
859.974976 1775 1761 1765 1757 1742 1760 1770 1747
859.994995 1749 1775 1771 1755 1763 1744 1766 1742
860.013977 1754 1764 1757 1755 1747 1751 1772 1776
860.033997 1766 1771 1766 1737 1747 1755 1760 1760
860.052979 1754 1765 1776 1758 1747 1755 1737 1767
860.072998 1755 1754 1747 1748 1732 1747 1765 1757
860.09198 1759 1763 1753 1768 1751 1754 1746 1748
860.112 1759 1754 1763 1749 1751 1741 1773 1761
860.130981 1751 1765 1770 1770 1746 1749 1760 1771
860.151001 1769 1759 1772 1748 1744 1753 1767 1763
860.169983 1760 1777 1762 1747 1763 1744 1752 1752
860.189026 1745 1741 1760 1745 1768 1774 1758 1756
860.208984 1749 1772 1764 1764 1755 1740 1740 1760
860.228027 1738 1776 1779 1739 1734 1755 1757 1766
860.247986 1751 1751 1766 1771 1747 1751 1758 1738
860.267029 1747 1771 1758 1744 1749 1762 1749 1773
860.286987 1759 1744 1750 1761 1728 1753 1745 1763
860.30603 1763 1740 1753 1727 1741 1748 1762 1771
860.325989 1767 1771 1766 1771 1735 1754 1746 1763
860.344971 1767 1756 1769 1762 1750 1733 1758 1779
860.36499 1749 1748 1767 1755 1745 1758 1763 1778
860.383972 1760 1750 1779 1753 1744 1748 1775 1761
860.403992 1767 1775 1746 1765 1770 1759 1751 1788
860.422974 1750 1766 1783 1757 1746 1741 1757 1767
860.442993 1763 1776 1747 1752 1742 1742 1738 1759
860.461975 1766 1765 1747 1771 1744 1743 1741 1765
860.481995 1755 1770 1746 1759 1755 1759 1768 1765
860.500977 1769 1772 1762 1753 1755 1759 1765 1741
860.520996 1769 1753 1740 1757 1743 1743 1742 1751
860.539978 1767 1755 1755 1764 1743 1751 1752 1769
860.559021 1754 1771 1758 1756 1748 1745 1759 1755
860.578979 1759 1756 1763 1761 1748 1746 1760 1767
860.598022 1760 1759 1760 1765 1765 1756 1742 1784
860.617981 1775 1758 1770 1749 1751 1752 1766 1770
860.637024 1769 1767 1758 1756 1740 1761 1767 1770
860.656982 1759 1775 1761 1760 1751 1773 1764 1757
860.676025 1750 1759 1754 1772 1760 1743 1757 1781
860.695984 1776 1770 1771 1742 1747 1753 1758 1768
860.715027 1753 1758 1775 1779 1752 1755 1764 1778
860.734985 1774 1779 1772 1752 1749 1745 1743 1749
860.754028 1775 1759 1766 1760 1730 1771 1757 1761
860.77301 1767 1768 1760 1745 1746 1748 1745 1757
