0 12.8571429 25.7142857 38.5714286 51.4285714 64.2857143 77.1428571 90
828.851013 1721 1742 1770 1756 1752 1732 1743 1732
828.870972 1721 1715 1754 1749 1741 1737 1759 1726
828.890991 1717 1735 1742 1743 1739 1743 1744 1726
828.911987 1727 1733 1743 1741 1737 1753 1723 1725
828.932007 1734 1729 1747 1743 1744 1743 1726 1718
828.953003 1734 1722 1712 1734 1727 1742 1731 1741
828.973022 1733 1725 1726 1739 1753 1740 1742 1724
828.994019 1726 1723 1736 1751 1742 1736 1724 1731
829.013977 1724 1727 1732 1741 1731 1730 1712 1721
829.034973 1718 1732 1743 1735 1735 1731 1727 1707
829.054993 1719 1729 1723 1739 1733 1732 1714 1726
829.075012 1707 1726 1733 1747 1726 1732 1713 1727
829.096008 1728 1718 1733 1748 1714 1737 1722 1721
829.116028 1712 1724 1756 1744 1742 1747 1713 1712
829.137024 1702 1723 1737 1715 1727 1719 1715 1713
829.156982 1730 1717 1719 1749 1741 1730 1714 1730
829.177979 1720 1735 1714 1739 1726 1726 1717 1701
829.197998 1710 1722 1726 1737 1722 1720 1726 1702
829.218994 1709 1701 1736 1732 1727 1710 1712 1714
829.239014 1719 1721 1737 1731 1731 1714 1728 1711
829.258972 1707 1721 1734 1722 1729 1716 1722 1716
829.280029 1717 1718 1710 1721 1720 1723 1701 1712
829.299988 1717 1724 1726 1715 1708 1711 1699 1718
829.320984 1697 1713 1734 1728 1729 1714 1702 1717
829.341003 1694 1711 1724 1744 1725 1714 1707 1719
829.362 1706 1716 1725 1739 1727 1715 1718 1701
829.382019 1729 1708 1729 1712 1754 1719 1709 1724
829.401978 1701 1705 1720 1720 1732 1715 1697 1724
829.422974 1707 1717 1718 1725 1728 1737 1724 1712
829.442993 1699 1727 1740 1724 1720 1728 1718 1706
829.463989 1702 1708 1716 1737 1721 1697 1709 1702
829.484009 1705 1716 1735 1721 1730 1701 1709 1717
829.505005 1693 1715 1725 1733 1718 1731 1697 1716
829.525024 1694 1718 1722 1729 1714 1726 1724 1724
829.544983 1720 1720 1725 1745 1718 1727 1726 1710
829.565979 1703 1702 1732 1730 1736 1711 1721 1716
829.585999 1720 1716 1719 1749 1723 1725 1712 1713
829.606995 1707 1718 1729 1713 1729 1714 1722 1701
829.627014 1714 1715 1736 1729 1722 1726 1711 1728
829.64801 1713 1703 1712 1723 1708 1695 1702 1707
829.66803 1716 1722 1727 1729 1709 1725 1699 1718
829.687988 1719 1716 1722 1725 1725 1713 1719 1695
829.708984 1713 1720 1718 1728 1724 1713 1723 1729
829.729004 1722 1707 1724 1710 1725 1717 1719 1702
829.75 1719 1737 1728 1737 1717 1744 1714 1718
829.77002 1718 1715 1728 1743 1747 1722 1707 1723
829.791016 1720 1718 1713 1716 1734 1733 1716 1707
829.810974 1717 1715 1727 1733 1747 1715 1733 1730
829.830994 1715 1712 1709 1724 1737 1737 1742 1704
829.85199 1723 1713 1740 1750 1734 1713 1730 1714
829.872009 1703 1734 1741 1722 1738 1725 1715 1719
829.893005 1726 1713 1730 1739 1724 1721 1717 1712
829.913025 1714 1725 1734 1757 1734 1722 1712 1731
829.932983 1725 1723 1723 1746 1725 1727 1722 1714
829.953979 1725 1736 1714 1735 1749 1720 1710 1708
829.973999 1710 1730 1721 1737 1730 1733 1727 1731
829.994995 1701 1720 1722 1731 1724 1732 1720 1714
830.015015 1724 1724 1735 1746 1725 1736 1717 1724
830.036011 1714 1714 1743 1739 1731 1737 1730 1723
830.05603 1720 1732 1729 1737 1732 1732 1723 1733
830.075989 1729 1734 1742 1752 1739 1735 1736 1728
830.096985 1709 1728 1720 1744 1724 1737 1730 1729
830.117004 1736 1729 1751 1744 1761 1732 1713 1720
830.138 1728 1730 1741 1755 1745 1744 1728 1733
830.15802 1741 1752 1744 1763 1770 1753 1737 1734
830.177979 1710 1743 1744 1741 1749 1738 1734 1733
830.198975 1737 1739 1747 1746 1731 1724 1741 1740
830.218994 1744 1729 1744 1732 1767 1765 1720 1739
830.23999 1721 1745 1739 1731 1749 1748 1736 1724
830.26001 1737 1746 1734 1731 1735 1743 1747 1724
830.280029 1722 1741 1748 1769 1740 1721 1728 1734
830.301025 1736 1752 1728 1732 1753 1739 1727 1747
830.320984 1741 1725 1752 1737 1730 1725 1741 1733
830.34198 1730 1737 1741 1744 1746 1730 1733 1719
830.362 1740 1727 1755 1742 1750 1755 1737 1752
830.382996 1727 1751 1733 1759 1741 1745 1737 1743
830.403015 1741 1732 1734 1743 1752 1739 1733 1733
830.422974 1723 1743 1728 1736 1736 1733 1739 1741
830.44397 1722 1736 1755 1736 1741 1738 1739 1727
830.463989 1740 1726 1766 1740 1749 1741 1733 1728
830.484009 1734 1752 1748 1750 1760 1742 1732 1751
830.505005 1732 1741 1759 1737 1752 1767 1753 1731
830.525024 1744 1735 1738 1754 1755 1740 1738 1758
830.546021 1719 1745 1744 1754 1750 1741 1743 1733
830.565979 1737 1725 1741 1739 1747 1742 1736 1716
830.585999 1723 1718 1741 1744 1754 1732 1717 1751
830.606995 1735 1734 1735 1734 1760 1744 1738 1729
830.627014 1717 1732 1729 1750 1747 1726 1740 1729
830.64801 1714 1745 1744 1750 1746 1738 1720 1731
830.66803 1722 1743 1743 1731 1734 1755 1730 1728
830.687988 1732 1736 1755 1741 1747 1734 1729 1727
830.708984 1714 1752 1743 1760 1740 1741 1703 1727
830.729004 1714 1731 1752 1734 1734 1743 1713 1723
830.75 1715 1735 1731 1746 1742 1743 1725 1717
830.77002 1722 1719 1739 1737 1740 1728 1711 1708
830.789978 1726 1728 1739 1754 1722 1736 1718 1733
830.810974 1729 1730 1725 1733 1719 1732 1737 1719
830.830994 1715 1721 1746 1752 1739 1738 1720 1742
830.85199 1722 1738 1743 1729 1734 1738 1718 1730
830.872009 1728 1741 1745 1735 1740 1735 1711 1701
830.892029 1736 1721 1722 1747 1720 1729 1743 1730
830.913025 1718 1724 1739 1736 1717 1720 1732 1719
830.932983 1722 1721 1724 1750 1743 1723 1715 1730
830.953979 1729 1732 1744 1731 1748 1737 1716 1709
830.973999 1709 1731 1746 1740 1743 1741 1734 1726
830.994019 1711 1715 1720 1727 1725 1719 1709 1702
831.015015 1713 1737 1727 1723 1738 1728 1725 1731
831.034973 1706 1720 1730 1738 1744 1738 1704 1733
831.054993 1730 1710 1741 1745 1721 1745 1704 1730
831.075989 1701 1721 1723 1742 1729 1729 1718 1715
831.096008 1706 1722 1722 1728 1737 1732 1706 1719
831.117004 1708 1735 1726 1734 1732 1719 1716 1706
831.137024 1720 1730 1702 1730 1727 1723 1710 1713
831.156982 1705 1715 1726 1736 1737 1723 1716 1724
831.177979 1718 1726 1724 1727 1730 1726 1720 1722
831.197998 1702 1725 1733 1725 1725 1737 1715 1732
831.218994 1709 1708 1724 1732 1723 1706 1721 1694
831.239014 1694 1705 1727 1723 1724 1720 1718 1724
831.258972 1700 1740 1730 1738 1718 1712 1723 1727
831.280029 1700 1709 1721 1715 1741 1736 1735 1707
831.299988 1702 1717 1716 1735 1729 1722 1726 1724
831.320007 1722 1718 1729 1726 1730 1708 1711 1704
831.341003 1709 1716 1718 1736 1748 1728 1704 1719
831.361023 1715 1712 1732 1738 1724 1719 1729 1713
831.382019 1698 1730 1727 1747 1733 1733 1714 1721
831.401978 1718 1729 1707 1714 1721 1707 1708 1700
831.421997 1709 1717 1730 1724 1728 1739 1727 1753
831.442993 1712 1732 1736 1736 1717 1723 1722 1727
831.463013 1699 1718 1729 1744 1725 1718 1723 1725
831.482971 1723 1715 1741 1735 1737 1729 1710 1730
831.504028 1721 1725 1722 1732 1717 1718 1717 1720
831.523987 1714 1714 1736 1730 1724 1737 1728 1721
831.544983 1720 1719 1752 1732 1735 1715 1735 1716
831.565002 1708 1727 1728 1735 1721 1716 1697 1733
831.585022 1720 1705 1725 1726 1743 1739 1730 1722
831.606018 1715 1718 1726 1730 1738 1722 1725 1723
831.625977 1706 1731 1736 1731 1719 1722 1719 1732
831.645996 1722 1720 1736 1747 1724 1716 1707 1713
831.666992 1700 1737 1733 1734 1719 1714 1719 1719
831.687012 1709 1708 1739 1741 1731 1724 1708 1729
831.708008 1723 1728 1746 1724 1739 1731 1708 1716
831.728027 1713 1727 1736 1748 1739 1725 1730 1726
831.747986 1700 1713 1730 1739 1725 1709 1725 1722
831.768982 1737 1731 1758 1742 1719 1726 1729 1716
831.789001 1706 1728 1738 1734 1738 1732 1729 1723
831.809021 1725 1721 1723 1733 1730 1735 1733 1716
831.830017 1726 1712 1729 1738 1739 1728 1730 1729
831.849976 1718 1733 1730 1728 1748 1729 1721 1716
831.869995 1739 1744 1752 1748 1745 1721 1722 1713
831.890991 1724 1722 1735 1752 1744 1743 1728 1732
831.911011 1718 1729 1740 1749 1757 1726 1747 1734
831.932007 1721 1727 1744 1737 1722 1728 1721 1719
831.952026 1723 1734 1751 1736 1740 1734 1713 1721
831.971985 1712 1738 1746 1746 1749 1743 1724 1727
831.992981 1712 1732 1735 1756 1709 1736 1722 1742
832.013 1741 1728 1734 1754 1749 1742 1716 1719
832.03302 1715 1735 1740 1751 1769 1751 1743 1742
832.054016 1740 1723 1734 1756 1746 1733 1741 1712
832.073975 1729 1729 1768 1757 1735 1743 1727 1724
832.093994 1728 1750 1731 1755 1749 1740 1741 1741
832.11499 1712 1733 1737 1750 1727 1737 1731 1721
832.13501 1736 1736 1728 1743 1756 1741 1733 1747
832.155029 1727 1734 1742 1752 1742 1723 1728 1726
832.176025 1731 1723 1744 1746 1726 1735 1733 1729
832.195984 1753 1740 1761 1740 1756 1731 1723 1717
832.216003 1737 1732 1761 1735 1739 1744 1719 1737
832.237 1729 1743 1762 1755 1746 1732 1729 1727
832.257019 1728 1739 1748 1745 1733 1738 1731 1721
832.278015 1721 1747 1755 1772 1752 1757 1746 1747
832.297974 1734 1741 1742 1742 1741 1729 1737 1726
832.317993 1733 1730 1741 1741 1753 1738 1737 1738
832.338989 1738 1737 1740 1748 1740 1740 1747 1739
832.359009 1732 1732 1746 1751 1749 1737 1719 1729
832.379028 1729 1752 1736 1750 1744 1751 1730 1739
832.400024 1718 1732 1744 1750 1747 1739 1739 1738
832.419983 1746 1736 1729 1715 1749 1733 1729 1740
832.440002 1742 1731 1748 1748 1747 1752 1732 1729
832.460999 1712 1738 1739 1751 1753 1742 1754 1747
832.481018 1723 1747 1748 1740 1741 1729 1746 1726
832.500977 1728 1748 1736 1762 1729 1752 1723 1739
832.521973 1731 1754 1758 1737 1755 1730 1737 1747
832.541992 1727 1741 1750 1757 1753 1734 1727 1744
832.562012 1738 1743 1739 1749 1760 1737 1735 1730
832.583008 1742 1734 1746 1758 1744 1739 1751 1723
832.603027 1729 1741 1755 1759 1751 1737 1723 1727
832.622986 1730 1740 1738 1750 1738 1751 1752 1726
832.643982 1735 1731 1739 1743 1752 1750 1738 1743
832.664001 1727 1722 1735 1751 1754 1745 1720 1732
832.684021 1728 1723 1749 1748 1754 1741 1748 1732
832.705017 1726 1736 1760 1772 1755 1749 1744 1739
832.724976 1730 1760 1745 1749 1752 1766 1741 1736
832.744995 1720 1713 1732 1743 1738 1739 1742 1734
832.765991 1727 1745 1751 1735 1737 1742 1732 1740
832.786011 1718 1731 1746 1741 1751 1721 1730 1725
832.80603 1711 1740 1749 1756 1732 1738 1737 1734
832.827026 1717 1734 1747 1740 1751 1729 1736 1725
832.846985 1723 1740 1736 1754 1741 1729 1723 1743
832.867004 1738 1725 1741 1732 1740 1733 1731 1741
832.888 1709 1727 1741 1731 1727 1723 1738 1718
832.90802 1711 1741 1734 1766 1761 1742 1727 1736
832.927979 1710 1713 1762 1733 1752 1755 1737 1738
832.948975 1716 1723 1732 1761 1742 1725 1727 1728
832.968994 1727 1752 1746 1743 1733 1745 1726 1731
832.989014 1723 1742 1748 1730 1737 1749 1732 1735
833.01001 1734 1738 1742 1740 1732 1729 1735 1738
833.030029 1719 1721 1736 1746 1740 1722 1697 1719
833.049988 1731 1729 1746 1733 1730 1726 1730 1744
833.070984 1716 1746 1746 1740 1742 1721 1752 1728
833.091003 1730 1738 1737 1741 1734 1738 1704 1732
833.111023 1732 1731 1744 1742 1751 1737 1719 1718
833.132019 1730 1727 1728 1749 1748 1725 1725 1725
833.151978 1719 1712 1737 1751 1734 1741 1734 1723
833.171997 1721 1730 1751 1745 1739 1742 1739 1727
833.192993 1720 1723 1733 1741 1729 1738 1731 1740
833.213013 1704 1747 1737 1725 1733 1740 1715 1732
833.232971 1732 1734 1736 1758 1742 1745 1734 1731
833.254028 1723 1724 1741 1746 1744 1735 1710 1725
833.273987 1730 1734 1724 1740 1744 1734 1731 1716
833.294006 1717 1718 1732 1737 1736 1751 1741 1717
833.315002 1714 1729 1739 1737 1743 1731 1725 1726
833.335022 1710 1731 1716 1740 1746 1725 1714 1715
833.35498 1731 1724 1736 1737 1730 1727 1718 1715
833.375977 1723 1721 1729 1734 1747 1730 1726 1735
833.395996 1718 1726 1738 1732 1739 1721 1729 1718
833.416016 1716 1733 1724 1744 1734 1734 1728 1715
833.437012 1712 1737 1699 1726 1733 1730 1745 1710
833.45697 1716 1715 1717 1723 1742 1725 1710 1715
833.47699 1722 1723 1710 1728 1721 1726 1716 1710
833.497009 1729 1720 1731 1736 1739 1712 1739 1710
833.518005 1734 1730 1749 1733 1749 1746 1748 1724
833.538025 1728 1717 1719 1729 1732 1726 1725 1721
833.557983 1719 1707 1724 1738 1737 1728 1705 1729
833.578979 1713 1724 1714 1730 1729 1722 1720 1717
833.598999 1720 1722 1729 1745 1724 1728 1712 1735
833.619019 1715 1713 1721 1730 1723 1732 1725 1713
833.640015 1718 1716 1734 1751 1743 1724 1723 1740
833.659973 1713 1707 1728 1736 1732 1717 1705 1720
833.679993 1730 1730 1749 1724 1722 1719 1719 1721
833.700989 1714 1711 1738 1740 1719 1725 1751 1738
833.721008 1723 1719 1742 1714 1738 1728 1715 1725
833.741028 1731 1735 1735 1742 1726 1719 1705 1725
833.762024 1732 1741 1726 1744 1740 1735 1718 1714
833.781982 1725 1710 1726 1732 1730 1717 1733 1714
833.802002 1706 1722 1727 1721 1724 1738 1717 1713
833.822021 1725 1715 1744 1733 1730 1730 1733 1725
833.843018 1711 1724 1755 1746 1727 1711 1716 1731
833.862976 1719 1723 1727 1730 1727 1722 1730 1716
833.882996 1738 1716 1717 1723 1758 1729 1729 1710
833.903992 1716 1736 1726 1733 1737 1728 1722 1730
833.924011 1705 1718 1728 1748 1733 1739 1723 1719
833.94397 1704 1710 1715 1730 1738 1731 1716 1720
833.965027 1714 1746 1736 1734 1718 1715 1722 1709
833.984985 1724 1723 1739 1746 1747 1711 1708 1727
834.005005 1711 1718 1729 1742 1739 1721 1719 1714
834.026001 1712 1741 1729 1736 1737 1722 1715 1716
834.046021 1717 1710 1717 1724 1728 1732 1717 1713
834.065979 1710 1720 1729 1731 1717 1727 1731 1716
834.085999 1719 1716 1725 1732 1736 1743 1723 1732
834.106995 1711 1716 1724 1745 1723 1737 1722 1727
834.127014 1734 1729 1732 1727 1736 1730 1732 1718
834.146973 1719 1717 1730 1737 1729 1726 1738 1723
834.16803 1721 1727 1727 1731 1720 1731 1696 1718
834.187988 1707 1729 1741 1724 1728 1729 1725 1728
834.208008 1720 1706 1731 1737 1740 1736 1734 1719
834.228027 1717 1724 1719 1743 1736 1719 1726 1728
834.249023 1711 1731 1723 1733 1751 1719 1716 1737
834.268982 1717 1736 1722 1764 1758 1731 1723 1722
834.289001 1724 1729 1723 1728 1726 1732 1711 1723
834.309998 1709 1725 1722 1735 1753 1710 1711 1725
834.330017 1706 1723 1728 1725 1738 1746 1719 1720
834.349976 1729 1709 1730 1746 1721 1722 1717 1718
834.369995 1709 1714 1742 1720 1726 1741 1728 1734
834.390991 1704 1723 1745 1737 1732 1735 1741 1705
834.411011 1707 1736 1738 1742 1733 1719 1725 1719
834.43103 1704 1721 1733 1732 1737 1737 1739 1734
834.452026 1737 1727 1738 1747 1737 1735 1720 1717
834.471985 1696 1726 1740 1734 1744 1711 1715 1716
834.492004 1715 1734 1729 1731 1741 1743 1723 1716
834.513 1729 1731 1731 1736 1749 1722 1731 1730
834.53302 1715 1735 1742 1738 1729 1728 1727 1707
834.552979 1733 1745 1752 1737 1718 1720 1739 1721
834.572998 1728 1728 1731 1729 1731 1730 1728 1707
834.593994 1726 1744 1736 1722 1756 1733 1718 1731
834.614014 1729 1722 1740 1730 1741 1732 1726 1723
834.633972 1734 1719 1751 1751 1732 1745 1711 1738
834.653992 1720 1723 1727 1743 1739 1723 1724 1727
834.674988 1726 1746 1748 1746 1748 1739 1720 1742
834.695007 1720 1728 1741 1742 1760 1749 1718 1737
834.715027 1731 1732 1744 1729 1744 1743 1735 1719
834.736023 1730 1727 1740 1743 1720 1740 1724 1722
834.755981 1714 1718 1737 1754 1747 1731 1731 1723
834.776001 1730 1741 1733 1734 1739 1741 1724 1740
834.796021 1731 1744 1738 1746 1758 1734 1713 1744
834.817017 1736 1737 1740 1757 1751 1734 1732 1738
834.836975 1738 1738 1736 1742 1748 1728 1734 1753
834.856995 1726 1748 1739 1758 1730 1744 1718 1724
834.877991 1736 1736 1746 1736 1729 1751 1723 1737
834.89801 1720 1737 1738 1738 1725 1730 1725 1732
834.91803 1721 1744 1750 1752 1768 1743 1732 1734
834.937988 1734 1736 1755 1765 1751 1748 1711 1724
834.958984 1728 1718 1738 1749 1748 1731 1743 1742
834.979004 1733 1735 1746 1758 1753 1740 1730 1722
834.999023 1728 1752 1747 1761 1739 1736 1720 1740
835.018982 1738 1731 1735 1753 1767 1747 1710 1744
835.039978 1740 1743 1742 1750 1727 1742 1736 1725
835.059998 1719 1717 1737 1767 1729 1730 1737 1713
835.080017 1714 1745 1744 1748 1743 1736 1714 1755
835.101013 1715 1726 1748 1745 1745 1733 1727 1743
835.120972 1747 1734 1739 1728 1758 1741 1722 1724
835.140991 1731 1737 1748 1744 1750 1724 1749 1730
835.161011 1729 1745 1753 1749 1748 1727 1732 1741
835.182007 1738 1719 1752 1747 1737 1750 1744 1726
835.202026 1725 1725 1754 1750 1741 1732 1710 1727
835.221985 1725 1739 1738 1732 1749 1767 1729 1746
835.242004 1720 1737 1740 1745 1746 1743 1752 1738
835.263 1750 1740 1734 1760 1751 1736 1724 1733
835.28302 1726 1738 1740 1755 1739 1735 1722 1733
835.302979 1728 1730 1732 1733 1745 1737 1717 1730
835.322998 1727 1739 1750 1733 1744 1725 1717 1742
835.343994 1732 1727 1735 1738 1743 1739 1745 1739
835.364014 1726 1735 1736 1751 1728 1729 1734 1731
835.383972 1740 1737 1747 1745 1747 1755 1733 1734
835.403992 1735 1732 1757 1748 1737 1746 1739 1742
835.424988 1744 1748 1759 1753 1748 1729 1738 1745
835.445007 1732 1742 1744 1737 1756 1748 1725 1718
835.465027 1732 1736 1740 1751 1757 1749 1743 1744
835.486023 1735 1758 1742 1751 1752 1745 1737 1721
835.505981 1734 1746 1722 1732 1743 1762 1742 1722
835.526001 1738 1732 1761 1750 1752 1740 1735 1730
835.546021 1727 1727 1720 1759 1747 1733 1724 1722
835.567017 1735 1737 1742 1759 1747 1742 1716 1727
835.586975 1730 1731 1757 1736 1755 1742 1724 1734
835.606995 1719 1745 1759 1756 1728 1737 1729 1717
835.627014 1722 1728 1741 1732 1748 1751 1735 1710
835.64801 1725 1739 1741 1746 1749 1748 1732 1731
835.66803 1721 1722 1747 1738 1734 1725 1714 1721
835.687988 1736 1717 1744 1747 1738 1730 1729 1723
835.708008 1735 1727 1734 1726 1746 1733 1753 1730
835.729004 1724 1740 1746 1741 1720 1725 1735 1726
835.749023 1728 1737 1750 1737 1757 1722 1735 1730
835.768982 1719 1734 1764 1737 1728 1737 1730 1734
835.789001 1738 1753 1746 1750 1747 1757 1737 1718
835.809998 1732 1740 1739 1738 1738 1751 1743 1722
835.830017 1735 1757 1757 1767 1748 1744 1730 1752
835.849976 1723 1734 1744 1750 1738 1750 1740 1726
835.869995 1733 1726 1732 1747 1744 1750 1730 1741
835.890991 1736 1728 1746 1734 1744 1737 1723 1739
835.911011 1735 1733 1758 1753 1754 1743 1725 1721
835.93103 1734 1748 1724 1747 1751 1728 1742 1734
835.950989 1728 1736 1755 1748 1749 1737 1741 1743
835.971985 1719 1741 1745 1781 1751 1745 1738 1723
835.992004 1730 1744 1747 1766 1754 1759 1740 1746
836.012024 1739 1743 1743 1740 1734 1775 1739 1750
836.031982 1730 1734 1737 1767 1761 1736 1737 1738
836.052002 1724 1753 1755 1745 1748 1753 1743 1732
836.072998 1724 1753 1753 1776 1768 1745 1737 1740
836.093018 1714 1729 1745 1774 1735 1744 1723 1744
836.112976 1736 1740 1754 1761 1737 1744 1727 1742
836.132996 1735 1754 1742 1752 1731 1740 1745 1734
836.153992 1725 1730 1766 1739 1742 1742 1743 1740
836.174011 1746 1750 1768 1751 1770 1723 1749 1730
836.19397 1746 1745 1736 1749 1758 1722 1718 1757
836.213989 1735 1714 1724 1732 1758 1734 1739 1733
836.234985 1736 1730 1744 1762 1748 1751 1747 1742
836.255005 1719 1733 1749 1750 1751 1727 1727 1741
836.275024 1730 1741 1739 1733 1750 1733 1721 1749
836.294983 1739 1720 1747 1747 1758 1728 1736 1723
836.315979 1736 1740 1742 1742 1767 1754 1732 1726
836.335999 1742 1734 1756 1758 1744 1746 1741 1732
836.356018 1733 1761 1747 1726 1741 1735 1738 1729
836.375977 1729 1742 1750 1750 1741 1747 1725 1735
836.395996 1723 1751 1738 1748 1748 1729 1720 1741
836.416992 1737 1736 1740 1749 1738 1750 1724 1722
836.437012 1727 1737 1748 1742 1737 1735 1739 1727
836.45697 1729 1728 1726 1744 1752 1729 1737 1745
836.47699 1733 1735 1746 1742 1752 1738 1744 1735
836.497986 1742 1723 1735 1750 1743 1730 1738 1734
836.518005 1720 1744 1755 1748 1754 1747 1740 1736
836.538025 1742 1732 1747 1741 1748 1733 1744 1733
836.557983 1731 1748 1747 1754 1759 1747 1734 1735
836.578979 1737 1734 1756 1740 1747 1753 1753 1747
836.598999 1740 1757 1753 1729 1742 1748 1725 1740
836.619019 1722 1737 1733 1734 1754 1752 1741 1727
836.638977 1732 1751 1742 1745 1754 1725 1735 1753
836.658997 1734 1744 1761 1752 1757 1738 1743 1742
836.679993 1727 1741 1762 1753 1735 1741 1741 1727
836.700012 1726 1730 1737 1748 1748 1755 1740 1746
836.719971 1729 1746 1736 1753 1743 1735 1731 1732
836.73999 1720 1736 1735 1755 1743 1745 1722 1721
836.760986 1722 1736 1734 1743 1752 1746 1737 1746
836.781006 1743 1740 1764 1745 1742 1741 1727 1744
836.801025 1727 1738 1737 1753 1746 1730 1753 1726
836.820984 1734 1752 1757 1773 1751 1737 1738 1731
836.841003 1717 1734 1753 1752 1759 1741 1723 1713
836.862 1734 1740 1739 1761 1769 1748 1741 1738
836.882019 1731 1724 1746 1753 1751 1750 1739 1743
836.901978 1738 1734 1739 1752 1731 1741 1725 1733
836.921997 1735 1734 1753 1746 1740 1739 1741 1738
836.942993 1752 1742 1731 1759 1751 1742 1736 1746
836.963013 1743 1724 1745 1761 1749 1751 1740 1745
836.982971 1739 1735 1765 1748 1747 1749 1720 1740
837.002991 1736 1750 1771 1768 1733 1760 1733 1735
837.02301 1749 1744 1749 1760 1754 1751 1764 1744
837.044006 1757 1737 1768 1789 1788 1760 1751 1756
837.064026 1747 1765 1780 1766 1763 1767 1757 1744
837.083984 1754 1773 1770 1764 1774 1788 1747 1756
837.104004 1747 1765 1787 1773 1764 1789 1742 1734
837.124023 1757 1759 1774 1761 1775 1761 1769 1748
837.14502 1755 1764 1777 1783 1781 1774 1755 1758
837.164978 1758 1757 1768 1763 1768 1765 1769 1767
837.184998 1766 1769 1772 1770 1757 1757 1774 1756
837.205017 1749 1761 1765 1790 1779 1757 1766 1765
837.224976 1761 1765 1760 1784 1792 1752 1754 1760
837.245972 1766 1788 1767 1785 1777 1776 1780 1768
837.265991 1750 1762 1759 1768 1768 1765 1749 1763
837.286011 1752 1765 1779 1765 1782 1773 1767 1776
837.30603 1752 1756 1780 1785 1767 1772 1765 1765
837.325989 1764 1757 1769 1770 1779 1779 1774 1766
837.346985 1756 1770 1776 1751 1764 1764 1744 1773
837.367004 1751 1762 1770 1781 1764 1762 1742 1752
837.387024 1768 1776 1776 1770 1779 1774 1768 1752
837.406982 1783 1764 1753 1754 1785 1787 1749 1761
837.427002 1773 1772 1756 1780 1769 1768 1762 1747
837.447998 1760 1758 1779 1770 1788 1750 1778 1768
837.468018 1765 1758 1757 1792 1769 1764 1768 1761
837.487976 1765 1757 1780 1766 1772 1772 1760 1763
837.507996 1760 1782 1784 1777 1774 1768 1759 1764
837.528992 1764 1779 1775 1765 1781 1765 1764 1760
837.549011 1758 1780 1777 1761 1763 1772 1765 1772
837.56897 1747 1771 1786 1776 1787 1763 1760 1760
837.588989 1769 1761 1799 1790 1782 1791 1753 1753
837.609009 1761 1766 1781 1764 1778 1770 1769 1763
837.629028 1759 1776 1798 1786 1790 1774 1750 1759
837.650024 1757 1782 1781 1768 1781 1788 1772 1775
837.669983 1763 1781 1771 1764 1791 1792 1762 1756
837.690002 1774 1770 1773 1768 1803 1785 1769 1771
837.710022 1771 1789 1763 1789 1786 1778 1778 1775
837.72998 1760 1784 1792 1758 1774 1788 1752 1787
837.750977 1786 1766 1781 1809 1785 1778 1766 1762
837.770996 1778 1770 1765 1795 1752 1758 1774 1763
837.791016 1792 1777 1782 1781 1775 1769 1785 1775
837.810974 1757 1768 1772 1789 1781 1780 1760 1782
837.830994 1778 1778 1779 1782 1775 1784 1775 1800
837.85199 1764 1778 1788 1791 1796 1776 1761 1781
837.872009 1774 1774 1772 1776 1776 1775 1765 1766
837.892029 1785 1780 1787 1787 1803 1790 1787 1784
837.911987 1761 1767 1804 1807 1789 1783 1781 1760
837.932007 1779 1798 1796 1789 1800 1788 1767 1780
837.953003 1770 1765 1801 1776 1786 1765 1767 1771
837.973022 1773 1805 1802 1792 1786 1783 1766 1781
837.992981 1759 1755 1786 1781 1773 1792 1796 1777
838.013 1786 1791 1788 1779 1800 1779 1776 1800
838.03302 1772 1782 1796 1810 1772 1777 1763 1784
838.052979 1768 1798 1788 1780 1794 1789 1783 1786
838.073975 1784 1786 1779 1789 1807 1782 1783 1776
838.093994 1773 1779 1781 1772 1793 1796 1790 1777
838.114014 1795 1790 1779 1817 1803 1783 1791 1787
838.133972 1782 1794 1799 1806 1800 1760 1768 1792
838.153992 1805 1797 1802 1824 1789 1801 1802 1776
838.174011 1770 1800 1785 1786 1788 1786 1777 1778
838.195007 1787 1781 1795 1808 1794 1799 1791 1793
838.215027 1788 1792 1807 1816 1802 1799 1797 1782
838.234985 1799 1781 1801 1800 1805 1777 1788 1774
838.255005 1776 1781 1789 1819 1788 1798 1790 1779
838.275024 1793 1797 1807 1794 1810 1802 1782 1799
838.296021 1789 1804 1798 1809 1812 1797 1802 1806
838.315979 1791 1779 1803 1799 1810 1804 1797 1775
838.335999 1774 1797 1779 1791 1809 1808 1791 1773
838.356018 1777 1801 1805 1797 1778 1793 1773 1775
838.375977 1782 1784 1809 1798 1798 1797 1771 1784
838.395996 1810 1786 1816 1802 1802 1809 1783 1794
838.416992 1773 1754 1809 1780 1775 1828 1778 1761
838.437012 1790 1805 1797 1789 1797 1794 1790 1775
838.45697 1778 1801 1809 1791 1801 1793 1780 1802
838.47699 1780 1804 1808 1810 1780 1799 1810 1781
838.497009 1792 1800 1808 1798 1806 1807 1788 1793
838.517029 1799 1793 1811 1820 1816 1792 1793 1776
838.538025 1776 1798 1797 1811 1785 1786 1798 1782
838.557983 1796 1787 1802 1832 1819 1809 1769 1779
838.578003 1797 1790 1792 1820 1794 1800 1804 1806
838.598022 1800 1799 1802 1814 1808 1790 1798 1780
838.617981 1779 1789 1803 1811 1787 1796 1799 1787
838.638 1793 1796 1803 1826 1804 1789 1794 1784
838.658997 1797 1803 1800 1828 1798 1791 1808 1789
838.679016 1803 1800 1800 1802 1801 1795 1774 1792
838.698975 1778 1788 1796 1786 1805 1794 1772 1786
838.718994 1804 1789 1799 1806 1840 1813 1786 1794
838.739014 1775 1797 1803 1834 1821 1805 1794 1794
838.758972 1796 1800 1796 1816 1831 1810 1795 1787
838.780029 1793 1787 1811 1828 1828 1828 1798 1793
838.799988 1781 1797 1815 1834 1823 1819 1780 1792
838.820007 1782 1788 1810 1831 1819 1815 1806 1791
838.840027 1781 1789 1817 1836 1822 1834 1797 1794
838.859985 1793 1790 1818 1807 1808 1824 1795 1796
838.880005 1806 1805 1839 1825 1837 1805 1799 1793
838.901001 1802 1791 1811 1818 1824 1816 1828 1789
838.921021 1799 1804 1823 1827 1845 1814 1829 1808
838.940979 1806 1805 1818 1840 1819 1834 1808 1788
838.960999 1788 1811 1820 1851 1832 1810 1805 1795
838.981018 1834 1820 1818 1822 1839 1842 1820 1801
839.000977 1810 1801 1829 1855 1844 1833 1817 1816
839.020996 1826 1825 1832 1839 1863 1829 1835 1782
839.041992 1797 1808 1835 1834 1818 1845 1806 1810
839.062012 1781 1838 1816 1846 1855 1847 1821 1813
839.08197 1819 1812 1843 1833 1839 1826 1813 1815
839.10199 1789 1807 1835 1844 1850 1831 1821 1811
839.122009 1812 1823 1835 1845 1854 1845 1815 1817
839.142029 1802 1828 1848 1852 1840 1834 1821 1822
839.161987 1811 1807 1828 1847 1860 1846 1813 1802
839.182983 1803 1822 1820 1857 1862 1840 1818 1823
839.203003 1828 1843 1832 1860 1854 1865 1834 1805
839.223022 1814 1811 1847 1835 1846 1838 1818 1821
839.242981 1828 1823 1843 1854 1863 1842 1836 1815
839.263 1808 1825 1843 1861 1863 1838 1847 1813
839.28302 1802 1828 1829 1855 1875 1840 1828 1828
839.304016 1825 1820 1831 1858 1854 1852 1838 1820
839.323975 1813 1828 1858 1855 1870 1830 1856 1854
839.343994 1821 1807 1839 1847 1862 1862 1829 1831
839.364014 1838 1848 1840 1859 1858 1845 1838 1821
839.383972 1833 1859 1863 1867 1879 1845 1846 1839
839.403992 1793 1856 1848 1873 1837 1871 1835 1836
839.424011 1828 1842 1865 1870 1849 1851 1839 1808
839.445007 1830 1842 1853 1862 1844 1866 1813 1840
839.465027 1833 1842 1861 1864 1876 1874 1834 1834
839.484985 1822 1821 1843 1856 1853 1852 1852 1836
839.505005 1840 1833 1871 1861 1867 1855 1844 1837
839.525024 1842 1837 1858 1857 1874 1856 1835 1823
839.544983 1837 1842 1861 1881 1867 1874 1845 1843
839.565002 1839 1837 1855 1880 1887 1853 1846 1839
839.585999 1836 1853 1862 1864 1878 1861 1842 1846
839.606018 1862 1855 1855 1882 1867 1872 1836 1849
839.625977 1863 1857 1864 1870 1894 1887 1874 1858
839.645996 1847 1872 1872 1871 1879 1859 1872 1848
839.666016 1855 1852 1877 1881 1893 1885 1876 1867
839.685974 1869 1866 1859 1880 1892 1877 1873 1869
839.705994 1885 1872 1885 1887 1900 1904 1876 1865
839.726013 1870 1880 1875 1927 1907 1890 1878 1862
839.747009 1860 1886 1860 1881 1893 1890 1870 1862
839.767029 1852 1863 1877 1892 1896 1875 1886 1868
839.786987 1872 1881 1864 1886 1917 1886 1882 1867
839.807007 1865 1864 1880 1907 1908 1902 1864 1873
839.827026 1885 1871 1884 1898 1906 1887 1904 1869
839.846985 1880 1873 1894 1899 1890 1906 1878 1874
839.867004 1879 1896 1892 1928 1923 1911 1888 1900
839.887024 1902 1880 1905 1920 1920 1918 1884 1884
839.90802 1872 1869 1882 1903 1928 1929 1912 1907
839.927979 1876 1893 1901 1915 1927 1919 1920 1884
839.947998 1901 1895 1903 1903 1934 1917 1921 1899
839.968018 1911 1905 1920 1893 1934 1922 1906 1909
839.987976 1900 1885 1926 1933 1942 1927 1916 1888
840.007996 1907 1898 1927 1920 1970 1915 1917 1877
840.028015 1878 1889 1930 1933 1919 1939 1901 1898
840.047974 1908 1914 1954 1920 1942 1941 1915 1913
840.06897 1922 1904 1929 1956 1963 1940 1914 1920
840.088989 1917 1925 1943 1938 1990 1954 1939 1931
840.109009 1918 1933 1956 1944 1953 1944 1919 1928
840.129028 1918 1924 1940 1956 1975 1947 1916 1924
840.148987 1933 1918 1963 1941 1956 1941 1928 1942
840.169006 1897 1970 1942 1954 1955 1951 1891 1953
840.189026 1927 1906 1932 1963 1955 1969 1935 1936
840.208984 1923 1941 1929 1979 1953 1959 1911 1915
840.22998 1918 1939 1922 1950 1957 1973 1936 1933
840.25 1905 1903 1945 1965 1984 1953 1947 1892
840.27002 1886 1931 1942 1961 1959 1951 1928 1905
840.289978 1916 1933 1955 1965 1958 1957 1922 1949
840.309998 1929 1911 1974 1971 1970 1941 1944 1939
840.330017 1933 1922 1952 1989 1976 1945 1934 1934
840.349976 1934 1923 1939 1953 1986 1949 1932 1912
840.369995 1900 1935 1947 1969 1943 1969 1928 1913
840.390015 1910 1937 1927 1951 1956 1941 1906 1930
840.411011 1898 1912 1954 1947 1953 1964 1928 1915
840.43103 1900 1918 1894 1968 1944 1928 1894 1913
840.450989 1914 1916 1931 1953 1934 1943 1920 1910
840.471008 1911 1910 1929 1959 1933 1923 1918 1929
840.491028 1898 1913 1937 1938 1944 1924 1897 1891
840.510986 1893 1913 1943 1924 1948 1939 1901 1904
840.531006 1910 1905 1925 1930 1936 1912 1910 1901
840.551025 1902 1900 1919 1929 1926 1935 1895 1906
840.570984 1895 1902 1922 1916 1948 1894 1887 1916
840.59198 1888 1867 1903 1929 1925 1904 1895 1897
840.612 1899 1889 1881 1936 1916 1939 1888 1890
840.632019 1883 1886 1915 1916 1900 1908 1903 1863
840.651978 1881 1893 1909 1903 1909 1895 1882 1898
840.671997 1874 1895 1866 1909 1871 1900 1866 1866
840.692017 1874 1868 1878 1901 1910 1876 1882 1865
840.711975 1878 1864 1855 1883 1854 1865 1873 1874
840.731995 1854 1841 1868 1863 1878 1862 1845 1859
840.752014 1860 1871 1859 1865 1853 1864 1877 1843
840.771973 1850 1841 1855 1854 1870 1844 1850 1863
840.79303 1841 1839 1864 1859 1860 1860 1842 1848
840.812988 1848 1831 1874 1843 1839 1850 1865 1841
840.833008 1842 1825 1857 1835 1836 1826 1846 1842
840.853027 1844 1852 1841 1850 1831 1833 1828 1848
840.872986 1813 1840 1826 1824 1839 1831 1843 1843
840.893005 1799 1811 1827 1816 1832 1827 1826 1804
840.913025 1802 1801 1835 1819 1839 1837 1811 1803
840.932983 1806 1822 1807 1826 1827 1808 1825 1811
840.953003 1816 1811 1825 1814 1817 1797 1799 1802
840.973022 1828 1803 1817 1825 1810 1802 1798 1800
840.994019 1793 1793 1790 1837 1826 1812 1792 1798
841.013977 1777 1810 1802 1792 1803 1792 1788 1802
841.033997 1788 1801 1811 1812 1802 1798 1785 1794
841.054016 1798 1794 1807 1792 1790 1790 1810 1794
841.073975 1786 1786 1774 1781 1786 1775 1785 1793
841.093994 1777 1778 1796 1783 1774 1789 1775 1774
841.114014 1777 1782 1797 1796 1789 1781 1770 1771
841.133972 1780 1765 1783 1790 1764 1783 1771 1784
841.153992 1797 1760 1785 1791 1793 1770 1754 1786
841.174011 1778 1777 1784 1784 1777 1771 1787 1781
841.19397 1768 1781 1785 1769 1777 1773 1771 1777
841.215027 1782 1765 1772 1796 1775 1782 1776 1776
841.234985 1784 1747 1764 1781 1794 1775 1758 1764
841.255005 1768 1769 1774 1786 1766 1759 1766 1764
841.275024 1760 1779 1788 1759 1782 1761 1757 1758
841.294983 1764 1766 1768 1788 1771 1759 1766 1756
841.315002 1751 1773 1772 1772 1767 1764 1773 1768
841.335022 1754 1758 1777 1770 1773 1771 1757 1755
841.35498 1787 1756 1777 1763 1772 1765 1764 1748
841.375 1748 1767 1771 1769 1768 1774 1752 1758
841.39502 1750 1781 1763 1767 1767 1783 1770 1767
841.414978 1755 1773 1774 1760 1770 1755 1750 1773
841.434998 1764 1763 1775 1776 1787 1780 1757 1765
841.455994 1760 1768 1759 1755 1768 1774 1755 1765
841.476013 1753 1764 1752 1769 1760 1776 1758 1765
841.495972 1755 1766 1766 1767 1783 1766 1762 1755
841.515991 1770 1776 1761 1790 1778 1762 1771 1766
841.536011 1739 1750 1762 1772 1786 1758 1749 1759
841.55603 1768 1754 1773 1771 1772 1748 1752 1775
841.575989 1738 1768 1782 1773 1763 1763 1771 1765
841.596008 1750 1761 1765 1786 1766 1761 1750 1774
841.616028 1738 1760 1776 1783 1774 1780 1760 1765
841.635986 1755 1753 1776 1785 1769 1751 1756 1756
841.656006 1761 1765 1758 1762 1761 1765 1759 1752
841.676025 1755 1750 1788 1757 1768 1766 1759 1757
841.695984 1762 1745 1753 1773 1749 1757 1759 1761
841.716003 1763 1765 1759 1761 1776 1748 1753 1737
841.737 1765 1754 1760 1759 1773 1757 1743 1751
841.757019 1744 1749 1761 1770 1757 1780 1759 1753
841.776978 1753 1758 1751 1772 1773 1753 1744 1766
841.796997 1749 1766 1762 1763 1772 1745 1762 1755
841.817017 1751 1770 1761 1763 1763 1754 1759 1753
841.836975 1755 1750 1765 1748 1748 1772 1756 1736
841.856995 1769 1749 1757 1777 1771 1763 1744 1745
841.877014 1765 1756 1770 1756 1763 1762 1750 1767
841.896973 1741 1750 1763 1766 1761 1762 1752 1749
841.916992 1753 1762 1765 1755 1765 1761 1751 1744
841.937012 1753 1750 1755 1781 1768 1769 1742 1744
841.95697 1738 1746 1746 1792 1752 1761 1767 1754
841.97699 1764 1751 1764 1775 1774 1754 1755 1744
841.997009 1764 1751 1776 1759 1758 1750 1760 1738
842.018005 1758 1764 1757 1772 1773 1747 1757 1761
842.038025 1747 1751 1764 1764 1776 1757 1743 1761
842.057983 1742 1751 1760 1775 1760 1773 1737 1766
842.078003 1733 1738 1773 1769 1756 1737 1752 1744
842.098022 1754 1760 1765 1756 1752 1741 1752 1754
842.117981 1741 1741 1739 1753 1762 1737 1744 1744
842.138 1745 1747 1755 1767 1772 1745 1743 1748
842.15802 1758 1765 1754 1760 1750 1740 1759 1738
842.177979 1730 1739 1762 1735 1753 1742 1733 1729
842.197998 1735 1752 1750 1752 1752 1746 1731 1740
842.218018 1726 1754 1766 1749 1745 1742 1744 1732
842.237976 1732 1759 1761 1764 1756 1749 1738 1754
842.257996 1744 1737 1747 1756 1771 1746 1734 1734
842.278015 1747 1754 1755 1736 1743 1759 1749 1742
842.297974 1731 1746 1751 1756 1757 1753 1734 1759
842.317993 1740 1762 1757 1760 1748 1766 1742 1762
842.338013 1737 1747 1767 1778 1761 1749 1746 1769
842.357971 1743 1740 1747 1751 1750 1757 1737 1732
842.379028 1748 1763 1742 1757 1758 1744 1740 1754
842.398987 1761 1730 1767 1774 1768 1735 1734 1751
842.419006 1740 1753 1775 1758 1770 1749 1763 1722
842.439026 1745 1739 1755 1738 1761 1757 1734 1747
842.458984 1746 1754 1761 1748 1754 1748 1743 1740
842.479004 1740 1735 1758 1751 1743 1751 1741 1744
842.499023 1749 1739 1764 1765 1750 1760 1741 1733
842.518982 1732 1754 1772 1753 1752 1755 1749 1733
842.539001 1748 1729 1740 1762 1757 1758 1731 1758
842.559021 1738 1762 1772 1757 1762 1755 1721 1741
842.578979 1749 1736 1755 1758 1760 1756 1755 1727
842.598999 1734 1738 1738 1756 1754 1757 1752 1738
842.619019 1735 1760 1749 1751 1754 1772 1730 1754
842.638977 1740 1745 1755 1747 1736 1751 1754 1741
842.658997 1757 1758 1752 1773 1760 1757 1739 1753
842.679016 1738 1758 1763 1760 1754 1757 1755 1748
842.698975 1756 1748 1743 1766 1756 1738 1730 1739
842.718994 1741 1749 1752 1781 1766 1770 1754 1736
842.739014 1744 1754 1749 1771 1768 1754 1740 1755
842.758972 1722 1758 1774 1757 1757 1739 1748 1760
842.778992 1750 1747 1770 1779 1741 1772 1756 1749
842.799011 1749 1752 1771 1762 1753 1745 1762 1767
842.820007 1747 1758 1771 1751 1752 1746 1736 1757
842.840027 1743 1755 1741 1773 1786 1754 1754 1740
842.859985 1762 1756 1757 1775 1759 1768 1757 1770
842.880005 1737 1742 1759 1773 1762 1781 1751 1753
842.900024 1759 1763 1767 1770 1766 1751 1751 1751
842.919983 1765 1765 1764 1768 1751 1743 1769 1760
842.940002 1742 1748 1748 1765 1759 1749 1753 1747
842.960022 1746 1769 1758 1751 1762 1751 1751 1759
842.97998 1730 1737 1749 1752 1765 1734 1760 1748
843 1736 1748 1772 1762 1780 1773 1757 1748
843.02002 1759 1750 1784 1758 1772 1759 1750 1769
843.039978 1756 1763 1753 1774 1772 1750 1771 1747
843.059998 1750 1747 1755 1782 1780 1768 1777 1752
843.080017 1749 1754 1742 1776 1759 1759 1759 1760
843.099976 1743 1740 1764 1759 1770 1761 1756 1756
843.119995 1746 1751 1759 1758 1755 1733 1754 1756
843.140015 1736 1753 1763 1769 1760 1750 1752 1740
843.159973 1737 1753 1753 1757 1748 1768 1747 1752
843.179993 1757 1754 1750 1770 1755 1751 1761 1763
843.200012 1743 1752 1752 1768 1757 1758 1756 1736
843.219971 1757 1765 1752 1769 1748 1752 1745 1759
843.23999 1753 1758 1769 1768 1761 1758 1755 1737
843.26001 1749 1751 1761 1766 1752 1749 1740 1755
843.280029 1737 1743 1767 1750 1757 1768 1740 1767
843.299988 1748 1759 1756 1759 1735 1771 1744 1761
843.320007 1731 1763 1754 1754 1775 1750 1737 1765
843.340027 1749 1759 1740 1759 1755 1753 1766 1754
843.359985 1741 1739 1750 1745 1759 1745 1766 1758
843.380005 1749 1731 1775 1757 1762 1760 1738 1763
843.400024 1735 1746 1760 1753 1740 1747 1757 1728
843.419983 1751 1735 1761 1751 1760 1755 1739 1756
843.440002 1759 1744 1778 1770 1753 1764 1726 1751
843.460022 1746 1759 1768 1776 1746 1750 1745 1726
843.47998 1751 1764 1761 1766 1780 1755 1751 1751
843.5 1744 1745 1757 1765 1745 1761 1754 1747
843.52002 1740 1748 1753 1762 1751 1740 1762 1752
843.539978 1778 1754 1758 1751 1750 1759 1751 1743
843.559998 1765 1740 1752 1755 1762 1769 1741 1755
843.580994 1737 1766 1749 1742 1761 1751 1752 1761
843.601013 1762 1765 1764 1749 1741 1751 1745 1737
843.620972 1743 1739 1758 1753 1773 1752 1743 1758
843.640991 1740 1739 1757 1777 1760 1763 1755 1757
843.661011 1738 1757 1749 1764 1751 1752 1772 1738
843.68103 1749 1764 1754 1758 1774 1755 1753 1768
843.700989 1737 1743 1751 1780 1765 1760 1761 1763
843.721008 1739 1758 1762 1753 1763 1760 1761 1755
843.741028 1748 1736 1759 1759 1762 1766 1743 1755
843.760986 1747 1746 1759 1764 1753 1753 1749 1758
843.781006 1740 1766 1761 1758 1769 1765 1732 1760
843.801025 1762 1757 1751 1782 1746 1754 1744 1743
843.820984 1735 1758 1766 1768 1762 1759 1752 1742
843.841003 1734 1758 1769 1778 1767 1751 1764 1755
843.861023 1753 1761 1747 1757 1762 1740 1750 1751
843.880981 1740 1766 1734 1757 1751 1738 1753 1742
843.901001 1749 1756 1771 1757 1763 1740 1736 1739
843.921021 1753 1752 1772 1770 1752 1747 1765 1758
843.940979 1749 1749 1759 1768 1751 1762 1754 1761
843.960999 1748 1751 1747 1776 1759 1753 1739 1754
843.981018 1740 1761 1757 1751 1747 1770 1748 1756
844.000977 1739 1753 1751 1764 1761 1745 1746 1728
844.020996 1746 1740 1750 1766 1764 1740 1755 1761
844.041016 1737 1760 1754 1771 1743 1761 1738 1739
844.060974 1746 1742 1766 1766 1768 1739 1754 1755
844.080994 1743 1744 1751 1762 1746 1752 1739 1740
844.101013 1749 1762 1758 1776 1772 1749 1731 1745
844.120972 1729 1756 1756 1746 1740 1751 1738 1744
844.140991 1762 1746 1747 1769 1748 1743 1743 1743
844.161011 1742 1768 1755 1752 1780 1753 1737 1742
844.18103 1740 1762 1766 1761 1751 1737 1753 1747
844.200989 1741 1743 1752 1747 1768 1749 1764 1756
844.221008 1759 1732 1751 1742 1759 1782 1739 1745
844.241028 1747 1743 1763 1771 1750 1760 1754 1746
844.260986 1750 1765 1763 1758 1754 1751 1724 1732
844.281006 1761 1744 1742 1750 1766 1756 1747 1758
844.301025 1744 1749 1774 1756 1764 1748 1759 1746
844.320984 1752 1765 1761 1754 1751 1773 1753 1746
844.341003 1750 1755 1766 1751 1748 1753 1738 1745
844.361023 1761 1736 1755 1743 1750 1771 1743 1758
844.380981 1741 1746 1751 1773 1757 1759 1751 1743
844.401001 1744 1758 1768 1768 1745 1751 1754 1726
844.421021 1753 1735 1729 1763 1754 1763 1734 1747
844.440979 1734 1737 1736 1758 1767 1756 1740 1748
844.460999 1736 1724 1766 1748 1755 1759 1745 1729
844.481018 1749 1756 1730 1763 1734 1750 1750 1722
844.500977 1752 1739 1748 1738 1737 1752 1740 1747
844.520996 1729 1745 1747 1750 1741 1740 1743 1745
844.541016 1749 1750 1747 1753 1737 1740 1740 1740
844.559998 1726 1746 1759 1756 1736 1763 1748 1756
844.580017 1739 1750 1761 1748 1767 1769 1733 1739
844.599976 1743 1731 1744 1771 1752 1739 1737 1750
844.619995 1742 1750 1751 1754 1740 1736 1721 1737
844.640015 1741 1759 1746 1745 1744 1750 1732 1760
844.659973 1769 1758 1758 1747 1753 1736 1723 1729
844.679993 1724 1737 1733 1736 1743 1759 1741 1732
844.700012 1738 1744 1772 1740 1757 1747 1730 1749
844.719971 1720 1757 1742 1762 1748 1756 1733 1740
844.73999 1729 1755 1718 1739 1762 1743 1735 1712
844.76001 1737 1726 1743 1737 1739 1751 1743 1727
844.780029 1760 1744 1735 1716 1751 1726 1747 1744
844.799988 1729 1743 1749 1750 1760 1755 1739 1735
844.820007 1732 1731 1770 1740 1740 1751 1741 1731
844.840027 1746 1744 1756 1750 1724 1740 1737 1733
844.859985 1744 1741 1731 1755 1753 1747 1747 1756
844.880005 1743 1745 1758 1758 1752 1751 1749 1750
844.900024 1727 1742 1735 1735 1743 1749 1726 1729
844.919983 1740 1755 1763 1741 1743 1733 1733 1721
844.940002 1743 1737 1736 1742 1731 1760 1743 1727
844.960022 1741 1746 1762 1745 1751 1708 1723 1748
844.97998 1726 1727 1759 1741 1751 1736 1738 1744
845 1721 1753 1736 1723 1737 1737 1729 1748
845.02002 1738 1741 1733 1755 1738 1744 1747 1733
845.039978 1739 1751 1751 1749 1719 1738 1726 1743
845.059998 1732 1740 1749 1728 1742 1745 1752 1735
845.080017 1725 1739 1774 1755 1764 1726 1749 1733
845.099976 1733 1752 1749 1759 1754 1754 1746 1727
845.119995 1744 1740 1743 1724 1748 1750 1744 1734
845.140015 1730 1731 1750 1751 1746 1750 1740 1717
845.159973 1730 1739 1738 1761 1757 1732 1735 1751
845.179993 1727 1742 1724 1744 1745 1741 1745 1737
845.200012 1745 1736 1743 1752 1742 1753 1752 1717
845.219971 1743 1749 1758 1754 1748 1757 1740 1720
845.23999 1733 1761 1762 1748 1774 1746 1722 1724
845.26001 1723 1754 1753 1758 1736 1745 1750 1755
845.280029 1743 1725 1742 1755 1757 1743 1741 1734
845.299011 1757 1741 1733 1750 1755 1739 1748 1722
845.31897 1750 1755 1729 1741 1755 1750 1731 1738
845.338989 1747 1757 1745 1768 1739 1742 1737 1767
845.359009 1752 1749 1752 1748 1746 1762 1721 1743
845.379028 1745 1754 1752 1743 1764 1754 1746 1757
845.398987 1750 1755 1758 1738 1738 1764 1757 1746
845.419006 1738 1760 1737 1753 1745 1744 1756 1765
845.439026 1750 1750 1740 1747 1778 1759 1759 1755
845.458984 1737 1764 1761 1756 1770 1756 1753 1740
845.479004 1754 1748 1752 1763 1758 1737 1770 1746
845.499023 1745 1748 1725 1771 1758 1735 1748 1736
845.518982 1741 1758 1767 1746 1749 1749 1755 1757
845.539001 1749 1757 1762 1762 1770 1760 1748 1751
845.559021 1767 1752 1747 1746 1783 1753 1773 1752
845.578979 1766 1765 1774 1781 1761 1748 1757 1762
845.598999 1765 1775 1750 1791 1750 1770 1743 1751
845.619019 1760 1779 1775 1766 1765 1760 1752 1763
845.638977 1758 1758 1767 1750 1778 1764 1776 1766
845.658997 1767 1762 1765 1770 1765 1769 1739 1767
845.679016 1745 1755 1776 1762 1760 1773 1755 1763
845.698975 1745 1754 1761 1766 1780 1766 1764 1750
845.718994 1755 1766 1753 1756 1766 1758 1745 1765
845.737976 1758 1761 1756 1775 1760 1775 1756 1767
845.757996 1749 1762 1795 1768 1760 1746 1755 1784
845.778015 1749 1757 1770 1764 1763 1770 1749 1751
845.797974 1764 1756 1762 1760 1768 1763 1747 1770
845.817993 1759 1751 1764 1756 1765 1771 1757 1771
845.838013 1756 1766 1760 1767 1772 1762 1745 1770
845.857971 1750 1748 1768 1745 1760 1765 1740 1765
845.877991 1768 1774 1765 1787 1756 1758 1759 1762
845.89801 1756 1757 1780 1763 1787 1768 1759 1756
845.91803 1772 1768 1765 1759 1757 1759 1762 1791
845.937988 1760 1758 1751 1761 1768 1762 1760 1778
845.958008 1750 1757 1776 1774 1760 1776 1759 1762
845.978027 1761 1767 1768 1753 1761 1777 1768 1754
845.997986 1768 1762 1752 1754 1764 1775 1755 1758
846.018005 1761 1763 1763 1760 1764 1760 1772 1784
846.038025 1771 1752 1766 1759 1761 1774 1768 1767
846.057983 1748 1756 1765 1765 1752 1782 1754 1763
846.078003 1761 1768 1788 1760 1767 1756 1750 1779
846.096985 1768 1757 1770 1776 1776 1760 1764 1747
846.117004 1775 1774 1760 1767 1769 1768 1757 1756
846.137024 1759 1766 1766 1773 1772 1760 1751 1742
846.156982 1755 1775 1769 1766 1770 1760 1746 1776
846.177002 1743 1770 1771 1749 1768 1773 1765 1749
846.197021 1763 1758 1770 1789 1757 1761 1749 1768
846.21698 1756 1766 1758 1762 1763 1756 1745 1747
846.237 1765 1786 1759 1758 1757 1759 1761 1754
846.257019 1774 1776 1753 1761 1764 1759 1756 1771
846.276978 1750 1750 1762 1767 1767 1770 1747 1763
846.296997 1756 1775 1763 1775 1776 1750 1745 1771
846.317017 1746 1777 1775 1768 1784 1769 1753 1749
846.336975 1752 1762 1752 1767 1773 1750 1763 1753
846.356995 1758 1765 1758 1750 1768 1765 1751 1765
846.377014 1747 1755 1755 1762 1779 1765 1754 1767
846.395996 1761 1762 1755 1767 1764 1784 1766 1763
846.416016 1755 1788 1775 1771 1751 1769 1775 1767
846.435974 1753 1758 1785 1758 1769 1750 1770 1767
846.455994 1757 1753 1760 1767 1778 1768 1752 1756
846.476013 1761 1752 1762 1783 1778 1782 1772 1737
846.495972 1759 1752 1772 1775 1767 1767 1775 1749
846.515991 1766 1768 1766 1784 1783 1764 1778 1775
846.536011 1738 1772 1770 1740 1765 1764 1770 1757
846.55603 1767 1766 1737 1776 1749 1764 1781 1758
846.575989 1740 1756 1755 1769 1770 1765 1753 1781
846.596008 1757 1747 1776 1769 1766 1747 1747 1760
846.616028 1772 1765 1763 1751 1755 1752 1761 1762
846.63501 1741 1765 1778 1764 1763 1765 1755 1768
846.655029 1747 1746 1758 1749 1756 1756 1750 1746
846.674988 1747 1768 1761 1748 1760 1774 1744 1741
846.695007 1744 1763 1738 1771 1742 1774 1741 1753
846.715027 1738 1752 1767 1764 1772 1769 1756 1745
846.734985 1739 1737 1771 1784 1775 1740 1758 1744
846.755005 1746 1749 1771 1737 1757 1743 1732 1753
846.775024 1747 1757 1763 1752 1758 1749 1749 1755
846.794983 1761 1759 1754 1763 1750 1745 1733 1744
846.815002 1763 1777 1754 1767 1750 1751 1757 1758
846.835022 1750 1753 1752 1762 1750 1748 1766 1774
846.85498 1740 1753 1755 1761 1753 1767 1751 1759
846.875 1757 1754 1751 1755 1763 1750 1754 1776
846.893982 1737 1785 1772 1759 1749 1749 1750 1755
846.914001 1747 1753 1767 1754 1755 1763 1775 1754
846.934021 1759 1754 1770 1753 1741 1763 1752 1759
846.953979 1753 1784 1766 1747 1755 1759 1754 1778
846.973999 1768 1764 1761 1767 1747 1780 1772 1762
846.994019 1759 1765 1762 1767 1775 1774 1762 1742
847.013977 1756 1781 1770 1766 1764 1762 1751 1750
847.033997 1760 1754 1792 1768 1789 1765 1751 1764
847.054016 1760 1760 1753 1762 1755 1756 1769 1732
847.073975 1755 1782 1767 1777 1759 1771 1760 1748
847.093994 1776 1743 1756 1747 1766 1754 1757 1757
847.112976 1756 1760 1747 1763 1762 1771 1758 1776
847.132996 1755 1768 1762 1756 1775 1768 1768 1759
847.153015 1753 1781 1764 1758 1755 1746 1762 1755
847.172974 1757 1764 1759 1784 1768 1760 1745 1766
847.192993 1765 1766 1776 1776 1772 1774 1769 1748
847.213013 1741 1752 1767 1761 1756 1783 1772 1756
847.232971 1753 1763 1769 1755 1751 1759 1766 1767
847.252991 1759 1783 1752 1769 1756 1763 1754 1759
847.27301 1749 1773 1759 1755 1767 1760 1757 1749
847.29303 1763 1770 1767 1749 1743 1753 1755 1760
847.312012 1748 1762 1762 1762 1769 1765 1746 1753
847.33197 1742 1749 1777 1765 1775 1751 1747 1791
847.35199 1752 1764 1748 1760 1755 1760 1764 1738
847.372009 1736 1741 1766 1767 1762 1749 1749 1762
847.392029 1740 1751 1768 1754 1767 1756 1774 1750
847.411987 1739 1746 1761 1753 1750 1759 1748 1740
847.432007 1751 1773 1765 1743 1762 1760 1742 1742
847.452026 1738 1748 1747 1751 1755 1762 1748 1751
847.471985 1755 1752 1756 1761 1762 1736 1747 1737
847.492004 1750 1760 1760 1749 1766 1747 1761 1737
847.510986 1749 1756 1758 1749 1752 1761 1742 1741
847.531006 1740 1766 1752 1764 1746 1742 1750 1753
847.551025 1728 1741 1736 1748 1736 1738 1734 1743
847.570984 1751 1747 1752 1746 1762 1741 1765 1750
847.591003 1748 1755 1757 1754 1730 1734 1742 1750
847.611023 1747 1755 1774 1747 1751 1760 1739 1751
847.630981 1744 1746 1737 1739 1756 1744 1766 1729
847.651001 1743 1741 1746 1740 1736 1743 1725 1744
847.669983 1756 1758 1741 1756 1738 1761 1757 1755
847.690002 1758 1755 1762 1751 1762 1747 1778 1746
847.710022 1747 1747 1754 1777 1763 1753 1763 1740
847.72998 1749 1758 1759 1761 1757 1761 1753 1742
847.75 1744 1757 1761 1761 1763 1762 1738 1764
847.77002 1761 1757 1731 1735 1758 1743 1741 1744
847.789978 1754 1748 1755 1760 1762 1759 1759 1750
847.809998 1745 1735 1745 1753 1750 1753 1768 1745
847.830017 1762 1753 1778 1765 1757 1753 1764 1744
847.848999 1759 1749 1745 1755 1743 1755 1750 1753
847.869019 1753 1761 1756 1765 1786 1740 1738 1738
847.888977 1741 1772 1759 1762 1772 1770 1757 1754
847.908997 1757 1750 1765 1780 1759 1763 1743 1761
847.929016 1749 1759 1747 1756 1753 1776 1757 1750
847.948975 1747 1746 1756 1767 1755 1765 1734 1762
847.968994 1747 1768 1756 1773 1751 1761 1746 1743
847.989014 1749 1757 1776 1764 1767 1756 1771 1753
848.007996 1746 1764 1748 1756 1774 1750 1765 1779
848.028015 1764 1773 1769 1761 1752 1761 1770 1741
848.047974 1753 1774 1768 1765 1762 1759 1756 1759
848.067993 1756 1759 1760 1764 1770 1769 1775 1764
848.088013 1755 1747 1782 1770 1751 1763 1760 1769
848.107971 1744 1751 1756 1768 1759 1760 1753 1765
848.127991 1784 1763 1776 1773 1765 1774 1761 1753
848.14801 1771 1770 1777 1766 1756 1756 1764 1761
848.166992 1772 1764 1761 1742 1763 1749 1752 1773
848.187012 1768 1761 1767 1769 1771 1785 1767 1765
848.20697 1771 1770 1768 1786 1768 1752 1759 1757
848.22699 1773 1749 1791 1772 1775 1766 1761 1776
848.247009 1755 1757 1773 1751 1766 1763 1745 1750
848.267029 1747 1779 1789 1780 1760 1787 1793 1776
848.286987 1767 1769 1796 1756 1780 1768 1766 1786
848.307007 1754 1776 1779 1781 1755 1781 1772 1758
848.325989 1770 1763 1770 1785 1767 1768 1764 1757
848.346008 1748 1778 1788 1769 1761 1768 1778 1773
848.366028 1771 1755 1783 1763 1770 1767 1787 1759
848.385986 1766 1785 1792 1779 1796 1776 1767 1775
848.406006 1759 1757 1776 1759 1751 1765 1790 1765
848.426025 1765 1766 1779 1775 1788 1760 1783 1770
848.445984 1769 1779 1789 1784 1793 1765 1748 1766
848.466003 1774 1781 1777 1769 1782 1769 1772 1766
848.484985 1772 1780 1779 1773 1777 1777 1764 1776
848.505005 1770 1785 1776 1792 1767 1789 1777 1772
848.525024 1761 1777 1785 1755 1776 1770 1783 1773
848.544983 1770 1755 1773 1766 1778 1783 1770 1771
848.565002 1775 1768 1780 1770 1781 1794 1759 1765
848.585022 1762 1766 1776 1769 1788 1766 1784 1750
848.604004 1770 1769 1776 1767 1785 1760 1770 1763
848.624023 1769 1768 1780 1772 1776 1760 1757 1775
848.643982 1772 1769 1780 1771 1783 1779 1769 1772
848.664001 1767 1768 1764 1780 1768 1765 1763 1769
848.684021 1767 1759 1795 1760 1774 1775 1762 1782
848.703979 1776 1764 1777 1793 1777 1779 1782 1751
848.723999 1772 1753 1775 1786 1758 1773 1753 1781
848.742981 1781 1768 1792 1763 1769 1767 1776 1783
848.763 1762 1761 1780 1764 1775 1769 1771 1765
848.78302 1757 1765 1774 1746 1770 1766 1767 1775
848.802979 1782 1770 1743 1754 1784 1783 1780 1794
848.822998 1769 1757 1766 1765 1761 1743 1761 1763
848.843018 1781 1769 1785 1779 1772 1788 1773 1782
848.862976 1786 1764 1791 1773 1794 1787 1782 1775
848.882019 1788 1784 1792 1789 1792 1768 1794 1797
848.901978 1795 1789 1772 1792 1794 1769 1770 1765
848.921997 1774 1791 1792 1780 1776 1794 1787 1780
848.942017 1774 1792 1799 1785 1789 1795 1782 1773
848.961975 1775 1793 1784 1805 1795 1779 1799 1793
848.981995 1789 1768 1779 1794 1802 1790 1774 1782
849.002014 1792 1802 1772 1793 1780 1780 1782 1778
849.020996 1785 1783 1793 1797 1807 1765 1776 1776
849.041016 1788 1777 1794 1794 1776 1784 1780 1785
849.060974 1798 1762 1788 1763 1794 1797 1767 1789
849.080994 1760 1773 1785 1785 1767 1782 1782 1765
849.101013 1775 1764 1797 1778 1794 1794 1783 1800
849.120972 1784 1791 1800 1781 1791 1779 1775 1773
849.140015 1794 1767 1795 1802 1780 1778 1795 1770
849.159973 1790 1762 1789 1786 1790 1772 1786 1761
849.179993 1770 1789 1782 1778 1779 1784 1775 1786
849.200012 1753 1769 1793 1788 1775 1780 1759 1779
849.219971 1773 1789 1778 1786 1765 1761 1759 1770
849.23999 1794 1773 1784 1771 1772 1773 1771 1781
849.258972 1757 1780 1802 1777 1761 1775 1774 1778
849.278992 1776 1776 1785 1788 1795 1784 1775 1749
849.299011 1776 1779 1780 1778 1775 1771 1792 1769
849.31897 1788 1773 1788 1790 1773 1774 1781 1790
849.338989 1783 1786 1788 1792 1777 1781 1766 1794
849.359009 1763 1758 1782 1795 1766 1781 1792 1769
849.377991 1778 1793 1789 1767 1780 1751 1774 1768
849.39801 1769 1774 1768 1767 1768 1762 1772 1763
849.41803 1773 1778 1776 1778 1787 1813 1766 1775
849.437988 1773 1771 1795 1789 1754 1777 1761 1775
849.458008 1769 1782 1769 1773 1782 1774 1766 1756
849.478027 1773 1778 1773 1755 1780 1779 1757 1767
849.497009 1757 1766 1767 1789 1754 1772 1789 1765
849.517029 1755 1773 1759 1781 1762 1771 1773 1761
849.536987 1785 1789 1757 1778 1774 1773 1766 1757
849.557007 1774 1772 1774 1771 1778 1779 1751 1750
849.577026 1765 1754 1773 1760 1770 1751 1785 1780
849.596985 1769 1786 1782 1747 1772 1761 1765 1763
849.616028 1776 1772 1759 1774 1755 1745 1761 1762
849.635986 1766 1757 1777 1786 1777 1761 1769 1774
849.656006 1781 1775 1766 1763 1783 1771 1791 1764
849.676025 1766 1765 1782 1754 1773 1750 1772 1755
849.695984 1774 1772 1765 1747 1763 1770 1767 1785
849.716003 1764 1773 1765 1764 1765 1772 1771 1769
849.734985 1743 1764 1747 1764 1748 1757 1759 1762
849.755005 1791 1765 1769 1774 1783 1750 1776 1764
849.775024 1785 1742 1764 1776 1763 1766 1759 1777
849.794983 1774 1752 1767 1760 1772 1786 1773 1777
849.815002 1754 1756 1773 1759 1767 1758 1764 1759
849.833984 1750 1764 1774 1771 1749 1766 1778 1757
849.854004 1766 1758 1781 1779 1770 1771 1779 1750
849.874023 1763 1764 1765 1778 1761 1760 1762 1766
849.893982 1766 1765 1779 1783 1769 1764 1766 1771
849.914001 1774 1760 1766 1773 1774 1783 1775 1761
849.934021 1766 1767 1791 1788 1763 1777 1759 1765
849.953003 1780 1783 1786 1769 1784 1793 1783 1766
849.973022 1776 1781 1755 1758 1770 1769 1770 1762
849.992981 1756 1798 1770 1773 1763 1763 1788 1783
850.013 1770 1785 1785 1752 1777 1749 1761 1785
850.03302 1765 1780 1772 1778 1782 1786 1767 1774
850.052002 1765 1789 1762 1779 1789 1768 1783 1767
850.072021 1781 1778 1765 1783 1787 1778 1789 1771
850.09198 1765 1767 1770 1785 1765 1789 1764 1782
850.112 1775 1781 1770 1779 1770 1766 1768 1789
850.132019 1756 1769 1761 1779 1750 1784 1760 1781
850.151001 1758 1787 1770 1793 1774 1788 1768 1769
850.171021 1758 1779 1776 1774 1771 1787 1754 1761
850.190979 1755 1792 1758 1766 1770 1769 1776 1759
850.210999 1756 1768 1753 1804 1768 1760 1760 1767
850.231018 1774 1776 1767 1775 1757 1776 1758 1761
850.250977 1767 1766 1779 1779 1752 1764 1778 1763
850.27002 1757 1776 1762 1771 1755 1777 1757 1742
850.289978 1762 1781 1790 1768 1765 1759 1763 1785
850.309998 1771 1778 1763 1788 1765 1751 1752 1759
850.330017 1774 1772 1780 1769 1763 1757 1777 1758
850.349976 1766 1758 1766 1772 1752 1775 1758 1777
850.369019 1764 1764 1766 1787 1760 1761 1766 1785
850.388977 1756 1770 1766 1768 1741 1760 1782 1759
850.408997 1754 1777 1769 1784 1755 1770 1776 1768
850.429016 1745 1771 1768 1766 1755 1754 1750 1766
850.448975 1746 1769 1775 1774 1765 1756 1765 1763
850.468018 1747 1764 1766 1775 1771 1769 1763 1757
850.487976 1771 1756 1769 1765 1767 1787 1752 1762
850.507996 1747 1771 1752 1768 1764 1781 1756 1783
850.528015 1760 1770 1767 1777 1777 1777 1773 1774
850.547974 1760 1768 1789 1760 1751 1750 1749 1769
850.567017 1748 1778 1765 1747 1776 1754 1759 1742
850.586975 1763 1782 1752 1780 1775 1758 1764 1765
850.606995 1765 1753 1770 1747 1746 1770 1771 1772
850.627014 1748 1762 1756 1770 1750 1766 1756 1772
850.645996 1760 1775 1767 1745 1748 1754 1770 1761
850.666016 1758 1772 1773 1770 1749 1769 1741 1768
850.685974 1754 1766 1754 1753 1756 1768 1754 1758
850.705994 1744 1771 1753 1747 1756 1762 1752 1745
850.726013 1766 1763 1765 1754 1735 1741 1759 1772
850.744995 1756 1743 1761 1745 1767 1771 1769 1762
850.765015 1757 1777 1776 1744 1758 1760 1754 1762
850.784973 1755 1750 1776 1753 1754 1758 1755 1769
850.804993 1761 1776 1770 1770 1759 1773 1753 1758
850.825012 1742 1754 1775 1772 1757 1763 1751 1759
850.843994 1751 1773 1766 1772 1766 1760 1758 1751
850.864014 1747 1768 1775 1767 1767 1768 1749 1774
850.883972 1768 1760 1767 1746 1779 1763 1760 1771
850.903992 1755 1768 1764 1764 1747 1770 1768 1753
850.924011 1764 1757 1748 1769 1765 1779 1753 1754
850.942993 1778 1751 1764 1756 1756 1756 1763 1754
850.963013 1764 1763 1776 1753 1766 1767 1761 1759
850.982971 1759 1771 1764 1755 1750 1755 1764 1762
851.002991 1745 1772 1752 1764 1743 1764 1744 1768
851.021973 1771 1779 1783 1766 1744 1757 1741 1765
851.041992 1751 1784 1767 1763 1758 1764 1763 1783
851.062012 1769 1760 1769 1798 1781 1759 1757 1768
851.08197 1751 1768 1775 1778 1764 1759 1751 1764
851.10199 1745 1770 1751 1744 1763 1750 1746 1760
851.120972 1744 1754 1750 1778 1763 1772 1758 1757
851.140991 1756 1776 1745 1763 1753 1768 1767 1768
851.161011 1742 1774 1771 1754 1750 1756 1755 1773
851.18103 1764 1771 1765 1758 1760 1760 1750 1791
851.200012 1769 1773 1739 1759 1747 1763 1774 1755
851.219971 1745 1782 1770 1763 1762 1756 1764 1756
851.23999 1756 1750 1763 1756 1758 1742 1762 1748
851.26001 1748 1758 1750 1757 1755 1753 1743 1764
851.280029 1738 1757 1748 1763 1758 1760 1757 1764
851.299011 1742 1757 1739 1760 1759 1753 1760 1769
851.31897 1769 1751 1756 1783 1775 1744 1756 1764
851.338989 1753 1740 1777 1756 1761 1735 1776 1766
851.359009 1742 1753 1754 1759 1743 1768 1761 1741
851.377991 1754 1756 1749 1768 1744 1751 1773 1755
851.39801 1758 1745 1763 1756 1756 1738 1750 1763
851.41803 1754 1766 1751 1748 1750 1759 1727 1752
851.437988 1751 1756 1750 1754 1759 1752 1759 1745
851.45697 1756 1763 1757 1748 1773 1756 1746 1752
851.47699 1772 1771 1737 1743 1745 1760 1742 1764
851.497009 1748 1763 1746 1749 1740 1745 1743 1751
851.517029 1762 1762 1758 1761 1764 1743 1745 1751
851.536011 1743 1759 1751 1747 1759 1742 1756 1747
851.55603 1731 1757 1749 1742 1739 1740 1738 1761
851.575989 1754 1754 1757 1767 1740 1756 1762 1749
851.596008 1751 1756 1749 1777 1764 1755 1741 1757
851.616028 1747 1734 1768 1755 1750 1754 1733 1755
851.63501 1749 1752 1749 1743 1756 1756 1753 1746
851.655029 1744 1745 1763 1750 1746 1757 1744 1763
851.674988 1754 1751 1759 1736 1747 1747 1750 1751
851.695007 1731 1732 1771 1762 1749 1741 1738 1749
851.713989 1747 1747 1760 1730 1741 1734 1740 1748
851.734009 1742 1731 1744 1747 1736 1736 1745 1753
851.754028 1740 1763 1749 1744 1746 1738 1751 1756
851.773987 1730 1742 1756 1739 1748 1744 1748 1744
851.79303 1735 1766 1756 1746 1757 1746 1735 1741
851.812988 1744 1737 1762 1737 1739 1753 1734 1729
851.833008 1746 1750 1756 1763 1756 1729 1741 1739
851.853027 1739 1732 1752 1750 1746 1746 1737 1736
851.872009 1724 1757 1753 1756 1729 1739 1744 1741
851.892029 1741 1751 1767 1745 1759 1748 1750 1736
851.911987 1740 1754 1772 1742 1751 1752 1758 1736
851.932007 1733 1757 1748 1742 1751 1733 1742 1735
851.950989 1744 1775 1751 1732 1749 1737 1755 1751
851.971008 1730 1746 1745 1752 1734 1744 1716 1748
851.991028 1759 1735 1753 1745 1762 1750 1744 1749
852.010986 1740 1749 1744 1774 1763 1743 1750 1746
852.030029 1722 1751 1754 1736 1749 1738 1753 1749
852.049988 1745 1747 1738 1735 1751 1735 1741 1767
852.070007 1729 1743 1740 1764 1747 1737 1735 1727
852.090027 1745 1750 1747 1757 1732 1746 1739 1748
852.109009 1756 1743 1751 1747 1748 1760 1728 1739
852.129028 1731 1751 1757 1752 1741 1750 1748 1747
852.148987 1750 1744 1727 1733 1738 1743 1739 1747
852.169006 1738 1735 1750 1759 1750 1766 1745 1743
852.187988 1745 1755 1762 1759 1740 1749 1753 1747
852.208008 1733 1737 1740 1758 1744 1760 1736 1751
852.228027 1738 1747 1751 1738 1751 1744 1733 1742
852.247986 1739 1734 1759 1763 1740 1751 1748 1743
852.267029 1757 1742 1744 1756 1748 1748 1745 1732
852.286987 1744 1744 1737 1749 1759 1738 1743 1756
852.307007 1733 1757 1749 1746 1747 1752 1739 1748
852.327026 1751 1763 1755 1753 1759 1757 1757 1738
852.346008 1738 1762 1752 1739 1741 1755 1735 1747
852.366028 1744 1766 1776 1737 1731 1747 1752 1749
852.385986 1758 1753 1747 1738 1748 1751 1751 1761
852.406006 1756 1759 1741 1752 1764 1750 1749 1729
852.424988 1750 1736 1748 1775 1742 1752 1745 1736
852.445007 1731 1747 1761 1742 1739 1769 1739 1740
852.465027 1772 1755 1751 1765 1771 1756 1752 1737
852.484009 1733 1761 1746 1745 1748 1734 1749 1753
852.504028 1754 1745 1750 1752 1751 1748 1738 1733
852.523987 1732 1737 1749 1738 1747 1756 1739 1727
852.544006 1735 1752 1753 1752 1741 1749 1753 1732
852.562988 1747 1759 1747 1741 1739 1741 1749 1750
852.583008 1736 1738 1747 1753 1764 1743 1739 1755
852.603027 1744 1747 1749 1740 1740 1762 1732 1757
852.622986 1761 1751 1763 1753 1747 1747 1754 1762
852.642029 1749 1757 1748 1740 1759 1740 1739 1739
852.661987 1746 1742 1754 1761 1750 1752 1747 1744
852.682007 1735 1740 1762 1737 1759 1744 1757 1752
852.700989 1739 1750 1747 1754 1749 1740 1746 1752
852.721008 1748 1739 1763 1743 1736 1747 1740 1749
852.741028 1751 1752 1757 1770 1759 1739 1728 1749
852.760986 1743 1766 1746 1756 1762 1740 1741 1732
852.780029 1749 1744 1746 1750 1766 1737 1743 1747
852.799988 1757 1735 1745 1738 1755 1736 1754 1756
852.820007 1734 1749 1768 1730 1740 1744 1726 1751
852.840027 1752 1749 1744 1743 1754 1730 1734 1736
852.859009 1753 1755 1759 1742 1757 1752 1754 1763
852.879028 1735 1752 1751 1755 1747 1744 1761 1753
852.898987 1737 1753 1762 1764 1744 1768 1739 1762
852.91803 1738 1758 1731 1731 1767 1756 1752 1764
852.937988 1763 1744 1762 1761 1758 1774 1747 1747
852.958008 1736 1732 1759 1739 1761 1754 1731 1749
852.978027 1748 1749 1768 1752 1750 1747 1751 1751
852.997009 1735 1760 1736 1740 1748 1759 1742 1746
853.017029 1738 1748 1752 1753 1735 1747 1735 1731
853.036987 1750 1757 1741 1772 1743 1749 1739 1752
853.05603 1753 1769 1761 1752 1771 1752 1756 1759
853.075989 1740 1764 1733 1743 1738 1749 1735 1761
853.096008 1737 1753 1763 1753 1755 1757 1744 1753
853.116028 1743 1755 1763 1756 1742 1754 1761 1736
853.13501 1739 1753 1758 1747 1744 1752 1730 1754
853.155029 1751 1763 1751 1766 1755 1754 1764 1756
853.174988 1756 1747 1772 1745 1766 1742 1747 1762
853.19397 1747 1748 1764 1771 1738 1751 1753 1737
853.213989 1747 1753 1748 1757 1727 1735 1739 1754
853.234009 1758 1757 1764 1779 1746 1743 1739 1763
853.254028 1733 1755 1765 1745 1744 1753 1748 1748
853.27301 1752 1746 1748 1743 1764 1758 1737 1746
853.29303 1751 1736 1769 1757 1761 1753 1765 1762
853.312988 1722 1751 1742 1749 1766 1727 1743 1750
853.33197 1751 1760 1741 1759 1751 1751 1732 1730
853.35199 1750 1748 1760 1732 1744 1747 1763 1764
853.372009 1734 1732 1744 1745 1751 1743 1736 1753
853.390991 1743 1756 1754 1746 1744 1747 1754 1758
853.411011 1745 1770 1744 1750 1758 1721 1738 1762
853.43103 1748 1768 1760 1764 1738 1766 1732 1760
853.450989 1749 1756 1751 1762 1757 1751 1722 1742
853.469971 1757 1749 1751 1739 1754 1742 1738 1746
853.48999 1748 1740 1750 1745 1762 1737 1750 1753
853.51001 1761 1727 1771 1749 1766 1750 1748 1747
853.528992 1755 1765 1762 1740 1738 1755 1738 1749
853.549011 1750 1752 1741 1768 1752 1748 1760 1738
853.56897 1749 1734 1761 1752 1766 1755 1745 1760
853.588989 1742 1747 1757 1765 1750 1747 1745 1736
853.607971 1747 1757 1737 1749 1748 1758 1743 1759
853.627991 1745 1765 1740 1759 1750 1751 1752 1737
853.64801 1737 1755 1757 1758 1765 1753 1754 1742
853.666992 1746 1729 1745 1747 1728 1738 1736 1769
853.687012 1740 1747 1736 1736 1744 1751 1760 1742
853.70697 1735 1758 1751 1754 1765 1750 1748 1739
853.726013 1765 1768 1761 1765 1739 1753 1751 1738
853.745972 1736 1746 1740 1729 1754 1739 1741 1748
853.765991 1736 1758 1755 1756 1752 1753 1753 1751
853.784973 1741 1748 1757 1730 1755 1763 1741 1752
853.804993 1747 1747 1755 1740 1766 1762 1765 1761
853.825012 1754 1745 1742 1752 1751 1756 1732 1770
853.844971 1759 1741 1732 1785 1746 1765 1740 1746
853.864014 1747 1757 1756 1729 1760 1760 1749 1734
853.883972 1763 1763 1768 1779 1764 1757 1758 1749
853.903992 1761 1740 1758 1762 1758 1759 1762 1742
853.922974 1757 1763 1772 1766 1765 1756 1753 1765
853.942993 1753 1750 1766 1763 1762 1775 1751 1769
853.963013 1746 1761 1764 1768 1760 1737 1759 1737
853.981995 1758 1758 1775 1761 1756 1751 1759 1746
854.002014 1747 1763 1767 1759 1764 1765 1753 1764
854.021973 1740 1768 1766 1747 1772 1755 1754 1744
854.041016 1744 1754 1773 1744 1770 1772 1771 1766
854.060974 1764 1762 1778 1758 1746 1757 1758 1757
854.080994 1766 1764 1782 1768 1771 1768 1771 1757
854.099976 1746 1774 1743 1767 1754 1781 1747 1746
854.119995 1751 1752 1767 1758 1768 1756 1744 1768
854.140015 1765 1779 1771 1753 1763 1758 1751 1756
854.158997 1765 1768 1773 1753 1766 1757 1762 1759
854.179016 1762 1764 1753 1760 1780 1767 1763 1771
854.198975 1768 1766 1770 1769 1757 1776 1770 1758
854.218994 1771 1757 1773 1769 1767 1747 1748 1778
854.237976 1758 1763 1780 1772 1748 1763 1773 1769
854.257996 1765 1767 1766 1745 1772 1742 1751 1771
854.278015 1744 1756 1764 1764 1777 1766 1764 1749
854.296997 1755 1754 1775 1772 1769 1761 1770 1767
854.317017 1748 1771 1765 1765 1758 1751 1747 1772
854.336975 1766 1740 1769 1778 1755 1780 1762 1751
854.356018 1757 1785 1768 1760 1763 1773 1754 1759
854.375977 1756 1761 1767 1761 1770 1750 1744 1763
854.395996 1757 1763 1760 1750 1758 1745 1766 1759
854.414978 1753 1731 1772 1753 1774 1761 1741 1762
854.434998 1748 1750 1750 1751 1755 1769 1741 1760
854.455017 1751 1763 1759 1790 1766 1745 1755 1768
854.473999 1750 1761 1764 1751 1752 1730 1769 1759
854.494019 1745 1750 1762 1748 1766 1752 1745 1741
854.513977 1744 1756 1768 1755 1769 1770 1747 1749
854.53302 1755 1757 1759 1773 1760 1746 1741 1764
854.552979 1764 1748 1759 1763 1762 1753 1753 1760
854.572998 1765 1756 1762 1770 1765 1770 1751 1746
854.59198 1765 1777 1763 1768 1746 1765 1741 1754
854.612 1744 1750 1747 1763 1767 1760 1735 1764
854.632019 1738 1735 1750 1778 1752 1743 1754 1748
854.651001 1759 1760 1759 1769 1752 1764 1738 1758
854.671021 1742 1761 1736 1749 1753 1757 1727 1764
854.690979 1755 1758 1745 1757 1759 1730 1748 1747
854.710022 1743 1753 1758 1764 1749 1757 1767 1740
854.72998 1742 1750 1744 1770 1745 1750 1744 1761
854.75 1752 1746 1747 1743 1741 1748 1740 1765
854.768982 1753 1747 1748 1759 1768 1763 1751 1734
854.789001 1723 1742 1755 1752 1746 1754 1754 1763
854.807983 1752 1756 1740 1743 1738 1755 1747 1737
854.828003 1757 1753 1744 1750 1754 1734 1742 1731
854.848022 1758 1755 1754 1752 1740 1751 1748 1744
854.867004 1755 1741 1758 1750 1757 1754 1741 1752
854.887024 1744 1727 1755 1748 1764 1745 1740 1759
854.906982 1745 1755 1764 1742 1753 1747 1747 1740
854.926025 1759 1753 1759 1748 1754 1745 1749 1758
854.945984 1738 1746 1752 1747 1749 1757 1756 1749
854.966003 1750 1745 1743 1767 1752 1741 1749 1758
854.984985 1766 1743 1783 1767 1767 1749 1735 1756
855.005005 1757 1749 1748 1757 1753 1754 1751 1729
855.025024 1749 1751 1770 1747 1762 1753 1753 1741
855.044006 1731 1759 1761 1739 1754 1745 1754 1750
855.064026 1743 1743 1742 1751 1744 1748 1741 1730
855.083984 1740 1744 1753 1739 1745 1736 1755 1752
855.103027 1749 1749 1757 1759 1725 1752 1741 1742
855.122986 1734 1740 1746 1760 1733 1757 1736 1752
855.143005 1738 1755 1749 1748 1763 1745 1746 1747
855.161987 1734 1735 1754 1736 1749 1763 1749 1738
855.182007 1748 1755 1750 1765 1752 1731 1733 1752
855.200989 1752 1741 1744 1747 1761 1743 1754 1753
855.221008 1733 1749 1752 1740 1755 1747 1754 1745
855.241028 1742 1743 1759 1758 1741 1753 1739 1745
855.26001 1738 1768 1763 1748 1749 1752 1736 1753
855.280029 1747 1766 1750 1753 1743 1747 1735 1743
855.299988 1734 1737 1762 1751 1761 1745 1751 1737
855.31897 1741 1749 1730 1747 1750 1744 1745 1744
855.338989 1748 1753 1752 1754 1761 1772 1748 1755
855.359009 1740 1750 1742 1750 1732 1745 1733 1748
855.377991 1734 1745 1759 1755 1756 1750 1740 1748
855.39801 1739 1748 1752 1737 1744 1776 1744 1753
855.41803 1735 1754 1742 1756 1752 1727 1756 1738
855.437012 1733 1750 1766 1753 1740 1729 1742 1728
855.45697 1754 1745 1755 1720 1741 1755 1756 1745
855.476013 1729 1766 1752 1747 1740 1737 1735 1737
855.495972 1730 1761 1753 1744 1755 1744 1733 1751
855.515991 1739 1782 1757 1733 1752 1749 1748 1748
855.534973 1751 1762 1749 1761 1742 1740 1742 1744
855.554993 1742 1745 1746 1758 1744 1746 1754 1727
855.575012 1743 1747 1755 1746 1740 1744 1751 1743
855.593994 1745 1738 1731 1732 1747 1739 1741 1742
855.614014 1735 1738 1735 1753 1759 1754 1757 1736
855.633972 1735 1730 1741 1728 1739 1732 1757 1764
855.653015 1756 1760 1740 1736 1748 1743 1746 1753
855.672974 1745 1742 1732 1750 1732 1737 1748 1759
855.692017 1744 1748 1750 1740 1747 1723 1726 1744
855.711975 1742 1747 1736 1743 1741 1735 1721 1724
855.731995 1746 1734 1760 1746 1743 1743 1745 1729
855.750977 1745 1736 1742 1752 1727 1743 1747 1772
855.770996 1736 1741 1758 1745 1763 1728 1732 1742
855.791016 1745 1763 1758 1755 1752 1735 1728 1746
855.809998 1740 1743 1751 1745 1745 1745 1741 1744
855.830017 1738 1720 1763 1739 1747 1729 1765 1750
855.848999 1759 1724 1757 1758 1752 1756 1739 1743
855.869019 1734 1740 1744 1722 1747 1740 1742 1752
855.888977 1745 1742 1757 1752 1752 1750 1754 1744
855.90802 1749 1740 1743 1743 1744 1739 1756 1754
855.927979 1728 1763 1750 1755 1729 1747 1745 1742
855.947998 1744 1754 1756 1754 1737 1749 1749 1756
855.96698 1754 1757 1730 1733 1760 1750 1738 1737
855.987 1754 1733 1736 1751 1744 1754 1732 1758
856.005981 1748 1744 1751 1747 1753 1736 1751 1749
856.026001 1730 1749 1749 1747 1750 1749 1723 1750
856.046021 1749 1744 1757 1756 1742 1740 1746 1752
856.065002 1748 1758 1752 1754 1742 1742 1741 1737
856.085022 1738 1753 1744 1744 1761 1763 1728 1740
856.104004 1764 1751 1760 1741 1747 1747 1760 1734
856.124023 1756 1748 1761 1741 1740 1737 1741 1744
856.143982 1736 1747 1762 1757 1750 1760 1738 1747
856.163025 1742 1758 1751 1749 1717 1761 1751 1763
856.182983 1747 1754 1752 1762 1756 1739 1763 1745
856.203003 1754 1742 1746 1754 1744 1759 1715 1747
856.221985 1735 1738 1744 1763 1730 1752 1752 1741
856.242004 1750 1733 1751 1744 1745 1723 1762 1762
856.260986 1731 1757 1739 1757 1738 1740 1750 1736
856.281006 1753 1742 1759 1747 1758 1750 1739 1755
856.301025 1748 1746 1754 1741 1750 1755 1737 1759
856.320007 1747 1754 1750 1750 1758 1752 1748 1744
856.340027 1743 1766 1746 1747 1748 1769 1739 1745
856.359009 1752 1756 1741 1754 1746 1755 1738 1727
856.379028 1740 1741 1756 1757 1734 1761 1736 1751
856.398987 1744 1750 1756 1751 1749 1726 1751 1748
856.41803 1743 1756 1740 1745 1744 1744 1732 1740
856.437988 1730 1759 1759 1728 1750 1759 1757 1743
856.45697 1736 1741 1740 1737 1755 1741 1756 1755
856.47699 1741 1746 1749 1747 1755 1743 1736 1745
856.497009 1727 1755 1752 1733 1744 1747 1747 1727
856.515991 1743 1745 1756 1744 1746 1752 1724 1751
856.536011 1738 1735 1742 1742 1748 1739 1740 1736
856.554993 1747 1760 1745 1767 1746 1754 1732 1717
856.575012 1746 1737 1747 1743 1716 1756 1758 1747
856.594971 1727 1739 1736 1734 1726 1732 1740 1738
856.614014 1742 1725 1747 1738 1736 1738 1726 1732
856.633972 1729 1756 1741 1737 1724 1751 1746 1733
856.653015 1748 1734 1739 1745 1744 1727 1752 1734
856.672974 1729 1738 1750 1722 1742 1730 1755 1759
856.692993 1747 1740 1745 1735 1738 1738 1727 1730
856.711975 1733 1728 1743 1738 1745 1744 1733 1760
856.731995 1745 1750 1723 1745 1735 1735 1740 1730
856.750977 1745 1736 1750 1739 1742 1732 1739 1749
856.770996 1739 1747 1755 1752 1743 1742 1738 1741
856.791016 1734 1736 1734 1747 1743 1730 1751 1736
856.809998 1729 1764 1749 1734 1740 1736 1732 1740
856.830017 1725 1740 1734 1730 1734 1738 1727 1730
856.848999 1732 1724 1727 1769 1739 1749 1733 1735
856.869019 1729 1740 1753 1744 1729 1737 1746 1751
856.888 1746 1727 1740 1727 1738 1735 1731 1731
856.90802 1736 1738 1727 1743 1741 1714 1750 1737
856.927979 1730 1732 1736 1720 1740 1738 1730 1736
856.947021 1745 1740 1740 1732 1716 1728 1726 1725
856.96698 1717 1764 1740 1732 1744 1740 1735 1750
856.986023 1758 1730 1744 1744 1753 1748 1736 1727
857.005981 1736 1729 1751 1739 1720 1748 1736 1735
857.026001 1736 1729 1739 1730 1727 1734 1743 1736
857.044983 1749 1737 1734 1735 1725 1737 1744 1739
857.065002 1744 1725 1742 1724 1725 1732 1758 1713
857.083984 1743 1738 1735 1731 1727 1735 1731 1749
857.104004 1743 1742 1731 1719 1731 1733 1731 1737
857.122986 1739 1734 1724 1737 1731 1723 1732 1730
857.143005 1749 1739 1741 1734 1727 1731 1748 1730
857.163025 1743 1723 1767 1760 1723 1737 1732 1744
857.182007 1741 1722 1749 1717 1729 1727 1730 1731
857.202026 1746 1756 1740 1742 1743 1744 1740 1753
857.221008 1743 1753 1733 1755 1733 1723 1725 1746
857.241028 1744 1739 1756 1732 1727 1751 1718 1722
857.260986 1735 1730 1737 1731 1763 1739 1733 1752
857.280029 1745 1738 1730 1741 1736 1735 1738 1739
857.299988 1747 1756 1746 1734 1729 1734 1726 1737
857.31897 1737 1759 1744 1748 1727 1734 1726 1721
857.338989 1749 1744 1743 1755 1739 1733 1745 1745
857.357971 1759 1736 1722 1734 1730 1737 1750 1756
857.377991 1729 1743 1734 1738 1731 1725 1740 1747
857.39801 1754 1724 1759 1740 1749 1736 1739 1739
857.416992 1733 1748 1729 1736 1738 1744 1735 1736
857.437012 1740 1750 1739 1734 1750 1733 1754 1743
857.455994 1726 1732 1746 1740 1731 1741 1733 1735
857.476013 1738 1750 1745 1734 1746 1731 1730 1734
857.494995 1723 1756 1729 1742 1743 1739 1738 1739
857.515015 1724 1713 1738 1728 1753 1717 1745 1742
857.534973 1735 1737 1743 1731 1731 1741 1738 1735
857.554016 1737 1730 1749 1748 1739 1755 1742 1742
857.573975 1730 1748 1721 1734 1724 1743 1758 1746
857.593018 1722 1730 1760 1740 1745 1720 1722 1737
857.612976 1719 1741 1721 1734 1747 1736 1735 1745
857.632019 1712 1750 1734 1731 1729 1726 1726 1727
857.651978 1736 1743 1723 1731 1732 1725 1720 1750
857.671997 1750 1730 1731 1737 1748 1741 1729 1748
857.690979 1743 1755 1732 1753 1741 1733 1731 1743
857.710999 1725 1745 1746 1738 1745 1713 1729 1753
857.72998 1746 1745 1724 1747 1721 1731 1732 1730
857.75 1737 1732 1744 1740 1743 1737 1727 1745
857.768982 1739 1743 1718 1718 1737 1731 1749 1738
857.789001 1733 1746 1747 1749 1738 1747 1740 1745
857.807983 1754 1738 1742 1736 1740 1735 1734 1733
857.828003 1727 1740 1754 1749 1744 1746 1737 1727
857.848022 1729 1743 1753 1727 1747 1739 1728 1728
857.867004 1741 1743 1747 1746 1743 1741 1724 1749
857.887024 1734 1734 1743 1740 1753 1736 1723 1748
857.906006 1751 1755 1718 1727 1725 1741 1727 1724
857.926025 1726 1745 1739 1728 1730 1745 1733 1743
857.945007 1733 1743 1759 1745 1742 1731 1739 1744
857.965027 1731 1742 1735 1731 1738 1736 1729 1744
857.984009 1735 1741 1729 1720 1728 1714 1735 1742
858.004028 1734 1736 1739 1734 1744 1749 1747 1752
858.02301 1730 1743 1751 1752 1732 1750 1742 1725
858.04303 1743 1738 1716 1745 1734 1754 1740 1722
858.062988 1740 1712 1735 1748 1732 1748 1750 1743
858.08197 1754 1762 1749 1725 1732 1743 1746 1725
858.10199 1749 1747 1743 1736 1735 1739 1736 1723
858.120972 1738 1729 1751 1732 1736 1733 1725 1737
858.140991 1741 1750 1746 1742 1736 1736 1735 1735
858.159973 1737 1752 1735 1729 1752 1728 1730 1732
858.179993 1752 1744 1715 1739 1738 1739 1728 1738
858.198975 1742 1738 1740 1729 1724 1706 1730 1751
858.218994 1740 1739 1759 1736 1740 1739 1742 1728
858.239014 1742 1740 1749 1735 1738 1740 1746 1747
858.257996 1747 1741 1735 1730 1734 1715 1736 1745
858.278015 1726 1740 1745 1724 1735 1725 1732 1728
858.296997 1743 1747 1736 1728 1719 1744 1721 1732
858.317017 1734 1733 1729 1754 1721 1735 1732 1750
858.335999 1731 1723 1728 1733 1727 1714 1730 1727
858.356018 1742 1736 1758 1723 1746 1724 1731 1724
858.375 1733 1745 1748 1722 1732 1739 1751 1711
858.39502 1728 1754 1736 1730 1725 1724 1731 1726
858.414001 1722 1740 1750 1734 1744 1713 1743 1733
858.434021 1724 1756 1740 1742 1734 1705 1740 1742
858.453003 1743 1744 1728 1726 1729 1733 1724 1749
858.473022 1737 1721 1735 1725 1729 1719 1739 1724
858.492004 1730 1741 1734 1730 1735 1722 1731 1755
858.512024 1756 1733 1746 1730 1730 1722 1754 1732
858.531982 1738 1751 1740 1740 1722 1747 1729 1735
858.551025 1728 1738 1722 1740 1729 1744 1729 1734
858.570984 1733 1745 1753 1735 1744 1771 1706 1719
858.590027 1728 1739 1733 1750 1747 1729 1729 1749
858.609985 1741 1752 1732 1727 1730 1729 1747 1744
858.629028 1745 1743 1754 1747 1741 1723 1711 1745
858.648987 1743 1759 1755 1740 1734 1740 1738 1731
858.66803 1732 1755 1736 1753 1730 1736 1744 1744
858.687988 1741 1748 1757 1738 1732 1750 1751 1745
858.70697 1722 1736 1726 1732 1724 1759 1741 1738
858.72699 1739 1748 1739 1739 1750 1722 1739 1742
858.745972 1745 1746 1753 1744 1732 1751 1745 1741
858.765991 1724 1752 1753 1735 1752 1714 1742 1722
858.784973 1755 1749 1726 1746 1733 1731 1740 1766
858.804993 1742 1756 1731 1739 1745 1736 1735 1741
858.823975 1744 1758 1755 1730 1749 1740 1730 1732
858.843994 1747 1742 1736 1750 1742 1741 1752 1741
858.864014 1742 1750 1746 1738 1721 1735 1728 1727
858.882996 1747 1746 1738 1737 1738 1738 1741 1747
858.903015 1741 1756 1731 1742 1740 1736 1733 1750
858.921997 1741 1748 1737 1740 1728 1730 1751 1755
858.942017 1731 1736 1751 1737 1736 1740 1750 1739
858.960999 1719 1746 1734 1721 1725 1729 1749 1713
858.981018 1732 1740 1742 1748 1724 1730 1749 1744
859 1741 1739 1738 1742 1732 1730 1740 1736
859.02002 1728 1739 1737 1737 1730 1749 1729 1738
859.039001 1732 1748 1741 1727 1733 1735 1724 1735
859.059021 1754 1741 1741 1729 1734 1756 1729 1736
859.078003 1737 1734 1753 1737 1728 1759 1728 1720
859.098022 1723 1736 1741 1756 1751 1730 1730 1749
859.117004 1738 1737 1725 1737 1750 1735 1737 1728
859.137024 1730 1742 1740 1720 1738 1732 1734 1750
859.156006 1728 1746 1733 1722 1734 1720 1724 1739
859.176025 1721 1735 1731 1729 1722 1742 1719 1745
859.195007 1730 1721 1743 1734 1717 1738 1724 1737
859.215027 1717 1735 1739 1741 1711 1716 1722 1734
859.234009 1728 1728 1712 1732 1737 1725 1731 1723
859.254028 1729 1746 1751 1735 1741 1733 1732 1715
859.27301 1739 1725 1726 1721 1727 1740 1741 1724
859.29303 1732 1729 1728 1729 1732 1722 1716 1729
859.312012 1737 1722 1740 1737 1739 1753 1734 1731
859.33197 1727 1746 1735 1733 1727 1740 1729 1723
859.351013 1722 1720 1737 1724 1727 1725 1728 1736
859.370972 1729 1728 1735 1745 1726 1732 1731 1746
859.390015 1739 1718 1749 1733 1738 1733 1726 1735
859.409973 1735 1745 1749 1732 1743 1745 1735 1742
859.429016 1733 1733 1730 1758 1722 1730 1736 1729
859.448975 1752 1734 1718 1729 1725 1722 1734 1735
859.468018 1727 1732 1744 1728 1727 1716 1754 1727
859.487976 1752 1751 1727 1743 1732 1740 1736 1745
859.507019 1745 1747 1740 1755 1733 1717 1732 1749
859.526978 1729 1729 1745 1738 1739 1748 1718 1743
859.546021 1734 1752 1742 1724 1725 1728 1726 1740
859.565979 1729 1748 1751 1739 1749 1737 1729 1750
859.585022 1725 1734 1755 1748 1741 1741 1733 1734
859.60498 1733 1742 1759 1737 1720 1745 1733 1744
859.624023 1743 1733 1749 1743 1753 1729 1727 1731
859.643982 1734 1736 1744 1741 1735 1746 1731 1739
859.663025 1728 1747 1749 1738 1745 1732 1737 1737
859.682983 1744 1735 1742 1745 1735 1726 1730 1735
859.702026 1748 1741 1743 1719 1755 1745 1742 1749
859.721985 1738 1739 1759 1728 1734 1731 1722 1741
859.741028 1745 1760 1749 1735 1739 1750 1735 1733
859.760986 1721 1721 1740 1735 1724 1743 1746 1721
859.780029 1709 1728 1751 1748 1739 1733 1738 1734
859.799988 1736 1744 1719 1729 1740 1736 1732 1729
859.81897 1738 1742 1730 1748 1745 1738 1746 1753
859.838989 1733 1743 1736 1739 1724 1728 1716 1759
859.857971 1724 1742 1738 1734 1729 1739 1708 1739
859.877991 1737 1735 1740 1732 1722 1717 1736 1732
859.896973 1733 1740 1739 1737 1730 1732 1730 1741
859.916992 1733 1731 1748 1740 1719 1732 1732 1718
859.935974 1737 1759 1745 1721 1732 1740 1718 1744
859.955994 1735 1739 1749 1713 1729 1718 1730 1730
859.974976 1739 1718 1724 1753 1713 1745 1748 1719
859.994995 1726 1746 1724 1718 1724 1716 1727 1738
860.013977 1738 1749 1722 1731 1713 1738 1722 1727
860.033997 1731 1736 1740 1715 1740 1752 1723 1725
860.052979 1740 1717 1727 1728 1741 1723 1734 1733
860.072998 1738 1725 1742 1726 1725 1725 1721 1750
860.09198 1744 1716 1723 1739 1741 1716 1746 1740
860.112 1737 1729 1717 1747 1729 1727 1736 1733
860.130981 1726 1739 1749 1721 1719 1724 1735 1716
860.151001 1731 1725 1737 1737 1746 1728 1737 1726
860.169983 1716 1738 1749 1719 1732 1731 1725 1730
860.189026 1738 1737 1725 1720 1727 1723 1738 1731
860.208984 1736 1732 1732 1710 1726 1727 1739 1729
860.228027 1725 1725 1729 1711 1732 1711 1726 1735
860.247986 1739 1745 1744 1726 1716 1722 1727 1739
860.267029 1717 1748 1729 1721 1727 1722 1710 1725
860.286987 1727 1741 1718 1748 1722 1736 1730 1724
860.30603 1734 1725 1737 1722 1740 1711 1736 1726
860.325989 1734 1722 1730 1728 1736 1709 1733 1739
860.344971 1735 1725 1737 1713 1740 1723 1723 1726
860.36499 1750 1723 1742 1760 1746 1730 1750 1730
860.383972 1727 1724 1743 1728 1713 1725 1722 1733
860.403992 1730 1739 1734 1718 1715 1710 1724 1736
860.422974 1725 1704 1752 1723 1729 1717 1725 1723
860.442993 1743 1732 1734 1736 1738 1721 1709 1727
860.461975 1735 1725 1739 1738 1714 1738 1719 1738
860.481995 1718 1732 1737 1736 1724 1727 1733 1727
860.500977 1737 1727 1727 1738 1720 1722 1737 1738
860.520996 1746 1734 1727 1727 1741 1734 1731 1728
860.539978 1733 1723 1732 1738 1726 1735 1736 1738
860.559021 1732 1727 1720 1742 1713 1729 1739 1731
860.578979 1731 1739 1726 1719 1741 1737 1743 1740
860.598022 1726 1734 1746 1725 1732 1723 1744 1740
860.617981 1736 1745 1732 1724 1721 1734 1735 1728
860.637024 1722 1730 1741 1752 1742 1735 1748 1736
860.656982 1723 1730 1739 1733 1718 1724 1736 1730
860.676025 1724 1747 1737 1729 1738 1717 1737 1732
860.695984 1722 1729 1741 1738 1730 1724 1723 1746
860.715027 1741 1730 1731 1729 1729 1741 1747 1732
860.734985 1738 1760 1737 1731 1738 1746 1733 1745
860.754028 1733 1739 1730 1722 1738 1743 1718 1731
860.77301 1731 1723 1739 1732 1719 1724 1729 1734
