0 12.8571429 25.7142857 38.5714286 51.4285714 64.2857143 77.1428571 90
828.851013 2057 2077 2067 2102 2079 2057 2053 2077
828.870972 2087 2063 2105 2124 2129 2095 2078 2065
828.890991 2062 2060 2100 2089 2117 2038 2073 2047
828.911987 2053 2083 2091 2117 2087 2057 2069 2066
828.932007 2043 2079 2073 2121 2090 2092 2049 2042
828.953003 2063 2075 2076 2105 2090 2049 2049 2044
828.973022 2058 2069 2083 2101 2092 2057 2052 2043
828.994019 2022 2049 2070 2089 2071 2039 2050 2085
829.013977 2042 2057 2076 2065 2055 2038 2048 2031
829.034973 2052 2046 2084 2081 2080 2060 2041 2044
829.054993 2017 2063 2057 2065 2088 2067 2036 2034
829.075012 2020 2071 2073 2085 2072 2063 2030 2025
829.096008 2044 2062 2074 2062 2061 2040 2036 2034
829.116028 2047 2033 2080 2060 2067 2051 2064 2040
829.137024 2019 2046 2067 2065 2048 2022 2036 2025
829.156982 2013 2032 2051 2091 2047 2037 2017 2018
829.177979 2018 2061 2031 2087 2036 2043 2009 2034
829.197998 2036 2016 2066 2090 2061 2018 2007 2044
829.218994 2032 2024 2024 2040 2027 2049 2020 2006
829.239014 2041 2035 2051 2071 2049 2053 2014 2007
829.258972 2019 2022 2051 2041 2050 2012 2013 2018
829.280029 2025 2025 2067 2081 2057 2040 2022 2013
829.299988 2010 2053 2026 2035 2071 2039 2026 2011
829.320984 2015 2033 2026 2054 2028 2042 1990 2033
829.341003 2017 2004 2067 2040 2026 2011 2007 2019
829.362 2014 2028 2040 2047 2070 2037 2049 2055
829.382019 2042 1999 2041 2046 2053 2006 2022 2005
829.401978 2026 2014 2053 2072 2063 2059 2012 2019
829.422974 2005 2040 2057 2057 2071 2052 2024 2016
829.442993 2043 1996 2053 2048 2082 2038 1987 2022
829.463989 2034 2040 2074 2050 2035 2028 2031 2032
829.484009 2010 2013 2069 2056 2046 2022 2032 2001
829.505005 2022 2063 2044 2057 2065 2025 2008 2013
829.525024 2022 2036 2022 2039 2045 2014 2015 2030
829.544983 2023 2026 2038 2069 2083 2034 2032 2012
829.565979 2012 2020 2025 2042 2056 2034 2017 2006
829.585999 1999 2030 2058 2063 2049 2023 2033 2013
829.606995 2016 2038 2082 2067 2063 2030 2030 2017
829.627014 2028 2024 2046 2066 2047 2022 2006 2015
829.64801 2015 2014 2052 2036 2066 2046 2014 2025
829.66803 2031 2036 2046 2086 2044 2052 2018 2043
829.687988 2031 2040 2040 2059 2048 2065 2011 2015
829.708984 2023 2046 2058 2066 2065 2032 2006 2020
829.729004 2002 2037 2082 2070 2065 2030 2032 2012
829.75 2024 2033 2041 2051 2061 2037 2017 2036
829.77002 1995 2011 2023 2069 2055 2043 2026 2024
829.791016 2028 2038 2052 2063 2049 2064 2031 2018
829.810974 2015 2033 2058 2069 2056 2059 2042 1998
829.830994 2024 2043 2043 2053 2057 2033 2040 2034
829.85199 2023 2045 2063 2073 2067 2046 2012 2007
829.872009 2001 2062 2062 2081 2093 2038 2048 2032
829.893005 2036 2035 2049 2062 2065 2063 2029 2015
829.913025 2040 2068 2078 2099 2078 2049 2058 2027
829.932983 2028 2041 2054 2100 2078 2045 2033 2056
829.953979 2035 2045 2081 2044 2079 2046 2047 2050
829.973999 2056 2057 2047 2082 2068 2079 2022 2043
829.994995 2051 2029 2061 2079 2074 2068 2055 2045
830.015015 2048 2067 2082 2056 2095 2048 2073 2037
830.036011 2041 2047 2054 2112 2094 2069 2084 2059
830.05603 2045 2068 2054 2086 2076 2079 2035 2077
830.075989 2085 2091 2053 2088 2114 2071 2068 2062
830.096985 2059 2061 2085 2080 2106 2042 2073 2046
830.117004 2057 2085 2111 2130 2115 2063 2037 2049
830.138 2072 2087 2102 2141 2128 2114 2065 2083
830.15802 2070 2081 2087 2098 2116 2093 2076 2083
830.177979 2056 2073 2113 2102 2090 2080 2097 2075
830.198975 2090 2064 2113 2132 2103 2092 2099 2080
830.218994 2076 2088 2111 2117 2114 2090 2079 2097
830.23999 2072 2080 2103 2105 2110 2092 2091 2070
830.26001 2070 2077 2120 2104 2100 2077 2063 2085
830.280029 2052 2113 2129 2118 2108 2066 2089 2073
830.301025 2062 2073 2106 2106 2104 2090 2061 2072
830.320984 2065 2101 2088 2119 2116 2110 2090 2066
830.34198 2065 2098 2089 2085 2131 2103 2062 2071
830.362 2066 2066 2106 2110 2104 2060 2064 2082
830.382996 2048 2050 2099 2094 2073 2101 2070 2063
830.403015 2094 2065 2087 2085 2088 2093 2099 2074
830.422974 2053 2084 2119 2120 2089 2076 2087 2070
830.44397 2081 2097 2120 2106 2105 2099 2075 2054
830.463989 2072 2080 2100 2136 2103 2102 2069 2079
830.484009 2094 2095 2116 2137 2107 2115 2075 2077
830.505005 2069 2098 2108 2104 2125 2097 2087 2068
830.525024 2072 2064 2106 2113 2112 2098 2087 2089
830.546021 2072 2076 2097 2105 2101 2086 2063 2085
830.565979 2081 2095 2079 2118 2106 2062 2056 2062
830.585999 2081 2067 2093 2099 2109 2118 2070 2077
830.606995 2051 2079 2107 2124 2120 2114 2080 2057
830.627014 2068 2093 2084 2111 2114 2070 2059 2046
830.64801 2060 2084 2089 2114 2099 2109 2055 2083
830.66803 2057 2054 2083 2081 2137 2062 2058 2070
830.687988 2059 2073 2104 2071 2066 2073 2034 2038
830.708984 2050 2053 2071 2085 2086 2062 2061 2064
830.729004 2072 2067 2102 2090 2096 2089 2058 2062
830.75 2042 2062 2058 2118 2096 2069 2068 2079
830.77002 2044 2056 2084 2091 2114 2075 2036 2023
830.789978 2063 2055 2054 2098 2058 2038 2052 2039
830.810974 2037 2078 2085 2105 2115 2056 2028 2019
830.830994 2038 2052 2059 2069 2073 2074 2098 2052
830.85199 2035 2053 2029 2084 2080 2065 2069 2042
830.872009 2035 2065 2062 2074 2077 2048 2063 2044
830.892029 2061 2065 2084 2096 2061 2071 2005 2057
830.913025 2042 2032 2063 2048 2057 2052 2023 2052
830.932983 2039 2049 2060 2080 2066 2073 2035 2023
830.953979 2043 2041 2082 2067 2069 2058 2044 2052
830.973999 2038 2027 2049 2073 2056 2032 2026 2068
830.994019 2032 2034 2073 2075 2080 2054 2019 2026
831.015015 2023 2056 2059 2083 2071 2071 2027 2047
831.034973 2043 2044 2060 2047 2078 2043 2060 2021
831.054993 2050 2067 2052 2067 2066 2035 2022 2051
831.075989 2014 2023 2073 2057 2075 2029 2035 2023
831.096008 2023 2041 2064 2062 2057 2040 2036 2027
831.117004 2021 2037 2076 2070 2060 2047 2047 2032
831.137024 2043 2033 2054 2073 2038 2051 2055 2040
831.156982 2030 2058 2040 2046 2045 2067 2043 2027
831.177979 2034 2069 2064 2064 2045 2051 2013 2031
831.197998 2046 2030 2060 2065 2038 2030 2024 2013
831.218994 2020 2034 2031 2070 2066 2053 2024 1995
831.239014 2015 2023 2046 2066 2051 2039 2040 2043
831.258972 2023 2007 2039 2057 2055 2013 2004 2013
831.280029 2007 2038 2047 2065 2071 2079 2034 2023
831.299988 2039 2024 2054 2084 2063 2055 2052 2017
831.320007 2026 2034 2051 2058 2057 2042 2019 2052
831.341003 2030 2030 2066 2033 2052 2053 2024 2018
831.361023 2003 2037 2042 2088 2067 2026 2013 2013
831.382019 2007 2051 2077 2055 2039 2056 2025 2022
831.401978 2026 2015 2051 2078 2042 2035 2027 2049
831.421997 2028 2041 2064 2048 2067 2043 2045 2034
831.442993 2022 2054 2049 2071 2085 2033 2021 2056
831.463013 2038 2024 2038 2085 2054 2044 2046 2037
831.482971 2047 2051 2078 2073 2055 2050 2010 2053
831.504028 2043 2046 2079 2071 2067 2051 2040 2022
831.523987 2020 2040 2059 2095 2065 2060 2046 2028
831.544983 2030 2054 2070 2062 2067 2061 2027 2034
831.565002 2033 2062 2065 2065 2072 2040 2039 2029
831.585022 2013 2069 2037 2055 2038 2064 2000 2030
831.606018 2010 2057 2046 2092 2058 2043 2027 2051
831.625977 2038 2039 2058 2075 2068 2032 2034 2042
831.645996 2054 2030 2084 2063 2056 2028 2012 2025
831.666992 2052 2059 2065 2073 2050 2053 2036 2043
831.687012 2047 2069 2059 2086 2058 2081 2046 2031
831.708008 2046 2017 2065 2089 2058 2067 2027 2023
831.728027 2011 2094 2054 2074 2075 2056 2048 2025
831.747986 2040 2066 2074 2068 2100 2063 2027 2007
831.768982 2053 2061 2073 2082 2082 2062 2074 2057
831.789001 2039 2043 2074 2084 2075 2041 2036 2071
831.809021 2065 2059 2041 2088 2094 2063 2059 2040
831.830017 2030 2046 2090 2085 2070 2052 2061 2040
831.849976 2031 2045 2058 2055 2054 2066 2025 2029
831.869995 2067 2050 2060 2093 2072 2044 2066 2025
831.890991 2027 2071 2084 2094 2056 2090 2059 2053
831.911011 2053 2042 2079 2091 2090 2077 2051 2051
831.932007 2018 2091 2066 2094 2082 2056 2009 2066
831.952026 2066 2061 2081 2091 2080 2078 2050 2071
831.971985 2027 2074 2073 2099 2090 2057 2022 2071
831.992981 2095 2071 2086 2068 2096 2046 2060 2063
832.013 2058 2071 2117 2089 2108 2063 2060 2069
832.03302 2068 2070 2074 2106 2092 2068 2060 2031
832.054016 2066 2045 2072 2090 2103 2064 2086 2059
832.073975 2043 2066 2113 2111 2084 2081 2052 2037
832.093994 2059 2068 2099 2128 2100 2069 2040 2058
832.11499 2061 2096 2093 2105 2114 2109 2062 2056
832.13501 2075 2075 2085 2084 2105 2060 2105 2091
832.155029 2051 2060 2109 2102 2081 2126 2056 2063
832.176025 2069 2096 2104 2109 2153 2092 2054 2094
832.195984 2052 2059 2101 2102 2107 2103 2075 2029
832.216003 2050 2082 2096 2091 2128 2086 2047 2074
832.237 2070 2039 2118 2088 2087 2091 2053 2081
832.257019 2085 2068 2130 2103 2125 2083 2069 2090
832.278015 2100 2079 2109 2089 2116 2073 2070 2095
832.297974 2063 2109 2096 2095 2122 2089 2063 2059
832.317993 2104 2080 2123 2107 2108 2067 2083 2076
832.338989 2053 2119 2092 2114 2120 2075 2089 2068
832.359009 2055 2077 2099 2126 2102 2098 2066 2084
832.379028 2068 2071 2091 2097 2128 2100 2077 2057
832.400024 2077 2068 2121 2102 2110 2068 2059 2059
832.419983 2106 2101 2096 2102 2112 2092 2091 2092
832.440002 2099 2100 2108 2115 2124 2125 2087 2068
832.460999 2079 2075 2100 2095 2100 2104 2080 2090
832.481018 2052 2071 2096 2101 2121 2087 2084 2077
832.500977 2087 2081 2102 2113 2091 2087 2094 2068
832.521973 2047 2074 2094 2115 2125 2088 2056 2096
832.541992 2087 2111 2111 2141 2107 2076 2076 2078
832.562012 2065 2059 2103 2120 2112 2093 2084 2076
832.583008 2064 2093 2115 2103 2114 2135 2085 2080
832.603027 2064 2119 2103 2127 2097 2073 2094 2068
832.622986 2063 2059 2101 2116 2107 2098 2098 2055
832.643982 2080 2088 2113 2107 2113 2088 2081 2079
832.664001 2029 2073 2115 2119 2083 2074 2102 2075
832.684021 2079 2062 2100 2125 2133 2089 2087 2071
832.705017 2091 2062 2100 2092 2130 2106 2067 2091
832.724976 2079 2078 2107 2097 2112 2066 2089 2090
832.744995 2091 2100 2118 2089 2073 2076 2073 2057
832.765991 2076 2088 2087 2084 2109 2101 2078 2064
832.786011 2064 2074 2070 2075 2106 2058 2072 2043
832.80603 2071 2081 2101 2112 2118 2091 2058 2067
832.827026 2075 2079 2102 2087 2106 2077 2055 2085
832.846985 2068 2068 2079 2072 2115 2077 2046 2039
832.867004 2075 2076 2075 2097 2073 2084 2087 2069
832.888 2057 2064 2078 2117 2078 2080 2065 2051
832.90802 2063 2059 2079 2116 2089 2075 2077 2039
832.927979 2048 2044 2104 2094 2081 2075 2073 2078
832.948975 2076 2089 2086 2107 2108 2064 2054 2067
832.968994 2080 2059 2090 2096 2095 2087 2080 2081
832.989014 2088 2100 2098 2074 2112 2072 2060 2064
833.01001 2032 2089 2104 2108 2095 2091 2042 2053
833.030029 2047 2071 2078 2076 2082 2078 2052 2070
833.049988 2071 2087 2089 2110 2066 2062 2064 2043
833.070984 2046 2081 2087 2083 2088 2060 2037 2048
833.091003 2055 2076 2102 2105 2072 2068 2060 2062
833.111023 2066 2065 2086 2077 2101 2049 2054 2045
833.132019 2063 2094 2105 2087 2080 2061 2033 2039
833.151978 2062 2062 2071 2088 2084 2071 2101 2052
833.171997 2066 2080 2089 2099 2091 2089 2081 2062
833.192993 2054 2079 2082 2088 2103 2055 2042 2046
833.213013 2044 2072 2079 2082 2071 2068 2055 2050
833.232971 2029 2076 2074 2060 2103 2071 2052 2043
833.254028 2038 2072 2058 2087 2090 2046 2043 2066
833.273987 2034 2061 2053 2084 2059 2089 2043 2014
833.294006 2038 2034 2033 2101 2086 2039 2048 2038
833.315002 2051 2055 2060 2074 2071 2045 2069 2036
833.335022 2037 2072 2085 2048 2059 2059 2013 2047
833.35498 2043 2066 2062 2088 2055 2061 2024 2050
833.375977 2055 2078 2075 2110 2095 2058 2065 2044
833.395996 2040 2071 2060 2075 2068 2057 2038 2084
833.416016 2030 2055 2068 2062 2067 2045 2035 2037
833.437012 2048 2058 2048 2072 2090 2086 2072 2085
833.45697 2049 2045 2060 2050 2099 2056 2017 2016
833.47699 2032 2094 2033 2062 2059 2040 2034 2068
833.497009 2015 2070 2049 2065 2046 2058 2027 2030
833.518005 2058 2021 2109 2065 2089 2078 2049 2051
833.538025 2050 2043 2057 2076 2048 2051 2056 2014
833.557983 2064 2025 2044 2050 2067 2033 2050 2030
833.578979 2021 2043 2070 2064 2054 2061 2053 2038
833.598999 2019 2031 2074 2066 2068 2034 2025 2031
833.619019 2026 2066 2067 2072 2059 2056 2047 2068
833.640015 2061 2048 2064 2071 2063 2058 2047 2031
833.659973 2037 2057 2037 2088 2069 2075 2031 2022
833.679993 2032 2048 2047 2063 2072 2048 2063 2064
833.700989 2009 2035 2085 2047 2059 2059 2036 2028
833.721008 2035 2028 2075 2046 2057 2074 2027 2060
833.741028 2026 2079 2044 2084 2102 2054 2044 2060
833.762024 2037 2065 2071 2085 2075 2049 2052 2035
833.781982 2013 2040 2088 2083 2064 2041 2032 2032
833.802002 2035 2042 2053 2064 2066 2039 2054 2043
833.822021 2038 2009 2050 2082 2061 2061 2030 2047
833.843018 2047 2053 2062 2093 2063 2043 2044 2036
833.862976 2054 2058 2052 2072 2075 2067 2054 2046
833.882996 2019 2047 2067 2052 2055 2033 2040 2026
833.903992 2042 2054 2047 2078 2095 2047 2041 2054
833.924011 2054 2076 2073 2069 2099 2044 2034 2047
833.94397 2042 2054 2042 2066 2068 2066 2061 2042
833.965027 2034 2056 2071 2086 2071 2088 2051 2014
833.984985 2043 2059 2079 2068 2057 2037 2045 2046
834.005005 2027 2044 2077 2077 2090 2096 2046 2066
834.026001 2018 2026 2071 2095 2063 2057 2045 2025
834.046021 2017 2075 2065 2098 2070 2052 2031 2033
834.065979 2058 2015 2086 2049 2063 2061 2045 2040
834.085999 2032 2034 2089 2087 2075 2064 2045 2020
834.106995 2030 2073 2074 2074 2056 2058 2063 2034
834.127014 2038 2056 2066 2061 2070 2042 2051 2013
834.146973 2062 2048 2028 2122 2068 2036 2041 2068
834.16803 2043 2051 2058 2063 2069 2073 2056 2029
834.187988 2050 2055 2077 2065 2066 2055 2050 2040
834.208008 2016 2063 2069 2100 2065 2030 2063 2054
834.228027 2076 2046 2053 2086 2097 2070 2047 2050
834.249023 2051 2032 2065 2065 2071 2044 2057 2021
834.268982 2054 2058 2061 2071 2059 2061 2028 2046
834.289001 2055 2065 2083 2076 2080 2049 2054 2050
834.309998 2048 2068 2068 2064 2074 2056 2047 2024
834.330017 2047 2041 2059 2083 2082 2039 2048 2025
834.349976 2074 2062 2048 2066 2084 2042 2055 2025
834.369995 2036 2058 2085 2079 2083 2053 2029 2062
834.390991 2056 2083 2087 2088 2101 2062 2030 2040
834.411011 2045 2057 2093 2060 2094 2064 2038 2058
834.43103 2055 2026 2090 2082 2110 2053 2029 2041
834.452026 2059 2062 2078 2100 2064 2069 2062 2071
834.471985 2041 2053 2071 2094 2073 2057 2047 2053
834.492004 2027 2058 2075 2095 2070 2078 2055 2040
834.513 2043 2074 2080 2091 2104 2068 2056 2047
834.53302 2017 2032 2079 2106 2085 2074 2064 2032
834.552979 2038 2051 2083 2085 2093 2074 2073 2052
834.572998 2024 2071 2071 2073 2118 2100 2083 2039
834.593994 2045 2080 2082 2100 2108 2058 2046 2049
834.614014 2062 2068 2083 2087 2102 2069 2071 2078
834.633972 2058 2071 2101 2071 2094 2085 2074 2056
834.653992 2055 2087 2091 2081 2090 2084 2030 2072
834.674988 2067 2103 2061 2088 2093 2062 2076 2056
834.695007 2051 2064 2096 2090 2098 2073 2076 2051
834.715027 2060 2077 2083 2095 2081 2095 2051 2067
834.736023 2040 2072 2066 2100 2081 2139 2059 2068
834.755981 2077 2072 2085 2080 2086 2111 2058 2045
834.776001 2045 2084 2083 2097 2110 2095 2080 2082
834.796021 2074 2083 2077 2101 2116 2080 2082 2101
834.817017 2061 2089 2090 2108 2096 2072 2059 2083
834.836975 2080 2087 2070 2101 2096 2041 2052 2063
834.856995 2042 2081 2072 2124 2091 2093 2056 2048
834.877991 2086 2086 2122 2100 2097 2087 2071 2081
834.89801 2099 2084 2086 2089 2094 2081 2071 2074
834.91803 2092 2081 2122 2113 2102 2078 2069 2057
834.937988 2087 2088 2090 2102 2107 2086 2079 2044
834.958984 2066 2119 2099 2104 2105 2084 2054 2083
834.979004 2088 2088 2087 2102 2107 2108 2066 2066
834.999023 2087 2081 2110 2125 2093 2095 2071 2080
835.018982 2071 2064 2108 2096 2107 2091 2077 2088
835.039978 2055 2093 2131 2090 2108 2092 2102 2062
835.059998 2056 2100 2121 2123 2097 2071 2038 2068
835.080017 2063 2108 2084 2077 2113 2089 2075 2064
835.101013 2065 2071 2066 2078 2112 2062 2031 2073
835.120972 2067 2088 2100 2112 2102 2097 2057 2044
835.140991 2078 2071 2090 2105 2099 2081 2061 2074
835.161011 2072 2086 2072 2116 2099 2068 2090 2057
835.182007 2071 2063 2101 2111 2113 2103 2075 2086
835.202026 2076 2084 2105 2113 2098 2101 2077 2085
835.221985 2070 2077 2080 2109 2103 2105 2057 2073
835.242004 2072 2094 2127 2130 2080 2077 2072 2094
835.263 2074 2099 2062 2104 2093 2092 2071 2079
835.28302 2099 2106 2093 2095 2113 2091 2045 2063
835.302979 2087 2074 2084 2092 2084 2064 2077 2075
835.322998 2061 2068 2112 2117 2145 2078 2064 2068
835.343994 2069 2085 2116 2121 2118 2076 2067 2070
835.364014 2067 2075 2083 2090 2085 2077 2056 2065
835.383972 2057 2080 2096 2134 2105 2079 2061 2069
835.403992 2072 2077 2108 2125 2118 2072 2064 2055
835.424988 2077 2063 2124 2083 2077 2107 2097 2061
835.445007 2059 2070 2100 2093 2097 2072 2068 2065
835.465027 2062 2065 2080 2135 2095 2085 2046 2091
835.486023 2071 2071 2073 2123 2102 2063 2076 2077
835.505981 2085 2099 2103 2078 2127 2084 2092 2071
835.526001 2048 2100 2107 2090 2088 2086 2080 2075
835.546021 2069 2052 2086 2096 2113 2078 2090 2076
835.567017 2059 2070 2104 2114 2117 2100 2067 2075
835.586975 2063 2075 2088 2080 2090 2060 2082 2090
835.606995 2060 2085 2076 2095 2088 2076 2060 2086
835.627014 2062 2085 2066 2109 2077 2098 2059 2075
835.64801 2052 2081 2090 2112 2111 2098 2053 2052
835.66803 2071 2049 2081 2094 2098 2087 2064 2084
835.687988 2057 2072 2097 2085 2059 2104 2081 2069
835.708008 2073 2067 2093 2058 2071 2070 2076 2082
835.729004 2074 2052 2101 2103 2098 2085 2088 2086
835.749023 2072 2060 2093 2087 2095 2076 2074 2067
835.768982 2064 2060 2112 2124 2097 2086 2065 2071
835.789001 2056 2066 2080 2108 2075 2104 2076 2072
835.809998 2058 2066 2122 2090 2103 2097 2057 2059
835.830017 2065 2115 2118 2120 2133 2086 2102 2096
835.849976 2047 2104 2110 2101 2107 2101 2054 2089
835.869995 2051 2081 2100 2117 2130 2107 2111 2071
835.890991 2044 2111 2081 2106 2102 2059 2107 2078
835.911011 2056 2084 2072 2108 2153 2076 2087 2054
835.93103 2079 2080 2075 2121 2107 2086 2101 2082
835.950989 2011 2099 2079 2113 2106 2085 2071 2076
835.971985 2054 2069 2106 2108 2108 2074 2061 2082
835.992004 2079 2091 2117 2103 2103 2071 2096 2080
836.012024 2080 2067 2097 2098 2130 2099 2119 2066
836.031982 2087 2099 2100 2101 2128 2126 2046 2071
836.052002 2075 2076 2108 2132 2108 2075 2061 2060
836.072998 2087 2072 2138 2122 2138 2089 2102 2085
836.093018 2062 2068 2114 2110 2109 2096 2084 2089
836.112976 2078 2097 2130 2120 2108 2098 2094 2087
836.132996 2070 2096 2103 2130 2101 2096 2099 2079
836.153992 2074 2086 2091 2113 2099 2076 2043 2072
836.174011 2055 2083 2103 2108 2144 2114 2089 2087
836.19397 2069 2070 2117 2079 2113 2095 2071 2087
836.213989 2044 2088 2083 2140 2102 2086 2091 2077
836.234985 2049 2060 2118 2105 2102 2108 2055 2058
836.255005 2066 2074 2100 2094 2092 2117 2057 2068
836.275024 2046 2094 2100 2107 2079 2084 2092 2056
836.294983 2050 2093 2085 2088 2096 2083 2080 2060
836.315979 2061 2085 2118 2121 2094 2066 2052 2062
836.335999 2086 2092 2087 2094 2107 2088 2059 2059
836.356018 2055 2077 2098 2090 2140 2112 2103 2061
836.375977 2063 2058 2094 2123 2124 2097 2069 2096
836.395996 2066 2065 2071 2141 2091 2065 2091 2079
836.416992 2066 2085 2092 2119 2104 2100 2064 2077
836.437012 2053 2058 2095 2120 2126 2085 2089 2063
836.45697 2075 2079 2103 2101 2104 2075 2071 2059
836.47699 2077 2046 2071 2117 2093 2111 2089 2081
836.497986 2069 2091 2098 2085 2113 2093 2045 2089
836.518005 2074 2077 2134 2124 2133 2057 2068 2107
836.538025 2079 2087 2088 2117 2126 2100 2076 2049
836.557983 2071 2107 2096 2108 2094 2115 2094 2078
836.578979 2065 2108 2090 2128 2107 2090 2069 2069
836.598999 2087 2090 2102 2108 2115 2094 2093 2069
836.619019 2039 2094 2105 2118 2101 2130 2091 2095
836.638977 2076 2072 2096 2107 2117 2085 2075 2092
836.658997 2110 2074 2102 2110 2096 2094 2074 2093
836.679993 2080 2105 2088 2108 2105 2121 2082 2087
836.700012 2085 2081 2126 2129 2089 2088 2098 2062
836.719971 2072 2073 2082 2107 2122 2117 2068 2094
836.73999 2069 2086 2123 2101 2096 2094 2096 2094
836.760986 2074 2075 2112 2109 2104 2082 2099 2100
836.781006 2097 2094 2109 2116 2099 2097 2085 2057
836.801025 2074 2089 2094 2113 2099 2088 2055 2107
836.820984 2102 2087 2098 2097 2119 2076 2100 2093
836.841003 2075 2080 2107 2107 2094 2115 2088 2060
836.862 2049 2079 2085 2106 2072 2094 2070 2104
836.882019 2071 2104 2108 2112 2122 2084 2073 2099
836.901978 2097 2091 2080 2090 2111 2112 2104 2064
836.921997 2067 2111 2144 2130 2112 2097 2106 2082
836.942993 2096 2093 2115 2127 2105 2094 2083 2109
836.963013 2082 2124 2105 2107 2107 2108 2109 2082
836.982971 2072 2107 2149 2131 2095 2125 2085 2088
837.002991 2094 2102 2112 2136 2123 2115 2109 2101
837.02301 2137 2078 2113 2151 2152 2102 2077 2084
837.044006 2112 2146 2125 2133 2136 2113 2120 2108
837.064026 2132 2166 2142 2182 2161 2167 2139 2105
837.083984 2117 2170 2147 2167 2168 2152 2150 2158
837.104004 2117 2121 2164 2169 2171 2172 2133 2150
837.124023 2135 2164 2174 2169 2191 2161 2131 2152
837.14502 2152 2189 2161 2172 2182 2142 2155 2175
837.164978 2143 2128 2185 2191 2141 2171 2134 2174
837.184998 2141 2149 2190 2173 2179 2122 2141 2163
837.205017 2167 2151 2172 2230 2178 2173 2153 2177
837.224976 2154 2181 2179 2209 2183 2175 2150 2150
837.245972 2160 2158 2171 2191 2192 2163 2140 2196
837.265991 2151 2165 2166 2155 2179 2155 2140 2146
837.286011 2121 2158 2164 2198 2190 2184 2163 2154
837.30603 2152 2152 2176 2169 2171 2154 2168 2147
837.325989 2133 2161 2201 2182 2180 2174 2148 2147
837.346985 2140 2154 2161 2211 2169 2158 2125 2138
837.367004 2137 2176 2169 2156 2183 2157 2149 2131
837.387024 2122 2164 2178 2183 2158 2161 2157 2127
837.406982 2141 2133 2159 2159 2149 2153 2149 2157
837.427002 2155 2167 2170 2185 2149 2154 2128 2137
837.447998 2116 2154 2142 2181 2156 2149 2167 2138
837.468018 2146 2135 2173 2182 2172 2167 2162 2166
837.487976 2148 2134 2183 2179 2178 2152 2164 2168
837.507996 2166 2164 2178 2169 2172 2160 2163 2150
837.528992 2130 2162 2229 2179 2197 2168 2146 2154
837.549011 2163 2165 2179 2159 2161 2168 2144 2137
837.56897 2153 2168 2191 2194 2178 2161 2162 2161
837.588989 2144 2166 2185 2186 2173 2173 2159 2158
837.609009 2169 2171 2169 2172 2199 2161 2154 2130
837.629028 2133 2149 2167 2196 2185 2183 2172 2182
837.650024 2164 2186 2148 2203 2190 2151 2160 2163
837.669983 2158 2189 2188 2192 2196 2160 2156 2164
837.690002 2145 2173 2200 2206 2170 2193 2174 2160
837.710022 2163 2167 2201 2206 2182 2155 2176 2140
837.72998 2147 2221 2192 2208 2208 2169 2162 2191
837.750977 2182 2174 2226 2198 2182 2179 2166 2158
837.770996 2147 2206 2190 2184 2200 2212 2178 2179
837.791016 2164 2212 2184 2221 2179 2183 2200 2180
837.810974 2172 2190 2218 2233 2200 2187 2190 2167
837.830994 2161 2172 2226 2206 2177 2177 2182 2205
837.85199 2187 2193 2185 2217 2230 2208 2198 2220
837.872009 2177 2185 2208 2259 2207 2187 2186 2171
837.892029 2163 2214 2223 2211 2204 2195 2157 2190
837.911987 2173 2188 2221 2184 2183 2203 2187 2177
837.932007 2206 2227 2217 2235 2193 2169 2178 2181
837.953003 2206 2190 2227 2239 2232 2242 2172 2224
837.973022 2204 2217 2207 2239 2191 2205 2190 2204
837.992981 2215 2215 2215 2236 2249 2187 2185 2222
838.013 2183 2191 2166 2236 2210 2201 2213 2202
838.03302 2211 2186 2222 2267 2208 2189 2206 2205
838.052979 2255 2229 2215 2252 2241 2241 2239 2210
838.073975 2216 2209 2190 2228 2235 2224 2227 2216
838.093994 2214 2251 2241 2243 2244 2244 2232 2205
838.114014 2212 2213 2253 2235 2238 2236 2214 2199
838.133972 2245 2196 2224 2278 2241 2250 2208 2226
838.153992 2225 2251 2258 2266 2254 2252 2277 2224
838.174011 2229 2225 2236 2235 2264 2238 2253 2231
838.195007 2224 2234 2248 2267 2265 2216 2231 2264
838.215027 2241 2264 2292 2241 2250 2270 2226 2247
838.234985 2231 2244 2280 2270 2245 2243 2239 2247
838.255005 2212 2229 2267 2291 2265 2245 2246 2233
838.275024 2249 2261 2259 2259 2260 2277 2240 2209
838.296021 2247 2269 2260 2275 2271 2266 2250 2265
838.315979 2239 2276 2244 2289 2265 2270 2249 2254
838.335999 2234 2262 2250 2261 2283 2272 2239 2275
838.356018 2184 2248 2260 2256 2255 2225 2240 2239
838.375977 2210 2222 2251 2251 2242 2253 2251 2246
838.395996 2231 2224 2252 2218 2232 2242 2226 2232
838.416992 2251 2225 2255 2254 2275 2262 2236 2247
838.437012 2263 2281 2273 2260 2252 2253 2217 2247
838.45697 2226 2250 2248 2226 2264 2247 2244 2237
838.47699 2226 2249 2238 2303 2245 2261 2247 2246
838.497009 2251 2268 2262 2271 2282 2268 2257 2213
838.517029 2240 2274 2248 2277 2288 2229 2266 2265
838.538025 2245 2262 2279 2296 2257 2252 2265 2247
838.557983 2229 2284 2281 2252 2287 2257 2251 2253
838.578003 2241 2257 2299 2276 2291 2291 2251 2271
838.598022 2273 2237 2272 2296 2276 2277 2280 2259
838.617981 2301 2244 2285 2311 2285 2294 2306 2261
838.638 2287 2259 2277 2289 2302 2277 2270 2262
838.658997 2266 2277 2309 2344 2309 2282 2272 2280
838.679016 2280 2279 2285 2324 2308 2287 2272 2285
838.698975 2269 2286 2329 2304 2311 2313 2306 2291
838.718994 2288 2312 2286 2306 2321 2320 2285 2267
838.739014 2242 2280 2311 2329 2338 2300 2262 2297
838.758972 2287 2295 2293 2342 2332 2284 2287 2259
838.780029 2307 2327 2297 2340 2332 2312 2283 2294
838.799988 2285 2275 2301 2352 2370 2334 2335 2294
838.820007 2322 2336 2319 2332 2356 2315 2301 2294
838.840027 2299 2311 2292 2346 2367 2300 2296 2303
838.859985 2231 2314 2335 2349 2360 2309 2323 2331
838.880005 2315 2346 2333 2343 2407 2314 2340 2278
838.901001 2294 2321 2334 2386 2389 2352 2326 2328
838.921021 2328 2346 2362 2381 2405 2321 2349 2320
838.940979 2291 2330 2395 2388 2352 2348 2330 2326
838.960999 2316 2326 2365 2372 2386 2314 2340 2328
838.981018 2367 2334 2376 2397 2402 2409 2338 2364
839.000977 2315 2331 2348 2388 2439 2336 2361 2342
839.020996 2360 2349 2410 2359 2403 2378 2335 2338
839.041992 2351 2328 2369 2420 2423 2379 2329 2321
839.062012 2317 2336 2395 2384 2414 2385 2371 2345
839.08197 2336 2390 2385 2381 2411 2371 2360 2346
839.10199 2356 2394 2385 2404 2412 2391 2370 2348
839.122009 2377 2367 2388 2410 2437 2441 2409 2354
839.142029 2360 2353 2407 2402 2461 2394 2355 2334
839.161987 2377 2366 2422 2392 2406 2401 2353 2386
839.182983 2344 2367 2418 2452 2442 2435 2379 2342
839.203003 2392 2375 2393 2427 2450 2443 2369 2388
839.223022 2366 2380 2392 2452 2438 2410 2402 2349
839.242981 2377 2374 2440 2449 2395 2443 2400 2359
839.263 2365 2343 2403 2456 2465 2449 2438 2402
839.28302 2389 2385 2403 2450 2442 2443 2408 2362
839.304016 2419 2397 2432 2456 2430 2423 2384 2368
839.323975 2417 2386 2451 2491 2485 2478 2425 2394
839.343994 2379 2401 2445 2512 2502 2458 2411 2391
839.364014 2413 2410 2457 2494 2442 2465 2465 2391
839.383972 2399 2426 2455 2468 2510 2454 2442 2430
839.403992 2391 2439 2425 2472 2535 2482 2448 2420
839.424011 2410 2465 2457 2502 2478 2462 2428 2421
839.445007 2430 2422 2439 2490 2495 2476 2468 2453
839.465027 2435 2404 2465 2494 2510 2496 2464 2438
839.484985 2390 2432 2455 2466 2475 2490 2446 2416
839.505005 2450 2457 2451 2520 2523 2490 2478 2427
839.525024 2469 2395 2452 2494 2505 2505 2496 2466
839.544983 2419 2450 2479 2483 2517 2487 2437 2446
839.565002 2449 2456 2483 2504 2507 2525 2441 2474
839.585999 2462 2448 2453 2545 2550 2496 2486 2474
839.606018 2457 2467 2509 2523 2563 2497 2465 2494
839.625977 2473 2500 2476 2538 2556 2539 2513 2476
839.645996 2483 2514 2517 2575 2555 2542 2509 2483
839.666016 2477 2481 2538 2545 2549 2566 2509 2491
839.685974 2510 2521 2546 2609 2538 2551 2511 2487
839.705994 2517 2525 2537 2530 2574 2536 2536 2520
839.726013 2516 2496 2579 2548 2534 2578 2524 2517
839.747009 2500 2544 2513 2562 2562 2574 2525 2516
839.767029 2519 2531 2528 2551 2577 2554 2526 2547
839.786987 2518 2537 2547 2589 2568 2549 2579 2516
839.807007 2550 2533 2547 2583 2564 2592 2531 2578
839.827026 2537 2556 2564 2611 2635 2594 2544 2562
839.846985 2566 2547 2562 2573 2616 2582 2586 2572
839.867004 2528 2566 2564 2592 2635 2630 2602 2558
839.887024 2591 2566 2537 2595 2661 2613 2569 2558
839.90802 2551 2594 2602 2663 2652 2596 2578 2596
839.927979 2554 2578 2603 2628 2671 2594 2620 2620
839.947998 2583 2617 2570 2654 2666 2710 2612 2600
839.968018 2629 2606 2657 2710 2678 2655 2639 2687
839.987976 2647 2633 2657 2697 2694 2662 2685 2623
840.007996 2646 2676 2695 2688 2698 2715 2652 2664
840.028015 2658 2645 2669 2730 2716 2730 2678 2675
840.047974 2667 2680 2676 2741 2725 2696 2654 2679
840.06897 2647 2647 2724 2736 2772 2773 2753 2704
840.088989 2732 2688 2729 2763 2770 2763 2736 2677
840.109009 2723 2682 2760 2746 2758 2773 2726 2733
840.129028 2749 2713 2745 2757 2815 2757 2760 2722
840.148987 2739 2712 2764 2770 2788 2791 2804 2731
840.169006 2674 2717 2736 2807 2792 2782 2738 2753
840.189026 2748 2770 2757 2761 2832 2797 2771 2768
840.208984 2745 2743 2780 2787 2833 2787 2790 2773
840.22998 2747 2774 2764 2786 2839 2790 2775 2753
840.25 2780 2746 2773 2768 2815 2810 2773 2762
840.27002 2756 2763 2770 2766 2817 2815 2774 2753
840.289978 2754 2758 2753 2780 2813 2816 2788 2787
840.309998 2765 2783 2812 2735 2815 2809 2811 2715
840.330017 2735 2763 2762 2820 2771 2843 2777 2744
840.349976 2760 2701 2774 2770 2788 2756 2778 2749
840.369995 2744 2710 2730 2777 2794 2777 2765 2751
840.390015 2736 2719 2739 2786 2792 2805 2719 2703
840.411011 2753 2757 2753 2785 2835 2777 2749 2771
840.43103 2716 2693 2747 2766 2780 2803 2710 2714
840.450989 2715 2726 2713 2754 2791 2770 2762 2723
840.471008 2707 2695 2705 2733 2794 2773 2706 2714
840.491028 2707 2699 2735 2758 2775 2757 2710 2685
840.510986 2717 2710 2701 2767 2743 2717 2697 2700
840.531006 2646 2673 2701 2758 2743 2718 2752 2681
840.551025 2679 2652 2733 2736 2717 2774 2700 2657
840.570984 2642 2648 2671 2744 2735 2681 2683 2695
840.59198 2619 2675 2676 2650 2688 2728 2664 2642
840.612 2672 2608 2662 2643 2720 2670 2660 2648
840.632019 2664 2655 2638 2659 2692 2660 2622 2607
840.651978 2616 2597 2633 2610 2648 2637 2606 2633
840.671997 2563 2600 2626 2645 2604 2599 2598 2557
840.692017 2552 2568 2582 2620 2581 2570 2554 2571
840.711975 2542 2557 2564 2543 2595 2590 2527 2559
840.731995 2486 2491 2550 2534 2566 2526 2526 2538
840.752014 2513 2573 2537 2521 2522 2498 2532 2473
840.771973 2494 2500 2532 2553 2516 2538 2489 2524
840.79303 2482 2472 2489 2500 2518 2536 2520 2462
840.812988 2483 2429 2507 2504 2471 2481 2467 2467
840.833008 2443 2497 2467 2468 2486 2452 2430 2455
840.853027 2462 2454 2435 2442 2434 2460 2423 2440
840.872986 2387 2437 2475 2446 2436 2451 2427 2445
840.893005 2413 2439 2415 2423 2423 2430 2423 2410
840.913025 2370 2403 2395 2392 2404 2406 2376 2443
840.932983 2390 2377 2381 2389 2400 2388 2394 2363
840.953003 2387 2358 2376 2372 2383 2358 2343 2383
840.973022 2351 2325 2380 2352 2402 2358 2315 2356
840.994019 2337 2348 2374 2348 2355 2378 2340 2343
841.013977 2313 2354 2357 2319 2321 2339 2360 2303
841.033997 2312 2287 2283 2314 2337 2315 2297 2315
841.054016 2308 2298 2313 2330 2363 2331 2310 2316
841.073975 2304 2276 2312 2293 2335 2289 2301 2300
841.093994 2299 2298 2314 2287 2300 2294 2289 2282
841.114014 2245 2313 2320 2280 2309 2293 2273 2284
841.133972 2253 2261 2272 2291 2280 2262 2259 2303
841.153992 2277 2244 2251 2271 2266 2257 2270 2245
841.174011 2229 2279 2303 2282 2269 2275 2272 2247
841.19397 2231 2259 2227 2264 2252 2263 2250 2255
841.215027 2250 2254 2241 2262 2250 2262 2241 2239
841.234985 2216 2228 2273 2272 2248 2240 2270 2252
841.255005 2226 2208 2265 2233 2234 2256 2237 2247
841.275024 2174 2223 2254 2268 2257 2232 2229 2233
841.294983 2228 2233 2242 2258 2245 2236 2205 2228
841.315002 2199 2219 2202 2288 2237 2190 2237 2209
841.335022 2218 2218 2231 2242 2200 2213 2257 2226
841.35498 2221 2214 2222 2246 2226 2217 2210 2228
841.375 2206 2224 2245 2231 2221 2233 2192 2235
841.39502 2218 2203 2246 2220 2210 2203 2219 2222
841.414978 2215 2198 2197 2222 2225 2214 2225 2195
841.434998 2200 2190 2216 2252 2242 2205 2218 2225
841.455994 2211 2209 2242 2178 2216 2216 2202 2236
841.476013 2225 2175 2214 2222 2224 2172 2198 2204
841.495972 2199 2183 2196 2217 2221 2211 2211 2198
841.515991 2212 2192 2214 2242 2216 2208 2184 2222
841.536011 2220 2206 2229 2238 2229 2193 2202 2187
841.55603 2209 2185 2204 2221 2237 2194 2197 2195
841.575989 2200 2186 2220 2216 2226 2166 2188 2195
841.596008 2204 2242 2217 2208 2248 2179 2207 2169
841.616028 2137 2203 2210 2204 2182 2177 2226 2195
841.635986 2173 2201 2205 2208 2203 2202 2220 2181
841.656006 2196 2157 2205 2173 2205 2174 2216 2193
841.676025 2191 2171 2188 2210 2210 2193 2205 2170
841.695984 2218 2177 2201 2231 2236 2187 2190 2205
841.716003 2148 2189 2202 2191 2214 2148 2195 2192
841.737 2173 2201 2203 2196 2195 2195 2191 2193
841.757019 2162 2169 2220 2216 2176 2201 2192 2200
841.776978 2182 2185 2197 2194 2182 2175 2169 2185
841.796997 2199 2218 2211 2224 2199 2187 2177 2175
841.817017 2166 2198 2184 2222 2193 2203 2150 2190
841.836975 2198 2177 2189 2180 2207 2183 2163 2191
841.856995 2201 2170 2206 2195 2185 2186 2169 2175
841.877014 2163 2167 2184 2192 2181 2200 2160 2178
841.896973 2153 2168 2202 2211 2208 2182 2154 2189
841.916992 2141 2160 2157 2160 2212 2146 2180 2182
841.937012 2160 2180 2164 2162 2167 2180 2172 2185
841.95697 2145 2144 2165 2215 2182 2188 2165 2172
841.97699 2183 2204 2180 2172 2172 2186 2191 2198
841.997009 2151 2155 2164 2222 2209 2199 2175 2144
842.018005 2160 2164 2205 2160 2158 2162 2154 2164
842.038025 2159 2161 2141 2164 2163 2153 2167 2160
842.057983 2115 2142 2165 2205 2184 2150 2149 2154
842.078003 2147 2171 2138 2179 2164 2160 2136 2132
842.098022 2149 2167 2163 2165 2170 2133 2148 2169
842.117981 2164 2145 2173 2179 2156 2140 2129 2146
842.138 2143 2163 2155 2167 2161 2156 2155 2132
842.15802 2151 2146 2147 2167 2159 2154 2132 2124
842.177979 2151 2135 2156 2157 2168 2144 2132 2137
842.197998 2121 2164 2163 2151 2139 2156 2170 2131
842.218018 2136 2138 2146 2151 2167 2162 2115 2114
842.237976 2092 2135 2135 2134 2182 2138 2148 2130
842.257996 2131 2114 2170 2163 2143 2129 2115 2135
842.278015 2119 2155 2154 2148 2146 2143 2129 2118
842.297974 2145 2162 2128 2184 2138 2172 2111 2152
842.317993 2152 2147 2143 2134 2164 2128 2133 2160
842.338013 2138 2177 2151 2141 2157 2130 2147 2149
842.357971 2123 2158 2150 2170 2156 2131 2134 2168
842.379028 2128 2172 2159 2168 2164 2120 2153 2125
842.398987 2134 2142 2170 2126 2158 2144 2168 2143
842.419006 2125 2127 2188 2139 2177 2145 2147 2131
842.439026 2134 2153 2144 2163 2190 2154 2119 2172
842.458984 2124 2116 2122 2139 2155 2134 2111 2131
842.479004 2120 2129 2161 2146 2165 2130 2120 2132
842.499023 2111 2118 2163 2148 2167 2163 2109 2125
842.518982 2129 2162 2159 2138 2131 2127 2129 2143
842.539001 2126 2133 2143 2142 2141 2148 2125 2162
842.559021 2116 2140 2172 2144 2138 2116 2104 2111
842.578979 2110 2131 2126 2141 2114 2132 2121 2147
842.598999 2151 2141 2144 2156 2160 2140 2148 2156
842.619019 2121 2158 2148 2148 2154 2145 2130 2145
842.638977 2115 2151 2162 2148 2142 2142 2126 2150
842.658997 2137 2144 2152 2156 2180 2149 2130 2135
842.679016 2150 2148 2152 2162 2156 2143 2145 2128
842.698975 2129 2165 2167 2157 2173 2165 2130 2156
842.718994 2152 2168 2189 2164 2198 2145 2148 2151
842.739014 2153 2155 2184 2172 2149 2156 2165 2133
842.758972 2146 2156 2159 2199 2167 2173 2180 2164
842.778992 2147 2141 2169 2153 2186 2193 2152 2143
842.799011 2154 2179 2160 2190 2167 2192 2149 2156
842.820007 2173 2149 2165 2184 2128 2180 2131 2141
842.840027 2142 2160 2187 2165 2190 2146 2173 2140
842.859985 2167 2152 2169 2184 2163 2165 2165 2134
842.880005 2147 2185 2164 2154 2188 2149 2151 2185
842.900024 2185 2162 2175 2193 2193 2189 2153 2150
842.919983 2158 2189 2210 2170 2169 2165 2177 2143
842.940002 2172 2153 2169 2184 2172 2131 2143 2148
842.960022 2134 2165 2153 2155 2209 2151 2192 2155
842.97998 2150 2136 2165 2142 2173 2191 2167 2166
843 2123 2146 2161 2178 2184 2136 2154 2154
843.02002 2156 2198 2179 2171 2174 2140 2160 2144
843.039978 2158 2184 2169 2186 2153 2124 2157 2129
843.059998 2150 2164 2158 2169 2174 2138 2159 2143
843.080017 2164 2160 2164 2161 2161 2149 2124 2151
843.099976 2135 2162 2154 2141 2183 2141 2146 2154
843.119995 2121 2134 2147 2176 2176 2171 2138 2146
843.140015 2122 2150 2140 2173 2157 2115 2146 2145
843.159973 2128 2149 2159 2138 2160 2170 2134 2158
843.179993 2156 2119 2155 2182 2166 2151 2161 2146
843.200012 2121 2151 2157 2159 2151 2157 2189 2140
843.219971 2143 2124 2150 2139 2157 2142 2176 2164
843.23999 2154 2165 2161 2157 2145 2175 2175 2147
843.26001 2150 2168 2155 2143 2147 2155 2146 2166
843.280029 2144 2150 2164 2179 2186 2146 2156 2168
843.299988 2116 2147 2170 2165 2195 2131 2173 2151
843.320007 2111 2167 2151 2160 2149 2152 2132 2148
843.340027 2132 2135 2165 2178 2193 2145 2152 2147
843.359985 2132 2185 2154 2169 2187 2158 2141 2154
843.380005 2158 2181 2157 2150 2150 2145 2125 2126
843.400024 2150 2144 2163 2155 2200 2155 2145 2132
843.419983 2146 2161 2179 2162 2146 2159 2128 2120
843.440002 2140 2148 2141 2158 2161 2163 2140 2149
843.460022 2145 2154 2170 2152 2164 2159 2142 2131
843.47998 2131 2157 2170 2187 2151 2148 2146 2145
843.5 2176 2154 2155 2171 2172 2165 2178 2140
843.52002 2152 2145 2143 2189 2149 2140 2154 2111
843.539978 2162 2167 2158 2149 2146 2137 2140 2133
843.559998 2142 2129 2129 2166 2159 2125 2139 2131
843.580994 2116 2146 2146 2152 2174 2167 2148 2167
843.601013 2121 2154 2166 2166 2125 2133 2146 2139
843.620972 2165 2173 2157 2158 2173 2149 2158 2126
843.640991 2169 2154 2170 2177 2175 2132 2152 2136
843.661011 2138 2176 2171 2136 2133 2134 2179 2129
843.68103 2132 2147 2139 2156 2178 2147 2150 2159
843.700989 2138 2160 2182 2163 2134 2140 2188 2155
843.721008 2123 2153 2158 2156 2179 2158 2150 2132
843.741028 2147 2186 2172 2172 2172 2175 2137 2144
843.760986 2122 2156 2174 2159 2125 2157 2150 2128
843.781006 2122 2150 2162 2183 2144 2141 2165 2161
843.801025 2119 2169 2156 2155 2148 2128 2135 2190
843.820984 2151 2153 2164 2174 2156 2129 2118 2148
843.841003 2135 2131 2167 2166 2172 2172 2120 2147
843.861023 2158 2140 2164 2167 2141 2137 2139 2139
843.880981 2125 2119 2170 2136 2158 2143 2149 2126
843.901001 2161 2157 2135 2169 2150 2159 2168 2145
843.921021 2155 2179 2161 2182 2177 2143 2128 2119
843.940979 2125 2154 2120 2121 2170 2169 2132 2115
843.960999 2140 2127 2142 2158 2149 2166 2149 2145
843.981018 2132 2116 2147 2171 2146 2135 2142 2134
844.000977 2128 2126 2150 2168 2140 2137 2126 2132
844.020996 2140 2135 2121 2153 2158 2142 2124 2124
844.041016 2140 2116 2155 2156 2161 2133 2140 2150
844.060974 2115 2122 2146 2150 2161 2147 2154 2099
844.080994 2147 2156 2164 2152 2150 2136 2141 2137
844.101013 2116 2139 2147 2140 2155 2160 2117 2164
844.120972 2138 2139 2149 2149 2132 2145 2146 2106
844.140991 2147 2141 2150 2175 2167 2100 2151 2121
844.161011 2131 2156 2165 2175 2112 2131 2135 2135
844.18103 2148 2164 2166 2174 2145 2116 2113 2144
844.200989 2153 2181 2194 2161 2184 2136 2158 2154
844.221008 2182 2163 2140 2154 2168 2146 2158 2140
844.241028 2132 2167 2162 2167 2126 2159 2149 2155
844.260986 2160 2145 2146 2143 2140 2153 2127 2160
844.281006 2130 2180 2169 2164 2181 2135 2155 2120
844.301025 2147 2167 2145 2144 2164 2170 2152 2149
844.320984 2139 2153 2140 2144 2166 2147 2130 2143
844.341003 2128 2145 2150 2181 2173 2166 2135 2162
844.361023 2131 2123 2161 2139 2174 2139 2130 2161
844.380981 2120 2125 2129 2150 2128 2132 2118 2147
844.401001 2142 2137 2128 2168 2135 2158 2115 2138
844.421021 2115 2178 2178 2126 2157 2144 2137 2135
844.440979 2138 2136 2139 2153 2175 2138 2134 2142
844.460999 2107 2134 2141 2119 2127 2140 2123 2132
844.481018 2156 2132 2127 2177 2145 2129 2131 2126
844.500977 2133 2123 2162 2127 2129 2119 2110 2116
844.520996 2100 2102 2153 2148 2114 2101 2144 2119
844.541016 2077 2139 2135 2133 2146 2152 2114 2131
844.559998 2123 2133 2134 2113 2147 2122 2147 2140
844.580017 2125 2108 2134 2136 2135 2135 2114 2106
844.599976 2129 2131 2118 2142 2125 2146 2112 2124
844.619995 2109 2145 2120 2141 2139 2133 2105 2143
844.640015 2110 2144 2122 2157 2127 2142 2099 2160
844.659973 2138 2134 2145 2163 2139 2135 2120 2137
844.679993 2132 2104 2140 2154 2131 2139 2115 2140
844.700012 2111 2116 2130 2138 2124 2100 2137 2101
844.719971 2126 2132 2118 2113 2126 2076 2108 2092
844.73999 2074 2118 2149 2117 2112 2063 2113 2102
844.76001 2117 2103 2135 2118 2115 2143 2114 2119
844.780029 2085 2138 2120 2135 2104 2125 2114 2112
844.799988 2119 2104 2116 2127 2133 2131 2113 2100
844.820007 2109 2111 2137 2137 2154 2118 2123 2103
844.840027 2121 2123 2146 2148 2110 2089 2121 2093
844.859985 2130 2133 2136 2123 2145 2101 2110 2129
844.880005 2126 2103 2132 2154 2128 2098 2146 2119
844.900024 2125 2107 2144 2118 2093 2116 2126 2168
844.919983 2133 2106 2098 2129 2099 2115 2105 2111
844.940002 2117 2136 2128 2142 2114 2090 2117 2113
844.960022 2131 2132 2124 2136 2120 2116 2113 2131
844.97998 2111 2112 2135 2144 2111 2135 2104 2080
845 2093 2109 2137 2137 2138 2122 2107 2120
845.02002 2087 2125 2127 2118 2112 2109 2119 2122
845.039978 2116 2136 2123 2108 2117 2155 2125 2141
845.059998 2099 2121 2113 2099 2148 2124 2102 2115
845.080017 2122 2126 2133 2135 2140 2139 2124 2154
845.099976 2134 2145 2102 2126 2121 2118 2087 2122
845.119995 2123 2095 2128 2121 2113 2132 2116 2127
845.140015 2119 2127 2116 2132 2114 2128 2150 2127
845.159973 2105 2131 2127 2153 2123 2112 2141 2108
845.179993 2111 2102 2116 2125 2127 2117 2116 2116
845.200012 2100 2117 2141 2141 2125 2147 2098 2117
845.219971 2133 2123 2144 2140 2121 2135 2146 2132
845.23999 2136 2137 2111 2141 2150 2119 2113 2151
845.26001 2118 2103 2128 2139 2138 2113 2142 2131
845.280029 2102 2120 2129 2145 2128 2110 2144 2121
845.299011 2125 2126 2150 2131 2111 2112 2144 2127
845.31897 2125 2175 2121 2141 2117 2126 2143 2150
845.338989 2135 2117 2139 2135 2160 2137 2141 2134
845.359009 2150 2113 2148 2146 2132 2137 2107 2149
845.379028 2116 2136 2172 2150 2139 2126 2135 2141
845.398987 2135 2161 2155 2153 2145 2144 2127 2135
845.419006 2180 2148 2150 2139 2125 2112 2165 2128
845.439026 2181 2151 2143 2127 2151 2157 2119 2136
845.458984 2165 2182 2160 2153 2153 2166 2124 2125
845.479004 2160 2188 2188 2165 2161 2176 2170 2178
845.499023 2153 2200 2152 2186 2157 2157 2119 2141
845.518982 2157 2151 2175 2200 2165 2168 2159 2162
845.539001 2141 2134 2193 2163 2144 2180 2146 2153
845.559021 2150 2160 2179 2177 2184 2168 2162 2166
845.578979 2166 2177 2212 2190 2177 2166 2164 2156
845.598999 2185 2208 2200 2184 2152 2180 2168 2161
845.619019 2165 2205 2188 2226 2176 2155 2158 2201
845.638977 2197 2190 2211 2210 2167 2163 2147 2156
845.658997 2197 2215 2198 2185 2157 2192 2193 2190
845.679016 2181 2175 2179 2204 2191 2190 2194 2174
845.698975 2193 2218 2174 2195 2174 2183 2161 2173
845.718994 2188 2163 2205 2208 2180 2152 2216 2200
845.737976 2157 2212 2195 2203 2174 2150 2186 2178
845.757996 2145 2172 2186 2199 2167 2195 2180 2172
845.778015 2168 2191 2217 2186 2191 2135 2163 2177
845.797974 2174 2180 2191 2197 2214 2165 2195 2174
845.817993 2157 2161 2177 2197 2183 2179 2184 2167
845.838013 2198 2201 2206 2206 2201 2173 2172 2177
845.857971 2172 2162 2179 2198 2196 2198 2172 2155
845.877991 2178 2182 2196 2159 2183 2167 2175 2182
845.89801 2170 2198 2171 2178 2176 2168 2187 2196
845.91803 2225 2205 2190 2185 2182 2189 2165 2186
845.937988 2196 2193 2176 2184 2167 2177 2184 2163
845.958008 2168 2191 2217 2185 2182 2169 2181 2159
845.978027 2160 2204 2183 2159 2157 2166 2181 2171
845.997986 2187 2200 2207 2215 2198 2200 2169 2215
846.018005 2175 2203 2208 2206 2180 2166 2204 2223
846.038025 2161 2195 2194 2199 2180 2171 2190 2195
846.057983 2154 2200 2165 2187 2170 2178 2187 2181
846.078003 2182 2212 2209 2200 2178 2169 2169 2174
846.096985 2183 2185 2215 2186 2185 2187 2168 2181
846.117004 2188 2188 2193 2189 2189 2191 2179 2162
846.137024 2173 2193 2203 2184 2186 2174 2166 2205
846.156982 2204 2154 2212 2189 2200 2172 2183 2193
846.177002 2144 2199 2192 2217 2179 2176 2171 2173
846.197021 2188 2205 2169 2209 2176 2161 2169 2190
846.21698 2170 2187 2203 2182 2208 2144 2208 2159
846.237 2189 2202 2189 2187 2196 2176 2149 2173
846.257019 2168 2188 2188 2145 2213 2154 2173 2177
846.276978 2171 2184 2200 2161 2188 2163 2160 2203
846.296997 2186 2199 2198 2170 2200 2189 2155 2168
846.317017 2163 2166 2188 2185 2173 2201 2168 2178
846.336975 2187 2183 2172 2178 2194 2191 2216 2190
846.356995 2201 2198 2202 2199 2139 2187 2144 2190
846.377014 2157 2197 2180 2199 2180 2211 2184 2206
846.395996 2206 2202 2212 2218 2178 2199 2193 2174
846.416016 2204 2206 2196 2193 2199 2168 2158 2224
846.435974 2187 2182 2198 2203 2181 2172 2183 2190
846.455994 2195 2239 2201 2204 2200 2204 2179 2209
846.476013 2182 2205 2198 2195 2210 2181 2180 2167
846.495972 2156 2191 2193 2171 2179 2204 2168 2227
846.515991 2217 2193 2225 2210 2192 2176 2182 2210
846.536011 2185 2224 2178 2218 2220 2202 2200 2185
846.55603 2173 2221 2227 2181 2184 2183 2169 2196
846.575989 2184 2171 2199 2186 2167 2145 2147 2163
846.596008 2191 2154 2211 2172 2164 2167 2184 2151
846.616028 2139 2186 2168 2206 2150 2183 2143 2168
846.63501 2188 2165 2189 2167 2193 2167 2193 2157
846.655029 2190 2178 2183 2166 2194 2150 2174 2199
846.674988 2167 2188 2198 2183 2181 2162 2184 2166
846.695007 2201 2197 2159 2192 2165 2179 2183 2165
846.715027 2138 2162 2190 2162 2176 2168 2148 2163
846.734985 2182 2154 2181 2179 2193 2191 2147 2221
846.755005 2168 2178 2173 2166 2183 2171 2163 2167
846.775024 2205 2176 2182 2200 2204 2195 2183 2178
846.794983 2169 2178 2175 2161 2202 2177 2149 2170
846.815002 2160 2195 2187 2196 2187 2168 2163 2179
846.835022 2177 2168 2161 2171 2171 2168 2135 2151
846.85498 2195 2200 2157 2206 2153 2170 2154 2162
846.875 2202 2173 2178 2191 2175 2169 2182 2183
846.893982 2163 2194 2202 2204 2157 2159 2163 2178
846.914001 2172 2189 2193 2183 2152 2152 2169 2178
846.934021 2195 2171 2194 2151 2162 2174 2162 2189
846.953979 2159 2171 2198 2158 2178 2183 2174 2212
846.973999 2182 2203 2192 2200 2180 2170 2159 2164
846.994019 2188 2216 2196 2180 2206 2190 2160 2168
847.013977 2220 2192 2207 2186 2162 2178 2160 2201
847.033997 2187 2194 2190 2215 2158 2184 2161 2185
847.054016 2196 2183 2179 2200 2204 2179 2193 2174
847.073975 2213 2177 2183 2174 2205 2186 2186 2198
847.093994 2192 2199 2171 2175 2215 2168 2184 2206
847.112976 2177 2198 2170 2183 2181 2163 2184 2213
847.132996 2161 2186 2176 2186 2181 2183 2189 2165
847.153015 2160 2195 2200 2194 2201 2184 2162 2193
847.172974 2212 2174 2176 2218 2204 2195 2206 2195
847.192993 2205 2197 2192 2183 2166 2180 2201 2198
847.213013 2179 2207 2204 2194 2195 2166 2170 2171
847.232971 2167 2172 2167 2182 2192 2162 2180 2185
847.252991 2187 2195 2202 2204 2192 2200 2182 2166
847.27301 2228 2199 2186 2175 2185 2193 2184 2182
847.29303 2149 2190 2187 2193 2192 2167 2178 2189
847.312012 2182 2171 2179 2167 2155 2185 2192 2182
847.33197 2164 2190 2176 2172 2183 2193 2173 2195
847.35199 2169 2203 2179 2159 2196 2164 2178 2180
847.372009 2176 2169 2186 2195 2188 2145 2201 2212
847.392029 2176 2187 2182 2160 2172 2151 2175 2183
847.411987 2202 2169 2160 2193 2201 2169 2161 2176
847.432007 2156 2174 2181 2182 2142 2157 2174 2151
847.452026 2119 2170 2138 2171 2171 2199 2173 2149
847.471985 2166 2175 2180 2155 2160 2151 2169 2176
847.492004 2145 2157 2158 2192 2172 2167 2184 2168
847.510986 2158 2179 2172 2152 2140 2170 2171 2176
847.531006 2174 2152 2183 2171 2181 2156 2172 2142
847.551025 2147 2162 2167 2138 2166 2113 2179 2141
847.570984 2171 2151 2160 2155 2193 2149 2168 2173
847.591003 2152 2178 2165 2175 2148 2145 2156 2161
847.611023 2152 2175 2175 2186 2199 2152 2141 2162
847.630981 2153 2189 2195 2200 2158 2138 2152 2157
847.651001 2148 2179 2171 2152 2165 2165 2174 2172
847.669983 2151 2180 2187 2176 2156 2155 2184 2169
847.690002 2177 2156 2168 2166 2167 2178 2190 2158
847.710022 2163 2171 2168 2169 2170 2165 2171 2182
847.72998 2176 2191 2197 2163 2168 2157 2126 2131
847.75 2163 2168 2162 2189 2171 2162 2168 2162
847.77002 2188 2190 2177 2174 2163 2141 2148 2178
847.789978 2160 2182 2192 2186 2203 2171 2171 2184
847.809998 2209 2151 2210 2145 2197 2159 2162 2193
847.830017 2196 2202 2182 2182 2173 2161 2172 2183
847.848999 2184 2216 2193 2181 2171 2175 2187 2189
847.869019 2192 2202 2233 2201 2185 2189 2187 2207
847.888977 2162 2194 2203 2170 2194 2163 2195 2200
847.908997 2206 2169 2196 2188 2179 2159 2184 2186
847.929016 2158 2207 2181 2199 2193 2166 2161 2177
847.948975 2177 2160 2206 2184 2173 2176 2167 2204
847.968994 2166 2205 2180 2155 2191 2183 2181 2171
847.989014 2174 2181 2194 2174 2175 2183 2216 2199
848.007996 2225 2188 2206 2207 2167 2199 2172 2184
848.028015 2198 2188 2184 2191 2193 2196 2177 2188
848.047974 2217 2228 2220 2176 2208 2168 2182 2198
848.067993 2231 2219 2197 2205 2202 2191 2194 2172
848.088013 2204 2218 2218 2252 2177 2170 2189 2185
848.107971 2232 2210 2212 2202 2217 2189 2204 2202
848.127991 2220 2209 2221 2213 2191 2180 2218 2221
848.14801 2213 2185 2197 2207 2203 2201 2201 2220
848.166992 2181 2199 2209 2207 2195 2175 2205 2200
848.187012 2242 2215 2209 2217 2224 2212 2201 2213
848.20697 2211 2198 2241 2221 2215 2201 2205 2210
848.22699 2225 2223 2222 2197 2224 2187 2226 2200
848.247009 2214 2245 2196 2201 2191 2219 2208 2259
848.267029 2245 2209 2219 2231 2239 2215 2177 2193
848.286987 2204 2191 2217 2216 2237 2208 2225 2205
848.307007 2197 2228 2211 2214 2216 2181 2223 2243
848.325989 2230 2213 2217 2216 2246 2218 2219 2211
848.346008 2232 2244 2193 2244 2247 2238 2207 2209
848.366028 2207 2259 2233 2239 2240 2212 2209 2203
848.385986 2217 2234 2234 2231 2198 2232 2220 2224
848.406006 2212 2232 2230 2231 2209 2227 2217 2218
848.426025 2232 2223 2251 2217 2210 2238 2238 2242
848.445984 2237 2250 2244 2267 2210 2265 2207 2250
848.466003 2205 2213 2250 2250 2235 2197 2233 2253
848.484985 2278 2238 2247 2236 2252 2228 2242 2245
848.505005 2246 2212 2217 2242 2223 2214 2217 2264
848.525024 2256 2244 2254 2224 2247 2225 2213 2230
848.544983 2247 2240 2217 2259 2257 2229 2201 2222
848.565002 2205 2213 2244 2234 2255 2242 2229 2248
848.585022 2244 2239 2254 2222 2220 2220 2207 2253
848.604004 2230 2240 2208 2236 2227 2226 2210 2242
848.624023 2253 2255 2229 2217 2209 2208 2219 2232
848.643982 2244 2248 2265 2242 2234 2227 2215 2216
848.664001 2228 2241 2235 2198 2194 2217 2228 2265
848.684021 2219 2238 2213 2212 2243 2196 2207 2236
848.703979 2202 2198 2225 2240 2212 2242 2266 2226
848.723999 2202 2214 2217 2219 2225 2217 2210 2232
848.742981 2253 2229 2240 2224 2217 2216 2194 2233
848.763 2207 2255 2207 2240 2226 2211 2223 2220
848.78302 2224 2226 2245 2236 2204 2232 2233 2230
848.802979 2218 2231 2227 2199 2204 2211 2215 2243
848.822998 2201 2225 2209 2202 2212 2233 2190 2198
848.843018 2246 2231 2254 2245 2210 2222 2250 2195
848.862976 2239 2292 2243 2255 2218 2226 2238 2233
848.882019 2284 2293 2253 2263 2250 2284 2270 2242
848.901978 2259 2231 2257 2237 2240 2250 2227 2260
848.921997 2233 2281 2280 2260 2259 2272 2227 2283
848.942017 2277 2245 2218 2282 2270 2271 2246 2237
848.961975 2247 2268 2278 2246 2253 2251 2243 2259
848.981995 2277 2267 2278 2259 2261 2264 2240 2280
849.002014 2258 2268 2289 2228 2240 2265 2221 2265
849.020996 2245 2260 2244 2247 2255 2237 2286 2283
849.041016 2257 2254 2274 2226 2241 2242 2245 2260
849.060974 2233 2240 2236 2283 2262 2244 2240 2224
849.080994 2256 2270 2276 2263 2249 2261 2224 2259
849.101013 2241 2259 2281 2242 2258 2219 2200 2229
849.120972 2257 2258 2238 2217 2233 2249 2239 2275
849.140015 2237 2283 2283 2277 2263 2249 2260 2264
849.159973 2246 2254 2224 2238 2248 2291 2261 2264
849.179993 2289 2262 2277 2254 2213 2233 2246 2250
849.200012 2228 2256 2240 2241 2206 2216 2239 2232
849.219971 2256 2247 2218 2226 2256 2254 2236 2197
849.23999 2246 2246 2245 2223 2224 2217 2238 2248
849.258972 2236 2245 2219 2213 2261 2209 2242 2243
849.278992 2206 2232 2231 2234 2221 2277 2238 2214
849.299011 2245 2276 2230 2237 2210 2210 2224 2221
849.31897 2210 2208 2228 2221 2189 2239 2209 2214
849.338989 2229 2230 2202 2250 2209 2257 2219 2227
849.359009 2218 2218 2246 2252 2194 2255 2220 2230
849.377991 2197 2250 2185 2237 2215 2220 2219 2211
849.39801 2229 2247 2239 2206 2203 2214 2209 2249
849.41803 2232 2262 2220 2231 2235 2220 2220 2209
849.437988 2227 2234 2226 2220 2212 2203 2218 2229
849.458008 2213 2214 2221 2222 2224 2216 2191 2239
849.478027 2224 2193 2222 2239 2227 2222 2206 2230
849.497009 2239 2237 2262 2211 2229 2183 2206 2203
849.517029 2211 2222 2204 2242 2234 2231 2212 2213
849.536987 2204 2209 2206 2223 2238 2198 2247 2210
849.557007 2191 2222 2229 2222 2224 2210 2185 2210
849.577026 2163 2208 2179 2222 2229 2190 2192 2229
849.596985 2194 2218 2223 2211 2220 2183 2208 2214
849.616028 2213 2199 2229 2186 2224 2201 2199 2210
849.635986 2182 2247 2210 2192 2203 2182 2184 2229
849.656006 2232 2205 2216 2209 2201 2191 2200 2214
849.676025 2186 2207 2220 2209 2191 2206 2194 2192
849.695984 2230 2228 2199 2215 2182 2205 2187 2178
849.716003 2204 2183 2212 2175 2223 2201 2209 2198
849.734985 2227 2233 2219 2225 2208 2221 2203 2220
849.755005 2243 2207 2206 2222 2208 2219 2197 2197
849.775024 2225 2202 2242 2218 2176 2208 2248 2172
849.794983 2180 2182 2176 2206 2193 2211 2208 2200
849.815002 2216 2251 2209 2206 2199 2191 2217 2227
849.833984 2210 2214 2195 2248 2184 2202 2192 2218
849.854004 2214 2205 2218 2179 2215 2208 2207 2191
849.874023 2220 2250 2235 2184 2241 2182 2217 2203
849.893982 2207 2198 2199 2239 2191 2228 2222 2207
849.914001 2208 2244 2236 2232 2217 2181 2211 2219
849.934021 2230 2243 2222 2177 2221 2245 2187 2247
849.953003 2234 2213 2238 2222 2240 2216 2226 2219
849.973022 2217 2214 2205 2225 2236 2187 2223 2240
849.992981 2244 2251 2232 2225 2223 2216 2228 2236
850.013 2224 2249 2242 2246 2215 2227 2223 2267
850.03302 2209 2224 2228 2228 2212 2227 2236 2222
850.052002 2238 2223 2246 2260 2218 2242 2220 2248
850.072021 2238 2232 2244 2204 2229 2236 2241 2228
850.09198 2245 2244 2238 2247 2238 2203 2263 2239
850.112 2232 2182 2236 2211 2228 2214 2236 2230
850.132019 2203 2216 2180 2237 2208 2219 2220 2228
850.151001 2216 2233 2207 2234 2208 2191 2186 2230
850.171021 2222 2218 2224 2252 2216 2185 2227 2172
850.190979 2244 2206 2212 2179 2181 2191 2218 2203
850.210999 2177 2210 2189 2205 2199 2212 2183 2211
850.231018 2202 2212 2208 2200 2205 2200 2247 2220
850.250977 2234 2228 2226 2252 2219 2204 2218 2225
850.27002 2186 2213 2232 2217 2204 2202 2227 2205
850.289978 2190 2203 2221 2205 2196 2208 2224 2235
850.309998 2217 2198 2229 2202 2200 2204 2239 2212
850.330017 2200 2223 2218 2194 2228 2180 2214 2224
850.349976 2203 2230 2191 2208 2193 2230 2197 2227
850.369019 2227 2200 2207 2206 2216 2183 2189 2200
850.388977 2199 2235 2218 2211 2193 2219 2208 2215
850.408997 2212 2224 2214 2201 2207 2206 2216 2210
850.429016 2205 2229 2220 2203 2174 2186 2198 2224
850.448975 2227 2214 2195 2225 2201 2214 2204 2209
850.468018 2199 2207 2222 2188 2156 2190 2196 2205
850.487976 2186 2207 2191 2177 2205 2211 2210 2194
850.507996 2225 2226 2195 2204 2226 2219 2209 2237
850.528015 2211 2198 2223 2206 2217 2226 2236 2229
850.547974 2175 2218 2192 2174 2189 2222 2194 2195
850.567017 2201 2215 2201 2228 2164 2177 2202 2214
850.586975 2230 2203 2216 2200 2194 2206 2217 2217
850.606995 2217 2185 2211 2203 2181 2192 2204 2187
850.627014 2186 2196 2219 2221 2187 2207 2200 2209
850.645996 2227 2198 2181 2201 2210 2194 2177 2192
850.666016 2192 2206 2189 2211 2224 2166 2185 2190
850.685974 2218 2200 2175 2172 2152 2201 2188 2235
850.705994 2217 2204 2206 2180 2156 2205 2216 2207
850.726013 2187 2205 2218 2194 2170 2191 2183 2215
850.744995 2178 2201 2211 2201 2170 2182 2187 2181
850.765015 2205 2188 2197 2190 2180 2171 2188 2198
850.784973 2206 2201 2232 2157 2175 2181 2200 2220
850.804993 2213 2212 2209 2201 2184 2195 2188 2179
850.825012 2194 2214 2199 2211 2177 2214 2185 2172
850.843994 2220 2235 2203 2166 2188 2217 2175 2165
850.864014 2174 2207 2182 2198 2174 2173 2202 2197
850.883972 2214 2197 2210 2220 2185 2195 2203 2205
850.903992 2204 2200 2169 2186 2210 2171 2197 2224
850.924011 2192 2220 2200 2189 2193 2200 2189 2229
850.942993 2208 2196 2207 2210 2191 2222 2223 2221
850.963013 2195 2221 2190 2199 2202 2186 2186 2221
850.982971 2218 2225 2227 2195 2204 2212 2211 2235
851.002991 2220 2225 2220 2181 2185 2191 2188 2204
851.021973 2210 2220 2186 2218 2204 2181 2206 2188
851.041992 2201 2250 2230 2199 2188 2170 2205 2185
851.062012 2212 2230 2214 2204 2203 2201 2214 2185
851.08197 2205 2207 2204 2207 2202 2219 2207 2219
851.10199 2170 2212 2198 2177 2181 2188 2202 2200
851.120972 2207 2228 2212 2157 2176 2172 2188 2187
851.140991 2210 2204 2197 2200 2179 2179 2181 2185
851.161011 2202 2233 2205 2218 2227 2202 2194 2190
851.18103 2225 2208 2200 2208 2221 2201 2200 2204
851.200012 2197 2203 2218 2197 2178 2226 2193 2176
851.219971 2203 2206 2207 2209 2210 2188 2206 2204
851.23999 2204 2213 2220 2196 2159 2196 2200 2202
851.26001 2176 2227 2221 2189 2192 2179 2195 2203
851.280029 2202 2235 2205 2168 2182 2177 2206 2185
851.299011 2191 2183 2207 2213 2186 2206 2157 2195
851.31897 2186 2207 2193 2198 2180 2219 2195 2213
851.338989 2191 2199 2210 2186 2178 2192 2179 2194
851.359009 2217 2195 2172 2194 2209 2173 2222 2200
851.377991 2182 2207 2197 2187 2157 2194 2197 2235
851.39801 2220 2217 2186 2168 2171 2190 2182 2175
851.41803 2189 2220 2203 2153 2183 2189 2167 2190
851.437988 2203 2213 2184 2186 2177 2179 2204 2196
851.45697 2200 2196 2165 2152 2180 2180 2208 2210
851.47699 2209 2196 2189 2181 2184 2151 2179 2180
851.497009 2190 2200 2176 2176 2175 2166 2165 2194
851.517029 2182 2201 2192 2174 2156 2171 2169 2197
851.536011 2198 2179 2191 2175 2175 2161 2181 2204
851.55603 2190 2186 2192 2193 2170 2194 2160 2171
851.575989 2204 2160 2175 2141 2162 2183 2180 2176
851.596008 2175 2200 2175 2157 2156 2151 2144 2172
851.616028 2154 2174 2152 2176 2165 2162 2172 2170
851.63501 2168 2191 2142 2170 2156 2190 2154 2186
851.655029 2139 2169 2189 2173 2175 2172 2162 2174
851.674988 2159 2179 2185 2149 2164 2140 2167 2183
851.695007 2168 2185 2154 2172 2145 2155 2140 2158
851.713989 2130 2185 2147 2160 2162 2180 2151 2191
851.734009 2167 2134 2165 2162 2154 2143 2173 2180
851.754028 2161 2177 2175 2158 2125 2125 2163 2154
851.773987 2185 2171 2211 2151 2140 2136 2156 2166
851.79303 2169 2145 2157 2133 2149 2130 2149 2189
851.812988 2147 2151 2154 2167 2124 2129 2174 2168
851.833008 2153 2167 2186 2153 2137 2136 2168 2199
851.853027 2186 2156 2140 2168 2110 2132 2140 2144
851.872009 2177 2174 2183 2172 2154 2178 2150 2160
851.892029 2172 2171 2153 2168 2152 2158 2140 2160
851.911987 2177 2170 2126 2145 2156 2136 2172 2172
851.932007 2134 2166 2170 2173 2149 2132 2134 2160
851.950989 2154 2174 2174 2151 2167 2141 2148 2170
851.971008 2177 2154 2185 2135 2140 2150 2163 2157
851.991028 2166 2178 2155 2144 2143 2133 2162 2186
852.010986 2145 2191 2185 2171 2156 2141 2178 2170
852.030029 2171 2189 2175 2166 2167 2137 2176 2172
852.049988 2174 2182 2158 2164 2132 2122 2151 2202
852.070007 2169 2189 2158 2177 2172 2164 2159 2167
852.090027 2183 2161 2162 2191 2144 2147 2136 2156
852.109009 2159 2157 2169 2138 2144 2146 2178 2171
852.129028 2172 2181 2195 2128 2166 2138 2137 2160
852.148987 2181 2185 2186 2162 2154 2132 2148 2137
852.169006 2139 2153 2178 2144 2126 2171 2163 2171
852.187988 2156 2143 2168 2145 2143 2158 2178 2164
852.208008 2149 2219 2180 2130 2136 2141 2176 2171
852.228027 2183 2177 2142 2152 2155 2155 2147 2181
852.247986 2151 2163 2170 2112 2152 2154 2157 2171
852.267029 2152 2184 2185 2178 2154 2136 2156 2157
852.286987 2191 2164 2150 2169 2151 2184 2178 2167
852.307007 2146 2138 2150 2167 2147 2146 2186 2187
852.327026 2164 2196 2199 2147 2154 2130 2161 2167
852.346008 2175 2156 2159 2168 2140 2137 2146 2168
852.366028 2160 2192 2178 2155 2144 2143 2174 2143
852.385986 2183 2180 2182 2148 2133 2133 2151 2179
852.406006 2178 2164 2179 2155 2142 2148 2160 2179
852.424988 2167 2177 2179 2180 2148 2173 2164 2183
852.445007 2147 2197 2181 2168 2156 2123 2145 2188
852.465027 2177 2178 2176 2145 2132 2157 2181 2164
852.484009 2194 2200 2194 2137 2159 2190 2167 2190
852.504028 2164 2164 2190 2155 2130 2166 2186 2175
852.523987 2190 2186 2171 2159 2142 2167 2168 2180
852.544006 2159 2175 2171 2180 2157 2158 2160 2181
852.562988 2164 2170 2163 2124 2176 2157 2158 2208
852.583008 2179 2187 2159 2142 2158 2135 2181 2192
852.603027 2187 2175 2158 2175 2145 2153 2175 2193
852.622986 2181 2186 2184 2146 2177 2146 2193 2152
852.642029 2170 2179 2140 2164 2174 2174 2169 2204
852.661987 2154 2154 2172 2179 2154 2164 2153 2170
852.682007 2157 2137 2179 2164 2154 2156 2174 2175
852.700989 2173 2153 2178 2130 2145 2142 2161 2186
852.721008 2157 2160 2159 2163 2142 2163 2153 2173
852.741028 2178 2180 2153 2163 2147 2153 2141 2183
852.760986 2165 2195 2163 2180 2146 2186 2163 2150
852.780029 2153 2184 2165 2154 2149 2194 2151 2168
852.799988 2157 2171 2198 2167 2160 2135 2177 2161
852.820007 2150 2172 2162 2123 2160 2162 2162 2154
852.840027 2178 2207 2177 2149 2143 2164 2163 2191
852.859009 2198 2177 2155 2159 2155 2136 2169 2170
852.879028 2174 2209 2173 2176 2119 2173 2145 2162
852.898987 2175 2204 2173 2172 2157 2153 2161 2157
852.91803 2152 2173 2211 2171 2169 2165 2178 2155
852.937988 2188 2187 2164 2176 2141 2164 2184 2160
852.958008 2152 2172 2187 2166 2134 2140 2153 2156
852.978027 2171 2162 2168 2148 2167 2161 2167 2186
852.997009 2172 2171 2190 2150 2109 2144 2178 2197
853.017029 2194 2144 2162 2150 2130 2177 2187 2182
853.036987 2166 2158 2150 2162 2166 2156 2177 2198
853.05603 2174 2186 2148 2185 2148 2121 2159 2168
853.075989 2155 2196 2180 2186 2135 2172 2155 2149
853.096008 2170 2166 2202 2181 2167 2148 2180 2189
853.116028 2177 2191 2162 2121 2190 2126 2159 2171
853.13501 2176 2185 2190 2193 2141 2151 2176 2141
853.155029 2191 2179 2186 2177 2160 2149 2154 2188
853.174988 2168 2172 2171 2173 2160 2154 2172 2201
853.19397 2198 2180 2168 2152 2133 2135 2182 2178
853.213989 2175 2157 2214 2188 2164 2156 2189 2184
853.234009 2162 2190 2174 2167 2171 2144 2181 2185
853.254028 2158 2179 2168 2175 2136 2139 2164 2173
853.27301 2160 2181 2160 2168 2169 2143 2159 2163
853.29303 2166 2166 2186 2166 2174 2171 2165 2150
853.312988 2164 2188 2167 2188 2163 2173 2172 2158
853.33197 2158 2188 2186 2167 2162 2113 2169 2173
853.35199 2191 2154 2165 2167 2195 2163 2159 2177
853.372009 2188 2160 2185 2155 2125 2166 2160 2179
853.390991 2160 2161 2186 2167 2185 2142 2161 2158
853.411011 2184 2175 2162 2170 2156 2152 2189 2168
853.43103 2180 2211 2149 2177 2139 2171 2167 2148
853.450989 2173 2194 2171 2177 2165 2128 2186 2191
853.469971 2175 2186 2173 2169 2188 2198 2152 2187
853.48999 2185 2197 2182 2166 2177 2137 2152 2174
853.51001 2191 2200 2178 2152 2143 2136 2157 2206
853.528992 2169 2181 2178 2181 2166 2176 2205 2158
853.549011 2185 2226 2165 2173 2186 2160 2192 2180
853.56897 2190 2195 2176 2181 2171 2155 2152 2179
853.588989 2211 2181 2208 2168 2168 2149 2177 2200
853.607971 2182 2184 2171 2165 2174 2173 2161 2198
853.627991 2170 2139 2188 2178 2156 2139 2180 2167
853.64801 2191 2193 2157 2153 2154 2153 2184 2170
853.666992 2167 2184 2167 2158 2170 2188 2158 2206
853.687012 2163 2172 2160 2157 2139 2164 2162 2181
853.70697 2188 2152 2182 2170 2182 2152 2187 2167
853.726013 2155 2199 2148 2176 2162 2148 2149 2172
853.745972 2138 2165 2207 2166 2147 2147 2171 2189
853.765991 2209 2171 2179 2166 2172 2207 2164 2167
853.784973 2166 2159 2173 2155 2153 2179 2170 2188
853.804993 2190 2205 2172 2206 2166 2145 2186 2142
853.825012 2200 2169 2210 2201 2167 2190 2211 2205
853.844971 2174 2189 2173 2175 2155 2171 2184 2170
853.864014 2192 2233 2195 2167 2180 2181 2173 2164
853.883972 2163 2216 2204 2168 2169 2167 2174 2196
853.903992 2180 2189 2203 2200 2187 2188 2182 2220
853.922974 2199 2182 2180 2182 2146 2209 2174 2200
853.942993 2189 2223 2207 2179 2203 2208 2196 2213
853.963013 2220 2175 2201 2214 2187 2165 2195 2215
853.981995 2187 2217 2205 2195 2182 2182 2199 2205
854.002014 2202 2206 2199 2207 2189 2217 2164 2210
854.021973 2231 2228 2206 2208 2189 2226 2212 2217
854.041016 2202 2215 2217 2201 2192 2203 2191 2236
854.060974 2196 2209 2205 2186 2177 2182 2234 2211
854.080994 2215 2200 2199 2199 2207 2194 2198 2237
854.099976 2208 2207 2230 2187 2223 2176 2201 2219
854.119995 2210 2229 2231 2180 2194 2223 2213 2227
854.140015 2228 2206 2227 2199 2187 2210 2237 2195
854.158997 2203 2231 2213 2175 2223 2202 2182 2233
854.179016 2215 2250 2220 2214 2220 2243 2240 2246
854.198975 2238 2176 2244 2214 2203 2226 2243 2242
854.218994 2198 2216 2226 2210 2240 2219 2210 2244
854.237976 2237 2239 2208 2210 2207 2224 2189 2236
854.257996 2207 2249 2225 2232 2196 2205 2232 2224
854.278015 2190 2226 2238 2162 2191 2218 2179 2214
854.296997 2217 2244 2220 2189 2208 2212 2206 2219
854.317017 2207 2226 2217 2179 2193 2208 2178 2220
854.336975 2201 2249 2204 2193 2192 2218 2209 2217
854.356018 2221 2198 2218 2201 2202 2210 2203 2207
854.375977 2199 2233 2212 2190 2232 2183 2196 2212
854.395996 2185 2188 2209 2181 2193 2195 2213 2225
854.414978 2208 2197 2204 2157 2200 2183 2166 2208
854.434998 2198 2209 2203 2227 2170 2191 2200 2240
854.455017 2224 2201 2207 2207 2184 2212 2172 2228
854.473999 2208 2233 2213 2201 2184 2191 2184 2204
854.494019 2210 2212 2199 2182 2197 2159 2194 2214
854.513977 2202 2211 2206 2178 2178 2201 2184 2222
854.53302 2193 2194 2191 2183 2187 2189 2209 2190
854.552979 2198 2212 2210 2189 2176 2175 2175 2170
854.572998 2192 2232 2178 2201 2196 2200 2181 2221
854.59198 2196 2206 2202 2169 2212 2201 2187 2184
854.612 2176 2198 2196 2187 2146 2202 2160 2201
854.632019 2172 2193 2205 2197 2177 2202 2173 2186
854.651001 2196 2189 2191 2172 2195 2161 2183 2183
854.671021 2202 2203 2171 2173 2202 2159 2189 2197
854.690979 2219 2201 2192 2197 2180 2168 2184 2183
854.710022 2173 2192 2203 2166 2194 2185 2190 2197
854.72998 2190 2198 2160 2209 2197 2169 2168 2195
854.75 2188 2166 2178 2162 2181 2166 2194 2191
854.768982 2171 2202 2185 2183 2132 2194 2193 2169
854.789001 2174 2173 2186 2177 2166 2194 2200 2207
854.807983 2222 2213 2172 2159 2212 2151 2173 2216
854.828003 2167 2211 2188 2188 2188 2186 2183 2176
854.848022 2182 2186 2161 2170 2143 2151 2195 2163
854.867004 2190 2201 2213 2161 2197 2183 2205 2184
854.887024 2199 2212 2189 2202 2146 2158 2183 2206
854.906982 2160 2205 2173 2193 2147 2166 2191 2199
854.926025 2186 2178 2186 2194 2175 2194 2175 2183
854.945984 2213 2203 2206 2150 2176 2169 2171 2174
854.966003 2194 2176 2188 2149 2173 2167 2194 2165
854.984985 2127 2192 2176 2172 2189 2170 2171 2187
855.005005 2181 2185 2153 2174 2134 2160 2188 2162
855.025024 2163 2185 2181 2184 2180 2173 2174 2188
855.044006 2152 2177 2185 2150 2193 2172 2194 2195
855.064026 2161 2186 2170 2164 2181 2180 2189 2189
855.083984 2194 2204 2175 2166 2188 2159 2198 2177
855.103027 2152 2191 2178 2140 2168 2165 2201 2141
855.122986 2180 2188 2205 2188 2170 2175 2189 2175
855.143005 2172 2186 2163 2162 2141 2197 2170 2200
855.161987 2187 2162 2158 2166 2121 2159 2155 2182
855.182007 2161 2197 2182 2168 2143 2167 2181 2184
855.200989 2145 2178 2192 2159 2161 2177 2202 2183
855.221008 2173 2162 2170 2196 2164 2161 2163 2181
855.241028 2167 2167 2163 2141 2133 2145 2177 2179
855.26001 2185 2184 2173 2161 2189 2148 2168 2182
855.280029 2189 2159 2171 2171 2153 2171 2185 2210
855.299988 2159 2153 2173 2162 2180 2188 2177 2167
855.31897 2169 2182 2156 2175 2138 2145 2164 2170
855.338989 2177 2193 2185 2142 2178 2185 2192 2191
855.359009 2177 2189 2145 2141 2160 2144 2170 2134
855.377991 2193 2183 2200 2157 2166 2168 2170 2206
855.39801 2188 2177 2174 2196 2136 2178 2165 2179
855.41803 2194 2204 2172 2189 2164 2178 2166 2179
855.437012 2143 2180 2166 2172 2148 2155 2185 2177
855.45697 2147 2194 2158 2134 2180 2157 2175 2170
855.476013 2181 2172 2172 2149 2157 2182 2163 2193
855.495972 2195 2169 2135 2150 2168 2166 2179 2133
855.515991 2170 2183 2146 2152 2160 2176 2183 2164
855.534973 2173 2161 2138 2149 2163 2160 2153 2179
855.554993 2162 2147 2155 2166 2148 2167 2150 2177
855.575012 2177 2184 2167 2174 2151 2118 2138 2186
855.593994 2158 2160 2173 2147 2143 2146 2181 2160
855.614014 2195 2173 2159 2163 2139 2153 2180 2175
855.633972 2145 2157 2159 2141 2144 2151 2158 2164
855.653015 2158 2175 2183 2148 2150 2154 2147 2145
855.672974 2157 2178 2154 2159 2148 2132 2151 2174
855.692017 2162 2149 2182 2148 2135 2129 2150 2167
855.711975 2181 2162 2142 2152 2146 2152 2158 2157
855.731995 2140 2183 2167 2177 2161 2133 2172 2163
855.750977 2168 2183 2163 2139 2155 2147 2193 2192
855.770996 2160 2154 2155 2150 2160 2146 2159 2165
855.791016 2156 2163 2144 2140 2145 2175 2134 2168
855.809998 2150 2171 2184 2140 2130 2155 2169 2161
855.830017 2159 2137 2147 2159 2138 2147 2148 2153
855.848999 2169 2187 2173 2156 2171 2144 2169 2186
855.869019 2162 2180 2160 2158 2142 2132 2136 2184
855.888977 2159 2173 2175 2159 2166 2139 2167 2148
855.90802 2167 2185 2159 2141 2169 2141 2158 2159
855.927979 2198 2192 2194 2154 2171 2166 2166 2178
855.947998 2172 2131 2172 2153 2135 2153 2152 2187
855.96698 2190 2170 2180 2163 2174 2142 2169 2161
855.987 2174 2146 2183 2147 2170 2123 2181 2161
856.005981 2168 2188 2165 2164 2174 2175 2197 2194
856.026001 2169 2175 2155 2155 2156 2130 2157 2181
856.046021 2172 2188 2157 2165 2133 2130 2139 2216
856.065002 2183 2144 2176 2166 2161 2160 2147 2169
856.085022 2180 2216 2174 2170 2167 2183 2166 2175
856.104004 2184 2180 2188 2154 2174 2172 2181 2171
856.124023 2174 2185 2169 2168 2151 2173 2164 2186
856.143982 2182 2204 2164 2158 2144 2162 2173 2177
856.163025 2177 2168 2164 2141 2153 2166 2139 2191
856.182983 2166 2173 2179 2181 2181 2174 2201 2179
856.203003 2154 2193 2174 2161 2130 2173 2177 2207
856.221985 2160 2173 2148 2192 2129 2154 2150 2225
856.242004 2146 2165 2141 2147 2150 2150 2160 2173
856.260986 2169 2185 2202 2140 2154 2158 2170 2175
856.281006 2194 2176 2142 2148 2172 2179 2181 2158
856.301025 2172 2184 2182 2154 2159 2166 2169 2201
856.320007 2160 2168 2170 2170 2152 2125 2129 2165
856.340027 2165 2197 2171 2190 2148 2150 2155 2158
856.359009 2143 2193 2191 2176 2152 2149 2158 2175
856.379028 2172 2164 2186 2161 2145 2174 2156 2181
856.398987 2208 2171 2171 2162 2171 2161 2164 2179
856.41803 2158 2146 2168 2149 2135 2153 2176 2159
856.437988 2202 2159 2142 2153 2161 2146 2161 2156
856.45697 2185 2180 2166 2140 2132 2149 2154 2154
856.47699 2184 2178 2155 2146 2157 2160 2151 2153
856.497009 2150 2158 2162 2145 2155 2144 2181 2158
856.515991 2144 2181 2168 2146 2164 2120 2148 2160
856.536011 2130 2175 2149 2174 2113 2132 2152 2147
856.554993 2144 2146 2149 2164 2124 2127 2155 2155
856.575012 2184 2158 2147 2125 2169 2143 2143 2145
856.594971 2159 2176 2179 2156 2184 2117 2140 2175
856.614014 2166 2159 2159 2138 2120 2133 2160 2161
856.633972 2149 2128 2155 2145 2177 2115 2134 2146
856.653015 2182 2172 2155 2144 2152 2128 2138 2156
856.672974 2130 2155 2174 2145 2134 2140 2151 2147
856.692993 2151 2162 2161 2149 2109 2146 2160 2148
856.711975 2154 2154 2139 2120 2146 2147 2136 2164
856.731995 2131 2167 2163 2118 2146 2122 2133 2173
856.750977 2141 2171 2133 2124 2139 2128 2140 2144
856.770996 2152 2167 2148 2142 2140 2145 2144 2152
856.791016 2163 2160 2150 2107 2156 2128 2141 2164
856.809998 2168 2149 2150 2145 2147 2135 2138 2167
856.830017 2128 2148 2154 2140 2104 2131 2139 2118
856.848999 2126 2175 2136 2151 2155 2115 2152 2184
856.869019 2143 2160 2165 2113 2131 2145 2143 2145
856.888 2163 2150 2171 2156 2143 2117 2150 2144
856.90802 2121 2157 2150 2134 2096 2116 2136 2153
856.927979 2160 2164 2161 2115 2103 2102 2157 2167
856.947021 2123 2136 2144 2143 2140 2109 2145 2144
856.96698 2126 2177 2129 2126 2132 2126 2139 2115
856.986023 2138 2164 2163 2151 2126 2119 2146 2162
857.005981 2149 2158 2153 2133 2145 2131 2131 2141
857.026001 2169 2141 2140 2125 2141 2118 2159 2125
857.044983 2136 2132 2137 2129 2131 2127 2158 2129
857.065002 2108 2145 2141 2112 2106 2127 2126 2150
857.083984 2118 2160 2145 2137 2111 2137 2145 2157
857.104004 2155 2162 2146 2145 2127 2131 2160 2146
857.122986 2146 2140 2137 2155 2117 2129 2167 2136
857.143005 2150 2145 2144 2097 2101 2120 2128 2144
857.163025 2132 2147 2132 2091 2100 2126 2119 2134
857.182007 2141 2130 2154 2116 2117 2134 2154 2146
857.202026 2152 2149 2145 2109 2105 2095 2135 2153
857.221008 2112 2138 2123 2138 2111 2131 2138 2119
857.241028 2152 2155 2153 2148 2137 2128 2148 2160
857.260986 2139 2133 2136 2152 2123 2172 2156 2176
857.280029 2161 2193 2141 2132 2142 2123 2152 2158
857.299988 2111 2129 2159 2141 2117 2145 2127 2141
857.31897 2124 2132 2136 2130 2097 2118 2176 2168
857.338989 2180 2154 2176 2139 2127 2143 2151 2155
857.357971 2145 2152 2145 2114 2137 2137 2128 2137
857.377991 2149 2178 2125 2159 2097 2126 2156 2146
857.39801 2156 2170 2145 2098 2120 2109 2149 2133
857.416992 2168 2148 2160 2141 2114 2122 2160 2124
857.437012 2158 2167 2151 2114 2157 2153 2138 2152
857.455994 2144 2142 2130 2104 2107 2118 2130 2137
857.476013 2122 2151 2128 2153 2128 2106 2137 2144
857.494995 2161 2157 2150 2101 2116 2108 2120 2136
857.515015 2128 2170 2147 2124 2130 2138 2155 2160
857.534973 2129 2156 2119 2120 2140 2110 2128 2139
857.554016 2136 2170 2151 2105 2139 2109 2165 2141
857.573975 2142 2138 2128 2132 2135 2133 2148 2170
857.593018 2167 2147 2154 2134 2125 2126 2113 2146
857.612976 2139 2144 2129 2129 2142 2088 2105 2154
857.632019 2118 2141 2163 2104 2127 2130 2147 2159
857.651978 2113 2149 2132 2131 2131 2133 2105 2148
857.671997 2159 2176 2164 2113 2118 2116 2117 2148
857.690979 2152 2160 2141 2121 2079 2132 2150 2160
857.710999 2150 2117 2153 2128 2117 2132 2149 2119
857.72998 2161 2150 2143 2104 2130 2103 2124 2159
857.75 2107 2141 2117 2135 2103 2123 2160 2144
857.768982 2131 2159 2151 2138 2114 2115 2148 2142
857.789001 2156 2153 2156 2099 2129 2124 2184 2139
857.807983 2153 2157 2164 2122 2109 2136 2146 2149
857.828003 2128 2135 2129 2115 2114 2133 2155 2149
857.848022 2139 2146 2122 2135 2116 2137 2131 2128
857.867004 2140 2158 2129 2124 2122 2128 2151 2146
857.887024 2135 2145 2132 2125 2127 2129 2138 2147
857.906006 2132 2186 2113 2107 2123 2136 2131 2153
857.926025 2136 2152 2139 2129 2098 2106 2144 2142
857.945007 2169 2152 2135 2154 2128 2135 2113 2147
857.965027 2146 2156 2130 2112 2084 2118 2127 2158
857.984009 2117 2138 2167 2113 2150 2139 2144 2156
858.004028 2132 2147 2137 2114 2109 2094 2149 2139
858.02301 2136 2150 2131 2173 2149 2109 2163 2147
858.04303 2152 2140 2165 2109 2115 2108 2155 2117
858.062988 2170 2125 2137 2144 2103 2123 2172 2150
858.08197 2133 2155 2151 2124 2116 2155 2159 2157
858.10199 2136 2152 2161 2134 2128 2103 2133 2164
858.120972 2149 2155 2148 2138 2120 2098 2084 2145
858.140991 2163 2141 2134 2136 2118 2136 2128 2165
858.159973 2134 2138 2135 2156 2099 2124 2117 2163
858.179993 2137 2148 2175 2146 2119 2105 2133 2143
858.198975 2125 2122 2131 2105 2129 2137 2115 2154
858.218994 2138 2106 2114 2087 2121 2103 2130 2139
858.239014 2159 2127 2140 2122 2133 2109 2159 2165
858.257996 2131 2147 2131 2112 2113 2118 2105 2131
858.278015 2112 2134 2149 2119 2122 2075 2150 2141
858.296997 2136 2157 2123 2107 2100 2095 2124 2108
858.317017 2136 2148 2151 2128 2080 2116 2095 2117
858.335999 2115 2112 2114 2097 2114 2084 2116 2125
858.356018 2113 2139 2141 2112 2100 2143 2119 2136
858.375 2155 2116 2132 2120 2146 2091 2129 2142
858.39502 2117 2138 2129 2111 2099 2115 2133 2150
858.414001 2153 2138 2144 2116 2112 2118 2126 2155
858.434021 2131 2151 2140 2127 2087 2111 2121 2130
858.453003 2122 2136 2151 2108 2136 2119 2111 2142
858.473022 2132 2116 2144 2126 2134 2099 2107 2124
858.492004 2117 2164 2124 2108 2139 2108 2127 2122
858.512024 2133 2127 2124 2109 2112 2159 2114 2139
858.531982 2142 2123 2138 2123 2111 2128 2110 2135
858.551025 2102 2133 2128 2094 2084 2087 2097 2135
858.570984 2126 2145 2125 2111 2097 2094 2095 2131
858.590027 2114 2128 2161 2108 2136 2110 2121 2126
858.609985 2146 2153 2120 2132 2122 2127 2137 2142
858.629028 2181 2146 2131 2147 2139 2117 2152 2168
858.648987 2169 2142 2140 2124 2105 2111 2151 2166
858.66803 2133 2160 2139 2154 2118 2127 2158 2148
858.687988 2152 2183 2159 2128 2138 2126 2154 2171
858.70697 2127 2164 2162 2128 2119 2112 2134 2147
858.72699 2142 2169 2129 2136 2117 2148 2130 2166
858.745972 2161 2164 2126 2146 2125 2108 2151 2180
858.765991 2157 2116 2130 2133 2115 2119 2171 2142
858.784973 2137 2160 2153 2127 2146 2139 2122 2145
858.804993 2134 2158 2132 2151 2147 2138 2145 2139
858.823975 2146 2175 2159 2139 2135 2128 2143 2129
858.843994 2125 2150 2130 2136 2095 2122 2142 2169
858.864014 2173 2152 2135 2177 2148 2133 2130 2166
858.882996 2137 2170 2155 2109 2121 2132 2150 2118
858.903015 2115 2130 2146 2128 2101 2157 2139 2149
858.921997 2154 2140 2143 2141 2098 2135 2135 2154
858.942017 2152 2156 2138 2113 2122 2128 2119 2164
858.960999 2157 2125 2129 2133 2132 2123 2141 2162
858.981018 2124 2150 2140 2124 2116 2102 2118 2149
859 2109 2139 2149 2141 2111 2130 2161 2141
859.02002 2139 2146 2133 2120 2125 2138 2140 2143
859.039001 2148 2143 2134 2134 2119 2099 2137 2124
859.059021 2126 2143 2142 2091 2138 2128 2109 2152
859.078003 2143 2157 2134 2111 2110 2125 2131 2136
859.098022 2128 2130 2127 2137 2102 2135 2124 2099
859.117004 2141 2141 2144 2114 2094 2136 2098 2156
859.137024 2136 2139 2147 2129 2112 2123 2104 2116
859.156006 2114 2147 2117 2111 2073 2099 2112 2123
859.176025 2116 2146 2124 2108 2101 2090 2116 2132
859.195007 2120 2117 2129 2120 2118 2114 2139 2154
859.215027 2109 2127 2122 2096 2082 2107 2101 2096
859.234009 2120 2113 2127 2113 2092 2109 2108 2097
859.254028 2112 2135 2134 2110 2119 2088 2115 2099
859.27301 2177 2136 2156 2125 2116 2124 2120 2100
859.29303 2167 2140 2145 2122 2108 2111 2125 2120
859.312012 2156 2126 2136 2096 2107 2111 2140 2162
859.33197 2133 2137 2126 2119 2091 2125 2112 2152
859.351013 2134 2129 2136 2128 2101 2131 2121 2132
859.370972 2114 2127 2149 2152 2088 2102 2118 2131
859.390015 2137 2121 2117 2117 2109 2089 2111 2127
859.409973 2146 2146 2140 2126 2125 2116 2133 2147
859.429016 2145 2133 2160 2085 2127 2095 2138 2132
859.448975 2133 2152 2146 2127 2124 2126 2142 2133
859.468018 2124 2155 2122 2119 2111 2119 2142 2147
859.487976 2116 2152 2138 2115 2125 2124 2119 2159
859.507019 2144 2138 2160 2132 2110 2131 2121 2164
859.526978 2165 2113 2119 2120 2092 2129 2107 2135
859.546021 2150 2164 2143 2120 2095 2112 2135 2153
859.565979 2163 2146 2131 2102 2149 2145 2137 2160
859.585022 2136 2149 2148 2140 2137 2136 2136 2158
859.60498 2146 2156 2146 2139 2109 2125 2143 2143
859.624023 2125 2107 2150 2150 2143 2139 2146 2155
859.643982 2149 2146 2149 2136 2142 2117 2149 2149
859.663025 2158 2137 2156 2135 2120 2133 2153 2119
859.682983 2194 2129 2132 2124 2152 2121 2126 2143
859.702026 2143 2144 2151 2135 2121 2133 2167 2160
859.721985 2151 2166 2161 2158 2155 2115 2140 2127
859.741028 2137 2133 2137 2131 2126 2136 2128 2144
859.760986 2163 2134 2114 2119 2114 2118 2119 2121
859.780029 2144 2148 2125 2104 2106 2071 2132 2148
859.799988 2162 2114 2125 2130 2086 2118 2121 2152
859.81897 2117 2130 2161 2111 2091 2121 2155 2144
859.838989 2148 2169 2124 2116 2118 2097 2137 2149
859.857971 2161 2154 2113 2096 2105 2098 2118 2135
859.877991 2128 2143 2134 2137 2096 2104 2129 2109
859.896973 2113 2148 2139 2080 2134 2122 2142 2150
859.916992 2150 2137 2122 2114 2116 2088 2124 2134
859.935974 2126 2127 2139 2120 2109 2117 2123 2105
859.955994 2135 2145 2126 2138 2113 2097 2126 2129
859.974976 2138 2142 2123 2123 2106 2093 2131 2158
859.994995 2116 2141 2126 2131 2106 2101 2101 2126
860.013977 2115 2120 2119 2103 2081 2097 2122 2123
860.033997 2130 2112 2135 2123 2086 2102 2120 2149
860.052979 2130 2166 2157 2124 2093 2103 2115 2138
860.072998 2139 2154 2124 2079 2091 2096 2114 2137
860.09198 2109 2166 2078 2122 2109 2094 2114 2137
860.112 2126 2165 2139 2111 2084 2124 2088 2120
860.130981 2139 2107 2116 2145 2092 2105 2095 2138
860.151001 2104 2122 2131 2091 2097 2097 2091 2134
860.169983 2118 2159 2125 2108 2099 2111 2091 2118
860.189026 2143 2163 2119 2110 2117 2081 2121 2140
860.208984 2150 2137 2099 2105 2123 2114 2112 2122
860.228027 2130 2144 2125 2113 2095 2097 2091 2121
860.247986 2087 2134 2114 2108 2081 2088 2107 2118
860.267029 2121 2124 2079 2090 2106 2109 2092 2108
860.286987 2101 2099 2133 2112 2077 2101 2113 2148
860.30603 2135 2137 2131 2118 2116 2076 2114 2116
860.325989 2136 2108 2111 2131 2105 2113 2100 2094
860.344971 2133 2139 2120 2116 2102 2092 2105 2118
860.36499 2141 2117 2130 2111 2076 2116 2128 2128
860.383972 2123 2126 2125 2132 2102 2079 2120 2130
860.403992 2130 2142 2141 2102 2101 2106 2141 2134
860.422974 2140 2139 2118 2136 2092 2118 2136 2137
860.442993 2114 2132 2126 2111 2112 2093 2146 2138
860.461975 2125 2135 2117 2123 2123 2118 2097 2144
860.481995 2135 2139 2133 2128 2109 2123 2116 2181
860.500977 2142 2107 2154 2108 2122 2094 2088 2159
860.520996 2127 2139 2142 2097 2110 2100 2089 2130
860.539978 2138 2144 2129 2094 2118 2110 2111 2149
860.559021 2129 2154 2104 2119 2119 2118 2124 2135
860.578979 2145 2138 2122 2115 2101 2121 2122 2143
860.598022 2153 2131 2127 2112 2122 2118 2135 2130
860.617981 2127 2145 2095 2114 2111 2119 2131 2148
860.637024 2142 2132 2142 2108 2104 2113 2119 2115
860.656982 2148 2131 2134 2119 2121 2096 2118 2136
860.676025 2177 2128 2156 2105 2105 2101 2128 2158
860.695984 2139 2125 2155 2122 2094 2097 2123 2129
860.715027 2123 2156 2120 2121 2096 2119 2120 2132
860.734985 2130 2139 2122 2129 2074 2108 2138 2140
860.754028 2152 2122 2128 2107 2100 2103 2138 2140
860.77301 2148 2140 2139 2103 2100 2110 2135 2135
