0 12.8571429 25.7142857 38.5714286 51.4285714 64.2857143 77.1428571 90
828.851013 1739 1761 1761 1756 1750 1740 1740 1727
828.870972 1727 1737 1749 1760 1752 1752 1727 1720
828.890991 1733 1754 1748 1753 1739 1752 1722 1742
828.911987 1737 1742 1729 1759 1757 1741 1746 1732
828.932007 1726 1731 1750 1745 1751 1749 1721 1731
828.953003 1733 1742 1762 1750 1730 1733 1737 1728
828.973022 1723 1731 1747 1754 1742 1747 1724 1746
828.994019 1730 1728 1736 1756 1734 1748 1727 1714
829.013977 1737 1737 1730 1754 1745 1737 1732 1737
829.034973 1734 1744 1729 1747 1738 1738 1713 1724
829.054993 1725 1720 1712 1743 1751 1737 1723 1722
829.075012 1720 1719 1743 1728 1728 1730 1727 1727
829.096008 1706 1733 1723 1721 1731 1729 1722 1723
829.116028 1726 1719 1723 1743 1745 1733 1707 1705
829.137024 1728 1703 1730 1741 1742 1724 1717 1717
829.156982 1714 1700 1740 1719 1718 1729 1712 1708
829.177979 1713 1710 1728 1732 1741 1717 1698 1717
829.197998 1727 1722 1733 1746 1736 1714 1725 1707
829.218994 1736 1709 1730 1727 1727 1731 1703 1710
829.239014 1726 1723 1727 1728 1726 1716 1718 1712
829.258972 1705 1710 1723 1719 1738 1721 1724 1701
829.280029 1732 1733 1726 1719 1716 1715 1714 1710
829.299988 1720 1734 1713 1745 1731 1728 1692 1722
829.320984 1720 1741 1729 1726 1714 1728 1712 1711
829.341003 1725 1738 1734 1715 1731 1719 1720 1706
829.362 1722 1712 1725 1731 1726 1710 1717 1723
829.382019 1707 1716 1733 1717 1730 1727 1720 1709
829.401978 1702 1724 1734 1736 1728 1741 1711 1718
829.422974 1724 1709 1726 1733 1730 1723 1719 1706
829.442993 1699 1719 1730 1728 1747 1718 1709 1719
829.463989 1726 1719 1727 1732 1739 1726 1716 1711
829.484009 1699 1724 1712 1745 1717 1726 1704 1712
829.505005 1714 1732 1720 1728 1724 1708 1717 1720
829.525024 1706 1733 1722 1716 1733 1717 1726 1719
829.544983 1722 1726 1722 1721 1744 1723 1711 1733
829.565979 1713 1732 1727 1710 1730 1724 1702 1703
829.585999 1729 1720 1713 1724 1723 1720 1714 1725
829.606995 1724 1733 1716 1728 1728 1743 1720 1720
829.627014 1714 1724 1726 1730 1740 1735 1706 1713
829.64801 1719 1723 1730 1736 1732 1727 1726 1714
829.66803 1735 1730 1732 1740 1727 1725 1717 1722
829.687988 1726 1709 1742 1725 1727 1731 1717 1715
829.708984 1718 1733 1744 1734 1728 1716 1712 1725
829.729004 1736 1705 1752 1723 1721 1725 1715 1738
829.75 1711 1725 1737 1725 1728 1730 1710 1707
829.77002 1711 1730 1729 1725 1735 1736 1704 1709
829.791016 1713 1715 1721 1745 1727 1748 1718 1706
829.810974 1718 1704 1735 1745 1749 1726 1714 1722
829.830994 1716 1719 1721 1724 1720 1729 1718 1718
829.85199 1718 1714 1724 1727 1726 1723 1707 1699
829.872009 1707 1716 1715 1757 1730 1732 1726 1724
829.893005 1718 1724 1721 1734 1730 1738 1708 1727
829.913025 1724 1718 1730 1737 1733 1727 1722 1730
829.932983 1729 1706 1742 1728 1726 1730 1717 1717
829.953979 1731 1726 1733 1750 1739 1718 1724 1731
829.973999 1713 1723 1724 1741 1732 1723 1718 1721
829.994995 1725 1733 1735 1730 1745 1723 1727 1721
830.015015 1733 1724 1715 1747 1739 1741 1712 1720
830.036011 1731 1729 1725 1739 1735 1745 1727 1735
830.05603 1728 1736 1745 1734 1744 1732 1713 1731
830.075989 1730 1724 1737 1735 1725 1742 1731 1735
830.096985 1736 1747 1738 1750 1748 1729 1721 1708
830.117004 1726 1742 1743 1737 1737 1741 1740 1731
830.138 1733 1721 1752 1755 1749 1733 1725 1738
830.15802 1747 1738 1757 1737 1750 1741 1764 1728
830.177979 1728 1733 1740 1736 1745 1746 1727 1735
830.198975 1725 1749 1772 1756 1742 1739 1762 1754
830.218994 1742 1726 1758 1740 1743 1731 1724 1741
830.23999 1728 1739 1746 1756 1748 1742 1748 1741
830.26001 1713 1740 1754 1757 1744 1734 1717 1713
830.280029 1740 1751 1760 1752 1741 1732 1743 1739
830.301025 1729 1744 1760 1740 1744 1746 1730 1728
830.320984 1752 1733 1740 1770 1758 1745 1737 1744
830.34198 1719 1737 1732 1733 1749 1742 1735 1736
830.362 1729 1736 1736 1749 1736 1751 1729 1749
830.382996 1743 1749 1747 1739 1754 1720 1735 1722
830.403015 1741 1733 1753 1744 1747 1754 1725 1722
830.422974 1727 1743 1745 1725 1761 1745 1735 1744
830.44397 1739 1749 1758 1756 1748 1737 1751 1734
830.463989 1729 1747 1756 1752 1772 1738 1735 1735
830.484009 1733 1748 1735 1752 1771 1755 1732 1726
830.505005 1760 1753 1750 1743 1748 1754 1741 1726
830.525024 1732 1735 1753 1745 1751 1729 1734 1738
830.546021 1740 1728 1738 1740 1762 1747 1744 1735
830.565979 1725 1744 1755 1758 1744 1748 1726 1742
830.585999 1733 1737 1743 1755 1768 1741 1736 1736
830.606995 1721 1734 1759 1747 1750 1736 1737 1733
830.627014 1727 1751 1739 1741 1739 1725 1722 1725
830.64801 1737 1728 1746 1756 1748 1727 1739 1735
830.66803 1750 1744 1757 1753 1758 1731 1722 1733
830.687988 1727 1734 1742 1754 1746 1732 1742 1722
830.708984 1745 1751 1734 1760 1751 1742 1720 1738
830.729004 1729 1734 1731 1748 1758 1739 1732 1719
830.75 1730 1738 1738 1756 1739 1748 1715 1731
830.77002 1720 1728 1752 1747 1740 1711 1731 1723
830.789978 1739 1731 1738 1751 1752 1721 1709 1723
830.810974 1722 1744 1728 1740 1732 1731 1742 1723
830.830994 1725 1743 1740 1734 1739 1731 1739 1727
830.85199 1721 1731 1744 1727 1751 1732 1718 1725
830.872009 1718 1738 1732 1738 1718 1742 1742 1719
830.892029 1741 1745 1744 1735 1735 1743 1717 1724
830.913025 1717 1722 1712 1752 1741 1719 1723 1727
830.932983 1741 1720 1741 1745 1736 1719 1723 1711
830.953979 1732 1726 1733 1733 1737 1732 1722 1719
830.973999 1707 1725 1738 1744 1714 1722 1704 1723
830.994019 1722 1726 1713 1729 1728 1713 1712 1727
831.015015 1712 1735 1723 1746 1723 1718 1730 1725
831.034973 1720 1733 1732 1731 1753 1736 1710 1718
831.054993 1705 1728 1733 1748 1753 1736 1726 1721
831.075989 1726 1718 1729 1728 1740 1712 1735 1711
831.096008 1719 1729 1725 1736 1713 1719 1711 1704
831.117004 1723 1722 1733 1739 1726 1731 1724 1711
831.137024 1701 1708 1733 1730 1739 1739 1713 1723
831.156982 1707 1714 1736 1753 1729 1725 1719 1722
831.177979 1720 1732 1732 1731 1722 1713 1722 1715
831.197998 1701 1737 1723 1729 1726 1713 1725 1713
831.218994 1712 1735 1743 1727 1740 1716 1719 1714
831.239014 1713 1735 1733 1743 1734 1709 1712 1717
831.258972 1719 1707 1740 1728 1733 1730 1692 1700
831.280029 1738 1721 1730 1728 1737 1726 1718 1721
831.299988 1707 1729 1712 1731 1729 1730 1726 1722
831.320007 1708 1718 1747 1745 1734 1722 1713 1720
831.341003 1706 1719 1731 1740 1733 1718 1728 1716
831.361023 1738 1724 1736 1735 1739 1730 1707 1709
831.382019 1719 1720 1728 1725 1732 1720 1729 1726
831.401978 1718 1714 1727 1742 1745 1710 1717 1714
831.421997 1706 1716 1735 1726 1735 1726 1701 1722
831.442993 1728 1727 1737 1730 1730 1731 1703 1715
831.463013 1725 1716 1746 1733 1741 1724 1719 1709
831.482971 1717 1722 1723 1726 1727 1733 1719 1721
831.504028 1735 1721 1730 1728 1725 1721 1712 1705
831.523987 1720 1724 1724 1737 1743 1711 1703 1716
831.544983 1732 1721 1723 1720 1731 1735 1728 1734
831.565002 1713 1729 1741 1738 1741 1722 1724 1727
831.585022 1717 1715 1745 1723 1719 1719 1715 1732
831.606018 1713 1730 1737 1751 1735 1711 1718 1722
831.625977 1717 1731 1743 1733 1721 1739 1720 1721
831.645996 1713 1728 1738 1731 1731 1720 1719 1725
831.666992 1731 1717 1727 1740 1759 1734 1728 1714
831.687012 1716 1735 1731 1726 1732 1730 1728 1723
831.708008 1720 1715 1723 1745 1737 1737 1722 1728
831.728027 1724 1748 1732 1742 1746 1727 1719 1720
831.747986 1711 1732 1747 1740 1747 1742 1719 1714
831.768982 1718 1716 1719 1748 1725 1728 1713 1711
831.789001 1709 1732 1738 1734 1737 1744 1696 1720
831.809021 1706 1733 1735 1735 1740 1735 1733 1720
831.830017 1725 1728 1748 1718 1748 1730 1710 1728
831.849976 1726 1717 1736 1750 1743 1740 1713 1718
831.869995 1744 1735 1735 1729 1723 1729 1735 1732
831.890991 1735 1728 1730 1746 1745 1738 1717 1724
831.911011 1720 1733 1738 1752 1735 1734 1708 1716
831.932007 1731 1725 1737 1742 1736 1723 1735 1717
831.952026 1736 1726 1742 1749 1742 1731 1729 1712
831.971985 1708 1741 1741 1749 1759 1738 1744 1722
831.992981 1724 1714 1750 1763 1748 1733 1737 1720
832.013 1735 1737 1740 1737 1740 1738 1739 1724
832.03302 1709 1739 1742 1751 1761 1747 1724 1737
832.054016 1733 1735 1739 1750 1750 1730 1729 1732
832.073975 1725 1742 1748 1762 1740 1752 1736 1734
832.093994 1724 1736 1760 1750 1744 1732 1732 1714
832.11499 1740 1727 1734 1752 1746 1743 1738 1721
832.13501 1736 1746 1744 1738 1739 1733 1721 1741
832.155029 1740 1737 1742 1750 1752 1732 1724 1738
832.176025 1746 1747 1756 1731 1744 1734 1743 1739
832.195984 1734 1732 1736 1735 1751 1730 1735 1746
832.216003 1743 1735 1745 1755 1749 1750 1734 1718
832.237 1729 1739 1747 1743 1737 1749 1745 1735
832.257019 1752 1741 1741 1758 1737 1742 1744 1750
832.278015 1739 1747 1753 1761 1775 1744 1752 1737
832.297974 1717 1740 1738 1762 1738 1735 1753 1730
832.317993 1736 1753 1738 1744 1747 1737 1743 1749
832.338989 1735 1748 1740 1750 1749 1738 1738 1728
832.359009 1737 1755 1756 1754 1753 1758 1736 1757
832.379028 1722 1731 1754 1741 1755 1738 1735 1727
832.400024 1717 1725 1759 1751 1772 1743 1726 1721
832.419983 1721 1733 1753 1756 1749 1747 1725 1722
832.440002 1730 1737 1763 1773 1748 1763 1733 1744
832.460999 1760 1733 1752 1745 1768 1733 1758 1738
832.481018 1727 1744 1742 1757 1769 1734 1755 1736
832.500977 1743 1746 1749 1750 1779 1750 1743 1745
832.521973 1724 1732 1752 1755 1764 1745 1740 1742
832.541992 1749 1753 1752 1752 1747 1738 1733 1736
832.562012 1741 1744 1735 1755 1744 1738 1731 1735
832.583008 1734 1759 1739 1750 1757 1737 1735 1730
832.603027 1729 1738 1761 1753 1743 1733 1739 1764
832.622986 1751 1733 1755 1749 1744 1745 1737 1741
832.643982 1737 1732 1746 1746 1763 1754 1749 1726
832.664001 1743 1738 1759 1743 1752 1739 1736 1742
832.684021 1749 1730 1727 1736 1741 1738 1724 1739
832.705017 1743 1760 1746 1739 1749 1754 1733 1726
832.724976 1737 1751 1747 1721 1749 1752 1746 1734
832.744995 1722 1751 1716 1738 1750 1755 1724 1724
832.765991 1748 1745 1739 1753 1742 1734 1731 1753
832.786011 1740 1747 1732 1754 1724 1723 1744 1722
832.80603 1731 1738 1751 1738 1748 1758 1735 1729
832.827026 1732 1741 1746 1742 1753 1729 1738 1741
832.846985 1733 1730 1750 1754 1731 1745 1731 1743
832.867004 1736 1749 1740 1749 1739 1719 1723 1748
832.888 1736 1742 1731 1752 1750 1736 1713 1730
832.90802 1740 1738 1739 1747 1756 1734 1715 1743
832.927979 1740 1736 1754 1751 1751 1736 1736 1729
832.948975 1717 1727 1740 1737 1749 1734 1736 1753
832.968994 1741 1750 1743 1764 1754 1726 1726 1722
832.989014 1741 1734 1749 1757 1728 1740 1725 1735
833.01001 1726 1742 1755 1734 1738 1737 1739 1717
833.030029 1739 1739 1727 1759 1734 1739 1728 1730
833.049988 1718 1740 1753 1736 1753 1737 1728 1727
833.070984 1738 1735 1763 1737 1745 1752 1744 1732
833.091003 1727 1720 1748 1731 1752 1739 1728 1722
833.111023 1720 1730 1769 1745 1747 1733 1729 1723
833.132019 1726 1733 1740 1737 1753 1727 1728 1724
833.151978 1723 1723 1741 1745 1734 1734 1743 1728
833.171997 1716 1727 1729 1726 1732 1730 1737 1732
833.192993 1730 1730 1747 1743 1737 1716 1725 1707
833.213013 1731 1735 1742 1748 1744 1733 1738 1735
833.232971 1727 1718 1721 1754 1728 1746 1735 1717
833.254028 1719 1718 1728 1738 1747 1743 1729 1719
833.273987 1714 1724 1740 1735 1756 1735 1715 1744
833.294006 1712 1736 1735 1745 1756 1739 1734 1719
833.315002 1711 1716 1725 1741 1738 1715 1720 1738
833.335022 1718 1724 1742 1734 1744 1732 1727 1731
833.35498 1718 1730 1738 1739 1739 1744 1731 1721
833.375977 1739 1741 1720 1724 1748 1731 1729 1712
833.395996 1721 1747 1729 1729 1721 1742 1728 1732
833.416016 1713 1728 1730 1747 1736 1734 1707 1733
833.437012 1722 1724 1736 1718 1724 1728 1735 1740
833.45697 1726 1741 1745 1732 1733 1738 1724 1715
833.47699 1739 1726 1730 1734 1742 1722 1722 1723
833.497009 1722 1716 1713 1741 1737 1706 1723 1712
833.518005 1734 1740 1728 1745 1739 1724 1724 1729
833.538025 1716 1722 1753 1743 1739 1711 1710 1713
833.557983 1708 1722 1741 1728 1748 1726 1720 1716
833.578979 1717 1727 1722 1731 1721 1722 1709 1724
833.598999 1722 1721 1733 1738 1755 1714 1730 1714
833.619019 1710 1727 1738 1734 1737 1731 1718 1711
833.640015 1725 1710 1717 1741 1741 1730 1718 1720
833.659973 1724 1733 1739 1735 1734 1718 1730 1736
833.679993 1723 1723 1728 1742 1735 1721 1719 1710
833.700989 1709 1730 1720 1739 1728 1719 1741 1719
833.721008 1711 1719 1720 1746 1732 1718 1719 1716
833.741028 1710 1726 1742 1743 1723 1732 1701 1710
833.762024 1722 1723 1726 1744 1736 1745 1730 1718
833.781982 1731 1712 1729 1737 1738 1716 1718 1721
833.802002 1715 1733 1737 1744 1730 1730 1725 1725
833.822021 1736 1733 1730 1740 1746 1713 1719 1733
833.843018 1712 1715 1740 1745 1753 1724 1728 1712
833.862976 1730 1716 1744 1739 1727 1735 1720 1723
833.882996 1731 1722 1733 1748 1734 1725 1723 1720
833.903992 1738 1719 1738 1750 1729 1744 1725 1720
833.924011 1723 1740 1736 1748 1737 1710 1729 1723
833.94397 1731 1724 1736 1739 1715 1732 1737 1732
833.965027 1733 1713 1736 1729 1732 1736 1725 1716
833.984985 1736 1715 1723 1732 1730 1727 1718 1729
834.005005 1729 1731 1717 1755 1738 1736 1720 1732
834.026001 1732 1737 1738 1744 1729 1748 1724 1729
834.046021 1726 1744 1728 1740 1732 1717 1729 1725
834.065979 1714 1729 1739 1747 1728 1732 1729 1708
834.085999 1725 1740 1738 1732 1735 1729 1727 1725
834.106995 1710 1711 1738 1740 1736 1733 1726 1724
834.127014 1729 1730 1740 1730 1739 1724 1735 1711
834.146973 1713 1732 1739 1732 1740 1734 1724 1727
834.16803 1741 1716 1731 1751 1731 1717 1725 1730
834.187988 1709 1707 1744 1747 1746 1727 1746 1720
834.208008 1723 1726 1729 1738 1738 1702 1709 1704
834.228027 1735 1724 1734 1726 1735 1729 1715 1724
834.249023 1739 1730 1741 1740 1724 1732 1716 1723
834.268982 1735 1721 1719 1745 1715 1723 1735 1719
834.289001 1727 1717 1736 1733 1738 1727 1714 1722
834.309998 1733 1746 1722 1738 1723 1728 1738 1704
834.330017 1731 1732 1726 1747 1743 1746 1723 1735
834.349976 1732 1727 1729 1729 1729 1727 1723 1723
834.369995 1729 1732 1738 1726 1729 1736 1714 1739
834.390991 1720 1722 1727 1734 1740 1724 1723 1737
834.411011 1717 1734 1724 1741 1730 1742 1715 1735
834.43103 1723 1725 1731 1729 1738 1725 1726 1734
834.452026 1735 1725 1736 1743 1725 1734 1723 1718
834.471985 1740 1737 1728 1760 1735 1722 1717 1738
834.492004 1725 1734 1756 1745 1738 1724 1722 1725
834.513 1716 1731 1747 1747 1740 1750 1731 1732
834.53302 1730 1728 1745 1750 1737 1713 1738 1731
834.552979 1743 1725 1730 1742 1737 1745 1736 1713
834.572998 1741 1730 1738 1746 1766 1719 1740 1735
834.593994 1732 1733 1735 1735 1734 1742 1743 1717
834.614014 1712 1723 1725 1749 1741 1730 1738 1735
834.633972 1727 1745 1733 1739 1747 1745 1738 1729
834.653992 1726 1739 1722 1752 1743 1726 1728 1738
834.674988 1731 1739 1737 1751 1752 1753 1731 1722
834.695007 1743 1735 1744 1747 1734 1739 1723 1739
834.715027 1724 1736 1757 1755 1746 1749 1726 1737
834.736023 1730 1748 1750 1745 1745 1741 1726 1732
834.755981 1752 1743 1727 1763 1756 1740 1725 1733
834.776001 1735 1746 1741 1744 1753 1735 1745 1739
834.796021 1748 1730 1746 1761 1741 1728 1731 1717
834.817017 1730 1751 1738 1740 1768 1740 1734 1741
834.836975 1726 1738 1760 1758 1764 1744 1730 1727
834.856995 1743 1745 1748 1747 1759 1732 1746 1730
834.877991 1729 1755 1760 1754 1757 1729 1738 1728
834.89801 1745 1733 1750 1749 1748 1718 1718 1738
834.91803 1733 1754 1744 1737 1755 1753 1737 1748
834.937988 1734 1756 1749 1762 1735 1727 1709 1740
834.958984 1745 1748 1728 1755 1756 1744 1735 1727
834.979004 1719 1746 1745 1750 1761 1739 1750 1744
834.999023 1737 1744 1764 1748 1742 1730 1743 1746
835.018982 1726 1737 1744 1752 1753 1746 1733 1713
835.039978 1744 1749 1742 1749 1772 1735 1738 1726
835.059998 1739 1738 1745 1749 1748 1737 1740 1745
835.080017 1746 1732 1758 1758 1748 1732 1741 1730
835.101013 1733 1735 1747 1754 1739 1732 1724 1727
835.120972 1749 1748 1749 1741 1739 1745 1722 1738
835.140991 1738 1729 1745 1729 1738 1749 1750 1738
835.161011 1740 1752 1751 1762 1776 1748 1740 1735
835.182007 1735 1752 1747 1761 1744 1736 1727 1749
835.202026 1742 1754 1770 1752 1746 1744 1739 1745
835.221985 1739 1755 1755 1742 1745 1733 1732 1713
835.242004 1732 1722 1755 1741 1746 1748 1739 1746
835.263 1734 1752 1744 1734 1765 1752 1739 1729
835.28302 1729 1713 1732 1774 1747 1760 1731 1731
835.302979 1744 1739 1744 1754 1747 1743 1727 1717
835.322998 1739 1731 1751 1753 1741 1743 1732 1742
835.343994 1738 1734 1749 1749 1767 1758 1730 1746
835.364014 1726 1727 1741 1742 1759 1730 1738 1717
835.383972 1733 1729 1760 1735 1774 1765 1738 1729
835.403992 1728 1742 1762 1763 1748 1745 1735 1724
835.424988 1732 1737 1737 1747 1740 1743 1739 1732
835.445007 1739 1750 1737 1734 1752 1733 1751 1732
835.465027 1720 1744 1734 1739 1758 1744 1730 1721
835.486023 1728 1737 1742 1732 1764 1746 1734 1740
835.505981 1728 1748 1732 1757 1739 1721 1739 1730
835.526001 1735 1743 1738 1748 1767 1729 1723 1737
835.546021 1724 1734 1736 1746 1745 1737 1743 1736
835.567017 1733 1717 1741 1753 1743 1736 1750 1730
835.586975 1722 1740 1739 1766 1749 1741 1742 1742
835.606995 1722 1738 1747 1747 1741 1743 1751 1730
835.627014 1720 1732 1742 1749 1746 1741 1728 1736
835.64801 1728 1735 1754 1757 1752 1741 1737 1727
835.66803 1723 1733 1742 1750 1727 1725 1740 1729
835.687988 1740 1733 1754 1774 1741 1718 1714 1745
835.708008 1725 1743 1736 1739 1763 1750 1720 1741
835.729004 1738 1721 1732 1758 1747 1748 1723 1725
835.749023 1746 1740 1737 1758 1746 1739 1725 1721
835.768982 1743 1736 1743 1731 1761 1758 1731 1730
835.789001 1724 1745 1737 1752 1736 1760 1725 1756
835.809998 1728 1747 1757 1766 1747 1728 1727 1740
835.830017 1745 1746 1748 1774 1752 1732 1730 1740
835.849976 1748 1748 1754 1757 1737 1733 1722 1728
835.869995 1749 1726 1757 1728 1749 1748 1755 1722
835.890991 1733 1733 1743 1742 1733 1739 1736 1731
835.911011 1738 1743 1747 1760 1756 1742 1739 1720
835.93103 1725 1744 1735 1756 1742 1749 1732 1741
835.950989 1739 1750 1744 1755 1748 1743 1736 1743
835.971985 1748 1745 1752 1760 1752 1748 1707 1739
835.992004 1730 1734 1745 1755 1759 1739 1727 1730
836.012024 1743 1736 1753 1746 1749 1732 1743 1734
836.031982 1742 1762 1753 1764 1758 1744 1745 1734
836.052002 1738 1744 1748 1747 1742 1752 1733 1748
836.072998 1743 1749 1767 1753 1743 1746 1737 1749
836.093018 1742 1757 1751 1757 1759 1741 1732 1742
836.112976 1745 1728 1746 1746 1754 1757 1757 1740
836.132996 1747 1758 1744 1763 1755 1746 1721 1744
836.153992 1742 1739 1743 1750 1747 1732 1735 1743
836.174011 1740 1728 1748 1744 1743 1762 1752 1738
836.19397 1745 1732 1755 1760 1741 1737 1744 1742
836.213989 1734 1732 1750 1750 1764 1753 1748 1726
836.234985 1729 1745 1739 1751 1743 1741 1744 1736
836.255005 1723 1734 1743 1733 1745 1733 1743 1731
836.275024 1730 1736 1769 1757 1751 1751 1760 1736
836.294983 1737 1736 1737 1738 1748 1749 1723 1738
836.315979 1743 1754 1762 1752 1760 1736 1743 1750
836.335999 1749 1757 1753 1752 1753 1749 1753 1727
836.356018 1743 1745 1761 1762 1747 1766 1741 1718
836.375977 1732 1745 1738 1759 1760 1738 1737 1733
836.395996 1728 1748 1746 1758 1736 1739 1730 1728
836.416992 1754 1746 1747 1731 1754 1725 1748 1721
836.437012 1728 1753 1752 1769 1742 1756 1735 1729
836.45697 1732 1752 1735 1756 1751 1726 1739 1744
836.47699 1719 1753 1734 1763 1742 1743 1734 1724
836.497986 1731 1750 1756 1749 1773 1739 1733 1734
836.518005 1748 1754 1755 1769 1746 1754 1736 1733
836.538025 1734 1744 1746 1732 1744 1734 1756 1741
836.557983 1761 1747 1753 1755 1745 1744 1742 1734
836.578979 1743 1745 1765 1773 1738 1757 1746 1725
836.598999 1748 1755 1746 1759 1747 1758 1745 1736
836.619019 1735 1764 1738 1767 1752 1745 1734 1722
836.638977 1730 1729 1765 1754 1762 1737 1731 1740
836.658997 1750 1751 1747 1789 1756 1744 1743 1739
836.679993 1741 1735 1714 1739 1750 1724 1736 1762
836.700012 1745 1740 1732 1737 1762 1742 1743 1736
836.719971 1733 1745 1737 1754 1784 1751 1736 1718
836.73999 1749 1733 1746 1748 1746 1746 1729 1741
836.760986 1737 1735 1753 1757 1764 1757 1741 1733
836.781006 1732 1752 1754 1760 1746 1738 1719 1740
836.801025 1748 1744 1748 1739 1756 1746 1740 1750
836.820984 1731 1740 1743 1762 1756 1747 1744 1737
836.841003 1732 1725 1747 1763 1748 1734 1746 1743
836.862 1754 1742 1741 1743 1758 1746 1753 1743
836.882019 1746 1736 1752 1744 1750 1750 1739 1735
836.901978 1740 1751 1751 1753 1767 1734 1758 1744
836.921997 1742 1739 1751 1770 1760 1738 1743 1743
836.942993 1737 1740 1748 1756 1771 1746 1747 1740
836.963013 1759 1743 1761 1752 1774 1757 1741 1743
836.982971 1759 1739 1770 1758 1766 1747 1730 1744
837.002991 1737 1753 1751 1743 1739 1760 1739 1747
837.02301 1744 1734 1737 1767 1746 1735 1742 1751
837.044006 1746 1765 1745 1772 1755 1756 1752 1754
837.064026 1778 1776 1769 1778 1821 1769 1762 1758
837.083984 1771 1769 1754 1773 1780 1757 1744 1730
837.104004 1752 1783 1776 1779 1764 1795 1751 1754
837.124023 1773 1779 1799 1771 1775 1752 1773 1782
837.14502 1762 1770 1788 1763 1774 1780 1759 1757
837.164978 1759 1767 1776 1784 1785 1778 1765 1777
837.184998 1776 1780 1774 1783 1775 1772 1759 1750
837.205017 1763 1760 1791 1778 1802 1782 1755 1770
837.224976 1776 1766 1772 1787 1768 1774 1770 1774
837.245972 1769 1785 1786 1778 1779 1780 1762 1762
837.265991 1768 1771 1769 1779 1768 1755 1758 1757
837.286011 1786 1768 1772 1793 1800 1764 1752 1779
837.30603 1774 1761 1786 1765 1791 1767 1756 1763
837.325989 1792 1793 1768 1786 1771 1771 1767 1776
837.346985 1777 1763 1765 1776 1779 1771 1757 1779
837.367004 1765 1777 1793 1785 1788 1763 1737 1735
837.387024 1774 1790 1772 1790 1790 1788 1764 1771
837.406982 1766 1768 1771 1770 1783 1764 1790 1774
837.427002 1761 1761 1783 1767 1772 1763 1762 1764
837.447998 1772 1761 1770 1788 1787 1767 1780 1768
837.468018 1770 1770 1775 1772 1779 1767 1772 1762
837.487976 1777 1785 1765 1769 1784 1780 1779 1769
837.507996 1758 1775 1781 1775 1779 1776 1764 1759
837.528992 1765 1775 1791 1802 1787 1781 1766 1765
837.549011 1774 1766 1790 1811 1762 1774 1762 1777
837.56897 1768 1784 1780 1802 1786 1799 1786 1772
837.588989 1779 1770 1779 1781 1791 1767 1762 1759
837.609009 1756 1781 1770 1801 1774 1771 1776 1780
837.629028 1763 1773 1790 1793 1794 1771 1788 1790
837.650024 1783 1769 1800 1777 1773 1787 1776 1791
837.669983 1784 1767 1779 1785 1781 1792 1782 1760
837.690002 1783 1790 1792 1810 1790 1777 1784 1760
837.710022 1795 1798 1768 1815 1796 1766 1788 1777
837.72998 1780 1768 1770 1795 1791 1773 1768 1763
837.750977 1756 1778 1803 1796 1794 1800 1768 1766
837.770996 1796 1775 1804 1810 1798 1794 1771 1767
837.791016 1782 1787 1802 1792 1783 1773 1791 1772
837.810974 1767 1785 1787 1809 1800 1790 1793 1786
837.830994 1784 1812 1778 1783 1793 1778 1765 1788
837.85199 1802 1779 1803 1789 1795 1782 1782 1794
837.872009 1780 1800 1799 1814 1797 1803 1789 1784
837.892029 1779 1789 1818 1793 1783 1766 1783 1788
837.911987 1775 1783 1789 1781 1796 1788 1782 1788
837.932007 1784 1811 1819 1797 1797 1790 1791 1790
837.953003 1782 1791 1793 1795 1810 1793 1778 1779
837.973022 1790 1791 1799 1820 1806 1782 1782 1797
837.992981 1788 1790 1766 1819 1789 1794 1801 1787
838.013 1797 1801 1783 1816 1805 1784 1792 1792
838.03302 1790 1802 1807 1821 1817 1818 1788 1791
838.052979 1784 1781 1802 1802 1799 1801 1791 1806
838.073975 1789 1798 1796 1801 1779 1796 1791 1784
838.093994 1806 1821 1812 1800 1823 1795 1786 1807
838.114014 1788 1799 1812 1798 1790 1790 1788 1786
838.133972 1789 1780 1825 1809 1813 1802 1787 1808
838.153992 1794 1811 1795 1811 1825 1815 1799 1800
838.174011 1825 1810 1816 1812 1792 1802 1799 1812
838.195007 1787 1807 1833 1810 1798 1838 1803 1793
838.215027 1809 1824 1802 1823 1817 1810 1806 1806
838.234985 1791 1803 1829 1817 1799 1810 1796 1804
838.255005 1807 1804 1831 1825 1845 1803 1793 1805
838.275024 1831 1816 1830 1819 1792 1819 1792 1824
838.296021 1839 1805 1818 1815 1826 1821 1802 1811
838.315979 1817 1805 1830 1818 1805 1834 1815 1823
838.335999 1793 1811 1817 1825 1817 1809 1823 1807
838.356018 1801 1796 1820 1798 1827 1805 1818 1788
838.375977 1796 1831 1820 1818 1808 1803 1801 1810
838.395996 1811 1813 1810 1802 1817 1796 1792 1808
838.416992 1805 1793 1811 1809 1817 1809 1812 1831
838.437012 1801 1828 1816 1799 1810 1826 1801 1818
838.45697 1805 1838 1810 1808 1820 1812 1815 1815
838.47699 1802 1792 1808 1845 1802 1816 1813 1783
838.497009 1805 1802 1819 1815 1842 1816 1837 1792
838.517029 1797 1808 1804 1835 1835 1809 1808 1814
838.538025 1802 1829 1808 1830 1820 1820 1805 1813
838.557983 1790 1831 1845 1825 1834 1833 1818 1800
838.578003 1807 1808 1827 1849 1832 1821 1811 1807
838.598022 1817 1815 1829 1823 1821 1823 1817 1802
838.617981 1814 1806 1823 1827 1820 1848 1812 1820
838.638 1810 1805 1805 1826 1839 1816 1800 1806
838.658997 1815 1826 1837 1850 1847 1820 1814 1812
838.679016 1821 1823 1825 1835 1826 1839 1821 1810
838.698975 1815 1819 1822 1831 1847 1828 1825 1811
838.718994 1832 1810 1822 1824 1845 1829 1815 1821
838.739014 1805 1824 1835 1855 1833 1843 1838 1816
838.758972 1823 1825 1840 1853 1852 1840 1819 1831
838.780029 1840 1842 1831 1849 1845 1839 1840 1825
838.799988 1831 1844 1850 1847 1864 1848 1838 1808
838.820007 1831 1845 1860 1844 1873 1845 1844 1824
838.840027 1830 1831 1822 1859 1860 1855 1816 1836
838.859985 1838 1839 1838 1860 1863 1846 1832 1835
838.880005 1830 1826 1868 1848 1865 1864 1834 1843
838.901001 1853 1837 1847 1847 1859 1846 1842 1842
838.921021 1844 1835 1857 1878 1843 1867 1857 1831
838.940979 1849 1850 1859 1868 1872 1849 1845 1846
838.960999 1860 1839 1850 1858 1885 1868 1826 1854
838.981018 1852 1855 1871 1869 1854 1847 1855 1839
839.000977 1840 1836 1874 1878 1875 1879 1861 1820
839.020996 1828 1862 1879 1852 1874 1848 1838 1840
839.041992 1852 1844 1870 1860 1866 1867 1870 1830
839.062012 1849 1869 1880 1875 1889 1867 1856 1856
839.08197 1851 1864 1880 1873 1878 1883 1879 1854
839.10199 1866 1854 1862 1905 1901 1869 1873 1848
839.122009 1855 1842 1889 1881 1901 1879 1880 1902
839.142029 1854 1853 1874 1890 1881 1868 1867 1845
839.161987 1822 1871 1857 1913 1885 1909 1873 1836
839.182983 1855 1844 1882 1896 1922 1891 1871 1860
839.203003 1859 1849 1886 1894 1882 1904 1864 1871
839.223022 1854 1874 1869 1905 1885 1888 1874 1842
839.242981 1888 1855 1876 1873 1905 1921 1876 1860
839.263 1872 1871 1881 1896 1914 1888 1881 1882
839.28302 1871 1881 1879 1898 1915 1898 1861 1873
839.304016 1875 1879 1899 1902 1913 1925 1882 1887
839.323975 1851 1875 1897 1921 1922 1901 1890 1886
839.343994 1889 1872 1892 1923 1917 1900 1883 1864
839.364014 1878 1901 1882 1900 1929 1889 1896 1872
839.383972 1881 1879 1878 1899 1901 1907 1878 1871
839.403992 1874 1903 1910 1924 1928 1919 1880 1893
839.424011 1882 1881 1911 1918 1924 1925 1893 1898
839.445007 1876 1901 1926 1913 1939 1930 1898 1889
839.465027 1894 1883 1893 1930 1943 1909 1888 1860
839.484985 1882 1886 1896 1946 1931 1925 1886 1889
839.505005 1916 1895 1909 1928 1921 1906 1905 1892
839.525024 1879 1896 1915 1941 1935 1932 1897 1903
839.544983 1897 1892 1895 1930 1935 1903 1901 1883
839.565002 1888 1901 1918 1925 1967 1924 1902 1893
839.585999 1904 1895 1900 1931 1936 1931 1918 1892
839.606018 1897 1910 1908 1948 1948 1929 1896 1918
839.625977 1885 1916 1922 1932 1926 1941 1916 1906
839.645996 1910 1916 1941 1971 1946 1924 1936 1920
839.666016 1912 1917 1922 1943 1956 1930 1928 1915
839.685974 1928 1922 1941 1948 1961 1945 1926 1909
839.705994 1926 1912 1958 1959 1976 1962 1936 1914
839.726013 1892 1919 1932 1954 1957 1956 1934 1886
839.747009 1913 1898 1939 1979 1969 1943 1960 1917
839.767029 1926 1933 1946 1970 1957 1961 1943 1900
839.786987 1940 1922 1914 1969 1953 1962 1955 1921
839.807007 1926 1943 1972 1970 1975 1966 1927 1928
839.827026 1918 1953 1959 1977 1966 1968 1937 1913
839.846985 1950 1931 1939 1951 1955 1957 1953 1940
839.867004 1953 1978 1945 1950 1983 1984 1952 1952
839.887024 1960 1933 1957 1974 1970 1976 1983 1951
839.90802 1956 1965 1973 1976 1994 1971 1982 1932
839.927979 1979 1967 1966 1984 1964 1989 1952 1984
839.947998 1980 1959 1965 2001 1986 2020 1980 1959
839.968018 1965 1958 1979 1995 1996 2001 1981 1965
839.987976 1984 1991 1984 1984 2008 2004 1998 1967
840.007996 1990 1969 1999 2001 1996 1988 1989 1997
840.028015 2001 1995 1997 2013 2023 2002 1996 1967
840.047974 2014 2004 2013 1977 2028 2011 2004 2008
840.06897 1991 2028 1994 2056 2021 2028 1994 1990
840.088989 1969 2014 1994 2033 2018 2035 2013 2006
840.109009 2025 2003 2029 2031 2005 2030 2020 1988
840.129028 1994 2009 2026 2028 2047 2006 2043 2007
840.148987 1986 1993 2032 2022 2050 2016 2035 2029
840.169006 2037 2023 2026 2024 2056 2025 2026 2019
840.189026 2004 2019 2038 2054 2058 2045 2031 2002
840.208984 2028 2010 2013 2040 2060 2064 2020 2012
840.22998 2010 2012 2048 2045 2052 2033 2038 2034
840.25 2028 2020 2002 2061 2047 2058 2033 2014
840.27002 2017 2032 2048 2054 2053 2044 2029 2020
840.289978 2021 2014 2031 2047 2070 2042 2021 2023
840.309998 2028 2022 2014 2048 2077 2066 2037 2026
840.330017 2010 2032 2052 2039 2064 2036 2034 2001
840.349976 2021 2013 2038 2051 2054 2043 2040 2045
840.369995 2019 2017 2017 2055 2047 2045 2048 2015
840.390015 2019 2005 2024 2044 2054 2050 2036 2001
840.411011 2007 1995 2022 2048 2052 2040 2044 1996
840.43103 1999 2010 2032 2049 2045 2033 1997 1985
840.450989 1999 1997 1983 2032 2033 2051 2024 2001
840.471008 2000 2014 2046 2023 2053 2023 2018 2000
840.491028 1996 2002 2004 2041 2027 2048 2018 1998
840.510986 1979 1982 2014 2023 2023 2022 2003 1995
840.531006 1980 1974 1995 2035 2018 2019 1991 2003
840.551025 1988 1983 2016 2011 2051 2028 1985 1989
840.570984 1989 1990 2002 2004 2014 2000 1974 2015
840.59198 1981 1967 1978 2018 2014 1983 1978 1979
840.612 1978 1951 1980 1982 2007 2008 1961 1967
840.632019 1982 1948 1992 1995 2001 2009 1976 1976
840.651978 1972 1968 1985 2001 2020 2002 1978 1971
840.671997 1927 1959 1962 1979 1977 1968 1946 1971
840.692017 1953 1944 1960 1947 1994 1981 1950 1960
840.711975 1931 1924 1956 1936 1968 1961 1938 1960
840.731995 1939 1930 1928 1947 1936 1941 1948 1920
840.752014 1924 1917 1930 1956 1954 1941 1940 1931
840.771973 1903 1919 1927 1941 1948 1953 1944 1924
840.79303 1905 1911 1926 1940 1947 1946 1917 1930
840.812988 1924 1905 1930 1919 1918 1949 1917 1915
840.833008 1900 1899 1915 1923 1930 1910 1921 1912
840.853027 1883 1904 1907 1931 1916 1914 1902 1902
840.872986 1887 1896 1893 1890 1892 1908 1892 1892
840.893005 1884 1868 1893 1878 1912 1898 1906 1888
840.913025 1887 1871 1884 1883 1864 1883 1875 1861
840.932983 1880 1861 1893 1884 1885 1878 1887 1878
840.953003 1861 1872 1873 1856 1868 1869 1855 1876
840.973022 1862 1852 1857 1863 1872 1862 1840 1857
840.994019 1871 1861 1844 1855 1863 1868 1848 1832
841.013977 1874 1854 1846 1860 1874 1859 1851 1846
841.033997 1830 1853 1860 1833 1856 1854 1842 1864
841.054016 1833 1846 1853 1855 1853 1843 1859 1840
841.073975 1840 1833 1847 1839 1836 1849 1830 1818
841.093994 1835 1842 1825 1840 1830 1831 1830 1831
841.114014 1824 1832 1839 1864 1828 1822 1826 1802
841.133972 1833 1825 1818 1787 1819 1826 1824 1836
841.153992 1806 1817 1824 1821 1828 1831 1818 1812
841.174011 1809 1809 1810 1823 1815 1827 1838 1793
841.19397 1823 1796 1804 1839 1809 1815 1824 1822
841.215027 1804 1814 1831 1817 1826 1803 1820 1816
841.234985 1824 1804 1810 1811 1813 1826 1810 1809
841.255005 1829 1802 1800 1828 1822 1805 1823 1806
841.275024 1824 1820 1807 1813 1820 1816 1792 1799
841.294983 1799 1807 1805 1808 1809 1816 1796 1812
841.315002 1808 1803 1793 1817 1798 1804 1815 1784
841.335022 1792 1810 1809 1808 1816 1810 1809 1816
841.35498 1789 1806 1815 1820 1807 1794 1814 1789
841.375 1795 1800 1782 1816 1807 1791 1805 1787
841.39502 1811 1800 1793 1800 1802 1800 1772 1813
841.414978 1803 1800 1805 1809 1810 1815 1810 1788
841.434998 1775 1799 1796 1805 1802 1813 1796 1784
841.455994 1812 1801 1799 1786 1796 1800 1781 1793
841.476013 1796 1811 1842 1803 1809 1808 1798 1794
841.495972 1801 1786 1800 1783 1791 1790 1801 1794
841.515991 1783 1797 1804 1815 1778 1790 1801 1784
841.536011 1783 1806 1794 1788 1787 1815 1782 1799
841.55603 1810 1776 1802 1793 1809 1772 1789 1787
841.575989 1760 1790 1791 1794 1800 1798 1781 1795
841.596008 1788 1800 1803 1801 1794 1804 1766 1772
841.616028 1787 1790 1796 1786 1816 1793 1792 1777
841.635986 1784 1786 1778 1807 1820 1778 1777 1780
841.656006 1794 1793 1790 1796 1784 1804 1794 1793
841.676025 1786 1784 1779 1786 1796 1802 1782 1789
841.695984 1777 1778 1790 1791 1782 1796 1791 1781
841.716003 1782 1781 1807 1787 1795 1792 1796 1785
841.737 1783 1778 1812 1799 1783 1791 1800 1783
841.757019 1787 1799 1771 1800 1803 1777 1782 1781
841.776978 1782 1784 1790 1806 1810 1786 1788 1778
841.796997 1781 1766 1804 1795 1809 1784 1775 1768
841.817017 1768 1774 1799 1784 1788 1798 1782 1774
841.836975 1776 1787 1786 1785 1791 1762 1778 1785
841.856995 1782 1776 1775 1778 1773 1785 1764 1767
841.877014 1777 1791 1775 1806 1801 1783 1781 1767
841.896973 1749 1774 1799 1800 1802 1779 1785 1787
841.916992 1766 1777 1757 1777 1781 1763 1782 1782
841.937012 1764 1778 1776 1780 1774 1779 1793 1785
841.95697 1771 1791 1780 1798 1784 1778 1767 1766
841.97699 1758 1779 1779 1802 1819 1791 1780 1794
841.997009 1775 1777 1777 1785 1786 1790 1777 1795
842.018005 1774 1785 1790 1794 1766 1786 1760 1796
842.038025 1773 1794 1787 1797 1790 1770 1789 1755
842.057983 1764 1771 1771 1783 1795 1793 1790 1772
842.078003 1774 1771 1780 1765 1793 1775 1775 1776
842.098022 1764 1775 1747 1780 1780 1748 1757 1777
842.117981 1760 1763 1788 1768 1785 1767 1757 1769
842.138 1765 1791 1755 1789 1772 1763 1770 1783
842.15802 1781 1801 1781 1801 1772 1745 1766 1764
842.177979 1769 1759 1766 1753 1789 1773 1762 1767
842.197998 1761 1756 1765 1785 1757 1780 1780 1747
842.218018 1758 1784 1759 1766 1787 1777 1743 1757
842.237976 1773 1757 1781 1802 1772 1749 1752 1757
842.257996 1756 1757 1768 1784 1789 1765 1775 1761
842.278015 1734 1760 1775 1779 1762 1766 1746 1762
842.297974 1769 1784 1773 1769 1765 1772 1752 1757
842.317993 1759 1765 1772 1787 1772 1784 1763 1772
842.338013 1760 1781 1770 1787 1786 1767 1750 1771
842.357971 1760 1773 1765 1790 1769 1768 1785 1763
842.379028 1769 1756 1757 1768 1761 1780 1755 1765
842.398987 1774 1761 1769 1768 1784 1764 1753 1760
842.419006 1756 1747 1778 1777 1770 1757 1754 1746
842.439026 1752 1754 1765 1779 1792 1758 1776 1757
842.458984 1768 1767 1761 1766 1764 1775 1756 1767
842.479004 1765 1752 1761 1792 1770 1752 1743 1761
842.499023 1771 1762 1780 1767 1779 1770 1767 1754
842.518982 1759 1785 1780 1765 1758 1766 1764 1780
842.539001 1758 1765 1750 1781 1755 1776 1752 1760
842.559021 1764 1745 1774 1773 1785 1767 1742 1774
842.578979 1769 1776 1761 1756 1757 1771 1752 1763
842.598999 1752 1762 1753 1778 1758 1767 1781 1765
842.619019 1758 1760 1771 1774 1784 1748 1747 1756
842.638977 1767 1780 1778 1758 1768 1778 1774 1776
842.658997 1766 1768 1786 1789 1775 1770 1783 1764
842.679016 1781 1767 1763 1777 1776 1779 1765 1769
842.698975 1771 1786 1783 1773 1771 1762 1761 1778
842.718994 1780 1802 1763 1803 1775 1762 1772 1772
842.739014 1764 1773 1794 1794 1789 1760 1759 1790
842.758972 1771 1775 1775 1789 1780 1761 1759 1758
842.778992 1770 1761 1773 1772 1767 1771 1760 1776
842.799011 1770 1769 1779 1768 1788 1769 1755 1767
842.820007 1766 1768 1784 1770 1786 1776 1767 1765
842.840027 1755 1786 1784 1785 1778 1784 1768 1756
842.859985 1769 1778 1792 1780 1793 1769 1770 1770
842.880005 1775 1786 1777 1798 1786 1784 1769 1767
842.900024 1776 1784 1778 1798 1783 1781 1764 1781
842.919983 1764 1796 1787 1785 1770 1780 1768 1766
842.940002 1777 1762 1781 1802 1782 1785 1784 1784
842.960022 1772 1771 1783 1783 1783 1768 1780 1770
842.97998 1769 1776 1782 1796 1770 1764 1761 1757
843 1757 1770 1761 1771 1767 1786 1757 1768
843.02002 1757 1787 1776 1775 1791 1759 1774 1763
843.039978 1748 1779 1778 1782 1786 1782 1773 1779
843.059998 1773 1780 1785 1771 1764 1777 1773 1766
843.080017 1762 1779 1785 1757 1770 1767 1753 1780
843.099976 1771 1779 1772 1776 1786 1766 1768 1776
843.119995 1771 1763 1783 1773 1767 1751 1764 1768
843.140015 1765 1795 1783 1766 1778 1768 1773 1758
843.159973 1782 1783 1781 1765 1781 1785 1775 1761
843.179993 1795 1761 1760 1778 1771 1778 1784 1754
843.200012 1767 1766 1772 1771 1769 1753 1760 1788
843.219971 1773 1765 1771 1775 1771 1783 1767 1767
843.23999 1769 1764 1773 1774 1789 1781 1766 1774
843.26001 1765 1768 1769 1772 1786 1774 1762 1761
843.280029 1745 1794 1759 1785 1787 1785 1748 1785
843.299988 1753 1763 1759 1772 1780 1784 1762 1772
843.320007 1756 1778 1773 1784 1763 1778 1769 1765
843.340027 1782 1769 1766 1760 1779 1766 1765 1775
843.359985 1761 1757 1767 1775 1776 1776 1779 1765
843.380005 1772 1770 1781 1783 1771 1777 1756 1736
843.400024 1769 1758 1775 1760 1782 1786 1767 1754
843.419983 1743 1779 1785 1775 1794 1759 1766 1778
843.440002 1763 1772 1799 1782 1768 1778 1777 1775
843.460022 1774 1776 1784 1768 1774 1772 1777 1762
843.47998 1779 1778 1778 1789 1804 1740 1766 1764
843.5 1757 1763 1768 1783 1772 1781 1749 1759
843.52002 1758 1775 1786 1798 1765 1769 1755 1761
843.539978 1751 1771 1776 1758 1765 1768 1740 1749
843.559998 1760 1783 1783 1794 1763 1781 1731 1772
843.580994 1770 1766 1783 1776 1781 1767 1756 1771
843.601013 1789 1757 1786 1774 1777 1746 1764 1766
843.620972 1769 1757 1781 1782 1787 1759 1775 1757
843.640991 1759 1765 1775 1760 1764 1764 1775 1764
843.661011 1762 1768 1781 1752 1778 1775 1771 1770
843.68103 1771 1762 1768 1760 1792 1765 1761 1771
843.700989 1765 1772 1763 1768 1775 1767 1774 1773
843.721008 1763 1758 1759 1764 1776 1762 1768 1752
843.741028 1752 1775 1782 1775 1764 1765 1780 1773
843.760986 1748 1777 1783 1775 1782 1768 1759 1769
843.781006 1764 1766 1791 1774 1791 1764 1769 1759
843.801025 1763 1775 1773 1777 1781 1778 1766 1777
843.820984 1770 1741 1761 1766 1780 1774 1773 1777
843.841003 1748 1766 1763 1786 1785 1765 1764 1767
843.861023 1747 1767 1778 1777 1784 1746 1774 1747
843.880981 1761 1755 1782 1781 1788 1775 1754 1758
843.901001 1761 1779 1760 1769 1779 1771 1773 1776
843.921021 1778 1762 1761 1761 1761 1763 1755 1753
843.940979 1757 1771 1769 1781 1778 1764 1767 1753
843.960999 1755 1762 1764 1771 1781 1746 1769 1768
843.981018 1771 1752 1793 1766 1769 1783 1767 1756
844.000977 1751 1771 1755 1777 1774 1773 1761 1767
844.020996 1774 1763 1768 1761 1752 1777 1760 1752
844.041016 1745 1793 1760 1772 1778 1758 1747 1771
844.060974 1758 1778 1764 1772 1778 1754 1768 1763
844.080994 1765 1785 1742 1759 1771 1754 1766 1761
844.101013 1770 1769 1780 1774 1784 1779 1772 1756
844.120972 1769 1771 1761 1779 1772 1765 1777 1767
844.140991 1774 1763 1782 1779 1768 1754 1763 1737
844.161011 1768 1782 1782 1781 1781 1773 1764 1767
844.18103 1753 1765 1762 1772 1763 1752 1745 1758
844.200989 1771 1751 1759 1777 1767 1776 1747 1765
844.221008 1771 1778 1787 1773 1768 1758 1757 1775
844.241028 1758 1775 1768 1758 1771 1775 1767 1769
844.260986 1768 1777 1760 1777 1778 1775 1774 1766
844.281006 1764 1752 1755 1780 1776 1770 1743 1787
844.301025 1769 1766 1769 1773 1781 1770 1758 1752
844.320984 1756 1768 1777 1766 1770 1780 1750 1763
844.341003 1757 1783 1759 1756 1777 1770 1780 1773
844.361023 1768 1777 1783 1775 1789 1769 1753 1767
844.380981 1771 1763 1752 1780 1771 1767 1766 1769
844.401001 1766 1766 1747 1760 1768 1760 1767 1755
844.421021 1777 1756 1750 1768 1773 1777 1764 1767
844.440979 1756 1785 1781 1767 1761 1749 1751 1766
844.460999 1760 1745 1763 1757 1767 1762 1756 1765
844.481018 1736 1767 1769 1777 1748 1771 1762 1761
844.500977 1771 1749 1755 1767 1770 1765 1745 1770
844.520996 1757 1759 1776 1781 1758 1758 1749 1751
844.541016 1761 1776 1757 1773 1751 1777 1750 1763
844.559998 1751 1742 1751 1773 1760 1750 1766 1746
844.580017 1756 1767 1764 1784 1784 1747 1753 1749
844.599976 1754 1752 1770 1755 1764 1754 1760 1748
844.619995 1759 1768 1779 1765 1768 1754 1746 1756
844.640015 1768 1752 1742 1763 1767 1752 1762 1763
844.659973 1768 1766 1759 1759 1781 1764 1754 1764
844.679993 1755 1763 1767 1766 1767 1764 1761 1765
844.700012 1754 1757 1760 1757 1762 1754 1757 1753
844.719971 1763 1756 1753 1778 1763 1764 1740 1774
844.73999 1759 1758 1767 1768 1753 1758 1753 1745
844.76001 1766 1767 1768 1759 1769 1765 1746 1754
844.780029 1741 1757 1766 1748 1753 1761 1742 1748
844.799988 1754 1755 1780 1772 1783 1769 1756 1752
844.820007 1750 1778 1777 1769 1749 1752 1768 1755
844.840027 1758 1754 1747 1769 1755 1761 1771 1756
844.859985 1749 1752 1759 1770 1742 1763 1753 1766
844.880005 1749 1755 1763 1768 1760 1757 1763 1754
844.900024 1758 1768 1758 1764 1753 1751 1747 1764
844.919983 1776 1747 1762 1773 1750 1757 1750 1745
844.940002 1755 1765 1758 1755 1750 1747 1772 1767
844.960022 1759 1746 1767 1753 1757 1756 1771 1764
844.97998 1749 1746 1765 1749 1770 1768 1753 1763
845 1761 1768 1763 1746 1755 1745 1743 1751
845.02002 1757 1764 1758 1758 1745 1743 1763 1757
845.039978 1756 1744 1773 1772 1747 1752 1747 1762
845.059998 1754 1755 1754 1763 1748 1759 1769 1739
845.080017 1763 1755 1770 1768 1757 1759 1749 1769
845.099976 1776 1749 1751 1756 1775 1770 1753 1761
845.119995 1763 1766 1752 1757 1762 1762 1759 1755
845.140015 1757 1764 1749 1752 1751 1781 1751 1775
845.159973 1743 1773 1760 1771 1747 1738 1754 1757
845.179993 1743 1768 1785 1771 1773 1765 1765 1759
845.200012 1760 1770 1776 1772 1761 1770 1750 1751
845.219971 1755 1766 1773 1789 1747 1751 1762 1756
845.23999 1755 1751 1770 1746 1761 1745 1765 1751
845.26001 1751 1763 1748 1759 1765 1771 1737 1761
845.280029 1742 1755 1770 1771 1776 1784 1758 1728
845.299011 1758 1762 1757 1759 1787 1781 1754 1769
845.31897 1768 1762 1765 1751 1752 1748 1764 1753
845.338989 1756 1743 1768 1782 1780 1766 1765 1777
845.359009 1756 1771 1753 1758 1759 1774 1776 1752
845.379028 1763 1756 1780 1763 1760 1766 1747 1771
845.398987 1756 1764 1759 1777 1755 1761 1775 1762
845.419006 1780 1780 1768 1755 1757 1748 1762 1789
845.439026 1763 1764 1767 1767 1752 1755 1770 1747
845.458984 1766 1775 1772 1780 1768 1762 1770 1771
845.479004 1763 1788 1782 1780 1781 1773 1769 1778
845.499023 1768 1787 1777 1761 1793 1763 1755 1784
845.518982 1769 1780 1799 1781 1779 1774 1789 1756
845.539001 1774 1769 1769 1779 1780 1777 1772 1759
845.559021 1784 1787 1785 1770 1776 1774 1763 1765
845.578979 1781 1782 1783 1771 1796 1767 1783 1769
845.598999 1790 1793 1759 1779 1791 1762 1784 1779
845.619019 1785 1784 1783 1773 1789 1758 1770 1793
845.638977 1776 1790 1781 1779 1794 1801 1782 1787
845.658997 1785 1775 1783 1758 1770 1776 1768 1781
845.679016 1793 1783 1783 1789 1788 1783 1780 1783
845.698975 1781 1788 1782 1801 1798 1781 1767 1800
845.718994 1789 1804 1791 1785 1769 1797 1769 1762
845.737976 1787 1784 1808 1760 1783 1783 1789 1799
845.757996 1793 1764 1797 1791 1782 1818 1778 1771
845.778015 1786 1780 1801 1795 1780 1763 1780 1795
845.797974 1803 1794 1777 1793 1783 1799 1800 1781
845.817993 1787 1794 1783 1783 1781 1785 1783 1780
845.838013 1795 1787 1776 1783 1809 1776 1804 1783
845.857971 1774 1791 1783 1782 1767 1771 1774 1779
845.877991 1755 1795 1792 1789 1778 1787 1778 1781
845.89801 1779 1788 1790 1804 1778 1769 1794 1777
845.91803 1779 1756 1795 1781 1771 1775 1793 1773
845.937988 1792 1781 1798 1780 1775 1787 1769 1783
845.958008 1774 1791 1783 1793 1787 1788 1787 1791
845.978027 1776 1803 1783 1781 1782 1784 1793 1791
845.997986 1774 1798 1777 1801 1798 1789 1793 1788
846.018005 1820 1788 1788 1816 1781 1773 1782 1776
846.038025 1795 1789 1788 1786 1782 1782 1792 1789
846.057983 1776 1787 1778 1795 1784 1791 1768 1773
846.078003 1774 1799 1808 1788 1789 1779 1788 1792
846.096985 1782 1782 1790 1783 1800 1777 1774 1784
846.117004 1789 1780 1798 1782 1803 1779 1787 1781
846.137024 1785 1813 1793 1800 1786 1797 1763 1780
846.156982 1787 1788 1794 1778 1765 1770 1766 1790
846.177002 1764 1789 1785 1787 1788 1766 1760 1780
846.197021 1774 1779 1753 1775 1784 1785 1784 1776
846.21698 1789 1790 1788 1783 1774 1779 1781 1760
846.237 1764 1780 1788 1798 1792 1775 1771 1770
846.257019 1796 1781 1782 1783 1801 1800 1794 1787
846.276978 1780 1772 1783 1807 1773 1779 1787 1781
846.296997 1772 1783 1773 1785 1790 1791 1787 1774
846.317017 1777 1789 1787 1780 1777 1792 1779 1807
846.336975 1783 1785 1786 1790 1784 1773 1789 1782
846.356995 1763 1779 1790 1799 1789 1800 1771 1794
846.377014 1795 1786 1795 1782 1767 1791 1788 1782
846.395996 1787 1786 1790 1781 1777 1801 1784 1772
846.416016 1778 1788 1768 1787 1771 1794 1771 1770
846.435974 1799 1777 1783 1773 1788 1797 1798 1796
846.455994 1791 1786 1786 1789 1816 1787 1767 1776
846.476013 1800 1794 1804 1789 1779 1784 1778 1799
846.495972 1787 1782 1807 1782 1793 1783 1772 1778
846.515991 1794 1805 1791 1800 1809 1782 1781 1775
846.536011 1782 1802 1790 1794 1780 1773 1781 1782
846.55603 1792 1782 1785 1765 1777 1784 1767 1794
846.575989 1772 1790 1794 1778 1785 1774 1790 1798
846.596008 1800 1799 1802 1782 1794 1791 1781 1791
846.616028 1775 1775 1771 1756 1763 1780 1784 1789
846.63501 1775 1785 1786 1797 1785 1783 1773 1783
846.655029 1766 1782 1776 1779 1777 1798 1795 1768
846.674988 1775 1789 1784 1776 1779 1772 1772 1770
846.695007 1770 1786 1778 1772 1767 1770 1776 1794
846.715027 1790 1788 1785 1797 1794 1809 1785 1788
846.734985 1784 1771 1762 1791 1757 1777 1778 1788
846.755005 1787 1772 1780 1781 1787 1799 1773 1768
846.775024 1783 1781 1781 1780 1765 1775 1792 1769
846.794983 1783 1788 1790 1764 1779 1777 1781 1793
846.815002 1780 1781 1781 1780 1771 1774 1793 1780
846.835022 1786 1778 1763 1789 1772 1770 1792 1778
846.85498 1789 1779 1786 1775 1766 1771 1772 1785
846.875 1782 1791 1789 1784 1763 1786 1769 1784
846.893982 1774 1772 1787 1801 1791 1779 1778 1778
846.914001 1790 1792 1782 1793 1790 1790 1772 1780
846.934021 1781 1786 1801 1787 1785 1763 1787 1792
846.953979 1802 1793 1783 1786 1789 1794 1776 1771
846.973999 1781 1786 1782 1791 1809 1780 1798 1754
846.994019 1802 1798 1772 1779 1782 1774 1785 1773
847.013977 1804 1779 1790 1781 1785 1793 1778 1773
847.033997 1794 1784 1797 1807 1776 1790 1808 1790
847.054016 1774 1793 1773 1775 1786 1778 1774 1770
847.073975 1775 1775 1779 1807 1786 1775 1787 1778
847.093994 1790 1791 1783 1804 1791 1769 1786 1788
847.112976 1815 1769 1783 1798 1772 1782 1788 1793
847.132996 1794 1775 1779 1782 1782 1779 1789 1780
847.153015 1785 1804 1795 1792 1781 1793 1784 1782
847.172974 1793 1789 1791 1773 1783 1790 1781 1772
847.192993 1795 1791 1789 1787 1790 1781 1788 1798
847.213013 1788 1792 1817 1794 1792 1797 1797 1816
847.232971 1771 1786 1800 1786 1787 1777 1782 1784
847.252991 1774 1774 1786 1802 1771 1769 1808 1779
847.27301 1801 1779 1786 1785 1782 1792 1783 1787
847.29303 1787 1778 1799 1762 1786 1794 1794 1787
847.312012 1777 1785 1788 1797 1792 1789 1789 1772
847.33197 1771 1781 1777 1778 1789 1782 1811 1770
847.35199 1780 1793 1787 1805 1783 1796 1775 1782
847.372009 1762 1800 1788 1789 1790 1777 1777 1795
847.392029 1792 1788 1767 1782 1783 1789 1802 1771
847.411987 1774 1760 1786 1781 1790 1763 1780 1769
847.432007 1768 1769 1785 1769 1778 1775 1792 1791
847.452026 1769 1783 1780 1744 1785 1775 1763 1793
847.471985 1784 1786 1782 1768 1765 1776 1785 1779
847.492004 1779 1781 1788 1780 1751 1786 1768 1783
847.510986 1763 1763 1769 1769 1783 1776 1776 1783
847.531006 1768 1777 1773 1767 1775 1775 1790 1778
847.551025 1794 1782 1786 1782 1766 1773 1770 1775
847.570984 1750 1786 1787 1771 1770 1788 1782 1754
847.591003 1758 1772 1809 1785 1784 1774 1786 1793
847.611023 1773 1761 1763 1779 1776 1771 1783 1787
847.630981 1775 1769 1781 1799 1755 1788 1771 1777
847.651001 1766 1783 1793 1780 1775 1776 1758 1770
847.669983 1780 1760 1790 1782 1751 1770 1779 1775
847.690002 1785 1779 1786 1780 1782 1780 1778 1787
847.710022 1793 1784 1765 1773 1765 1772 1771 1779
847.72998 1781 1777 1790 1779 1762 1775 1755 1766
847.75 1778 1789 1774 1770 1774 1765 1782 1768
847.77002 1794 1781 1791 1758 1790 1794 1780 1777
847.789978 1786 1780 1795 1770 1788 1773 1787 1770
847.809998 1764 1802 1790 1787 1782 1778 1790 1783
847.830017 1785 1805 1793 1795 1796 1798 1788 1790
847.848999 1793 1792 1792 1785 1807 1767 1774 1787
847.869019 1782 1797 1778 1776 1771 1794 1770 1780
847.888977 1792 1811 1775 1772 1782 1760 1800 1784
847.908997 1777 1787 1771 1763 1794 1782 1784 1782
847.929016 1798 1783 1772 1784 1777 1790 1791 1777
847.948975 1788 1782 1784 1791 1788 1784 1776 1780
847.968994 1779 1802 1788 1772 1787 1807 1783 1793
847.989014 1786 1791 1781 1805 1789 1771 1785 1780
848.007996 1799 1776 1795 1783 1798 1788 1793 1788
848.028015 1792 1788 1783 1784 1781 1772 1789 1791
848.047974 1774 1791 1792 1780 1794 1782 1785 1794
848.067993 1804 1803 1785 1780 1791 1785 1763 1791
848.088013 1780 1800 1816 1791 1797 1773 1783 1794
848.107971 1811 1804 1800 1792 1794 1792 1776 1793
848.127991 1817 1797 1784 1785 1803 1783 1807 1807
848.14801 1799 1790 1775 1789 1807 1792 1780 1802
848.166992 1802 1815 1792 1799 1787 1789 1797 1810
848.187012 1780 1792 1797 1812 1792 1794 1797 1774
848.20697 1801 1800 1801 1797 1804 1784 1784 1794
848.22699 1805 1790 1813 1799 1831 1795 1793 1803
848.247009 1806 1804 1797 1779 1802 1801 1802 1791
848.267029 1792 1800 1798 1797 1802 1788 1786 1799
848.286987 1785 1807 1800 1809 1798 1785 1812 1804
848.307007 1796 1797 1797 1816 1790 1791 1791 1814
848.325989 1806 1819 1825 1799 1803 1790 1788 1818
848.346008 1813 1816 1802 1808 1817 1814 1794 1816
848.366028 1808 1839 1812 1806 1797 1780 1815 1799
848.385986 1811 1799 1818 1813 1813 1799 1788 1809
848.406006 1794 1803 1801 1801 1795 1799 1785 1808
848.426025 1831 1794 1813 1796 1801 1805 1796 1808
848.445984 1826 1794 1809 1822 1808 1813 1821 1800
848.466003 1831 1804 1809 1808 1800 1813 1794 1813
848.484985 1819 1828 1829 1788 1818 1817 1799 1794
848.505005 1795 1792 1812 1789 1800 1803 1796 1793
848.525024 1797 1801 1806 1811 1788 1805 1807 1802
848.544983 1817 1813 1802 1802 1801 1815 1798 1797
848.565002 1798 1810 1795 1817 1803 1790 1782 1813
848.585022 1820 1818 1792 1789 1812 1815 1802 1803
848.604004 1797 1804 1802 1813 1808 1803 1808 1819
848.624023 1832 1797 1807 1798 1807 1802 1812 1792
848.643982 1818 1793 1783 1811 1802 1810 1797 1805
848.664001 1787 1810 1800 1818 1806 1778 1785 1795
848.684021 1815 1794 1815 1796 1798 1790 1809 1800
848.703979 1804 1795 1804 1810 1815 1791 1794 1799
848.723999 1801 1815 1814 1795 1801 1808 1795 1817
848.742981 1796 1825 1819 1809 1790 1789 1812 1816
848.763 1800 1816 1819 1803 1812 1783 1802 1811
848.78302 1808 1806 1812 1811 1796 1795 1786 1815
848.802979 1808 1804 1790 1812 1801 1794 1813 1818
848.822998 1801 1807 1807 1794 1816 1802 1790 1821
848.843018 1816 1797 1810 1811 1809 1804 1819 1799
848.862976 1820 1821 1825 1807 1805 1816 1825 1794
848.882019 1805 1829 1789 1818 1820 1816 1812 1827
848.901978 1817 1833 1800 1827 1824 1833 1817 1822
848.921997 1794 1825 1820 1823 1801 1819 1804 1814
848.942017 1810 1816 1818 1809 1814 1808 1797 1816
848.961975 1802 1817 1812 1797 1790 1816 1815 1822
848.981995 1817 1806 1815 1810 1808 1835 1822 1806
849.002014 1815 1846 1827 1842 1820 1795 1808 1802
849.020996 1809 1824 1818 1835 1803 1829 1821 1794
849.041016 1829 1813 1817 1821 1804 1825 1806 1810
849.060974 1809 1816 1805 1807 1816 1794 1830 1819
849.080994 1816 1799 1808 1815 1806 1809 1846 1818
849.101013 1822 1822 1819 1825 1798 1812 1799 1805
849.120972 1810 1798 1815 1792 1811 1799 1820 1811
849.140015 1823 1811 1839 1806 1796 1813 1800 1808
849.159973 1825 1816 1810 1802 1809 1827 1803 1792
849.179993 1810 1825 1801 1808 1822 1815 1812 1807
849.200012 1788 1806 1816 1799 1814 1826 1794 1797
849.219971 1829 1814 1818 1807 1807 1789 1817 1811
849.23999 1824 1817 1797 1816 1810 1801 1799 1813
849.258972 1798 1802 1813 1820 1809 1789 1811 1808
849.278992 1816 1810 1791 1813 1803 1791 1801 1793
849.299011 1817 1810 1796 1786 1817 1788 1803 1801
849.31897 1813 1814 1802 1815 1798 1785 1789 1807
849.338989 1807 1802 1800 1806 1812 1786 1793 1818
849.359009 1803 1815 1792 1814 1811 1813 1777 1820
849.377991 1795 1815 1805 1806 1795 1795 1802 1790
849.39801 1796 1805 1792 1793 1798 1800 1805 1810
849.41803 1811 1806 1797 1812 1809 1824 1812 1804
849.437988 1830 1803 1810 1814 1805 1800 1802 1799
849.458008 1790 1798 1807 1802 1774 1779 1813 1813
849.478027 1793 1801 1798 1811 1797 1804 1783 1793
849.497009 1812 1813 1817 1779 1779 1820 1785 1815
849.517029 1796 1790 1792 1805 1805 1792 1793 1790
849.536987 1815 1797 1805 1792 1793 1803 1798 1806
849.557007 1810 1786 1802 1784 1785 1786 1807 1798
849.577026 1799 1800 1799 1803 1784 1791 1794 1797
849.596985 1810 1794 1784 1798 1797 1796 1782 1793
849.616028 1792 1796 1777 1775 1796 1782 1798 1802
849.635986 1797 1796 1817 1787 1781 1776 1800 1788
849.656006 1803 1775 1796 1786 1789 1796 1780 1786
849.676025 1781 1794 1817 1806 1806 1765 1799 1801
849.695984 1780 1802 1810 1774 1771 1779 1781 1792
849.716003 1797 1802 1792 1805 1797 1799 1799 1777
849.734985 1812 1797 1794 1787 1806 1791 1799 1809
849.755005 1797 1781 1788 1796 1794 1808 1797 1802
849.775024 1808 1807 1807 1801 1798 1788 1786 1778
849.794983 1794 1799 1813 1799 1779 1817 1788 1810
849.815002 1777 1796 1793 1794 1779 1792 1779 1794
849.833984 1784 1808 1794 1784 1798 1787 1793 1775
849.854004 1804 1834 1789 1802 1792 1781 1791 1795
849.874023 1809 1787 1834 1807 1788 1804 1808 1803
849.893982 1813 1805 1778 1821 1816 1789 1798 1786
849.914001 1811 1808 1791 1786 1815 1800 1793 1808
849.934021 1810 1803 1784 1796 1800 1782 1796 1803
849.953003 1814 1832 1812 1820 1801 1793 1803 1788
849.973022 1785 1811 1821 1787 1797 1776 1792 1800
849.992981 1798 1810 1805 1811 1812 1791 1791 1810
850.013 1809 1805 1798 1804 1794 1813 1810 1796
850.03302 1816 1813 1815 1795 1824 1805 1793 1821
850.052002 1794 1799 1810 1823 1815 1819 1798 1801
850.072021 1795 1808 1808 1807 1830 1797 1796 1811
850.09198 1811 1812 1796 1795 1816 1790 1818 1811
850.112 1802 1809 1811 1802 1803 1794 1787 1798
850.132019 1803 1804 1806 1798 1810 1801 1791 1792
850.151001 1804 1799 1790 1808 1792 1795 1785 1813
850.171021 1801 1792 1796 1788 1803 1813 1794 1802
850.190979 1781 1808 1803 1803 1791 1790 1804 1804
850.210999 1794 1801 1795 1787 1820 1789 1789 1794
850.231018 1801 1798 1794 1798 1813 1786 1811 1800
850.250977 1788 1789 1788 1820 1795 1824 1815 1813
850.27002 1809 1797 1789 1788 1797 1779 1784 1806
850.289978 1803 1781 1804 1804 1778 1800 1773 1790
850.309998 1802 1822 1799 1813 1788 1790 1803 1794
850.330017 1795 1787 1810 1809 1799 1795 1793 1815
850.349976 1819 1809 1807 1815 1787 1799 1817 1790
850.369019 1806 1821 1787 1811 1797 1795 1783 1811
850.388977 1795 1800 1816 1783 1789 1788 1792 1800
850.408997 1799 1786 1792 1817 1792 1794 1799 1801
850.429016 1787 1800 1813 1794 1799 1801 1777 1775
850.448975 1789 1793 1803 1792 1789 1780 1798 1810
850.468018 1795 1807 1798 1792 1783 1789 1795 1786
850.487976 1792 1803 1815 1797 1796 1797 1781 1802
850.507996 1795 1810 1790 1798 1808 1780 1795 1800
850.528015 1801 1805 1780 1820 1794 1769 1798 1789
850.547974 1798 1798 1799 1774 1797 1784 1788 1793
850.567017 1802 1785 1806 1797 1803 1792 1799 1794
850.586975 1781 1800 1804 1795 1794 1794 1780 1785
850.606995 1807 1807 1794 1773 1786 1794 1774 1813
850.627014 1779 1797 1796 1797 1769 1787 1795 1792
850.645996 1799 1797 1801 1812 1793 1787 1771 1792
850.666016 1818 1777 1785 1799 1791 1776 1808 1786
850.685974 1772 1808 1796 1763 1789 1791 1804 1790
850.705994 1802 1787 1793 1805 1790 1786 1785 1785
850.726013 1811 1800 1784 1789 1811 1783 1777 1795
850.744995 1780 1802 1810 1793 1786 1773 1772 1794
850.765015 1797 1807 1800 1787 1761 1784 1771 1780
850.784973 1791 1792 1773 1785 1780 1783 1807 1782
850.804993 1787 1780 1809 1767 1795 1791 1768 1806
850.825012 1812 1767 1800 1812 1788 1803 1774 1772
850.843994 1784 1793 1784 1799 1796 1793 1795 1806
850.864014 1795 1803 1798 1796 1782 1804 1798 1810
850.883972 1820 1796 1790 1778 1783 1782 1775 1792
850.903992 1792 1821 1780 1803 1809 1788 1789 1788
850.924011 1773 1798 1800 1801 1794 1772 1786 1796
850.942993 1791 1801 1797 1788 1785 1787 1785 1803
850.963013 1797 1799 1775 1790 1787 1798 1797 1788
850.982971 1804 1785 1794 1792 1788 1779 1772 1791
851.002991 1797 1805 1816 1792 1796 1791 1784 1781
851.021973 1790 1798 1792 1805 1777 1796 1809 1795
851.041992 1780 1799 1793 1815 1796 1788 1795 1792
851.062012 1806 1788 1806 1804 1775 1810 1793 1775
851.08197 1793 1801 1805 1779 1788 1781 1812 1811
851.10199 1806 1797 1797 1775 1786 1800 1804 1775
851.120972 1807 1798 1797 1789 1771 1804 1786 1784
851.140991 1791 1815 1810 1806 1782 1768 1777 1781
851.161011 1772 1805 1795 1792 1794 1769 1775 1797
851.18103 1816 1797 1792 1794 1785 1774 1796 1800
851.200012 1800 1778 1790 1806 1781 1780 1787 1778
851.219971 1803 1804 1796 1795 1789 1766 1777 1804
851.23999 1787 1792 1784 1772 1785 1798 1795 1810
851.26001 1808 1781 1778 1779 1807 1774 1802 1799
851.280029 1790 1816 1770 1778 1778 1795 1792 1783
851.299011 1784 1794 1802 1780 1791 1798 1802 1801
851.31897 1806 1787 1799 1809 1806 1774 1789 1787
851.338989 1781 1785 1787 1793 1790 1794 1771 1781
851.359009 1798 1795 1798 1783 1790 1789 1785 1794
851.377991 1785 1784 1776 1796 1778 1788 1801 1791
851.39801 1796 1797 1784 1788 1796 1772 1791 1792
851.41803 1788 1800 1774 1802 1799 1797 1778 1790
851.437988 1795 1784 1782 1777 1796 1789 1775 1807
851.45697 1790 1773 1817 1785 1767 1765 1795 1801
851.47699 1777 1800 1799 1779 1791 1763 1784 1791
851.497009 1788 1803 1789 1792 1782 1773 1798 1781
851.517029 1795 1787 1810 1793 1773 1773 1774 1784
851.536011 1786 1775 1783 1781 1783 1784 1779 1779
851.55603 1790 1789 1773 1783 1758 1782 1781 1777
851.575989 1788 1788 1783 1786 1784 1779 1778 1783
851.596008 1787 1794 1781 1774 1763 1761 1796 1778
851.616028 1800 1773 1762 1763 1778 1765 1792 1787
851.63501 1766 1776 1772 1770 1766 1755 1766 1784
851.655029 1788 1794 1782 1777 1770 1758 1785 1778
851.674988 1773 1761 1769 1777 1779 1768 1786 1779
851.695007 1780 1782 1779 1779 1766 1765 1758 1791
851.713989 1772 1770 1787 1745 1763 1773 1761 1790
851.734009 1795 1775 1785 1779 1771 1782 1779 1767
851.754028 1763 1774 1784 1775 1771 1763 1774 1794
851.773987 1774 1772 1772 1786 1774 1788 1780 1771
851.79303 1767 1767 1763 1764 1768 1775 1764 1772
851.812988 1777 1774 1773 1769 1771 1765 1775 1761
851.833008 1765 1781 1770 1772 1790 1775 1766 1764
851.853027 1768 1783 1758 1761 1753 1761 1760 1774
851.872009 1799 1772 1777 1763 1778 1776 1789 1796
851.892029 1784 1796 1772 1771 1769 1758 1775 1769
851.911987 1798 1786 1779 1786 1773 1764 1768 1774
851.932007 1783 1766 1763 1776 1772 1785 1766 1775
851.950989 1793 1776 1785 1769 1772 1771 1773 1767
851.971008 1760 1759 1770 1754 1760 1758 1762 1776
851.991028 1780 1793 1782 1757 1795 1785 1790 1770
852.010986 1778 1784 1783 1777 1763 1765 1774 1784
852.030029 1777 1785 1758 1767 1762 1760 1764 1771
852.049988 1769 1783 1774 1779 1771 1761 1769 1768
852.070007 1782 1757 1777 1778 1761 1765 1779 1799
852.090027 1766 1789 1784 1788 1778 1766 1773 1772
852.109009 1790 1764 1768 1792 1792 1795 1748 1776
852.129028 1768 1774 1770 1769 1760 1764 1769 1775
852.148987 1797 1782 1776 1775 1761 1786 1780 1769
852.169006 1779 1779 1780 1762 1772 1769 1763 1768
852.187988 1790 1781 1798 1785 1776 1777 1782 1774
852.208008 1793 1775 1779 1778 1785 1771 1766 1776
852.228027 1783 1794 1773 1772 1768 1770 1771 1771
852.247986 1772 1779 1776 1785 1758 1778 1765 1769
852.267029 1777 1787 1779 1772 1776 1752 1785 1784
852.286987 1792 1781 1775 1768 1780 1776 1773 1778
852.307007 1779 1804 1797 1775 1776 1780 1801 1779
852.327026 1773 1773 1773 1784 1788 1767 1774 1789
852.346008 1752 1774 1784 1778 1778 1780 1774 1777
852.366028 1768 1787 1790 1759 1785 1765 1773 1790
852.385986 1791 1789 1786 1785 1758 1765 1761 1778
852.406006 1790 1767 1786 1782 1768 1780 1788 1775
852.424988 1777 1775 1777 1773 1777 1770 1770 1799
852.445007 1774 1808 1764 1791 1776 1788 1794 1785
852.465027 1787 1804 1783 1779 1791 1770 1796 1793
852.484009 1780 1779 1764 1780 1777 1769 1776 1790
852.504028 1766 1787 1783 1772 1770 1778 1757 1784
852.523987 1797 1784 1782 1774 1775 1774 1781 1793
852.544006 1774 1780 1780 1779 1777 1772 1781 1802
852.562988 1790 1795 1786 1767 1781 1771 1763 1799
852.583008 1800 1812 1775 1789 1786 1777 1784 1783
852.603027 1785 1782 1784 1776 1791 1768 1768 1799
852.622986 1778 1773 1769 1770 1774 1775 1780 1773
852.642029 1785 1779 1799 1780 1768 1757 1761 1776
852.661987 1768 1774 1785 1792 1768 1769 1781 1770
852.682007 1772 1771 1777 1748 1779 1778 1779 1770
852.700989 1774 1775 1786 1767 1767 1754 1783 1789
852.721008 1784 1794 1763 1767 1759 1782 1777 1793
852.741028 1787 1796 1777 1776 1791 1780 1789 1768
852.760986 1781 1770 1776 1789 1778 1753 1760 1790
852.780029 1763 1786 1776 1761 1759 1781 1771 1776
852.799988 1787 1770 1790 1781 1777 1757 1761 1759
852.820007 1776 1778 1770 1792 1768 1762 1774 1784
852.840027 1765 1775 1773 1799 1771 1777 1782 1792
852.859009 1775 1796 1782 1778 1777 1782 1774 1793
852.879028 1790 1784 1776 1771 1772 1761 1769 1791
852.898987 1791 1792 1766 1776 1784 1772 1780 1782
852.91803 1787 1782 1784 1762 1764 1752 1784 1791
852.937988 1757 1782 1760 1760 1787 1782 1775 1789
852.958008 1790 1770 1790 1754 1791 1776 1774 1773
852.978027 1772 1779 1797 1775 1781 1778 1761 1796
852.997009 1783 1790 1772 1777 1780 1786 1767 1771
853.017029 1778 1780 1781 1756 1773 1761 1775 1771
853.036987 1765 1774 1786 1770 1779 1774 1776 1800
853.05603 1774 1764 1781 1784 1761 1764 1788 1775
853.075989 1764 1771 1791 1790 1772 1763 1773 1774
853.096008 1800 1778 1788 1782 1776 1775 1765 1780
853.116028 1778 1768 1773 1797 1779 1769 1776 1776
853.13501 1774 1781 1788 1787 1769 1769 1786 1775
853.155029 1773 1785 1801 1764 1783 1789 1790 1784
853.174988 1756 1793 1793 1764 1784 1767 1764 1796
853.19397 1784 1781 1776 1793 1792 1771 1774 1798
853.213989 1781 1785 1784 1786 1780 1762 1790 1792
853.234009 1788 1770 1765 1782 1770 1771 1769 1782
853.254028 1773 1793 1785 1794 1772 1766 1754 1769
853.27301 1778 1769 1782 1770 1766 1782 1783 1765
853.29303 1787 1785 1786 1806 1772 1774 1796 1779
853.312988 1792 1790 1768 1790 1785 1795 1767 1771
853.33197 1793 1780 1779 1790 1782 1803 1769 1793
853.35199 1772 1768 1766 1785 1782 1788 1782 1780
853.372009 1766 1793 1769 1789 1784 1764 1783 1776
853.390991 1776 1785 1767 1775 1773 1775 1764 1779
853.411011 1788 1766 1794 1776 1759 1766 1789 1777
853.43103 1787 1780 1772 1792 1783 1780 1771 1779
853.450989 1775 1799 1790 1776 1788 1783 1768 1775
853.469971 1781 1784 1756 1797 1772 1779 1799 1787
853.48999 1781 1776 1791 1773 1765 1778 1778 1783
853.51001 1785 1776 1775 1763 1788 1786 1786 1795
853.528992 1792 1791 1776 1787 1768 1777 1793 1787
853.549011 1778 1778 1777 1769 1765 1791 1761 1805
853.56897 1771 1788 1787 1778 1776 1785 1760 1771
853.588989 1795 1769 1773 1770 1791 1772 1792 1789
853.607971 1807 1789 1779 1766 1767 1782 1795 1767
853.627991 1764 1774 1786 1773 1780 1783 1777 1764
853.64801 1784 1785 1779 1776 1791 1781 1781 1783
853.666992 1757 1772 1784 1780 1776 1776 1791 1798
853.687012 1793 1776 1771 1776 1767 1774 1766 1793
853.70697 1780 1775 1788 1778 1773 1789 1794 1781
853.726013 1785 1786 1780 1786 1782 1777 1777 1786
853.745972 1775 1794 1784 1779 1764 1769 1763 1771
853.765991 1788 1799 1789 1795 1774 1781 1771 1786
853.784973 1778 1772 1773 1773 1753 1784 1772 1767
853.804993 1785 1778 1774 1780 1769 1779 1771 1782
853.825012 1782 1787 1777 1791 1770 1791 1781 1783
853.844971 1793 1801 1779 1792 1775 1784 1783 1779
853.864014 1798 1793 1793 1777 1764 1781 1777 1792
853.883972 1792 1803 1779 1800 1771 1778 1790 1796
853.903992 1785 1785 1798 1774 1794 1783 1790 1808
853.922974 1791 1784 1790 1787 1772 1797 1771 1789
853.942993 1788 1788 1777 1790 1794 1811 1781 1778
853.963013 1772 1809 1802 1786 1783 1801 1804 1795
853.981995 1799 1801 1788 1815 1793 1791 1778 1794
854.002014 1794 1794 1798 1796 1792 1781 1803 1802
854.021973 1794 1810 1764 1781 1792 1794 1815 1800
854.041016 1792 1805 1791 1794 1804 1790 1805 1808
854.060974 1798 1819 1809 1784 1780 1771 1819 1816
854.080994 1807 1801 1779 1790 1779 1816 1822 1791
854.099976 1797 1815 1795 1791 1792 1796 1787 1793
854.119995 1812 1786 1794 1780 1787 1808 1806 1806
854.140015 1792 1815 1800 1795 1775 1789 1802 1824
854.158997 1801 1802 1801 1800 1783 1779 1797 1796
854.179016 1829 1810 1796 1798 1789 1790 1809 1808
854.198975 1800 1795 1800 1813 1807 1790 1788 1787
854.218994 1790 1794 1788 1813 1791 1796 1805 1786
854.237976 1802 1810 1806 1794 1800 1786 1810 1803
854.257996 1814 1802 1791 1799 1810 1783 1776 1809
854.278015 1807 1799 1800 1810 1801 1811 1800 1801
854.296997 1800 1795 1795 1794 1800 1811 1794 1808
854.317017 1782 1792 1781 1801 1797 1812 1807 1813
854.336975 1806 1827 1796 1783 1792 1786 1789 1793
854.356018 1781 1808 1789 1784 1801 1795 1806 1814
854.375977 1803 1789 1795 1804 1773 1795 1795 1805
854.395996 1797 1806 1795 1800 1791 1817 1791 1802
854.414978 1781 1787 1785 1798 1791 1786 1801 1813
854.434998 1797 1802 1790 1798 1804 1776 1807 1807
854.455017 1781 1785 1795 1795 1793 1796 1786 1796
854.473999 1787 1789 1780 1795 1819 1784 1790 1791
854.494019 1811 1775 1786 1798 1791 1789 1799 1788
854.513977 1800 1782 1780 1769 1777 1797 1794 1800
854.53302 1779 1796 1789 1780 1783 1787 1798 1807
854.552979 1800 1793 1772 1782 1778 1811 1781 1812
854.572998 1796 1780 1801 1786 1785 1783 1780 1811
854.59198 1791 1787 1793 1801 1768 1796 1801 1771
854.612 1790 1803 1792 1804 1781 1772 1787 1782
854.632019 1793 1784 1772 1796 1777 1779 1784 1800
854.651001 1784 1783 1791 1792 1768 1778 1788 1814
854.671021 1784 1795 1790 1790 1797 1784 1801 1808
854.690979 1765 1793 1782 1799 1771 1778 1774 1807
854.710022 1803 1793 1805 1783 1774 1773 1787 1782
854.72998 1782 1800 1781 1783 1784 1788 1787 1773
854.75 1779 1789 1803 1770 1785 1802 1771 1782
854.768982 1790 1797 1772 1772 1774 1764 1769 1787
854.789001 1760 1779 1788 1781 1767 1773 1791 1783
854.807983 1777 1782 1799 1775 1781 1792 1772 1783
854.828003 1767 1794 1778 1807 1788 1789 1790 1780
854.848022 1778 1772 1776 1785 1787 1791 1787 1786
854.867004 1798 1784 1787 1782 1772 1775 1764 1774
854.887024 1787 1784 1785 1769 1782 1786 1781 1776
854.906982 1771 1797 1778 1776 1797 1769 1789 1788
854.926025 1788 1795 1781 1774 1790 1783 1795 1782
854.945984 1774 1770 1778 1768 1777 1778 1781 1774
854.966003 1781 1796 1776 1771 1769 1787 1790 1789
854.984985 1794 1790 1784 1788 1776 1770 1769 1775
855.005005 1777 1799 1787 1787 1778 1771 1797 1763
855.025024 1774 1792 1783 1782 1773 1784 1777 1790
855.044006 1790 1789 1791 1762 1775 1780 1770 1767
855.064026 1776 1777 1789 1774 1783 1795 1773 1770
855.083984 1774 1789 1781 1795 1780 1778 1801 1774
855.103027 1797 1783 1777 1776 1767 1787 1763 1777
855.122986 1774 1791 1787 1777 1783 1776 1790 1796
855.143005 1756 1783 1794 1775 1765 1767 1778 1789
855.161987 1787 1777 1777 1789 1773 1790 1743 1770
855.182007 1796 1796 1796 1770 1800 1770 1772 1776
855.200989 1760 1789 1792 1776 1780 1789 1788 1785
855.221008 1775 1799 1778 1795 1768 1781 1776 1774
855.241028 1802 1786 1781 1766 1784 1804 1791 1761
855.26001 1767 1792 1803 1769 1773 1771 1789 1782
855.280029 1800 1773 1797 1779 1782 1767 1773 1781
855.299988 1787 1786 1761 1785 1771 1762 1785 1773
855.31897 1773 1774 1779 1787 1804 1779 1780 1775
855.338989 1777 1800 1780 1780 1781 1750 1762 1766
855.359009 1777 1787 1779 1789 1776 1783 1759 1771
855.377991 1790 1793 1787 1777 1793 1783 1782 1792
855.39801 1785 1788 1781 1771 1762 1778 1784 1778
855.41803 1769 1774 1789 1771 1755 1785 1765 1798
855.437012 1770 1775 1769 1772 1767 1757 1762 1764
855.45697 1767 1779 1787 1770 1777 1788 1767 1779
855.476013 1787 1783 1773 1776 1744 1758 1768 1776
855.495972 1768 1790 1773 1794 1770 1762 1773 1779
855.515991 1786 1792 1781 1777 1771 1776 1789 1774
855.534973 1777 1787 1782 1778 1762 1771 1771 1778
855.554993 1774 1788 1784 1770 1767 1787 1777 1773
855.575012 1761 1785 1772 1755 1777 1776 1783 1779
855.593994 1789 1775 1770 1755 1761 1769 1770 1783
855.614014 1784 1779 1787 1780 1770 1764 1787 1777
855.633972 1780 1775 1796 1752 1769 1756 1764 1789
855.653015 1802 1752 1784 1782 1776 1791 1779 1792
855.672974 1771 1794 1777 1769 1770 1763 1775 1764
855.692017 1789 1775 1789 1783 1763 1768 1763 1793
855.711975 1772 1763 1785 1768 1777 1789 1772 1784
855.731995 1784 1788 1784 1781 1764 1777 1773 1757
855.750977 1779 1781 1782 1771 1776 1781 1760 1775
855.770996 1777 1799 1760 1759 1775 1772 1777 1779
855.791016 1792 1777 1794 1776 1771 1781 1752 1779
855.809998 1766 1781 1772 1760 1781 1759 1764 1766
855.830017 1763 1799 1763 1763 1784 1766 1769 1760
855.848999 1752 1764 1781 1786 1759 1775 1778 1768
855.869019 1773 1781 1783 1759 1778 1776 1771 1776
855.888977 1787 1783 1789 1783 1780 1779 1772 1778
855.90802 1796 1785 1772 1782 1786 1783 1779 1776
855.927979 1774 1794 1757 1777 1763 1791 1785 1783
855.947998 1786 1791 1772 1779 1769 1800 1754 1782
855.96698 1768 1780 1788 1765 1785 1778 1760 1786
855.987 1789 1774 1789 1788 1773 1770 1778 1797
856.005981 1781 1788 1773 1768 1749 1773 1789 1764
856.026001 1779 1790 1754 1762 1756 1772 1767 1799
856.046021 1783 1804 1777 1772 1779 1772 1768 1774
856.065002 1782 1771 1764 1773 1802 1785 1764 1762
856.085022 1766 1771 1788 1771 1763 1782 1788 1774
856.104004 1785 1801 1778 1778 1769 1763 1785 1777
856.124023 1797 1773 1774 1781 1788 1785 1797 1782
856.143982 1758 1775 1757 1766 1757 1804 1781 1756
856.163025 1777 1776 1770 1782 1770 1777 1763 1793
856.182983 1781 1782 1785 1765 1775 1754 1775 1788
856.203003 1766 1773 1783 1778 1759 1792 1775 1785
856.221985 1794 1775 1770 1783 1757 1768 1767 1767
856.242004 1784 1788 1788 1790 1768 1783 1770 1801
856.260986 1771 1776 1785 1793 1759 1789 1785 1782
856.281006 1774 1789 1794 1773 1762 1769 1769 1786
856.301025 1776 1784 1781 1769 1774 1778 1760 1778
856.320007 1779 1783 1790 1774 1791 1761 1789 1761
856.340027 1765 1790 1770 1768 1766 1798 1792 1778
856.359009 1786 1782 1782 1777 1760 1765 1769 1791
856.379028 1784 1785 1780 1783 1760 1779 1786 1772
856.398987 1784 1769 1784 1771 1767 1775 1793 1769
856.41803 1772 1785 1773 1777 1761 1763 1781 1782
856.437988 1791 1761 1773 1758 1781 1776 1777 1772
856.45697 1762 1783 1765 1776 1781 1780 1776 1765
856.47699 1782 1778 1789 1767 1759 1774 1780 1769
856.497009 1782 1769 1781 1781 1771 1763 1774 1758
856.515991 1805 1780 1775 1758 1762 1763 1755 1786
856.536011 1766 1783 1762 1769 1773 1765 1765 1781
856.554993 1777 1782 1774 1781 1748 1765 1770 1787
856.575012 1767 1786 1765 1765 1780 1767 1782 1751
856.594971 1771 1779 1781 1762 1770 1763 1766 1764
856.614014 1777 1764 1785 1767 1757 1774 1748 1781
856.633972 1781 1756 1763 1771 1766 1781 1767 1764
856.653015 1777 1775 1765 1765 1753 1796 1786 1763
856.672974 1789 1765 1759 1755 1767 1740 1760 1778
856.692993 1777 1765 1781 1755 1769 1754 1769 1773
856.711975 1778 1779 1779 1764 1759 1766 1785 1764
856.731995 1779 1774 1767 1776 1765 1771 1777 1769
856.750977 1772 1767 1757 1759 1759 1770 1751 1771
856.770996 1778 1777 1758 1762 1760 1755 1770 1775
856.791016 1760 1761 1763 1758 1765 1765 1764 1766
856.809998 1779 1786 1758 1765 1765 1762 1780 1779
856.830017 1767 1776 1775 1751 1772 1776 1762 1739
856.848999 1773 1771 1754 1765 1768 1774 1765 1763
856.869019 1771 1766 1775 1765 1764 1755 1759 1777
856.888 1770 1777 1752 1751 1779 1775 1752 1767
856.90802 1761 1778 1766 1760 1767 1763 1771 1754
856.927979 1775 1785 1775 1759 1756 1753 1768 1783
856.947021 1765 1756 1752 1766 1769 1770 1767 1761
856.96698 1768 1790 1777 1766 1780 1775 1761 1781
856.986023 1771 1755 1771 1768 1773 1751 1773 1766
857.005981 1772 1761 1752 1765 1750 1775 1750 1766
857.026001 1765 1765 1773 1750 1777 1750 1777 1763
857.044983 1770 1776 1769 1761 1760 1754 1755 1753
857.065002 1758 1764 1769 1744 1757 1763 1764 1766
857.083984 1767 1774 1759 1763 1752 1759 1763 1773
857.104004 1765 1771 1764 1744 1757 1767 1772 1771
857.122986 1766 1759 1756 1766 1760 1769 1775 1761
857.143005 1765 1760 1785 1750 1779 1760 1753 1775
857.163025 1777 1760 1767 1766 1772 1761 1736 1768
857.182007 1772 1771 1769 1769 1782 1773 1758 1768
857.202026 1741 1758 1767 1762 1756 1775 1771 1790
857.221008 1763 1760 1769 1757 1770 1762 1781 1770
857.241028 1785 1770 1771 1753 1753 1780 1776 1774
857.260986 1774 1783 1774 1759 1754 1773 1765 1788
857.280029 1783 1791 1768 1742 1788 1772 1748 1766
857.299988 1785 1772 1755 1773 1753 1761 1761 1778
857.31897 1753 1752 1777 1758 1755 1742 1767 1758
857.338989 1769 1770 1766 1764 1750 1769 1771 1774
857.357971 1775 1775 1770 1762 1755 1752 1764 1757
857.377991 1763 1761 1756 1754 1766 1756 1746 1760
857.39801 1768 1773 1767 1750 1787 1765 1770 1774
857.416992 1757 1759 1771 1772 1764 1741 1763 1763
857.437012 1784 1775 1766 1752 1764 1771 1777 1768
857.455994 1760 1746 1761 1764 1775 1769 1762 1770
857.476013 1768 1780 1759 1759 1764 1741 1757 1755
857.494995 1770 1759 1780 1772 1776 1748 1775 1767
857.515015 1768 1780 1765 1756 1762 1759 1759 1774
857.534973 1749 1768 1781 1771 1769 1765 1764 1776
857.554016 1758 1775 1767 1767 1766 1745 1767 1770
857.573975 1765 1757 1767 1776 1762 1754 1772 1755
857.593018 1765 1748 1770 1759 1755 1754 1772 1769
857.612976 1761 1764 1770 1755 1759 1752 1781 1768
857.632019 1764 1771 1764 1785 1763 1753 1755 1776
857.651978 1770 1763 1770 1775 1778 1773 1778 1777
857.671997 1778 1766 1757 1776 1775 1749 1782 1778
857.690979 1771 1758 1778 1771 1764 1749 1767 1768
857.710999 1752 1772 1763 1760 1756 1761 1776 1760
857.72998 1763 1770 1762 1776 1766 1772 1754 1764
857.75 1765 1761 1778 1754 1753 1770 1773 1767
857.768982 1753 1781 1754 1766 1762 1750 1775 1766
857.789001 1768 1762 1774 1771 1751 1743 1756 1770
857.807983 1777 1753 1769 1773 1773 1760 1769 1769
857.828003 1772 1773 1765 1753 1765 1752 1775 1784
857.848022 1792 1763 1782 1764 1763 1765 1759 1772
857.867004 1761 1766 1750 1762 1769 1754 1775 1758
857.887024 1769 1771 1769 1760 1762 1771 1768 1769
857.906006 1770 1780 1771 1755 1773 1753 1775 1790
857.926025 1760 1776 1762 1785 1763 1764 1782 1763
857.945007 1757 1767 1779 1760 1754 1778 1776 1775
857.965027 1761 1778 1771 1766 1765 1762 1762 1788
857.984009 1769 1770 1759 1752 1734 1753 1761 1773
858.004028 1758 1780 1759 1766 1761 1758 1745 1754
858.02301 1764 1770 1762 1758 1747 1775 1760 1800
858.04303 1776 1756 1762 1778 1754 1768 1783 1775
858.062988 1781 1791 1776 1768 1771 1753 1753 1781
858.08197 1765 1760 1770 1763 1773 1757 1774 1763
858.10199 1787 1754 1773 1784 1741 1758 1773 1777
858.120972 1760 1784 1772 1755 1767 1766 1753 1760
858.140991 1769 1780 1791 1772 1758 1768 1749 1787
858.159973 1763 1744 1766 1763 1768 1772 1754 1765
858.179993 1774 1767 1774 1766 1760 1777 1756 1778
858.198975 1774 1794 1762 1778 1753 1757 1764 1773
858.218994 1755 1780 1754 1759 1762 1768 1765 1776
858.239014 1767 1756 1760 1766 1773 1782 1768 1755
858.257996 1761 1761 1781 1767 1759 1775 1764 1743
858.278015 1760 1762 1749 1763 1775 1749 1768 1754
858.296997 1775 1769 1756 1765 1760 1749 1757 1786
858.317017 1782 1770 1758 1756 1763 1761 1750 1771
858.335999 1752 1765 1749 1768 1750 1762 1765 1754
858.356018 1757 1755 1769 1754 1764 1754 1774 1788
858.375 1761 1756 1760 1741 1749 1764 1749 1753
858.39502 1774 1749 1756 1764 1738 1738 1746 1768
858.414001 1771 1784 1762 1742 1765 1760 1771 1764
858.434021 1756 1775 1758 1752 1767 1742 1743 1751
858.453003 1772 1770 1767 1757 1752 1776 1740 1753
858.473022 1757 1767 1757 1754 1753 1780 1750 1762
858.492004 1776 1760 1766 1738 1736 1765 1762 1764
858.512024 1776 1760 1742 1737 1770 1740 1758 1767
858.531982 1754 1759 1753 1751 1742 1753 1770 1754
858.551025 1771 1761 1767 1749 1745 1765 1766 1752
858.570984 1750 1771 1759 1771 1749 1762 1735 1780
858.590027 1761 1779 1775 1759 1759 1760 1759 1768
858.609985 1756 1770 1761 1760 1754 1744 1768 1768
858.629028 1752 1771 1768 1752 1754 1762 1778 1761
858.648987 1762 1772 1769 1770 1762 1772 1778 1758
858.66803 1786 1774 1757 1756 1760 1739 1756 1784
858.687988 1796 1779 1768 1767 1737 1760 1749 1776
858.70697 1763 1764 1774 1772 1765 1778 1764 1786
858.72699 1778 1778 1781 1748 1768 1762 1751 1787
858.745972 1768 1750 1759 1778 1775 1771 1755 1789
858.765991 1772 1795 1767 1764 1762 1757 1777 1777
858.784973 1772 1751 1769 1763 1763 1749 1762 1794
858.804993 1772 1788 1761 1781 1762 1755 1769 1774
858.823975 1782 1780 1770 1774 1758 1757 1764 1773
858.843994 1770 1793 1756 1778 1754 1758 1752 1771
858.864014 1780 1762 1761 1751 1772 1751 1792 1759
858.882996 1759 1781 1771 1758 1777 1749 1782 1770
858.903015 1770 1763 1782 1764 1769 1780 1760 1772
858.921997 1772 1766 1772 1762 1749 1761 1745 1774
858.942017 1756 1784 1755 1759 1756 1772 1754 1772
858.960999 1764 1768 1757 1755 1755 1751 1762 1770
858.981018 1768 1782 1781 1770 1750 1760 1763 1774
859 1761 1778 1773 1757 1762 1747 1760 1759
859.02002 1772 1763 1748 1776 1741 1770 1755 1773
859.039001 1768 1783 1778 1754 1770 1750 1764 1789
859.059021 1773 1758 1780 1736 1766 1762 1779 1754
859.078003 1754 1781 1761 1771 1740 1768 1750 1765
859.098022 1778 1760 1768 1769 1753 1739 1759 1782
859.117004 1765 1765 1758 1765 1753 1757 1745 1767
859.137024 1744 1748 1762 1776 1761 1759 1751 1765
859.156006 1765 1759 1777 1753 1739 1756 1755 1756
859.176025 1767 1766 1758 1757 1760 1747 1758 1755
859.195007 1759 1757 1755 1749 1753 1746 1751 1759
859.215027 1763 1776 1766 1752 1735 1739 1757 1762
859.234009 1758 1772 1764 1769 1743 1753 1742 1757
859.254028 1773 1754 1760 1754 1749 1763 1737 1771
859.27301 1757 1757 1763 1739 1752 1757 1765 1740
859.29303 1775 1764 1773 1730 1752 1738 1749 1768
859.312012 1764 1763 1775 1751 1758 1757 1762 1753
859.33197 1748 1776 1770 1756 1751 1758 1771 1758
859.351013 1759 1772 1760 1748 1754 1735 1783 1770
859.370972 1750 1769 1761 1756 1747 1756 1764 1757
859.390015 1757 1765 1762 1769 1747 1757 1744 1767
859.409973 1766 1795 1776 1764 1739 1744 1752 1780
859.429016 1761 1770 1750 1777 1740 1741 1753 1764
859.448975 1750 1772 1760 1761 1760 1760 1752 1762
859.468018 1752 1767 1774 1762 1760 1752 1760 1771
859.487976 1770 1755 1763 1777 1768 1756 1760 1772
859.507019 1775 1759 1775 1757 1761 1750 1763 1775
859.526978 1761 1768 1762 1748 1755 1747 1777 1775
859.546021 1781 1780 1759 1749 1741 1768 1770 1771
859.565979 1753 1782 1778 1763 1775 1750 1773 1767
859.585022 1774 1800 1739 1781 1761 1760 1781 1765
859.60498 1750 1786 1762 1778 1762 1748 1758 1775
859.624023 1751 1761 1772 1756 1758 1773 1769 1756
859.643982 1775 1761 1773 1767 1754 1770 1759 1763
859.663025 1772 1769 1754 1772 1746 1767 1766 1785
859.682983 1762 1768 1774 1735 1753 1760 1752 1772
859.702026 1756 1771 1789 1774 1760 1765 1757 1786
859.721985 1770 1757 1768 1782 1742 1760 1749 1771
859.741028 1768 1763 1765 1780 1745 1765 1765 1772
859.760986 1762 1762 1765 1770 1754 1762 1758 1778
859.780029 1771 1758 1762 1758 1752 1750 1750 1759
859.799988 1783 1773 1762 1761 1751 1762 1770 1772
859.81897 1777 1756 1757 1764 1736 1754 1756 1764
859.838989 1765 1765 1762 1759 1751 1748 1762 1767
859.857971 1763 1774 1748 1777 1764 1743 1735 1779
859.877991 1759 1771 1765 1758 1740 1746 1753 1775
859.896973 1770 1775 1772 1753 1752 1768 1753 1763
859.916992 1768 1769 1779 1754 1739 1748 1742 1766
859.935974 1760 1759 1763 1753 1755 1738 1747 1758
859.955994 1751 1763 1741 1738 1759 1738 1762 1772
859.974976 1762 1766 1759 1736 1755 1757 1752 1764
859.994995 1769 1762 1752 1765 1754 1762 1766 1758
860.013977 1759 1767 1768 1734 1736 1750 1753 1747
860.033997 1770 1769 1764 1756 1766 1753 1755 1759
860.052979 1745 1771 1754 1752 1748 1775 1771 1782
860.072998 1758 1756 1750 1754 1772 1740 1747 1752
860.09198 1762 1760 1763 1772 1737 1749 1758 1748
860.112 1764 1759 1745 1772 1760 1753 1763 1738
860.130981 1775 1761 1746 1740 1744 1735 1759 1787
860.151001 1736 1757 1768 1765 1748 1755 1747 1756
860.169983 1764 1792 1757 1753 1754 1743 1758 1753
860.189026 1752 1757 1754 1752 1766 1751 1763 1755
860.208984 1766 1776 1753 1752 1744 1751 1758 1745
860.228027 1758 1752 1750 1745 1751 1729 1759 1762
860.247986 1740 1772 1751 1737 1746 1767 1754 1764
860.267029 1752 1754 1750 1762 1735 1762 1740 1755
860.286987 1772 1757 1769 1770 1752 1759 1751 1770
860.30603 1750 1771 1761 1747 1768 1760 1750 1784
860.325989 1761 1774 1759 1773 1738 1763 1756 1759
860.344971 1762 1753 1768 1759 1745 1768 1759 1784
860.36499 1764 1767 1763 1748 1767 1749 1770 1762
860.383972 1759 1769 1757 1754 1745 1751 1761 1765
860.403992 1771 1764 1744 1740 1734 1727 1764 1763
860.422974 1778 1764 1758 1768 1751 1747 1774 1757
860.442993 1760 1759 1752 1765 1754 1756 1765 1766
860.461975 1779 1744 1769 1750 1736 1761 1753 1759
860.481995 1761 1770 1767 1765 1755 1767 1748 1770
860.500977 1773 1772 1762 1766 1760 1757 1759 1749
860.520996 1763 1792 1746 1749 1761 1755 1757 1748
860.539978 1775 1756 1750 1768 1758 1752 1755 1748
860.559021 1764 1773 1758 1732 1746 1756 1772 1782
860.578979 1783 1772 1765 1761 1743 1759 1755 1761
860.598022 1780 1786 1747 1767 1753 1761 1750 1784
860.617981 1755 1756 1763 1748 1747 1742 1746 1758
860.637024 1758 1777 1767 1751 1769 1760 1769 1764
860.656982 1767 1771 1760 1763 1745 1752 1760 1771
860.676025 1747 1762 1771 1760 1755 1760 1759 1749
860.695984 1777 1766 1760 1763 1749 1770 1761 1763
860.715027 1757 1765 1762 1744 1765 1745 1758 1781
860.734985 1751 1772 1766 1764 1773 1766 1759 1791
860.754028 1762 1765 1757 1752 1740 1742 1765 1770
860.77301 1771 1763 1750 1749 1752 1763 1755 1755
