0 12.8571429 25.7142857 38.5714286 51.4285714 64.2857143 77.1428571 90
828.851013 1706 1715 1729 1726 1697 1700 1685 1713
828.870972 1707 1709 1717 1713 1700 1678 1689 1712
828.890991 1713 1725 1735 1719 1707 1691 1688 1714
828.911987 1706 1713 1711 1729 1704 1689 1697 1700
828.932007 1709 1724 1730 1731 1704 1693 1705 1710
828.953003 1686 1732 1714 1707 1692 1700 1701 1703
828.973022 1703 1700 1729 1717 1688 1704 1710 1689
828.994019 1688 1705 1708 1703 1701 1702 1691 1698
829.013977 1683 1722 1707 1708 1718 1678 1686 1704
829.034973 1692 1716 1716 1700 1687 1682 1698 1702
829.054993 1697 1709 1704 1721 1695 1684 1697 1700
829.075012 1701 1707 1718 1716 1694 1693 1693 1687
829.096008 1697 1717 1703 1699 1696 1686 1684 1701
829.116028 1712 1693 1713 1717 1690 1691 1686 1676
829.137024 1696 1716 1711 1711 1676 1684 1685 1703
829.156982 1691 1705 1708 1712 1683 1674 1683 1707
829.177979 1693 1695 1719 1692 1688 1689 1684 1693
829.197998 1717 1687 1697 1708 1681 1673 1679 1679
829.218994 1693 1686 1689 1707 1684 1691 1676 1699
829.239014 1702 1707 1702 1696 1690 1673 1682 1693
829.258972 1690 1712 1717 1701 1692 1683 1673 1689
829.280029 1687 1698 1710 1696 1690 1675 1678 1694
829.299988 1698 1703 1723 1687 1682 1693 1673 1697
829.320984 1691 1701 1702 1702 1684 1674 1683 1689
829.341003 1691 1701 1709 1714 1685 1675 1691 1683
829.362 1697 1708 1708 1702 1700 1671 1669 1702
829.382019 1685 1681 1702 1706 1683 1675 1687 1683
829.401978 1689 1688 1709 1697 1685 1680 1704 1699
829.422974 1696 1705 1693 1696 1683 1672 1689 1707
829.442993 1707 1709 1687 1699 1685 1682 1692 1688
829.463989 1704 1691 1709 1693 1683 1683 1679 1679
829.484009 1679 1702 1702 1712 1697 1671 1675 1692
829.505005 1692 1694 1708 1703 1679 1690 1698 1694
829.525024 1677 1701 1707 1709 1691 1685 1675 1692
829.544983 1698 1690 1725 1699 1678 1677 1675 1694
829.565979 1698 1706 1715 1705 1681 1677 1680 1697
829.585999 1694 1716 1695 1698 1693 1682 1691 1702
829.606995 1700 1710 1711 1692 1676 1676 1683 1688
829.627014 1687 1694 1703 1699 1691 1673 1682 1693
829.64801 1702 1712 1712 1700 1686 1681 1691 1684
829.66803 1700 1701 1695 1690 1697 1680 1675 1686
829.687988 1700 1709 1711 1711 1696 1683 1685 1699
829.708984 1709 1699 1692 1704 1681 1691 1689 1695
829.729004 1690 1708 1699 1689 1694 1670 1683 1705
829.75 1697 1719 1706 1706 1699 1668 1694 1690
829.77002 1694 1711 1700 1711 1693 1694 1695 1674
829.791016 1705 1706 1703 1704 1673 1672 1695 1675
829.810974 1695 1714 1705 1696 1685 1687 1691 1693
829.830994 1686 1697 1719 1706 1681 1680 1707 1712
829.85199 1701 1693 1707 1716 1693 1690 1673 1708
829.872009 1699 1705 1705 1707 1689 1699 1672 1691
829.893005 1691 1711 1717 1704 1699 1683 1683 1702
829.913025 1705 1730 1706 1713 1694 1701 1687 1717
829.932983 1683 1713 1725 1708 1705 1680 1686 1690
829.953979 1697 1713 1721 1708 1690 1685 1693 1699
829.973999 1697 1707 1717 1718 1691 1687 1673 1697
829.994995 1683 1703 1724 1697 1683 1675 1701 1700
830.015015 1710 1719 1706 1706 1691 1685 1678 1711
830.036011 1699 1721 1722 1711 1681 1691 1695 1723
830.05603 1694 1730 1718 1705 1692 1693 1692 1701
830.075989 1694 1713 1708 1711 1683 1687 1702 1702
830.096985 1709 1704 1720 1718 1711 1684 1686 1712
830.117004 1714 1708 1735 1735 1704 1686 1698 1706
830.138 1709 1724 1709 1714 1705 1691 1705 1703
830.15802 1716 1716 1706 1729 1694 1701 1704 1699
830.177979 1708 1716 1718 1729 1714 1707 1698 1708
830.198975 1723 1726 1731 1708 1712 1706 1704 1711
830.218994 1709 1741 1730 1732 1710 1675 1705 1711
830.23999 1715 1732 1725 1702 1711 1678 1696 1706
830.26001 1704 1718 1713 1716 1706 1698 1699 1710
830.280029 1710 1721 1737 1718 1731 1686 1698 1720
830.301025 1719 1736 1713 1717 1715 1707 1692 1714
830.320984 1698 1713 1719 1714 1697 1700 1706 1708
830.34198 1705 1712 1706 1729 1693 1696 1692 1706
830.362 1702 1715 1728 1720 1709 1688 1699 1702
830.382996 1713 1703 1733 1721 1712 1701 1720 1703
830.403015 1690 1724 1738 1719 1699 1697 1699 1717
830.422974 1717 1719 1724 1705 1710 1694 1703 1714
830.44397 1712 1731 1727 1717 1716 1698 1699 1720
830.463989 1701 1726 1726 1719 1685 1694 1698 1713
830.484009 1710 1717 1745 1724 1718 1693 1706 1699
830.505005 1707 1730 1729 1720 1712 1713 1698 1713
830.525024 1707 1724 1718 1717 1695 1697 1697 1715
830.546021 1706 1739 1734 1732 1697 1696 1692 1705
830.565979 1719 1745 1722 1713 1713 1693 1700 1708
830.585999 1697 1725 1730 1727 1710 1685 1693 1714
830.606995 1710 1739 1737 1723 1705 1707 1708 1700
830.627014 1703 1710 1716 1724 1711 1702 1689 1707
830.64801 1708 1732 1707 1713 1704 1693 1686 1691
830.66803 1703 1724 1721 1724 1694 1694 1695 1705
830.687988 1708 1728 1692 1715 1697 1693 1698 1718
830.708984 1689 1725 1729 1702 1704 1694 1686 1708
830.729004 1703 1716 1724 1722 1695 1691 1695 1717
830.75 1700 1733 1713 1687 1693 1686 1707 1700
830.77002 1698 1719 1709 1712 1703 1681 1678 1705
830.789978 1711 1723 1715 1714 1721 1689 1672 1700
830.810974 1710 1711 1727 1704 1705 1688 1674 1697
830.830994 1702 1731 1722 1717 1686 1673 1690 1712
830.85199 1689 1722 1725 1705 1696 1691 1680 1692
830.872009 1697 1706 1713 1704 1701 1700 1697 1697
830.892029 1705 1705 1723 1728 1700 1682 1687 1709
830.913025 1703 1693 1701 1717 1685 1681 1679 1704
830.932983 1703 1724 1714 1708 1704 1667 1683 1705
830.953979 1705 1701 1735 1721 1693 1690 1695 1705
830.973999 1690 1707 1715 1699 1686 1691 1685 1691
830.994019 1679 1709 1710 1718 1702 1688 1682 1703
831.015015 1693 1712 1703 1699 1677 1678 1698 1705
831.034973 1698 1726 1701 1692 1692 1676 1695 1712
831.054993 1695 1699 1715 1715 1689 1674 1685 1696
831.075989 1703 1713 1703 1697 1686 1692 1688 1700
831.096008 1705 1703 1698 1704 1687 1677 1684 1688
831.117004 1703 1719 1724 1697 1694 1688 1684 1697
831.137024 1710 1727 1715 1707 1679 1692 1688 1710
831.156982 1697 1700 1720 1699 1688 1679 1685 1709
831.177979 1697 1713 1716 1703 1695 1682 1673 1698
831.197998 1704 1707 1713 1700 1676 1692 1678 1694
831.218994 1697 1694 1705 1700 1688 1690 1686 1686
831.239014 1686 1704 1695 1704 1689 1681 1674 1674
831.258972 1690 1686 1719 1709 1682 1677 1685 1685
831.280029 1691 1713 1723 1701 1689 1670 1688 1685
831.299988 1704 1712 1704 1711 1692 1664 1677 1678
831.320007 1692 1698 1724 1703 1699 1682 1693 1692
831.341003 1707 1701 1706 1696 1682 1681 1678 1674
831.361023 1697 1711 1715 1703 1701 1667 1686 1685
831.382019 1702 1705 1711 1708 1695 1677 1680 1701
831.401978 1696 1690 1704 1704 1688 1676 1691 1669
831.421997 1715 1701 1712 1710 1684 1677 1687 1685
831.442993 1715 1709 1705 1708 1683 1678 1669 1705
831.463013 1677 1708 1714 1701 1681 1664 1700 1692
831.482971 1700 1714 1704 1718 1680 1703 1692 1690
831.504028 1690 1709 1716 1712 1707 1677 1702 1684
831.523987 1700 1703 1702 1710 1687 1690 1697 1689
831.544983 1714 1696 1714 1718 1676 1680 1674 1701
831.565002 1717 1710 1711 1688 1697 1680 1681 1709
831.585022 1687 1720 1714 1719 1691 1685 1692 1695
831.606018 1691 1717 1711 1712 1658 1687 1688 1689
831.625977 1702 1711 1697 1717 1695 1680 1697 1707
831.645996 1687 1698 1714 1684 1700 1693 1683 1692
831.666992 1690 1719 1712 1710 1693 1673 1703 1680
831.687012 1697 1707 1722 1704 1700 1681 1676 1705
831.708008 1696 1719 1704 1704 1689 1671 1685 1679
831.728027 1696 1711 1721 1698 1696 1689 1698 1713
831.747986 1701 1700 1724 1716 1697 1683 1685 1700
831.768982 1697 1722 1721 1723 1686 1695 1673 1702
831.789001 1703 1720 1729 1693 1695 1703 1693 1707
831.809021 1698 1710 1715 1697 1700 1678 1708 1703
831.830017 1702 1719 1709 1708 1711 1687 1702 1690
831.849976 1702 1705 1719 1724 1702 1689 1693 1702
831.869995 1701 1710 1711 1729 1679 1694 1682 1712
831.890991 1712 1699 1722 1724 1698 1697 1694 1715
831.911011 1700 1721 1718 1719 1679 1691 1677 1696
831.932007 1702 1707 1719 1706 1688 1698 1668 1706
831.952026 1695 1710 1719 1709 1696 1680 1694 1693
831.971985 1701 1731 1702 1697 1708 1676 1679 1710
831.992981 1710 1705 1710 1713 1698 1700 1694 1707
832.013 1722 1730 1723 1710 1695 1696 1698 1720
832.03302 1711 1700 1735 1720 1700 1694 1684 1706
832.054016 1699 1713 1734 1713 1710 1680 1707 1713
832.073975 1712 1737 1732 1730 1700 1688 1680 1708
832.093994 1720 1730 1728 1708 1705 1701 1719 1702
832.11499 1701 1720 1726 1724 1698 1690 1706 1721
832.13501 1725 1710 1736 1733 1708 1698 1700 1708
832.155029 1720 1716 1725 1727 1700 1695 1708 1726
832.176025 1707 1719 1730 1705 1707 1689 1697 1704
832.195984 1725 1719 1733 1716 1703 1697 1698 1721
832.216003 1706 1723 1716 1724 1700 1684 1701 1702
832.237 1713 1715 1721 1725 1701 1696 1685 1713
832.257019 1716 1712 1720 1718 1710 1709 1699 1711
832.278015 1706 1718 1740 1729 1715 1691 1691 1715
832.297974 1712 1719 1743 1708 1710 1693 1709 1706
832.317993 1700 1732 1729 1721 1715 1702 1703 1711
832.338989 1705 1720 1737 1723 1700 1709 1699 1710
832.359009 1694 1718 1728 1721 1712 1687 1701 1719
832.379028 1714 1742 1729 1736 1701 1697 1709 1706
832.400024 1717 1718 1731 1722 1698 1697 1693 1708
832.419983 1690 1714 1729 1747 1689 1703 1695 1715
832.440002 1718 1716 1731 1714 1696 1698 1688 1721
832.460999 1697 1726 1731 1717 1693 1703 1695 1720
832.481018 1705 1724 1739 1711 1703 1705 1683 1693
832.500977 1706 1717 1728 1715 1691 1687 1682 1707
832.521973 1711 1731 1730 1718 1698 1678 1679 1722
832.541992 1703 1727 1734 1719 1711 1709 1697 1727
832.562012 1708 1731 1739 1746 1701 1686 1692 1718
832.583008 1697 1719 1708 1728 1716 1696 1694 1707
832.603027 1704 1726 1716 1727 1709 1686 1695 1729
832.622986 1717 1737 1712 1723 1714 1691 1711 1703
832.643982 1711 1725 1723 1716 1695 1692 1690 1703
832.664001 1716 1727 1719 1729 1677 1702 1702 1699
832.684021 1711 1729 1724 1708 1719 1702 1713 1719
832.705017 1718 1744 1732 1713 1701 1689 1708 1715
832.724976 1709 1730 1715 1717 1706 1701 1704 1705
832.744995 1690 1717 1716 1710 1705 1698 1704 1703
832.765991 1709 1730 1737 1706 1697 1692 1706 1705
832.786011 1701 1723 1718 1722 1692 1689 1702 1710
832.80603 1699 1708 1710 1707 1700 1697 1689 1705
832.827026 1697 1712 1719 1713 1704 1703 1678 1710
832.846985 1701 1725 1733 1717 1704 1701 1707 1705
832.867004 1704 1718 1701 1712 1700 1691 1713 1688
832.888 1710 1722 1718 1710 1696 1703 1687 1711
832.90802 1700 1721 1738 1707 1690 1699 1707 1701
832.927979 1709 1724 1719 1717 1693 1671 1692 1710
832.948975 1695 1728 1717 1710 1709 1690 1693 1701
832.968994 1709 1716 1720 1716 1699 1701 1692 1693
832.989014 1715 1732 1726 1732 1706 1696 1692 1704
833.01001 1702 1722 1723 1714 1708 1688 1698 1707
833.030029 1709 1711 1715 1717 1700 1698 1674 1690
833.049988 1702 1707 1733 1712 1703 1696 1698 1694
833.070984 1692 1723 1719 1728 1695 1699 1693 1702
833.091003 1694 1717 1703 1705 1696 1686 1705 1709
833.111023 1699 1703 1712 1723 1699 1695 1715 1696
833.132019 1693 1719 1721 1708 1702 1687 1680 1702
833.151978 1708 1709 1708 1728 1693 1686 1698 1695
833.171997 1696 1712 1723 1721 1704 1685 1689 1702
833.192993 1707 1713 1717 1713 1697 1692 1683 1703
833.213013 1698 1723 1712 1698 1689 1677 1690 1701
833.232971 1702 1726 1719 1713 1705 1689 1708 1707
833.254028 1709 1710 1732 1709 1704 1692 1690 1699
833.273987 1694 1716 1701 1714 1698 1677 1707 1690
833.294006 1704 1694 1713 1719 1701 1689 1696 1705
833.315002 1707 1709 1701 1723 1692 1676 1694 1686
833.335022 1695 1710 1710 1718 1707 1678 1682 1703
833.35498 1683 1709 1714 1712 1683 1676 1687 1697
833.375977 1701 1707 1723 1711 1680 1689 1688 1699
833.395996 1709 1716 1731 1718 1693 1687 1691 1692
833.416016 1700 1723 1715 1701 1687 1683 1688 1691
833.437012 1716 1707 1725 1686 1704 1670 1705 1699
833.45697 1687 1701 1697 1709 1698 1681 1674 1697
833.47699 1692 1701 1713 1708 1692 1665 1700 1694
833.497009 1712 1690 1708 1703 1691 1671 1690 1690
833.518005 1710 1703 1726 1703 1706 1685 1689 1715
833.538025 1700 1708 1709 1695 1687 1680 1692 1692
833.557983 1697 1708 1718 1708 1692 1683 1677 1705
833.578979 1701 1710 1711 1709 1668 1677 1688 1684
833.598999 1692 1704 1697 1700 1681 1678 1672 1714
833.619019 1696 1705 1735 1706 1666 1685 1688 1693
833.640015 1680 1713 1699 1712 1693 1695 1692 1690
833.659973 1695 1715 1712 1712 1691 1676 1684 1695
833.679993 1685 1689 1719 1717 1682 1688 1677 1673
833.700989 1702 1720 1716 1693 1706 1687 1684 1694
833.721008 1685 1706 1705 1704 1689 1672 1671 1708
833.741028 1690 1696 1722 1707 1681 1700 1704 1708
833.762024 1692 1708 1705 1715 1677 1665 1707 1694
833.781982 1696 1722 1698 1704 1682 1682 1679 1704
833.802002 1683 1710 1704 1726 1685 1681 1675 1688
833.822021 1700 1711 1714 1705 1691 1684 1675 1710
833.843018 1695 1704 1709 1724 1701 1694 1669 1686
833.862976 1700 1720 1717 1716 1689 1682 1686 1698
833.882996 1703 1717 1723 1706 1696 1681 1678 1711
833.903992 1706 1695 1709 1705 1696 1693 1670 1701
833.924011 1705 1724 1726 1713 1702 1695 1687 1701
833.94397 1698 1719 1718 1718 1706 1681 1677 1709
833.965027 1707 1735 1711 1709 1699 1682 1687 1714
833.984985 1700 1715 1695 1702 1706 1696 1687 1708
834.005005 1696 1705 1712 1701 1688 1685 1685 1698
834.026001 1706 1724 1721 1715 1702 1681 1694 1706
834.046021 1681 1718 1721 1724 1688 1693 1683 1686
834.065979 1690 1718 1729 1715 1682 1672 1699 1680
834.085999 1690 1709 1707 1705 1679 1696 1686 1699
834.106995 1685 1720 1727 1715 1704 1703 1671 1694
834.127014 1683 1699 1708 1707 1687 1692 1688 1697
834.146973 1692 1724 1718 1715 1680 1681 1677 1693
834.16803 1676 1703 1714 1700 1690 1685 1683 1706
834.187988 1699 1714 1712 1703 1696 1683 1686 1700
834.208008 1697 1728 1721 1724 1704 1684 1685 1686
834.228027 1690 1718 1721 1700 1682 1683 1675 1689
834.249023 1705 1711 1713 1714 1700 1664 1671 1701
834.268982 1707 1719 1733 1703 1703 1677 1691 1713
834.289001 1684 1705 1704 1699 1693 1691 1694 1687
834.309998 1696 1707 1719 1711 1692 1686 1685 1705
834.330017 1689 1714 1717 1722 1693 1701 1689 1700
834.349976 1695 1714 1731 1719 1698 1682 1706 1701
834.369995 1716 1706 1733 1692 1706 1692 1704 1690
834.390991 1710 1718 1710 1722 1700 1696 1680 1698
834.411011 1698 1714 1713 1699 1684 1686 1681 1697
834.43103 1706 1694 1713 1711 1700 1694 1686 1693
834.452026 1697 1726 1706 1722 1701 1689 1683 1709
834.471985 1714 1727 1717 1719 1693 1685 1699 1708
834.492004 1707 1714 1706 1717 1693 1691 1684 1694
834.513 1697 1733 1726 1713 1695 1693 1689 1706
834.53302 1689 1718 1716 1689 1700 1681 1693 1694
834.552979 1716 1731 1722 1714 1693 1685 1693 1723
834.572998 1715 1725 1716 1708 1680 1692 1678 1697
834.593994 1703 1714 1734 1713 1691 1684 1679 1689
834.614014 1713 1720 1723 1722 1697 1694 1703 1715
834.633972 1695 1720 1711 1715 1697 1681 1692 1703
834.653992 1705 1704 1723 1719 1685 1664 1684 1705
834.674988 1705 1705 1738 1726 1693 1683 1696 1695
834.695007 1711 1734 1717 1716 1695 1694 1691 1717
834.715027 1696 1730 1728 1731 1679 1695 1695 1699
834.736023 1691 1719 1721 1727 1706 1692 1679 1712
834.755981 1717 1724 1713 1722 1697 1694 1697 1699
834.776001 1713 1722 1730 1719 1709 1687 1689 1699
834.796021 1721 1726 1720 1723 1701 1679 1703 1699
834.817017 1708 1721 1730 1717 1708 1684 1686 1710
834.836975 1715 1708 1726 1717 1715 1687 1695 1703
834.856995 1716 1727 1732 1732 1697 1705 1688 1706
834.877991 1697 1736 1726 1709 1696 1693 1694 1727
834.89801 1711 1730 1743 1711 1698 1674 1704 1692
834.91803 1714 1710 1719 1723 1708 1689 1700 1696
834.937988 1712 1715 1735 1708 1716 1686 1696 1710
834.958984 1703 1715 1727 1721 1698 1683 1696 1709
834.979004 1707 1730 1699 1727 1720 1710 1699 1728
834.999023 1706 1730 1730 1704 1679 1703 1711 1719
835.018982 1700 1731 1727 1716 1701 1675 1676 1699
835.039978 1721 1738 1720 1708 1690 1701 1692 1712
835.059998 1716 1724 1719 1720 1688 1687 1700 1721
835.080017 1705 1714 1721 1728 1707 1688 1699 1711
835.101013 1711 1720 1727 1728 1700 1692 1700 1705
835.120972 1713 1715 1712 1710 1712 1681 1698 1697
835.140991 1711 1713 1716 1735 1693 1691 1708 1704
835.161011 1702 1722 1722 1704 1695 1694 1710 1709
835.182007 1713 1734 1720 1724 1711 1694 1697 1717
835.202026 1702 1715 1726 1722 1704 1700 1681 1695
835.221985 1718 1732 1730 1709 1700 1691 1687 1687
835.242004 1702 1726 1738 1724 1724 1703 1708 1701
835.263 1698 1729 1734 1707 1692 1703 1696 1697
835.28302 1708 1728 1726 1716 1702 1707 1693 1712
835.302979 1703 1713 1733 1709 1702 1692 1667 1694
835.322998 1714 1734 1715 1727 1704 1694 1698 1699
835.343994 1698 1716 1722 1716 1690 1690 1695 1696
835.364014 1707 1717 1735 1709 1690 1695 1682 1715
835.383972 1704 1728 1731 1733 1685 1682 1692 1696
835.403992 1715 1722 1728 1717 1708 1710 1690 1706
835.424988 1709 1718 1716 1733 1693 1700 1701 1706
835.445007 1712 1721 1721 1727 1696 1690 1692 1707
835.465027 1700 1732 1728 1716 1714 1675 1691 1727
835.486023 1710 1718 1742 1717 1707 1694 1687 1703
835.505981 1703 1726 1715 1725 1699 1694 1691 1703
835.526001 1706 1714 1737 1719 1692 1696 1695 1700
835.546021 1689 1713 1727 1728 1712 1685 1699 1708
835.567017 1702 1714 1733 1728 1692 1693 1670 1704
835.586975 1700 1725 1730 1725 1696 1678 1681 1705
835.606995 1699 1728 1736 1720 1705 1703 1695 1687
835.627014 1700 1722 1731 1727 1697 1683 1696 1707
835.64801 1694 1723 1719 1723 1703 1696 1700 1708
835.66803 1711 1714 1714 1705 1709 1698 1677 1718
835.687988 1710 1713 1720 1723 1713 1692 1681 1719
835.708008 1693 1718 1721 1712 1702 1685 1686 1703
835.729004 1707 1719 1727 1730 1707 1695 1682 1690
835.749023 1703 1701 1727 1718 1692 1708 1680 1697
835.768982 1726 1718 1742 1709 1697 1690 1694 1718
835.789001 1724 1706 1735 1710 1673 1684 1693 1710
835.809998 1709 1718 1713 1720 1694 1690 1706 1705
835.830017 1703 1729 1717 1715 1707 1696 1683 1698
835.849976 1705 1713 1728 1705 1711 1689 1698 1699
835.869995 1704 1722 1720 1723 1698 1699 1690 1702
835.890991 1697 1728 1720 1712 1727 1689 1682 1707
835.911011 1721 1737 1729 1714 1709 1688 1702 1712
835.93103 1714 1706 1727 1713 1694 1694 1691 1720
835.950989 1702 1747 1730 1717 1696 1690 1697 1704
835.971985 1695 1725 1720 1709 1708 1686 1697 1716
835.992004 1711 1741 1732 1716 1704 1694 1705 1709
836.012024 1705 1736 1739 1728 1712 1707 1696 1707
836.031982 1711 1718 1751 1726 1702 1686 1701 1712
836.052002 1722 1705 1732 1716 1711 1693 1694 1718
836.072998 1721 1733 1744 1716 1694 1700 1687 1697
836.093018 1697 1734 1731 1715 1702 1704 1700 1707
836.112976 1715 1712 1728 1711 1708 1697 1690 1724
836.132996 1715 1730 1725 1717 1701 1706 1692 1700
836.153992 1695 1710 1719 1720 1704 1690 1700 1700
836.174011 1708 1739 1730 1731 1696 1702 1684 1704
836.19397 1711 1710 1721 1717 1708 1703 1701 1716
836.213989 1713 1719 1744 1732 1700 1704 1702 1715
836.234985 1703 1729 1719 1716 1709 1694 1692 1697
836.255005 1712 1725 1720 1715 1685 1704 1688 1706
836.275024 1708 1713 1728 1697 1719 1696 1680 1714
836.294983 1703 1734 1731 1710 1699 1707 1694 1696
836.315979 1711 1710 1718 1723 1693 1691 1686 1689
836.335999 1713 1704 1729 1712 1699 1702 1676 1703
836.356018 1706 1721 1736 1721 1712 1681 1687 1693
836.375977 1710 1722 1723 1711 1684 1702 1684 1692
836.395996 1705 1718 1733 1707 1706 1703 1690 1700
836.416992 1706 1733 1728 1728 1705 1696 1694 1689
836.437012 1707 1718 1730 1700 1694 1685 1684 1697
836.45697 1704 1710 1706 1719 1699 1689 1680 1715
836.47699 1714 1725 1732 1709 1698 1687 1695 1702
836.497986 1708 1741 1735 1724 1696 1679 1715 1702
836.518005 1717 1724 1738 1704 1697 1705 1681 1710
836.538025 1702 1722 1730 1720 1709 1688 1686 1712
836.557983 1714 1712 1722 1719 1698 1704 1699 1709
836.578979 1711 1722 1718 1722 1701 1689 1686 1702
836.598999 1713 1724 1721 1743 1714 1701 1677 1704
836.619019 1722 1729 1729 1708 1699 1677 1690 1713
836.638977 1705 1719 1728 1706 1703 1681 1693 1704
836.658997 1712 1724 1749 1704 1705 1694 1686 1706
836.679993 1699 1708 1744 1729 1693 1684 1688 1729
836.700012 1704 1720 1734 1732 1700 1696 1688 1716
836.719971 1717 1722 1720 1729 1707 1687 1692 1702
836.73999 1702 1719 1716 1707 1684 1684 1686 1705
836.760986 1688 1726 1723 1706 1678 1679 1711 1709
836.781006 1709 1724 1721 1713 1700 1686 1692 1701
836.801025 1694 1722 1731 1713 1699 1686 1709 1695
836.820984 1697 1723 1732 1720 1704 1691 1698 1712
836.841003 1702 1724 1740 1713 1698 1661 1683 1723
836.862 1714 1720 1733 1707 1706 1695 1686 1696
836.882019 1695 1721 1716 1725 1705 1693 1695 1716
836.901978 1692 1715 1731 1728 1699 1683 1697 1709
836.921997 1724 1734 1724 1724 1704 1695 1678 1712
836.942993 1698 1743 1732 1721 1712 1698 1691 1716
836.963013 1715 1730 1744 1737 1719 1689 1690 1708
836.982971 1691 1723 1725 1728 1685 1705 1699 1710
837.002991 1721 1713 1718 1725 1702 1697 1695 1711
837.02301 1708 1729 1747 1737 1704 1703 1712 1716
837.044006 1712 1739 1736 1728 1695 1687 1712 1729
837.064026 1727 1748 1751 1743 1725 1711 1698 1707
837.083984 1710 1742 1762 1738 1706 1713 1706 1737
837.104004 1732 1736 1750 1748 1723 1704 1721 1734
837.124023 1724 1742 1743 1736 1725 1711 1698 1712
837.14502 1726 1746 1733 1750 1721 1706 1711 1732
837.164978 1731 1747 1747 1736 1727 1712 1718 1728
837.184998 1738 1743 1745 1760 1737 1698 1709 1750
837.205017 1726 1744 1743 1748 1709 1712 1705 1720
837.224976 1722 1734 1741 1748 1739 1721 1735 1731
837.245972 1726 1757 1766 1760 1718 1713 1710 1735
837.265991 1712 1756 1744 1754 1721 1714 1728 1726
837.286011 1726 1736 1754 1756 1741 1720 1709 1737
837.30603 1725 1743 1771 1734 1722 1725 1714 1709
837.325989 1727 1750 1740 1747 1741 1691 1719 1725
837.346985 1741 1769 1758 1754 1726 1704 1700 1715
837.367004 1739 1753 1739 1746 1711 1698 1725 1734
837.387024 1738 1761 1746 1744 1713 1716 1703 1712
837.406982 1733 1737 1750 1745 1724 1698 1714 1712
837.427002 1728 1752 1742 1738 1719 1712 1712 1746
837.447998 1736 1759 1753 1728 1710 1713 1717 1715
837.468018 1716 1724 1757 1736 1724 1728 1713 1727
837.487976 1750 1735 1741 1734 1736 1706 1704 1717
837.507996 1734 1741 1746 1743 1718 1719 1723 1739
837.528992 1729 1729 1754 1737 1727 1701 1724 1736
837.549011 1721 1763 1740 1757 1713 1711 1710 1729
837.56897 1726 1743 1744 1731 1722 1717 1721 1737
837.588989 1742 1767 1767 1759 1722 1713 1713 1730
837.609009 1719 1738 1744 1753 1722 1709 1704 1722
837.629028 1728 1759 1754 1728 1733 1725 1720 1734
837.650024 1721 1747 1752 1751 1733 1696 1715 1745
837.669983 1720 1748 1759 1740 1727 1707 1717 1723
837.690002 1719 1755 1741 1732 1721 1695 1722 1729
837.710022 1733 1760 1755 1754 1713 1733 1720 1744
837.72998 1731 1738 1755 1748 1728 1698 1727 1739
837.750977 1760 1756 1762 1741 1735 1736 1725 1725
837.770996 1729 1749 1740 1741 1730 1737 1731 1741
837.791016 1740 1776 1746 1760 1737 1713 1725 1741
837.810974 1736 1760 1765 1762 1713 1693 1734 1739
837.830994 1727 1748 1761 1749 1720 1709 1705 1739
837.85199 1736 1738 1758 1749 1739 1708 1730 1734
837.872009 1735 1762 1766 1768 1738 1710 1726 1752
837.892029 1723 1751 1768 1758 1723 1706 1701 1743
837.911987 1740 1755 1770 1749 1737 1699 1716 1742
837.932007 1719 1758 1771 1765 1737 1718 1730 1741
837.953003 1729 1747 1757 1757 1716 1713 1724 1744
837.973022 1730 1752 1757 1749 1752 1708 1719 1763
837.992981 1737 1763 1760 1744 1715 1709 1723 1740
838.013 1741 1754 1770 1754 1722 1717 1712 1736
838.03302 1745 1741 1761 1759 1710 1713 1719 1732
838.052979 1739 1755 1765 1750 1712 1721 1734 1732
838.073975 1720 1773 1766 1749 1725 1706 1717 1738
838.093994 1743 1766 1758 1754 1740 1725 1720 1737
838.114014 1758 1767 1770 1754 1726 1725 1727 1739
838.133972 1732 1753 1756 1761 1741 1705 1725 1736
838.153992 1739 1755 1778 1764 1745 1723 1719 1730
838.174011 1744 1766 1777 1759 1714 1708 1713 1729
838.195007 1742 1756 1784 1763 1739 1743 1726 1738
838.215027 1748 1776 1780 1762 1738 1724 1716 1769
838.234985 1738 1769 1772 1754 1738 1721 1710 1724
838.255005 1760 1759 1776 1760 1731 1719 1746 1722
838.275024 1745 1766 1778 1770 1729 1711 1742 1723
838.296021 1742 1772 1762 1778 1714 1724 1718 1740
838.315979 1744 1769 1761 1758 1726 1720 1718 1744
838.335999 1725 1780 1749 1754 1702 1728 1715 1726
838.356018 1742 1765 1755 1744 1730 1726 1704 1729
838.375977 1734 1753 1776 1760 1749 1711 1721 1725
838.395996 1723 1733 1756 1744 1714 1705 1720 1734
838.416992 1732 1750 1763 1755 1713 1698 1691 1733
838.437012 1725 1765 1750 1737 1734 1714 1711 1746
838.45697 1722 1769 1753 1749 1719 1702 1703 1732
838.47699 1729 1753 1756 1747 1705 1695 1683 1709
838.497009 1725 1740 1752 1727 1724 1703 1713 1714
838.517029 1723 1749 1756 1746 1708 1708 1707 1721
838.538025 1728 1756 1755 1750 1733 1700 1701 1721
838.557983 1728 1748 1763 1742 1729 1711 1714 1722
838.578003 1723 1758 1755 1718 1722 1686 1690 1741
838.598022 1707 1738 1755 1752 1711 1699 1700 1726
838.617981 1716 1744 1744 1727 1712 1704 1698 1715
838.638 1717 1738 1755 1748 1689 1689 1692 1723
838.658997 1714 1729 1743 1741 1714 1695 1698 1720
838.679016 1711 1759 1752 1735 1720 1688 1711 1713
838.698975 1723 1745 1758 1747 1714 1705 1700 1702
838.718994 1715 1748 1748 1753 1714 1681 1701 1720
838.739014 1728 1730 1761 1725 1700 1688 1681 1713
838.758972 1728 1741 1751 1738 1706 1698 1705 1725
838.780029 1735 1742 1737 1733 1706 1680 1706 1712
838.799988 1708 1736 1756 1721 1705 1672 1693 1712
838.820007 1702 1746 1743 1737 1708 1685 1691 1718
838.840027 1717 1744 1747 1740 1713 1694 1682 1718
838.859985 1723 1736 1759 1732 1706 1692 1705 1716
838.880005 1710 1712 1759 1749 1700 1695 1698 1716
838.901001 1712 1753 1734 1737 1721 1685 1695 1726
838.921021 1705 1754 1776 1735 1708 1682 1694 1708
838.940979 1721 1759 1746 1738 1723 1697 1685 1716
838.960999 1702 1749 1756 1735 1717 1696 1690 1717
838.981018 1729 1745 1769 1746 1712 1686 1696 1717
839.000977 1726 1748 1777 1744 1721 1686 1699 1712
839.020996 1735 1732 1746 1726 1710 1687 1699 1718
839.041992 1710 1752 1750 1752 1708 1699 1709 1717
839.062012 1720 1738 1749 1747 1709 1695 1672 1697
839.08197 1740 1739 1757 1752 1703 1691 1694 1732
839.10199 1739 1759 1751 1739 1717 1714 1689 1723
839.122009 1738 1759 1747 1739 1725 1690 1704 1707
839.142029 1723 1753 1778 1747 1736 1680 1699 1709
839.161987 1723 1759 1764 1747 1717 1700 1695 1720
839.182983 1727 1760 1757 1753 1707 1689 1702 1732
839.203003 1723 1757 1766 1756 1705 1683 1699 1728
839.223022 1729 1747 1756 1756 1719 1698 1692 1716
839.242981 1723 1741 1749 1741 1707 1683 1691 1706
839.263 1725 1751 1761 1755 1717 1713 1717 1720
839.28302 1722 1750 1761 1732 1715 1684 1711 1717
839.304016 1726 1762 1764 1758 1719 1694 1688 1711
839.323975 1733 1756 1751 1747 1731 1701 1698 1742
839.343994 1738 1741 1766 1748 1700 1692 1707 1723
839.364014 1726 1749 1757 1739 1725 1698 1700 1720
839.383972 1731 1766 1771 1737 1706 1689 1696 1727
839.403992 1729 1737 1771 1753 1739 1694 1704 1727
839.424011 1730 1752 1759 1746 1714 1708 1694 1726
839.445007 1741 1759 1744 1756 1732 1701 1704 1726
839.465027 1710 1749 1760 1756 1723 1693 1699 1719
839.484985 1742 1753 1763 1741 1712 1695 1705 1714
839.505005 1732 1768 1774 1766 1713 1685 1700 1725
839.525024 1723 1779 1777 1758 1716 1689 1711 1738
839.544983 1717 1761 1765 1742 1717 1703 1696 1720
839.565002 1731 1773 1776 1752 1718 1702 1722 1740
839.585999 1732 1772 1771 1774 1729 1711 1706 1739
839.606018 1728 1741 1806 1759 1724 1704 1725 1728
839.625977 1745 1751 1771 1755 1733 1708 1687 1735
839.645996 1739 1762 1773 1757 1734 1712 1705 1725
839.666016 1732 1779 1786 1761 1714 1710 1703 1731
839.685974 1739 1783 1788 1774 1738 1706 1707 1746
839.705994 1729 1782 1803 1786 1731 1715 1706 1729
839.726013 1748 1782 1801 1779 1737 1705 1731 1746
839.747009 1745 1790 1790 1775 1743 1719 1725 1742
839.767029 1769 1773 1795 1780 1732 1716 1712 1751
839.786987 1742 1763 1785 1763 1739 1704 1718 1740
839.807007 1745 1789 1819 1769 1733 1707 1714 1735
839.827026 1758 1783 1806 1786 1757 1714 1702 1731
839.846985 1743 1782 1781 1800 1738 1709 1724 1749
839.867004 1734 1787 1793 1775 1744 1700 1707 1732
839.887024 1754 1784 1817 1812 1760 1704 1712 1744
839.90802 1750 1790 1801 1763 1745 1710 1723 1743
839.927979 1735 1799 1797 1790 1742 1705 1727 1769
839.947998 1733 1795 1820 1804 1762 1704 1716 1760
839.968018 1758 1790 1828 1792 1766 1724 1710 1743
839.987976 1754 1790 1808 1805 1733 1715 1716 1767
840.007996 1766 1783 1813 1793 1746 1726 1714 1761
840.028015 1757 1790 1827 1791 1761 1738 1718 1754
840.047974 1753 1800 1813 1790 1768 1720 1727 1768
840.06897 1757 1802 1806 1805 1766 1710 1738 1755
840.088989 1772 1816 1793 1787 1759 1737 1736 1765
840.109009 1753 1806 1813 1799 1751 1744 1710 1752
840.129028 1776 1814 1807 1775 1740 1724 1723 1759
840.148987 1771 1807 1823 1804 1745 1728 1733 1764
840.169006 1753 1802 1803 1813 1748 1718 1716 1765
840.189026 1743 1794 1807 1789 1769 1725 1731 1748
840.208984 1775 1805 1833 1794 1749 1716 1720 1767
840.22998 1749 1799 1809 1781 1751 1724 1713 1760
840.25 1745 1798 1815 1803 1754 1718 1717 1760
840.27002 1771 1803 1829 1794 1743 1729 1736 1754
840.289978 1770 1792 1813 1789 1765 1733 1714 1757
840.309998 1755 1798 1794 1793 1748 1717 1742 1753
840.330017 1762 1799 1821 1808 1758 1699 1735 1762
840.349976 1778 1807 1819 1791 1745 1716 1721 1752
840.369995 1760 1804 1808 1810 1756 1706 1723 1747
840.390015 1766 1807 1830 1790 1765 1729 1726 1766
840.411011 1774 1806 1829 1804 1759 1727 1733 1764
840.43103 1757 1794 1807 1785 1752 1704 1710 1750
840.450989 1762 1793 1808 1797 1750 1693 1727 1762
840.471008 1754 1809 1805 1778 1732 1720 1721 1745
840.491028 1767 1794 1825 1800 1751 1713 1724 1772
840.510986 1759 1792 1806 1783 1739 1725 1723 1742
840.531006 1757 1790 1799 1782 1742 1708 1721 1756
840.551025 1754 1796 1808 1782 1753 1723 1723 1750
840.570984 1757 1784 1801 1795 1731 1704 1713 1759
840.59198 1745 1773 1789 1768 1749 1699 1734 1756
840.612 1747 1794 1787 1776 1726 1712 1711 1740
840.632019 1734 1775 1801 1797 1744 1709 1708 1747
840.651978 1750 1802 1788 1791 1735 1702 1716 1733
840.671997 1732 1770 1800 1784 1734 1707 1702 1741
840.692017 1743 1767 1785 1772 1735 1709 1703 1750
840.711975 1733 1796 1772 1772 1750 1714 1731 1728
840.731995 1734 1763 1780 1775 1721 1709 1699 1751
840.752014 1728 1749 1770 1758 1729 1697 1709 1729
840.771973 1712 1766 1785 1753 1711 1706 1718 1741
840.79303 1734 1768 1769 1769 1721 1691 1706 1715
840.812988 1752 1772 1770 1747 1707 1691 1702 1738
840.833008 1742 1751 1750 1751 1726 1692 1708 1726
840.853027 1715 1771 1768 1756 1722 1710 1705 1722
840.872986 1728 1759 1755 1750 1721 1688 1702 1737
840.893005 1713 1759 1755 1750 1725 1694 1711 1713
840.913025 1719 1732 1765 1755 1714 1699 1715 1723
840.932983 1727 1750 1775 1725 1719 1696 1691 1733
840.953003 1714 1755 1735 1741 1721 1684 1693 1730
840.973022 1716 1746 1755 1746 1715 1686 1685 1722
840.994019 1703 1741 1757 1744 1721 1695 1695 1708
841.013977 1703 1733 1757 1744 1707 1699 1692 1703
841.033997 1708 1732 1748 1731 1709 1705 1699 1697
841.054016 1725 1740 1730 1735 1700 1685 1684 1710
841.073975 1695 1739 1737 1732 1702 1675 1698 1696
841.093994 1722 1730 1733 1726 1702 1679 1693 1706
841.114014 1708 1728 1729 1719 1701 1691 1693 1702
841.133972 1710 1751 1724 1712 1706 1686 1701 1714
841.153992 1712 1728 1739 1726 1699 1674 1689 1699
841.174011 1713 1738 1733 1718 1694 1695 1696 1706
841.19397 1697 1723 1735 1738 1702 1691 1689 1711
841.215027 1721 1708 1746 1713 1722 1702 1683 1718
841.234985 1724 1731 1717 1730 1718 1688 1683 1712
841.255005 1708 1737 1741 1730 1697 1698 1691 1712
841.275024 1697 1728 1736 1722 1718 1701 1695 1704
841.294983 1709 1730 1743 1740 1694 1680 1674 1697
841.315002 1695 1710 1731 1722 1699 1681 1688 1715
841.335022 1716 1747 1719 1744 1703 1682 1679 1694
841.35498 1722 1740 1738 1723 1711 1689 1695 1711
841.375 1708 1730 1733 1725 1703 1687 1688 1702
841.39502 1715 1716 1726 1712 1694 1686 1683 1705
841.414978 1716 1719 1730 1721 1702 1685 1701 1710
841.434998 1697 1715 1714 1719 1696 1677 1689 1704
841.455994 1722 1722 1728 1719 1698 1682 1697 1710
841.476013 1711 1738 1728 1734 1694 1685 1684 1702
841.495972 1724 1724 1740 1737 1701 1693 1696 1696
841.515991 1704 1724 1737 1718 1697 1689 1695 1705
841.536011 1703 1732 1720 1724 1699 1692 1693 1712
841.55603 1698 1739 1744 1723 1688 1692 1704 1710
841.575989 1716 1748 1720 1739 1701 1684 1692 1706
841.596008 1701 1729 1739 1709 1701 1696 1691 1703
841.616028 1704 1729 1744 1739 1710 1706 1689 1702
841.635986 1694 1713 1742 1710 1685 1689 1699 1692
841.656006 1718 1722 1742 1712 1699 1696 1705 1710
841.676025 1714 1723 1728 1725 1716 1696 1687 1703
841.695984 1712 1728 1744 1729 1686 1687 1691 1704
841.716003 1720 1742 1741 1739 1708 1692 1690 1700
841.737 1712 1743 1712 1739 1690 1689 1688 1709
841.757019 1718 1728 1727 1712 1712 1704 1697 1706
841.776978 1701 1721 1732 1717 1698 1681 1688 1708
841.796997 1705 1740 1725 1720 1697 1697 1684 1713
841.817017 1714 1732 1732 1709 1699 1695 1690 1709
841.836975 1702 1730 1736 1732 1716 1676 1697 1693
841.856995 1710 1734 1723 1715 1702 1684 1694 1707
841.877014 1719 1713 1710 1725 1696 1700 1699 1688
841.896973 1703 1723 1726 1727 1678 1684 1697 1711
841.916992 1711 1741 1731 1717 1698 1680 1690 1701
841.937012 1711 1720 1736 1722 1717 1681 1691 1714
841.95697 1702 1715 1734 1728 1679 1691 1684 1691
841.97699 1701 1729 1736 1724 1695 1700 1689 1711
841.997009 1716 1723 1731 1724 1706 1710 1696 1717
842.018005 1699 1728 1727 1708 1717 1675 1688 1704
842.038025 1713 1725 1718 1718 1703 1688 1699 1713
842.057983 1698 1731 1721 1712 1700 1695 1678 1700
842.078003 1716 1718 1727 1722 1690 1697 1684 1693
842.098022 1707 1747 1720 1714 1694 1685 1698 1712
842.117981 1709 1713 1744 1718 1707 1695 1674 1688
842.138 1703 1721 1723 1710 1690 1671 1688 1690
842.15802 1700 1702 1734 1712 1692 1686 1670 1706
842.177979 1689 1727 1738 1705 1701 1684 1685 1685
842.197998 1700 1701 1723 1730 1707 1672 1668 1709
842.218018 1711 1727 1719 1699 1683 1681 1673 1704
842.237976 1714 1723 1725 1716 1695 1688 1699 1688
842.257996 1703 1715 1711 1713 1688 1689 1680 1696
842.278015 1677 1725 1724 1731 1692 1684 1690 1695
842.297974 1695 1724 1737 1715 1701 1677 1686 1695
842.317993 1688 1732 1744 1718 1711 1690 1694 1703
842.338013 1717 1716 1745 1701 1708 1675 1687 1707
842.357971 1705 1741 1721 1735 1707 1694 1695 1707
842.379028 1695 1713 1722 1710 1703 1683 1692 1707
842.398987 1714 1736 1723 1726 1676 1691 1668 1699
842.419006 1713 1733 1732 1719 1698 1692 1698 1701
842.439026 1709 1722 1723 1706 1701 1696 1684 1714
842.458984 1714 1728 1707 1723 1700 1685 1679 1691
842.479004 1693 1709 1728 1743 1703 1687 1680 1711
842.499023 1721 1716 1726 1725 1702 1684 1690 1702
842.518982 1709 1718 1734 1709 1717 1675 1688 1708
842.539001 1709 1721 1726 1698 1690 1676 1671 1705
842.559021 1714 1726 1732 1730 1693 1683 1676 1704
842.578979 1700 1718 1728 1705 1683 1683 1679 1700
842.598999 1704 1739 1731 1719 1704 1674 1687 1700
842.619019 1700 1725 1733 1714 1697 1677 1691 1708
842.638977 1690 1727 1724 1731 1687 1695 1676 1698
842.658997 1712 1713 1727 1720 1687 1693 1679 1718
842.679016 1702 1727 1727 1739 1686 1695 1684 1701
842.698975 1698 1714 1738 1711 1713 1683 1692 1708
842.718994 1724 1723 1726 1743 1707 1696 1678 1678
842.739014 1715 1714 1723 1712 1703 1704 1701 1715
842.758972 1712 1722 1716 1741 1692 1696 1684 1709
842.778992 1706 1722 1754 1733 1693 1702 1698 1717
842.799011 1709 1710 1743 1725 1704 1697 1710 1704
842.820007 1715 1710 1727 1722 1712 1688 1696 1710
842.840027 1699 1728 1727 1718 1697 1689 1703 1704
842.859985 1722 1739 1722 1710 1703 1678 1689 1695
842.880005 1717 1722 1745 1733 1703 1690 1697 1696
842.900024 1722 1722 1738 1733 1713 1707 1703 1725
842.919983 1705 1722 1729 1707 1709 1677 1694 1706
842.940002 1716 1724 1718 1715 1693 1704 1691 1723
842.960022 1709 1735 1748 1737 1708 1706 1697 1709
842.97998 1706 1735 1733 1725 1697 1690 1685 1715
843 1695 1731 1744 1733 1698 1689 1677 1708
843.02002 1712 1716 1743 1745 1698 1698 1701 1710
843.039978 1700 1718 1735 1721 1684 1702 1680 1711
843.059998 1733 1724 1733 1727 1693 1681 1702 1704
843.080017 1716 1743 1747 1714 1704 1694 1697 1727
843.099976 1703 1733 1729 1724 1696 1683 1685 1700
843.119995 1705 1724 1746 1715 1707 1688 1681 1710
843.140015 1711 1743 1734 1704 1698 1697 1704 1696
843.159973 1695 1727 1722 1723 1704 1690 1703 1707
843.179993 1702 1721 1730 1720 1710 1681 1695 1706
843.200012 1708 1721 1720 1732 1711 1677 1696 1708
843.219971 1716 1710 1726 1718 1699 1684 1695 1706
843.23999 1715 1723 1732 1716 1701 1685 1701 1697
843.26001 1711 1726 1726 1719 1708 1697 1685 1714
843.280029 1711 1738 1714 1726 1712 1682 1684 1707
843.299988 1712 1732 1743 1714 1714 1687 1685 1716
843.320007 1710 1748 1726 1727 1707 1692 1697 1721
843.340027 1702 1736 1727 1734 1700 1699 1674 1709
843.359985 1718 1711 1729 1734 1710 1699 1695 1708
843.380005 1698 1731 1728 1724 1708 1700 1696 1707
843.400024 1711 1718 1731 1729 1718 1675 1682 1714
843.419983 1709 1714 1739 1724 1688 1674 1676 1706
843.440002 1696 1728 1736 1734 1704 1695 1702 1700
843.460022 1717 1731 1743 1737 1717 1682 1692 1695
843.47998 1700 1722 1739 1717 1696 1704 1674 1709
843.5 1713 1726 1731 1721 1690 1700 1697 1702
843.52002 1703 1721 1714 1737 1694 1695 1705 1693
843.539978 1700 1738 1733 1727 1676 1667 1692 1707
843.559998 1725 1729 1755 1723 1701 1691 1671 1699
843.580994 1706 1721 1721 1724 1697 1686 1687 1703
843.601013 1697 1725 1731 1716 1692 1681 1693 1713
843.620972 1706 1733 1732 1708 1705 1701 1697 1701
843.640991 1720 1730 1730 1726 1701 1676 1699 1713
843.661011 1704 1730 1738 1709 1699 1702 1689 1703
843.68103 1705 1746 1730 1716 1703 1699 1692 1713
843.700989 1703 1732 1730 1720 1700 1699 1687 1688
843.721008 1695 1731 1743 1716 1709 1682 1687 1723
843.741028 1710 1726 1737 1709 1697 1695 1681 1700
843.760986 1702 1714 1739 1720 1705 1675 1693 1711
843.781006 1700 1728 1732 1729 1715 1687 1684 1701
843.801025 1703 1722 1735 1724 1693 1690 1685 1718
843.820984 1701 1729 1738 1706 1700 1710 1687 1719
843.841003 1716 1737 1723 1741 1689 1691 1683 1712
843.861023 1711 1719 1723 1723 1704 1691 1692 1710
843.880981 1711 1704 1721 1739 1688 1694 1686 1727
843.901001 1699 1735 1724 1733 1695 1691 1699 1699
843.921021 1711 1716 1738 1722 1699 1686 1679 1690
843.940979 1708 1719 1734 1705 1703 1680 1680 1709
843.960999 1700 1717 1708 1715 1697 1685 1686 1710
843.981018 1691 1700 1723 1717 1695 1678 1683 1696
844.000977 1710 1714 1727 1714 1696 1684 1679 1713
844.020996 1702 1723 1729 1725 1699 1682 1699 1720
844.041016 1699 1718 1714 1719 1704 1694 1692 1695
844.060974 1706 1716 1741 1723 1704 1695 1691 1703
844.080994 1707 1733 1736 1704 1701 1666 1683 1704
844.101013 1717 1728 1733 1713 1693 1702 1690 1695
844.120972 1719 1730 1727 1714 1693 1678 1693 1701
844.140991 1702 1723 1724 1719 1705 1679 1682 1701
844.161011 1698 1712 1730 1726 1695 1689 1691 1704
844.18103 1700 1730 1717 1723 1689 1695 1682 1691
844.200989 1711 1728 1735 1722 1686 1695 1685 1691
844.221008 1714 1718 1733 1712 1698 1695 1697 1689
844.241028 1702 1721 1717 1739 1697 1682 1687 1714
844.260986 1717 1733 1717 1715 1695 1693 1701 1687
844.281006 1703 1714 1737 1712 1695 1674 1691 1704
844.301025 1712 1704 1742 1725 1683 1692 1687 1692
844.320984 1702 1726 1712 1720 1695 1701 1679 1704
844.341003 1702 1721 1733 1726 1695 1685 1686 1701
844.361023 1696 1717 1740 1734 1703 1691 1677 1709
844.380981 1711 1716 1732 1714 1711 1677 1682 1699
844.401001 1711 1720 1738 1705 1706 1694 1686 1701
844.421021 1716 1713 1725 1713 1696 1687 1672 1702
844.440979 1712 1733 1739 1727 1699 1673 1683 1708
844.460999 1693 1715 1713 1720 1694 1688 1673 1715
844.481018 1681 1719 1741 1703 1694 1678 1692 1697
844.500977 1679 1722 1723 1696 1674 1680 1688 1693
844.520996 1676 1713 1728 1704 1700 1687 1691 1686
844.541016 1700 1725 1714 1701 1697 1680 1684 1701
844.559998 1694 1723 1721 1719 1679 1675 1679 1707
844.580017 1717 1719 1712 1707 1687 1675 1694 1696
844.599976 1712 1725 1719 1700 1685 1684 1686 1682
844.619995 1707 1712 1714 1717 1696 1678 1674 1684
844.640015 1687 1724 1728 1707 1700 1680 1677 1701
844.659973 1709 1722 1715 1711 1705 1697 1677 1701
844.679993 1718 1703 1720 1713 1690 1684 1688 1702
844.700012 1694 1713 1715 1700 1703 1680 1672 1704
844.719971 1701 1716 1721 1704 1703 1684 1675 1701
844.73999 1686 1709 1710 1719 1673 1684 1668 1705
844.76001 1701 1715 1722 1705 1674 1680 1690 1707
844.780029 1673 1718 1707 1713 1678 1674 1683 1692
844.799988 1694 1714 1716 1710 1679 1675 1665 1705
844.820007 1686 1723 1700 1696 1675 1676 1702 1702
844.840027 1691 1704 1733 1702 1685 1666 1678 1704
844.859985 1697 1715 1699 1693 1702 1678 1677 1694
844.880005 1689 1722 1711 1728 1680 1679 1678 1703
844.900024 1700 1725 1729 1703 1691 1673 1678 1698
844.919983 1697 1717 1709 1706 1700 1684 1686 1689
844.940002 1682 1718 1714 1705 1688 1669 1672 1689
844.960022 1698 1725 1718 1700 1684 1686 1683 1711
844.97998 1691 1706 1706 1706 1694 1674 1679 1691
845 1691 1725 1725 1711 1701 1671 1674 1702
845.02002 1684 1714 1726 1704 1685 1679 1694 1692
845.039978 1700 1717 1721 1709 1688 1671 1683 1703
845.059998 1711 1715 1710 1709 1694 1668 1667 1702
845.080017 1724 1713 1724 1721 1699 1674 1690 1678
845.099976 1699 1700 1726 1707 1699 1665 1696 1697
845.119995 1693 1723 1706 1717 1689 1665 1673 1695
845.140015 1687 1722 1727 1733 1689 1682 1683 1704
845.159973 1693 1709 1726 1702 1693 1688 1694 1695
845.179993 1699 1711 1719 1728 1714 1660 1696 1689
845.200012 1683 1725 1720 1711 1679 1684 1687 1700
845.219971 1701 1720 1709 1706 1674 1667 1670 1706
845.23999 1698 1715 1717 1711 1691 1685 1671 1679
845.26001 1689 1728 1712 1708 1691 1687 1667 1690
845.280029 1705 1723 1717 1696 1689 1689 1680 1692
845.299011 1686 1718 1727 1724 1701 1667 1677 1688
845.31897 1701 1729 1729 1706 1701 1691 1688 1699
845.338989 1694 1713 1721 1701 1678 1668 1693 1708
845.359009 1722 1713 1734 1717 1702 1675 1682 1706
845.379028 1688 1751 1719 1720 1699 1678 1689 1688
845.398987 1697 1726 1729 1732 1691 1681 1682 1694
845.419006 1699 1726 1722 1718 1688 1673 1690 1692
845.439026 1696 1721 1729 1713 1694 1681 1683 1710
845.458984 1708 1716 1724 1705 1698 1675 1707 1703
845.479004 1704 1721 1716 1727 1711 1673 1692 1688
845.499023 1706 1723 1725 1718 1699 1673 1700 1693
845.518982 1718 1717 1717 1727 1696 1687 1682 1705
845.539001 1719 1728 1739 1742 1709 1692 1696 1694
845.559021 1690 1724 1747 1730 1697 1691 1693 1712
845.578979 1711 1746 1745 1727 1711 1686 1690 1709
845.598999 1699 1721 1739 1728 1707 1702 1694 1701
845.619019 1718 1725 1751 1727 1695 1704 1693 1722
845.638977 1697 1729 1749 1715 1704 1688 1691 1703
845.658997 1719 1739 1726 1733 1711 1694 1702 1724
845.679016 1706 1734 1733 1735 1708 1684 1694 1713
845.698975 1719 1722 1745 1720 1717 1694 1714 1721
845.718994 1702 1741 1742 1732 1702 1682 1696 1706
845.737976 1722 1730 1733 1729 1691 1700 1697 1714
845.757996 1705 1730 1743 1737 1714 1689 1694 1724
845.778015 1716 1735 1734 1731 1704 1701 1687 1713
845.797974 1698 1746 1741 1724 1705 1668 1701 1717
845.817993 1713 1716 1741 1728 1714 1683 1699 1701
845.838013 1708 1733 1743 1728 1701 1694 1697 1708
845.857971 1705 1737 1726 1728 1704 1704 1704 1716
845.877991 1705 1732 1741 1728 1713 1686 1701 1715
845.89801 1707 1736 1729 1742 1711 1698 1695 1695
845.91803 1709 1721 1735 1736 1702 1696 1691 1712
845.937988 1723 1725 1740 1729 1726 1690 1701 1714
845.958008 1717 1723 1751 1729 1695 1691 1694 1715
845.978027 1699 1739 1743 1733 1694 1683 1698 1717
845.997986 1719 1737 1742 1729 1713 1683 1688 1705
846.018005 1707 1717 1749 1737 1689 1684 1710 1701
846.038025 1718 1738 1730 1728 1703 1704 1707 1718
846.057983 1701 1706 1729 1731 1699 1693 1696 1702
846.078003 1723 1730 1727 1723 1695 1683 1692 1704
846.096985 1692 1740 1729 1729 1696 1695 1702 1718
846.117004 1712 1742 1742 1716 1696 1697 1690 1708
846.137024 1706 1718 1740 1725 1705 1677 1699 1704
846.156982 1699 1725 1737 1714 1700 1694 1688 1695
846.177002 1708 1732 1729 1729 1708 1688 1690 1717
846.197021 1711 1738 1727 1732 1722 1689 1705 1700
846.21698 1719 1738 1722 1711 1717 1676 1686 1688
846.237 1712 1735 1731 1741 1704 1678 1699 1721
846.257019 1695 1726 1732 1715 1703 1688 1689 1707
846.276978 1694 1731 1730 1725 1690 1688 1704 1709
846.296997 1698 1738 1736 1720 1696 1677 1696 1692
846.317017 1705 1729 1730 1721 1699 1698 1687 1714
846.336975 1710 1724 1727 1731 1693 1690 1696 1701
846.356995 1716 1711 1726 1720 1704 1671 1698 1713
846.377014 1708 1721 1748 1724 1703 1689 1695 1704
846.395996 1723 1722 1741 1712 1707 1690 1701 1712
846.416016 1711 1721 1736 1727 1700 1683 1693 1711
846.435974 1699 1740 1724 1726 1705 1687 1686 1731
846.455994 1699 1719 1739 1724 1702 1674 1678 1698
846.476013 1685 1731 1736 1720 1697 1686 1685 1696
846.495972 1700 1724 1713 1724 1699 1692 1692 1719
846.515991 1716 1731 1720 1740 1703 1687 1709 1706
846.536011 1721 1720 1724 1730 1705 1704 1681 1706
846.55603 1707 1726 1750 1722 1687 1683 1710 1710
846.575989 1711 1717 1709 1724 1698 1682 1674 1715
846.596008 1689 1710 1730 1718 1694 1688 1687 1701
846.616028 1697 1734 1732 1721 1703 1680 1686 1699
846.63501 1696 1720 1718 1715 1702 1684 1680 1713
846.655029 1687 1718 1726 1717 1684 1698 1686 1701
846.674988 1702 1703 1735 1720 1693 1676 1682 1703
846.695007 1704 1726 1729 1725 1706 1692 1682 1712
846.715027 1705 1731 1722 1712 1696 1692 1673 1694
846.734985 1706 1717 1735 1731 1696 1680 1686 1709
846.755005 1703 1728 1722 1738 1693 1675 1685 1690
846.775024 1705 1716 1708 1718 1692 1661 1702 1717
846.794983 1686 1703 1742 1722 1703 1680 1693 1697
846.815002 1687 1724 1731 1723 1701 1676 1687 1710
846.835022 1710 1720 1715 1708 1698 1680 1676 1719
846.85498 1691 1723 1733 1728 1692 1680 1686 1698
846.875 1691 1718 1728 1709 1684 1697 1700 1694
846.893982 1696 1718 1710 1723 1698 1692 1680 1709
846.914001 1695 1726 1721 1723 1684 1664 1683 1711
846.934021 1700 1710 1731 1733 1698 1697 1692 1698
846.953979 1705 1710 1718 1715 1709 1681 1675 1719
846.973999 1702 1718 1742 1720 1692 1672 1674 1697
846.994019 1718 1729 1734 1711 1697 1680 1696 1688
847.013977 1712 1720 1727 1725 1696 1694 1692 1683
847.033997 1717 1726 1717 1724 1686 1694 1687 1701
847.054016 1697 1721 1734 1734 1690 1694 1662 1714
847.073975 1706 1714 1740 1706 1695 1691 1690 1704
847.093994 1715 1731 1740 1708 1695 1676 1668 1711
847.112976 1687 1753 1725 1717 1700 1690 1675 1696
847.132996 1706 1722 1748 1697 1689 1692 1685 1682
847.153015 1703 1737 1715 1726 1705 1682 1685 1698
847.172974 1707 1728 1737 1720 1699 1691 1682 1698
847.192993 1705 1727 1742 1727 1692 1684 1687 1701
847.213013 1710 1729 1747 1716 1699 1682 1677 1701
847.232971 1686 1724 1739 1716 1693 1691 1696 1687
847.252991 1707 1725 1750 1709 1702 1679 1705 1695
847.27301 1715 1726 1723 1728 1685 1683 1679 1699
847.29303 1703 1719 1715 1709 1698 1678 1699 1709
847.312012 1698 1721 1747 1722 1697 1679 1679 1706
847.33197 1714 1718 1734 1730 1700 1678 1697 1700
847.35199 1718 1738 1717 1709 1682 1680 1661 1707
847.372009 1695 1711 1723 1721 1690 1675 1693 1708
847.392029 1688 1714 1716 1733 1679 1679 1667 1706
847.411987 1688 1716 1722 1708 1687 1689 1661 1703
847.432007 1696 1711 1722 1716 1672 1674 1678 1702
847.452026 1695 1736 1719 1713 1698 1672 1668 1697
847.471985 1693 1703 1724 1718 1677 1677 1686 1684
847.492004 1697 1717 1722 1732 1692 1677 1691 1684
847.510986 1696 1723 1719 1714 1695 1685 1681 1700
847.531006 1694 1728 1717 1724 1678 1676 1675 1690
847.551025 1691 1721 1715 1710 1694 1661 1684 1693
847.570984 1689 1722 1717 1704 1675 1668 1662 1688
847.591003 1694 1720 1699 1720 1684 1676 1676 1680
847.611023 1702 1707 1715 1708 1693 1680 1676 1690
847.630981 1698 1720 1726 1722 1678 1681 1679 1698
847.651001 1706 1704 1703 1703 1683 1661 1687 1685
847.669983 1723 1712 1736 1725 1676 1665 1682 1695
847.690002 1680 1719 1720 1699 1690 1683 1665 1710
847.710022 1697 1724 1726 1720 1694 1701 1676 1709
847.72998 1677 1718 1727 1734 1700 1675 1672 1686
847.75 1710 1716 1735 1731 1681 1669 1659 1692
847.77002 1702 1719 1727 1700 1700 1669 1672 1703
847.789978 1712 1714 1738 1700 1694 1677 1670 1710
847.809998 1702 1710 1728 1718 1686 1691 1679 1691
847.830017 1696 1723 1738 1714 1673 1671 1675 1710
847.848999 1701 1716 1719 1726 1696 1673 1680 1698
847.869019 1721 1718 1727 1710 1685 1688 1684 1694
847.888977 1713 1702 1726 1733 1694 1677 1702 1698
847.908997 1718 1727 1726 1699 1707 1679 1679 1690
847.929016 1709 1724 1717 1706 1688 1677 1691 1705
847.948975 1696 1730 1707 1735 1699 1682 1684 1698
847.968994 1703 1737 1730 1720 1687 1673 1676 1706
847.989014 1694 1716 1738 1705 1716 1680 1673 1702
848.007996 1706 1713 1738 1705 1685 1676 1694 1691
848.028015 1697 1713 1745 1731 1691 1674 1691 1690
848.047974 1708 1731 1724 1728 1704 1673 1682 1717
848.067993 1705 1742 1739 1718 1683 1687 1681 1697
848.088013 1708 1730 1721 1707 1699 1689 1682 1704
848.107971 1704 1723 1713 1727 1689 1688 1673 1725
848.127991 1699 1714 1745 1717 1692 1687 1678 1705
848.14801 1707 1725 1717 1716 1693 1691 1692 1698
848.166992 1688 1734 1721 1723 1685 1683 1676 1721
848.187012 1706 1728 1720 1706 1692 1681 1685 1706
848.20697 1703 1735 1758 1709 1697 1675 1705 1709
848.22699 1706 1740 1736 1719 1703 1684 1687 1681
848.247009 1701 1719 1730 1718 1700 1682 1698 1698
848.267029 1701 1725 1721 1729 1706 1673 1677 1709
848.286987 1706 1718 1716 1718 1710 1675 1703 1698
848.307007 1697 1722 1736 1730 1713 1696 1688 1727
848.325989 1712 1745 1733 1736 1707 1685 1700 1718
848.346008 1709 1725 1736 1726 1713 1700 1690 1711
848.366028 1708 1731 1719 1716 1715 1674 1692 1693
848.385986 1708 1733 1742 1716 1706 1690 1679 1716
848.406006 1703 1730 1742 1733 1690 1679 1677 1723
848.426025 1692 1729 1748 1733 1715 1678 1696 1726
848.445984 1722 1735 1732 1738 1695 1701 1705 1700
848.466003 1721 1726 1744 1723 1690 1696 1691 1705
848.484985 1715 1717 1739 1721 1701 1680 1688 1713
848.505005 1709 1739 1735 1725 1697 1680 1689 1716
848.525024 1715 1721 1743 1724 1702 1686 1705 1715
848.544983 1715 1729 1729 1723 1705 1685 1697 1688
848.565002 1719 1733 1716 1729 1697 1688 1686 1714
848.585022 1707 1725 1744 1736 1696 1685 1693 1723
848.604004 1709 1728 1739 1717 1686 1682 1691 1707
848.624023 1721 1722 1734 1732 1694 1686 1679 1709
848.643982 1704 1725 1739 1715 1695 1689 1702 1715
848.664001 1719 1720 1718 1733 1685 1699 1708 1718
848.684021 1701 1737 1730 1726 1692 1689 1695 1715
848.703979 1713 1742 1735 1728 1688 1688 1676 1709
848.723999 1710 1731 1750 1727 1685 1682 1701 1688
848.742981 1715 1736 1720 1713 1702 1703 1682 1692
848.763 1709 1724 1726 1716 1698 1674 1681 1698
848.78302 1708 1727 1744 1740 1687 1688 1686 1714
848.802979 1708 1726 1739 1731 1714 1687 1688 1719
848.822998 1699 1729 1729 1732 1691 1693 1694 1706
848.843018 1712 1718 1740 1737 1724 1682 1689 1705
848.862976 1734 1769 1744 1745 1706 1689 1698 1726
848.882019 1727 1744 1738 1748 1716 1703 1684 1701
848.901978 1722 1747 1763 1722 1713 1701 1700 1728
848.921997 1718 1742 1741 1737 1717 1684 1695 1720
848.942017 1725 1723 1751 1733 1717 1693 1704 1719
848.961975 1708 1738 1743 1754 1732 1701 1704 1708
848.981995 1715 1733 1759 1734 1701 1709 1710 1730
849.002014 1713 1769 1748 1731 1704 1689 1703 1706
849.020996 1720 1742 1752 1744 1719 1702 1701 1710
849.041016 1711 1729 1750 1741 1718 1698 1696 1726
849.060974 1715 1739 1737 1733 1723 1689 1690 1705
849.080994 1720 1734 1750 1746 1710 1705 1695 1729
849.101013 1724 1753 1741 1750 1708 1693 1704 1714
849.120972 1714 1745 1727 1727 1707 1689 1693 1721
849.140015 1713 1744 1762 1736 1706 1698 1702 1706
849.159973 1713 1714 1770 1732 1715 1707 1688 1706
849.179993 1706 1737 1733 1723 1701 1711 1686 1726
849.200012 1717 1727 1738 1731 1709 1696 1703 1730
849.219971 1706 1739 1743 1730 1699 1686 1678 1705
849.23999 1701 1736 1731 1711 1704 1696 1699 1704
849.258972 1709 1747 1729 1731 1712 1670 1713 1711
849.278992 1718 1725 1751 1732 1709 1707 1690 1722
849.299011 1715 1746 1753 1749 1701 1694 1696 1718
849.31897 1725 1752 1735 1751 1705 1692 1697 1717
849.338989 1706 1722 1741 1711 1721 1694 1693 1727
849.359009 1697 1728 1727 1734 1706 1680 1705 1705
849.377991 1717 1749 1724 1730 1699 1670 1687 1701
849.39801 1711 1735 1749 1751 1708 1694 1687 1707
849.41803 1720 1736 1743 1724 1708 1679 1683 1716
849.437988 1711 1737 1735 1739 1696 1698 1686 1704
849.458008 1707 1724 1743 1725 1699 1688 1698 1702
849.478027 1701 1734 1742 1734 1701 1697 1699 1698
849.497009 1702 1718 1723 1719 1700 1694 1683 1710
849.517029 1707 1729 1748 1722 1720 1691 1688 1707
849.536987 1707 1736 1730 1714 1719 1686 1687 1715
849.557007 1708 1718 1734 1729 1698 1696 1690 1702
849.577026 1712 1716 1728 1715 1689 1680 1681 1703
849.596985 1706 1721 1729 1720 1698 1676 1706 1711
849.616028 1724 1735 1744 1719 1700 1685 1704 1714
849.635986 1702 1718 1724 1720 1710 1684 1687 1693
849.656006 1709 1717 1737 1726 1701 1669 1689 1695
849.676025 1696 1736 1725 1728 1691 1681 1698 1693
849.695984 1706 1727 1722 1720 1721 1682 1667 1692
849.716003 1712 1727 1740 1740 1701 1698 1697 1709
849.734985 1714 1726 1730 1740 1691 1670 1690 1707
849.755005 1713 1743 1739 1726 1694 1699 1679 1701
849.775024 1698 1731 1736 1715 1711 1693 1679 1715
849.794983 1708 1724 1719 1721 1688 1682 1697 1708
849.815002 1702 1728 1731 1723 1705 1705 1700 1711
849.833984 1687 1729 1721 1704 1690 1694 1684 1701
849.854004 1700 1738 1745 1720 1706 1682 1701 1705
849.874023 1703 1711 1750 1729 1701 1694 1686 1714
849.893982 1715 1724 1724 1727 1700 1703 1687 1698
849.914001 1712 1721 1739 1733 1687 1678 1701 1710
849.934021 1717 1714 1735 1731 1700 1683 1700 1722
849.953003 1699 1742 1731 1729 1699 1698 1701 1698
849.973022 1716 1724 1731 1741 1698 1690 1697 1710
849.992981 1717 1739 1744 1727 1705 1689 1701 1719
850.013 1698 1741 1736 1746 1706 1685 1696 1712
850.03302 1724 1737 1730 1734 1716 1674 1705 1716
850.052002 1712 1737 1742 1736 1709 1693 1686 1702
850.072021 1718 1731 1731 1724 1710 1694 1689 1714
850.09198 1725 1736 1738 1729 1700 1688 1686 1709
850.112 1711 1714 1732 1730 1708 1685 1686 1714
850.132019 1699 1734 1722 1720 1708 1676 1695 1705
850.151001 1705 1731 1731 1737 1700 1687 1676 1706
850.171021 1708 1734 1741 1730 1725 1687 1689 1708
850.190979 1695 1720 1730 1734 1706 1668 1686 1715
850.210999 1699 1718 1723 1713 1709 1687 1680 1691
850.231018 1686 1718 1725 1712 1698 1680 1686 1707
850.250977 1691 1734 1723 1720 1717 1684 1682 1699
850.27002 1694 1732 1711 1714 1689 1676 1675 1706
850.289978 1712 1732 1745 1720 1685 1680 1675 1700
850.309998 1710 1723 1728 1712 1695 1676 1685 1706
850.330017 1695 1718 1728 1735 1693 1679 1689 1702
850.349976 1703 1711 1726 1713 1706 1693 1683 1686
850.369019 1714 1715 1747 1706 1692 1685 1677 1710
850.388977 1699 1714 1727 1726 1697 1686 1690 1697
850.408997 1700 1727 1746 1728 1698 1677 1683 1722
850.429016 1685 1722 1729 1714 1690 1672 1693 1712
850.448975 1701 1717 1724 1722 1697 1665 1695 1691
850.468018 1727 1725 1711 1716 1677 1688 1706 1701
850.487976 1699 1740 1745 1728 1679 1684 1685 1698
850.507996 1713 1725 1734 1722 1700 1673 1702 1703
850.528015 1705 1721 1737 1720 1688 1678 1689 1702
850.547974 1704 1716 1726 1720 1694 1676 1675 1693
850.567017 1701 1715 1704 1724 1678 1684 1663 1701
850.586975 1717 1729 1709 1709 1685 1686 1687 1696
850.606995 1709 1726 1710 1716 1700 1682 1680 1689
850.627014 1698 1732 1723 1735 1688 1684 1676 1708
850.645996 1698 1720 1731 1703 1717 1690 1679 1699
850.666016 1699 1731 1735 1704 1698 1680 1696 1695
850.685974 1702 1722 1722 1721 1688 1686 1681 1689
850.705994 1687 1723 1725 1725 1700 1684 1687 1705
850.726013 1691 1717 1726 1708 1689 1692 1689 1713
850.744995 1704 1726 1711 1707 1692 1689 1684 1691
850.765015 1699 1721 1717 1715 1710 1680 1677 1686
850.784973 1709 1708 1722 1723 1685 1678 1682 1696
850.804993 1704 1731 1725 1713 1707 1685 1673 1705
850.825012 1705 1722 1738 1712 1691 1680 1674 1688
850.843994 1710 1718 1740 1710 1691 1685 1698 1713
850.864014 1700 1719 1733 1714 1687 1680 1687 1703
850.883972 1700 1719 1730 1712 1689 1682 1670 1706
850.903992 1707 1711 1717 1718 1682 1678 1675 1700
850.924011 1702 1732 1721 1720 1686 1685 1694 1691
850.942993 1706 1723 1719 1716 1693 1673 1674 1702
850.963013 1691 1720 1721 1703 1695 1687 1675 1714
850.982971 1712 1714 1756 1725 1694 1677 1678 1702
851.002991 1702 1709 1720 1727 1693 1684 1671 1720
851.021973 1707 1733 1748 1724 1683 1680 1679 1695
851.041992 1691 1722 1723 1724 1693 1678 1690 1687
851.062012 1698 1720 1726 1729 1701 1675 1690 1705
851.08197 1705 1724 1724 1708 1690 1671 1684 1705
851.10199 1684 1722 1747 1727 1713 1684 1682 1694
851.120972 1692 1717 1712 1724 1687 1678 1673 1689
851.140991 1708 1719 1732 1717 1693 1672 1675 1698
851.161011 1689 1725 1730 1717 1690 1675 1689 1695
851.18103 1713 1724 1740 1729 1689 1702 1678 1693
851.200012 1707 1735 1717 1732 1708 1688 1672 1688
851.219971 1709 1717 1706 1727 1690 1680 1678 1704
851.23999 1690 1721 1709 1721 1682 1683 1680 1713
851.26001 1707 1719 1745 1707 1686 1680 1682 1692
851.280029 1704 1729 1726 1713 1691 1683 1677 1691
851.299011 1688 1726 1730 1698 1694 1672 1678 1698
851.31897 1703 1720 1736 1713 1695 1685 1681 1702
851.338989 1690 1704 1716 1710 1686 1667 1671 1695
851.359009 1676 1713 1707 1712 1693 1663 1666 1682
851.377991 1686 1715 1743 1711 1694 1675 1674 1708
851.39801 1692 1712 1728 1706 1695 1661 1673 1691
851.41803 1688 1707 1727 1728 1689 1682 1675 1694
851.437988 1690 1719 1717 1703 1681 1689 1657 1690
851.45697 1708 1706 1734 1718 1709 1663 1669 1695
851.47699 1691 1718 1718 1711 1691 1668 1702 1692
851.497009 1696 1709 1718 1707 1693 1672 1664 1696
851.517029 1695 1718 1725 1709 1691 1685 1684 1703
851.536011 1686 1714 1724 1716 1683 1676 1696 1691
851.55603 1690 1723 1729 1712 1676 1671 1664 1671
851.575989 1679 1709 1711 1711 1677 1667 1665 1700
851.596008 1683 1710 1734 1699 1669 1659 1668 1690
851.616028 1701 1707 1713 1702 1660 1682 1676 1679
851.63501 1696 1721 1693 1710 1688 1668 1674 1665
851.655029 1676 1709 1715 1706 1689 1680 1675 1688
851.674988 1689 1716 1715 1697 1695 1668 1672 1684
851.695007 1699 1717 1701 1697 1664 1661 1679 1699
851.713989 1684 1716 1709 1708 1692 1676 1663 1693
851.734009 1678 1716 1721 1708 1685 1677 1658 1694
851.754028 1696 1707 1724 1704 1674 1669 1670 1688
851.773987 1675 1714 1711 1699 1687 1655 1685 1692
851.79303 1686 1703 1708 1715 1689 1669 1667 1688
851.812988 1685 1695 1712 1707 1672 1666 1676 1667
851.833008 1699 1702 1713 1693 1685 1666 1669 1690
851.853027 1687 1696 1722 1693 1696 1677 1670 1683
851.872009 1688 1699 1715 1719 1692 1680 1660 1686
851.892029 1691 1705 1707 1705 1674 1662 1662 1678
851.911987 1701 1715 1732 1710 1701 1664 1687 1679
851.932007 1695 1695 1713 1714 1665 1680 1677 1694
851.950989 1713 1713 1739 1703 1688 1681 1684 1674
851.971008 1670 1701 1712 1699 1696 1651 1672 1688
851.991028 1688 1703 1726 1708 1679 1678 1660 1680
852.010986 1696 1678 1706 1707 1693 1676 1670 1693
852.030029 1685 1716 1715 1699 1672 1666 1664 1684
852.049988 1681 1707 1706 1701 1675 1669 1660 1694
852.070007 1689 1705 1722 1695 1681 1669 1667 1681
852.090027 1695 1717 1726 1704 1682 1680 1676 1678
852.109009 1698 1711 1714 1686 1674 1664 1673 1683
852.129028 1686 1694 1712 1719 1681 1667 1667 1681
852.148987 1684 1691 1706 1697 1677 1665 1653 1686
852.169006 1691 1719 1724 1705 1687 1674 1665 1680
852.187988 1696 1706 1721 1707 1700 1658 1670 1688
852.208008 1692 1714 1718 1715 1687 1663 1674 1683
852.228027 1690 1716 1723 1719 1685 1664 1678 1690
852.247986 1686 1705 1735 1704 1682 1671 1664 1694
852.267029 1686 1715 1720 1705 1668 1674 1678 1676
852.286987 1693 1718 1714 1710 1674 1659 1679 1694
852.307007 1686 1717 1731 1719 1694 1671 1689 1691
852.327026 1693 1702 1728 1698 1686 1658 1667 1680
852.346008 1682 1698 1704 1711 1693 1682 1670 1675
852.366028 1694 1717 1712 1717 1691 1660 1656 1687
852.385986 1676 1714 1731 1716 1703 1670 1673 1688
852.406006 1691 1719 1723 1711 1677 1666 1675 1693
852.424988 1692 1706 1703 1710 1692 1671 1668 1694
852.445007 1694 1703 1717 1725 1701 1670 1691 1687
852.465027 1687 1717 1744 1713 1687 1665 1684 1694
852.484009 1706 1694 1706 1705 1682 1665 1659 1695
852.504028 1685 1722 1713 1713 1674 1678 1681 1688
852.523987 1688 1711 1710 1706 1687 1680 1665 1674
852.544006 1678 1715 1713 1708 1696 1661 1676 1671
852.562988 1697 1734 1712 1715 1667 1665 1670 1687
852.583008 1681 1706 1725 1710 1681 1669 1687 1692
852.603027 1698 1709 1697 1721 1685 1667 1677 1697
852.622986 1678 1705 1722 1706 1688 1665 1660 1695
852.642029 1692 1720 1715 1710 1670 1686 1668 1691
852.661987 1688 1703 1714 1712 1685 1677 1679 1681
852.682007 1676 1706 1707 1722 1683 1674 1673 1683
852.700989 1702 1727 1707 1710 1694 1680 1670 1698
852.721008 1689 1707 1726 1703 1678 1662 1665 1705
852.741028 1695 1700 1708 1719 1692 1677 1670 1679
852.760986 1696 1712 1699 1713 1678 1662 1669 1676
852.780029 1705 1716 1732 1691 1677 1662 1662 1697
852.799988 1701 1724 1701 1705 1679 1677 1671 1686
852.820007 1690 1693 1711 1712 1682 1677 1675 1674
852.840027 1689 1710 1726 1711 1685 1675 1678 1683
852.859009 1686 1702 1703 1700 1689 1675 1663 1680
852.879028 1698 1706 1720 1697 1681 1664 1677 1707
852.898987 1683 1720 1710 1706 1679 1676 1677 1683
852.91803 1689 1710 1703 1709 1692 1682 1690 1684
852.937988 1684 1683 1702 1727 1673 1668 1677 1676
852.958008 1692 1717 1724 1699 1678 1669 1661 1689
852.978027 1701 1701 1711 1680 1675 1663 1667 1665
852.997009 1692 1711 1720 1714 1669 1677 1663 1705
853.017029 1690 1705 1716 1682 1682 1652 1679 1694
853.036987 1688 1714 1716 1725 1687 1678 1671 1695
853.05603 1676 1708 1729 1701 1685 1656 1669 1683
853.075989 1694 1717 1712 1728 1689 1665 1672 1682
853.096008 1695 1709 1710 1715 1673 1675 1674 1680
853.116028 1696 1715 1709 1696 1680 1668 1683 1693
853.13501 1710 1710 1720 1721 1699 1677 1662 1698
853.155029 1698 1692 1734 1711 1681 1674 1674 1699
853.174988 1689 1722 1711 1702 1688 1657 1678 1689
853.19397 1701 1706 1724 1715 1675 1667 1690 1698
853.213989 1696 1716 1725 1709 1691 1672 1679 1693
853.234009 1701 1711 1714 1712 1673 1662 1677 1685
853.254028 1684 1705 1715 1706 1678 1662 1684 1680
853.27301 1685 1696 1702 1701 1691 1679 1683 1676
853.29303 1689 1713 1724 1707 1668 1676 1673 1698
853.312988 1687 1697 1722 1713 1680 1668 1674 1692
853.33197 1692 1693 1712 1722 1682 1679 1681 1687
853.35199 1683 1720 1716 1705 1696 1680 1670 1677
853.372009 1695 1688 1716 1705 1696 1662 1685 1669
853.390991 1702 1702 1711 1708 1696 1665 1672 1698
853.411011 1697 1702 1722 1708 1691 1675 1669 1694
853.43103 1692 1695 1714 1701 1670 1679 1664 1680
853.450989 1685 1708 1719 1710 1695 1671 1684 1680
853.469971 1686 1718 1727 1711 1678 1680 1677 1684
853.48999 1688 1694 1714 1706 1678 1667 1671 1694
853.51001 1694 1717 1714 1685 1672 1661 1674 1693
853.528992 1689 1703 1714 1712 1680 1668 1673 1678
853.549011 1688 1705 1715 1706 1670 1682 1666 1683
853.56897 1681 1706 1725 1714 1696 1658 1669 1692
853.588989 1674 1709 1705 1709 1690 1676 1661 1669
853.607971 1697 1713 1719 1706 1701 1666 1669 1679
853.627991 1684 1699 1711 1703 1692 1664 1673 1684
853.64801 1681 1699 1737 1704 1673 1670 1660 1688
853.666992 1686 1703 1710 1701 1674 1670 1659 1688
853.687012 1698 1704 1718 1695 1676 1669 1670 1683
853.70697 1693 1690 1725 1716 1676 1673 1676 1683
853.726013 1693 1707 1733 1709 1693 1675 1673 1702
853.745972 1705 1696 1721 1698 1688 1665 1679 1678
853.765991 1684 1701 1709 1706 1679 1668 1674 1686
853.784973 1707 1701 1713 1717 1670 1665 1659 1674
853.804993 1685 1698 1717 1699 1688 1671 1674 1686
853.825012 1686 1711 1705 1710 1686 1673 1654 1674
853.844971 1690 1711 1699 1708 1667 1667 1661 1689
853.864014 1689 1698 1710 1706 1670 1654 1675 1706
853.883972 1694 1711 1712 1723 1679 1668 1673 1692
853.903992 1699 1711 1703 1725 1674 1661 1658 1687
853.922974 1699 1706 1724 1717 1676 1675 1664 1687
853.942993 1696 1736 1710 1694 1685 1676 1683 1690
853.963013 1682 1709 1720 1703 1693 1678 1674 1699
853.981995 1694 1728 1720 1715 1680 1684 1676 1681
854.002014 1699 1713 1736 1706 1692 1670 1676 1691
854.021973 1674 1717 1727 1720 1687 1679 1675 1698
854.041016 1686 1710 1727 1711 1693 1678 1685 1689
854.060974 1698 1722 1711 1713 1681 1667 1667 1709
854.080994 1696 1737 1710 1725 1679 1682 1667 1695
854.099976 1718 1723 1726 1708 1680 1675 1672 1698
854.119995 1690 1713 1745 1709 1679 1669 1681 1702
854.140015 1707 1725 1726 1715 1689 1665 1684 1686
854.158997 1692 1730 1734 1709 1689 1685 1688 1689
854.179016 1701 1722 1732 1721 1679 1680 1677 1700
854.198975 1698 1701 1747 1714 1697 1663 1680 1689
854.218994 1702 1724 1721 1715 1680 1690 1687 1707
854.237976 1692 1740 1732 1726 1691 1681 1677 1690
854.257996 1703 1724 1743 1703 1695 1670 1675 1694
854.278015 1683 1715 1726 1729 1692 1668 1669 1701
854.296997 1701 1725 1722 1713 1685 1670 1671 1692
854.317017 1685 1723 1710 1716 1697 1667 1683 1698
854.336975 1680 1716 1725 1696 1687 1674 1665 1684
854.356018 1686 1720 1719 1713 1686 1681 1679 1696
854.375977 1691 1715 1739 1732 1692 1677 1686 1678
854.395996 1696 1711 1737 1702 1693 1671 1677 1695
854.414978 1696 1709 1727 1716 1687 1668 1667 1684
854.434998 1695 1700 1720 1689 1672 1655 1675 1678
854.455017 1695 1712 1719 1707 1685 1684 1681 1685
854.473999 1675 1706 1704 1702 1681 1685 1686 1710
854.494019 1698 1722 1719 1702 1679 1667 1687 1681
854.513977 1693 1717 1721 1696 1695 1666 1683 1678
854.53302 1693 1717 1726 1710 1685 1665 1662 1694
854.552979 1683 1715 1716 1701 1697 1669 1666 1688
854.572998 1685 1710 1717 1713 1694 1678 1663 1681
854.59198 1683 1712 1724 1696 1675 1672 1666 1686
854.612 1695 1711 1735 1698 1683 1674 1670 1690
854.632019 1682 1706 1718 1699 1688 1684 1647 1691
854.651001 1682 1721 1708 1711 1686 1661 1658 1703
854.671021 1688 1702 1710 1720 1680 1682 1682 1673
854.690979 1686 1728 1734 1713 1688 1656 1660 1689
854.710022 1686 1708 1718 1718 1665 1673 1669 1710
854.72998 1688 1714 1708 1703 1693 1681 1664 1678
854.75 1694 1725 1709 1711 1684 1663 1657 1691
854.768982 1692 1710 1687 1715 1680 1664 1663 1696
854.789001 1685 1700 1710 1721 1681 1676 1656 1683
854.807983 1696 1723 1714 1705 1690 1685 1661 1688
854.828003 1698 1705 1724 1701 1679 1666 1680 1689
854.848022 1686 1704 1732 1708 1668 1679 1666 1691
854.867004 1702 1725 1707 1714 1667 1662 1673 1693
854.887024 1669 1703 1696 1699 1679 1662 1679 1692
854.906982 1694 1712 1718 1710 1692 1672 1657 1677
854.926025 1685 1714 1723 1691 1665 1676 1668 1693
854.945984 1690 1705 1731 1728 1680 1680 1688 1690
854.966003 1688 1718 1717 1709 1689 1672 1677 1684
854.984985 1680 1715 1715 1708 1672 1663 1667 1682
855.005005 1691 1714 1725 1687 1695 1668 1671 1687
855.025024 1675 1700 1700 1717 1684 1661 1669 1684
855.044006 1689 1706 1707 1706 1686 1650 1684 1673
855.064026 1694 1708 1712 1711 1683 1678 1674 1674
855.083984 1683 1698 1716 1704 1681 1659 1665 1686
855.103027 1683 1709 1704 1713 1676 1667 1678 1696
855.122986 1694 1707 1709 1693 1679 1677 1660 1694
855.143005 1689 1703 1711 1709 1680 1667 1678 1688
855.161987 1695 1711 1705 1708 1668 1671 1667 1682
855.182007 1683 1699 1723 1713 1681 1679 1655 1686
855.200989 1689 1708 1711 1708 1691 1679 1669 1684
855.221008 1686 1698 1715 1699 1669 1664 1668 1680
855.241028 1690 1698 1727 1706 1683 1665 1673 1688
855.26001 1687 1701 1702 1704 1687 1674 1677 1680
855.280029 1681 1706 1707 1705 1694 1662 1663 1687
855.299988 1673 1705 1713 1706 1686 1666 1669 1673
855.31897 1705 1710 1703 1695 1685 1682 1669 1689
855.338989 1695 1697 1725 1694 1673 1670 1673 1695
855.359009 1694 1703 1710 1714 1683 1663 1679 1680
855.377991 1703 1708 1722 1707 1673 1665 1670 1673
855.39801 1697 1705 1723 1707 1682 1662 1685 1681
855.41803 1689 1693 1715 1709 1688 1662 1658 1685
855.437012 1701 1708 1708 1714 1672 1658 1675 1678
855.45697 1693 1713 1726 1685 1687 1662 1669 1700
855.476013 1690 1699 1707 1703 1684 1673 1673 1707
855.495972 1705 1694 1717 1692 1678 1670 1659 1690
855.515991 1687 1702 1712 1698 1656 1670 1664 1692
855.534973 1695 1699 1724 1694 1692 1672 1665 1688
855.554993 1692 1709 1692 1707 1666 1681 1670 1680
855.575012 1686 1712 1719 1728 1677 1671 1665 1693
855.593994 1693 1712 1709 1702 1684 1663 1662 1684
855.614014 1698 1707 1707 1710 1679 1677 1664 1688
855.633972 1696 1699 1706 1684 1668 1666 1669 1679
855.653015 1684 1710 1712 1705 1682 1662 1693 1687
855.672974 1693 1709 1729 1713 1691 1673 1677 1678
855.692017 1685 1714 1719 1712 1676 1668 1655 1675
855.711975 1679 1712 1692 1698 1672 1668 1667 1667
855.731995 1683 1709 1714 1701 1673 1662 1678 1687
855.750977 1681 1694 1708 1695 1681 1671 1675 1687
855.770996 1682 1696 1720 1690 1680 1669 1669 1688
855.791016 1682 1716 1714 1713 1662 1656 1667 1684
855.809998 1685 1698 1714 1698 1677 1666 1680 1691
855.830017 1692 1688 1716 1686 1691 1673 1678 1678
855.848999 1678 1717 1705 1718 1676 1655 1672 1684
855.869019 1692 1701 1713 1690 1680 1672 1675 1685
855.888977 1700 1698 1723 1699 1674 1664 1661 1673
855.90802 1678 1691 1703 1709 1673 1660 1670 1696
855.927979 1681 1708 1723 1717 1675 1664 1678 1677
855.947998 1682 1692 1710 1707 1673 1664 1676 1688
855.96698 1687 1719 1705 1711 1677 1669 1673 1682
855.987 1698 1714 1704 1689 1677 1674 1673 1683
856.005981 1682 1711 1722 1709 1690 1671 1671 1690
856.026001 1692 1704 1715 1712 1683 1671 1664 1687
856.046021 1692 1710 1729 1703 1680 1670 1672 1691
856.065002 1684 1723 1729 1699 1690 1670 1666 1687
856.085022 1689 1718 1706 1702 1690 1669 1668 1685
856.104004 1691 1716 1712 1715 1679 1658 1669 1685
856.124023 1696 1706 1713 1704 1693 1683 1671 1698
856.143982 1689 1712 1731 1717 1679 1652 1661 1672
856.163025 1688 1718 1706 1712 1663 1660 1658 1693
856.182983 1688 1716 1735 1701 1697 1674 1679 1689
856.203003 1682 1700 1719 1707 1690 1664 1657 1677
856.221985 1686 1705 1726 1692 1698 1665 1671 1687
856.242004 1687 1696 1716 1722 1672 1667 1671 1681
856.260986 1698 1700 1720 1703 1661 1666 1678 1688
856.281006 1679 1726 1721 1691 1682 1667 1649 1692
856.301025 1673 1694 1720 1689 1669 1670 1675 1691
856.320007 1695 1718 1718 1699 1696 1667 1659 1693
856.340027 1693 1708 1702 1704 1666 1670 1675 1691
856.359009 1682 1714 1697 1709 1688 1669 1671 1671
856.379028 1685 1700 1722 1701 1665 1657 1679 1678
856.398987 1680 1714 1706 1697 1678 1672 1665 1680
856.41803 1683 1705 1712 1710 1687 1684 1659 1687
856.437988 1700 1704 1696 1688 1671 1658 1676 1668
856.45697 1679 1698 1693 1712 1686 1671 1668 1676
856.47699 1705 1701 1710 1694 1685 1671 1658 1687
856.497009 1684 1698 1707 1701 1683 1671 1656 1689
856.515991 1679 1685 1697 1714 1680 1682 1671 1681
856.536011 1684 1690 1691 1708 1690 1662 1662 1677
856.554993 1673 1710 1717 1695 1682 1652 1655 1679
856.575012 1692 1698 1712 1687 1681 1672 1674 1693
856.594971 1687 1709 1713 1705 1682 1658 1664 1680
856.614014 1683 1694 1706 1701 1666 1666 1670 1699
856.633972 1696 1710 1713 1678 1683 1645 1671 1672
856.653015 1674 1706 1696 1710 1662 1656 1677 1675
856.672974 1683 1692 1703 1713 1676 1673 1668 1681
856.692993 1675 1707 1719 1717 1675 1676 1653 1697
856.711975 1666 1710 1710 1702 1669 1668 1665 1682
856.731995 1690 1700 1708 1683 1688 1672 1647 1695
856.750977 1673 1698 1701 1690 1677 1659 1669 1685
856.770996 1677 1698 1706 1717 1660 1671 1663 1679
856.791016 1668 1697 1707 1697 1672 1660 1672 1679
856.809998 1677 1703 1722 1705 1681 1675 1664 1689
856.830017 1679 1683 1702 1704 1667 1662 1662 1674
856.848999 1686 1689 1724 1689 1662 1670 1679 1672
856.869019 1687 1702 1704 1681 1684 1653 1673 1684
856.888 1674 1693 1726 1704 1675 1652 1674 1673
856.90802 1690 1693 1717 1699 1679 1669 1663 1675
856.927979 1682 1706 1712 1699 1681 1654 1662 1671
856.947021 1694 1704 1699 1709 1686 1665 1659 1666
856.96698 1686 1703 1696 1698 1688 1660 1650 1682
856.986023 1701 1701 1720 1702 1679 1669 1678 1685
857.005981 1676 1714 1711 1702 1675 1661 1651 1677
857.026001 1676 1710 1705 1705 1671 1665 1677 1680
857.044983 1675 1692 1719 1697 1684 1678 1674 1672
857.065002 1677 1708 1687 1710 1675 1657 1663 1680
857.083984 1683 1704 1702 1698 1678 1661 1668 1685
857.104004 1683 1699 1705 1677 1669 1652 1671 1685
857.122986 1678 1688 1690 1699 1685 1654 1657 1691
857.143005 1680 1698 1697 1693 1663 1676 1675 1677
857.163025 1682 1699 1706 1709 1666 1648 1667 1678
857.182007 1688 1704 1702 1706 1688 1656 1670 1669
857.202026 1662 1705 1699 1700 1659 1654 1674 1685
857.221008 1685 1704 1711 1713 1669 1664 1678 1671
857.241028 1686 1705 1699 1717 1669 1671 1667 1681
857.260986 1698 1699 1715 1713 1694 1648 1665 1701
857.280029 1681 1687 1716 1701 1691 1667 1665 1691
857.299988 1676 1698 1719 1703 1683 1654 1642 1687
857.31897 1684 1710 1695 1693 1672 1662 1676 1689
857.338989 1684 1698 1724 1696 1680 1667 1662 1690
857.357971 1687 1701 1715 1690 1676 1662 1685 1685
857.377991 1677 1710 1708 1673 1679 1670 1664 1684
857.39801 1675 1699 1706 1697 1683 1650 1682 1691
857.416992 1678 1710 1703 1714 1677 1662 1678 1680
857.437012 1677 1696 1699 1696 1656 1654 1653 1680
857.455994 1672 1712 1702 1712 1667 1663 1657 1685
857.476013 1681 1693 1700 1695 1681 1664 1668 1680
857.494995 1681 1698 1718 1704 1679 1653 1658 1677
857.515015 1688 1706 1696 1706 1671 1675 1660 1690
857.534973 1681 1708 1701 1696 1684 1683 1665 1683
857.554016 1686 1709 1690 1692 1663 1645 1668 1682
857.573975 1694 1706 1706 1709 1667 1678 1664 1684
857.593018 1691 1696 1718 1692 1669 1661 1673 1684
857.612976 1684 1699 1709 1696 1668 1665 1669 1672
857.632019 1686 1693 1685 1697 1678 1655 1675 1687
857.651978 1676 1695 1685 1699 1675 1660 1663 1667
857.671997 1679 1717 1704 1703 1675 1663 1674 1676
857.690979 1677 1711 1713 1686 1685 1663 1650 1682
857.710999 1690 1710 1702 1703 1679 1667 1664 1692
857.72998 1690 1700 1714 1679 1688 1651 1676 1680
857.75 1674 1694 1719 1691 1673 1655 1663 1672
857.768982 1674 1694 1718 1694 1667 1660 1665 1684
857.789001 1697 1696 1709 1704 1664 1647 1661 1666
857.807983 1674 1691 1701 1695 1676 1672 1684 1679
857.828003 1674 1707 1708 1694 1665 1666 1670 1679
857.848022 1693 1699 1706 1702 1668 1664 1659 1682
857.867004 1685 1712 1704 1695 1690 1659 1652 1672
857.887024 1690 1712 1688 1699 1672 1677 1669 1662
857.906006 1685 1703 1716 1687 1678 1673 1648 1668
857.926025 1670 1697 1716 1699 1672 1657 1672 1695
857.945007 1693 1701 1696 1692 1688 1665 1665 1686
857.965027 1690 1703 1717 1696 1681 1664 1669 1695
857.984009 1694 1705 1715 1700 1678 1652 1660 1691
858.004028 1675 1687 1704 1694 1652 1645 1658 1675
858.02301 1685 1707 1729 1704 1688 1660 1673 1682
858.04303 1690 1703 1701 1707 1682 1671 1675 1682
858.062988 1688 1704 1690 1708 1675 1673 1653 1673
858.08197 1677 1716 1696 1711 1674 1671 1658 1699
858.10199 1692 1689 1717 1712 1687 1678 1665 1686
858.120972 1682 1696 1707 1715 1683 1674 1669 1678
858.140991 1679 1699 1708 1692 1675 1656 1648 1687
858.159973 1673 1697 1702 1697 1670 1653 1674 1689
858.179993 1685 1717 1697 1696 1672 1662 1654 1684
858.198975 1673 1715 1720 1691 1675 1666 1668 1687
858.218994 1682 1712 1711 1708 1668 1665 1661 1671
858.239014 1671 1696 1696 1701 1673 1678 1657 1665
858.257996 1685 1694 1695 1701 1675 1662 1670 1680
858.278015 1680 1690 1727 1687 1683 1665 1670 1686
858.296997 1681 1692 1716 1688 1666 1657 1663 1684
858.317017 1676 1695 1692 1697 1676 1650 1661 1677
858.335999 1676 1689 1714 1689 1670 1662 1671 1685
858.356018 1689 1690 1705 1690 1677 1662 1674 1681
858.375 1676 1685 1705 1709 1679 1661 1651 1691
858.39502 1688 1710 1694 1699 1664 1645 1661 1676
858.414001 1695 1703 1687 1684 1670 1661 1680 1685
858.434021 1673 1690 1698 1696 1691 1678 1672 1672
858.453003 1676 1704 1709 1706 1679 1643 1677 1675
858.473022 1670 1700 1698 1688 1684 1657 1672 1692
858.492004 1673 1704 1718 1702 1673 1657 1670 1677
858.512024 1673 1689 1712 1700 1668 1672 1656 1678
858.531982 1692 1698 1718 1700 1658 1659 1664 1679
858.551025 1673 1696 1711 1693 1672 1666 1674 1691
858.570984 1678 1696 1711 1717 1667 1666 1661 1666
858.590027 1673 1699 1708 1695 1689 1679 1650 1681
858.609985 1680 1708 1711 1688 1679 1660 1674 1690
858.629028 1694 1697 1722 1686 1671 1678 1659 1681
858.648987 1695 1700 1698 1702 1683 1668 1665 1683
858.66803 1684 1692 1719 1696 1676 1653 1660 1678
858.687988 1679 1701 1712 1705 1684 1656 1654 1690
858.70697 1690 1710 1715 1706 1685 1659 1675 1686
858.72699 1693 1706 1702 1700 1690 1667 1671 1698
858.745972 1681 1707 1723 1693 1679 1669 1677 1680
858.765991 1680 1700 1713 1697 1693 1654 1666 1694
858.784973 1669 1714 1716 1714 1680 1663 1672 1683
858.804993 1686 1699 1728 1703 1671 1659 1668 1681
858.823975 1684 1721 1732 1705 1677 1659 1684 1699
858.843994 1679 1715 1722 1718 1683 1661 1677 1685
858.864014 1699 1718 1712 1708 1682 1681 1666 1683
858.882996 1681 1704 1696 1715 1681 1672 1669 1680
858.903015 1674 1695 1708 1711 1695 1674 1680 1687
858.921997 1693 1702 1705 1702 1667 1657 1668 1682
858.942017 1673 1695 1709 1703 1694 1658 1679 1671
858.960999 1681 1699 1723 1715 1669 1654 1685 1685
858.981018 1681 1687 1714 1703 1683 1658 1670 1687
859 1683 1693 1723 1694 1672 1654 1675 1687
859.02002 1677 1712 1708 1704 1665 1670 1673 1683
859.039001 1661 1702 1708 1702 1674 1679 1661 1681
859.059021 1670 1709 1718 1692 1675 1671 1675 1675
859.078003 1667 1697 1702 1706 1688 1662 1666 1693
859.098022 1693 1713 1721 1698 1674 1655 1679 1676
859.117004 1696 1708 1719 1708 1661 1666 1665 1685
859.137024 1686 1699 1707 1699 1671 1677 1667 1663
859.156006 1697 1698 1692 1702 1669 1664 1654 1665
859.176025 1684 1695 1717 1693 1680 1655 1656 1673
859.195007 1682 1699 1715 1689 1660 1658 1664 1675
859.215027 1678 1687 1706 1692 1663 1683 1664 1681
859.234009 1680 1706 1716 1705 1679 1656 1676 1683
859.254028 1685 1693 1702 1692 1673 1658 1660 1686
859.27301 1675 1702 1708 1707 1680 1659 1669 1681
859.29303 1679 1701 1691 1701 1671 1658 1662 1677
859.312012 1682 1700 1713 1701 1671 1659 1665 1673
859.33197 1692 1715 1703 1706 1681 1677 1682 1678
859.351013 1690 1696 1699 1694 1676 1657 1665 1678
859.370972 1690 1698 1718 1702 1680 1659 1680 1688
859.390015 1677 1697 1696 1693 1665 1647 1666 1677
859.409973 1702 1712 1689 1679 1678 1673 1673 1685
859.429016 1684 1705 1708 1693 1676 1679 1665 1678
859.448975 1682 1695 1696 1702 1676 1674 1669 1689
859.468018 1681 1693 1692 1702 1666 1663 1666 1687
859.487976 1673 1711 1711 1686 1672 1665 1670 1671
859.507019 1694 1707 1700 1696 1678 1663 1676 1696
859.526978 1675 1697 1713 1706 1680 1655 1687 1686
859.546021 1682 1687 1710 1696 1672 1665 1677 1671
859.565979 1682 1695 1684 1693 1684 1656 1661 1669
859.585022 1688 1712 1713 1705 1688 1674 1678 1672
859.60498 1695 1703 1697 1687 1683 1663 1678 1696
859.624023 1683 1706 1698 1713 1683 1673 1688 1671
859.643982 1679 1708 1714 1701 1697 1673 1680 1694
859.663025 1678 1702 1713 1702 1665 1661 1663 1683
859.682983 1673 1714 1718 1703 1687 1677 1658 1672
859.702026 1700 1708 1717 1701 1674 1675 1654 1698
859.721985 1671 1700 1710 1704 1673 1669 1671 1684
859.741028 1686 1708 1723 1701 1679 1673 1678 1672
859.760986 1685 1708 1717 1701 1682 1663 1664 1687
859.780029 1686 1696 1720 1704 1679 1669 1660 1680
859.799988 1670 1708 1709 1699 1683 1673 1656 1684
859.81897 1673 1696 1705 1681 1675 1651 1661 1678
859.838989 1686 1686 1701 1686 1687 1667 1677 1660
859.857971 1682 1695 1700 1679 1667 1654 1647 1688
859.877991 1684 1696 1700 1696 1683 1670 1655 1683
859.896973 1685 1688 1699 1689 1680 1671 1661 1679
859.916992 1684 1685 1687 1699 1676 1653 1655 1686
859.935974 1684 1699 1697 1706 1679 1661 1665 1669
859.955994 1678 1690 1695 1683 1660 1662 1675 1673
859.974976 1682 1708 1709 1702 1669 1664 1658 1676
859.994995 1677 1704 1703 1707 1688 1664 1654 1707
860.013977 1688 1701 1692 1689 1681 1658 1677 1673
860.033997 1689 1684 1704 1714 1676 1653 1654 1687
860.052979 1695 1684 1718 1694 1672 1670 1668 1683
860.072998 1679 1710 1701 1686 1681 1666 1657 1674
860.09198 1688 1698 1709 1683 1673 1656 1681 1668
860.112 1682 1711 1706 1697 1668 1664 1654 1682
860.130981 1679 1697 1708 1694 1688 1663 1654 1687
860.151001 1698 1683 1703 1696 1685 1662 1656 1665
860.169983 1675 1715 1708 1698 1674 1677 1656 1671
860.189026 1682 1692 1684 1694 1672 1681 1675 1678
860.208984 1675 1696 1708 1695 1669 1659 1654 1682
860.228027 1669 1706 1710 1687 1669 1655 1651 1685
860.247986 1677 1695 1699 1697 1670 1666 1658 1667
860.267029 1685 1689 1723 1707 1664 1662 1673 1683
860.286987 1676 1687 1700 1698 1673 1651 1666 1678
860.30603 1672 1689 1709 1696 1664 1648 1658 1672
860.325989 1690 1705 1689 1712 1668 1674 1650 1674
860.344971 1674 1686 1710 1670 1665 1658 1650 1658
860.36499 1691 1700 1685 1691 1667 1667 1670 1698
860.383972 1676 1701 1691 1690 1664 1657 1659 1674
860.403992 1693 1702 1692 1701 1670 1674 1666 1666
860.422974 1682 1691 1706 1691 1664 1663 1653 1682
860.442993 1677 1701 1698 1699 1661 1655 1662 1675
860.461975 1672 1706 1718 1698 1677 1661 1673 1670
860.481995 1672 1706 1697 1701 1678 1656 1663 1671
860.500977 1681 1690 1711 1706 1674 1665 1649 1676
860.520996 1685 1707 1712 1692 1676 1646 1656 1693
860.539978 1694 1707 1705 1700 1690 1670 1675 1686
860.559021 1671 1691 1707 1692 1677 1655 1657 1670
860.578979 1672 1708 1698 1688 1681 1654 1676 1678
860.598022 1668 1675 1712 1699 1677 1663 1662 1677
860.617981 1691 1687 1699 1711 1666 1659 1664 1674
860.637024 1672 1705 1710 1701 1679 1652 1661 1688
860.656982 1674 1696 1702 1692 1674 1663 1664 1667
860.676025 1694 1696 1699 1704 1682 1657 1653 1670
860.695984 1679 1713 1701 1697 1680 1654 1671 1680
860.715027 1677 1704 1701 1688 1667 1661 1657 1678
860.734985 1674 1729 1701 1708 1683 1669 1668 1661
860.754028 1672 1697 1687 1700 1679 1664 1648 1678
860.77301 1673 1700 1701 1700 1673 1662 1662 1687
