0 12.8571429 25.7142857 38.5714286 51.4285714 64.2857143 77.1428571 90
828.851013 1701 1715 1737 1714 1713 1690 1700 1707
828.870972 1695 1712 1731 1704 1698 1698 1687 1702
828.890991 1710 1705 1707 1718 1712 1696 1699 1712
828.911987 1710 1739 1708 1711 1704 1690 1694 1701
828.932007 1703 1712 1709 1695 1698 1685 1683 1702
828.953003 1712 1707 1700 1714 1717 1694 1679 1696
828.973022 1717 1722 1719 1712 1686 1690 1676 1714
828.994019 1685 1708 1720 1709 1690 1676 1691 1709
829.013977 1688 1695 1717 1715 1693 1692 1683 1716
829.034973 1704 1709 1711 1708 1686 1690 1690 1706
829.054993 1683 1698 1724 1695 1693 1686 1684 1705
829.075012 1713 1698 1705 1694 1688 1682 1679 1699
829.096008 1680 1714 1704 1728 1683 1673 1678 1695
829.116028 1686 1711 1706 1715 1685 1693 1684 1694
829.137024 1701 1710 1702 1693 1684 1659 1679 1700
829.156982 1713 1704 1714 1707 1681 1675 1683 1683
829.177979 1683 1697 1712 1695 1674 1676 1680 1678
829.197998 1706 1701 1704 1717 1664 1676 1691 1694
829.218994 1680 1695 1695 1699 1686 1677 1675 1683
829.239014 1687 1706 1701 1686 1688 1665 1675 1680
829.258972 1686 1701 1683 1702 1684 1679 1675 1695
829.280029 1701 1711 1706 1690 1702 1680 1685 1687
829.299988 1697 1706 1709 1684 1698 1681 1678 1692
829.320984 1689 1698 1708 1697 1695 1672 1673 1684
829.341003 1695 1701 1698 1699 1675 1672 1674 1696
829.362 1683 1690 1706 1706 1684 1675 1672 1678
829.382019 1694 1711 1709 1696 1686 1674 1682 1693
829.401978 1684 1701 1711 1701 1677 1677 1672 1680
829.422974 1680 1695 1700 1702 1680 1688 1664 1685
829.442993 1687 1693 1719 1708 1682 1681 1689 1683
829.463989 1683 1707 1702 1684 1692 1689 1700 1704
829.484009 1684 1696 1699 1689 1683 1681 1678 1697
829.505005 1679 1702 1697 1696 1699 1682 1670 1691
829.525024 1697 1715 1692 1693 1681 1665 1675 1716
829.544983 1675 1700 1695 1698 1690 1697 1680 1683
829.565979 1700 1702 1703 1691 1697 1679 1656 1685
829.585999 1711 1718 1699 1685 1705 1677 1688 1683
829.606995 1692 1714 1703 1709 1685 1689 1695 1707
829.627014 1678 1702 1684 1703 1666 1681 1676 1679
829.64801 1699 1694 1689 1710 1663 1669 1676 1686
829.66803 1689 1716 1691 1700 1676 1689 1689 1694
829.687988 1700 1692 1694 1715 1668 1674 1692 1692
829.708984 1704 1694 1698 1691 1669 1665 1697 1678
829.729004 1685 1707 1698 1705 1676 1679 1682 1705
829.75 1694 1707 1712 1710 1688 1674 1681 1691
829.77002 1680 1709 1689 1697 1684 1684 1670 1686
829.791016 1708 1706 1703 1697 1689 1679 1670 1693
829.810974 1693 1699 1704 1708 1688 1682 1682 1709
829.830994 1688 1714 1722 1701 1693 1671 1679 1700
829.85199 1712 1695 1699 1702 1690 1677 1690 1687
829.872009 1697 1720 1715 1707 1684 1684 1680 1691
829.893005 1696 1709 1714 1703 1692 1683 1694 1676
829.913025 1706 1717 1718 1697 1696 1689 1684 1692
829.932983 1702 1720 1706 1706 1686 1685 1677 1697
829.953979 1693 1706 1724 1706 1688 1692 1681 1701
829.973999 1687 1708 1707 1704 1701 1684 1679 1706
829.994995 1701 1716 1724 1704 1677 1686 1694 1698
830.015015 1692 1715 1717 1707 1696 1677 1695 1703
830.036011 1715 1716 1707 1705 1689 1682 1686 1700
830.05603 1693 1719 1713 1724 1681 1704 1674 1689
830.075989 1701 1710 1705 1712 1689 1690 1689 1707
830.096985 1691 1700 1732 1719 1692 1696 1696 1697
830.117004 1704 1722 1725 1717 1707 1688 1690 1700
830.138 1707 1726 1695 1726 1700 1707 1702 1705
830.15802 1708 1725 1720 1711 1699 1696 1698 1700
830.177979 1724 1719 1716 1717 1710 1706 1698 1702
830.198975 1717 1721 1739 1709 1721 1683 1698 1703
830.218994 1705 1728 1729 1713 1698 1684 1703 1714
830.23999 1704 1713 1720 1715 1688 1693 1697 1718
830.26001 1699 1717 1732 1729 1701 1704 1697 1711
830.280029 1709 1717 1737 1729 1700 1704 1696 1701
830.301025 1710 1718 1723 1701 1695 1704 1706 1691
830.320984 1703 1719 1728 1711 1696 1694 1699 1707
830.34198 1714 1723 1722 1719 1704 1696 1703 1729
830.362 1716 1724 1719 1723 1696 1696 1699 1717
830.382996 1701 1738 1720 1724 1700 1704 1698 1725
830.403015 1715 1723 1715 1715 1708 1715 1693 1730
830.422974 1708 1726 1714 1711 1709 1692 1680 1706
830.44397 1702 1729 1726 1729 1701 1707 1684 1702
830.463989 1715 1711 1728 1717 1711 1707 1711 1707
830.484009 1690 1743 1732 1703 1702 1692 1694 1698
830.505005 1718 1712 1735 1717 1694 1709 1699 1712
830.525024 1719 1724 1726 1718 1719 1678 1711 1703
830.546021 1705 1723 1709 1705 1706 1695 1701 1722
830.565979 1713 1715 1724 1717 1697 1705 1706 1711
830.585999 1718 1723 1710 1709 1717 1703 1692 1711
830.606995 1698 1721 1711 1722 1696 1705 1698 1714
830.627014 1713 1708 1712 1704 1698 1684 1700 1704
830.64801 1722 1708 1716 1705 1698 1707 1692 1689
830.66803 1704 1727 1727 1718 1683 1691 1687 1710
830.687988 1703 1710 1727 1702 1707 1690 1698 1699
830.708984 1704 1715 1717 1713 1699 1700 1699 1711
830.729004 1708 1724 1714 1720 1690 1701 1679 1701
830.75 1707 1708 1729 1732 1681 1688 1706 1694
830.77002 1688 1708 1714 1713 1708 1704 1679 1697
830.789978 1691 1727 1723 1703 1688 1701 1702 1701
830.810974 1716 1711 1707 1728 1692 1684 1690 1697
830.830994 1699 1709 1719 1689 1701 1674 1694 1713
830.85199 1687 1692 1721 1704 1685 1675 1688 1699
830.872009 1696 1699 1720 1706 1680 1692 1679 1699
830.892029 1694 1709 1721 1717 1703 1685 1690 1723
830.913025 1690 1716 1717 1691 1687 1682 1692 1687
830.932983 1691 1710 1710 1687 1698 1687 1687 1693
830.953979 1710 1709 1708 1712 1699 1679 1701 1689
830.973999 1691 1702 1709 1701 1698 1691 1686 1696
830.994019 1686 1707 1722 1702 1688 1677 1672 1706
831.015015 1691 1693 1712 1693 1680 1673 1683 1691
831.034973 1694 1699 1716 1697 1696 1698 1694 1682
831.054993 1694 1712 1697 1704 1696 1682 1681 1684
831.075989 1696 1694 1704 1703 1692 1682 1681 1688
831.096008 1672 1706 1715 1717 1684 1696 1693 1698
831.117004 1693 1711 1716 1692 1696 1675 1692 1696
831.137024 1702 1717 1705 1688 1704 1682 1691 1690
831.156982 1677 1695 1702 1693 1687 1683 1687 1686
831.177979 1710 1721 1704 1700 1680 1686 1682 1663
831.197998 1687 1700 1712 1692 1691 1681 1674 1700
831.218994 1679 1704 1700 1682 1697 1691 1689 1701
831.239014 1676 1698 1721 1712 1682 1683 1672 1685
831.258972 1658 1687 1684 1714 1689 1687 1676 1664
831.280029 1688 1713 1711 1705 1685 1694 1679 1689
831.299988 1686 1696 1721 1705 1684 1692 1679 1683
831.320007 1681 1702 1708 1701 1696 1691 1694 1688
831.341003 1694 1690 1713 1695 1684 1676 1689 1689
831.361023 1708 1723 1696 1699 1696 1689 1670 1690
831.382019 1688 1693 1708 1700 1692 1686 1686 1689
831.401978 1694 1713 1694 1692 1682 1687 1684 1688
831.421997 1691 1708 1723 1699 1684 1686 1690 1705
831.442993 1688 1697 1702 1708 1695 1680 1693 1700
831.463013 1687 1705 1699 1696 1688 1670 1693 1698
831.482971 1684 1695 1698 1707 1698 1686 1684 1699
831.504028 1707 1699 1734 1709 1687 1680 1668 1698
831.523987 1692 1719 1715 1695 1674 1673 1682 1681
831.544983 1690 1696 1704 1698 1692 1669 1678 1693
831.565002 1692 1706 1690 1695 1676 1678 1679 1700
831.585022 1700 1711 1707 1701 1679 1699 1692 1687
831.606018 1693 1705 1705 1690 1701 1696 1674 1696
831.625977 1692 1702 1712 1722 1691 1673 1691 1694
831.645996 1714 1727 1702 1696 1682 1677 1696 1691
831.666992 1715 1716 1712 1693 1680 1711 1679 1709
831.687012 1689 1718 1729 1710 1699 1696 1690 1700
831.708008 1683 1704 1704 1702 1696 1679 1676 1699
831.728027 1705 1695 1697 1715 1685 1675 1678 1689
831.747986 1678 1703 1705 1699 1687 1680 1692 1697
831.768982 1702 1710 1717 1701 1690 1682 1695 1689
831.789001 1692 1719 1708 1706 1683 1701 1679 1707
831.809021 1700 1718 1716 1706 1690 1681 1678 1709
831.830017 1701 1707 1696 1695 1695 1685 1673 1716
831.849976 1698 1703 1704 1719 1696 1688 1669 1714
831.869995 1692 1704 1710 1700 1684 1690 1697 1711
831.890991 1687 1693 1719 1705 1692 1675 1681 1699
831.911011 1722 1711 1716 1728 1681 1692 1676 1684
831.932007 1710 1726 1715 1698 1690 1683 1699 1696
831.952026 1707 1699 1712 1711 1699 1691 1695 1698
831.971985 1710 1731 1711 1706 1681 1684 1698 1719
831.992981 1703 1717 1700 1727 1701 1691 1699 1702
832.013 1715 1701 1710 1718 1699 1681 1678 1706
832.03302 1688 1712 1718 1697 1681 1683 1693 1692
832.054016 1700 1697 1711 1714 1701 1686 1689 1709
832.073975 1699 1713 1708 1711 1693 1701 1680 1717
832.093994 1700 1731 1721 1703 1698 1698 1705 1706
832.11499 1696 1722 1698 1728 1690 1697 1690 1702
832.13501 1695 1734 1719 1717 1693 1693 1688 1707
832.155029 1714 1716 1715 1706 1710 1699 1668 1702
832.176025 1700 1722 1720 1706 1707 1685 1690 1728
832.195984 1699 1714 1715 1717 1703 1695 1705 1705
832.216003 1702 1739 1714 1704 1708 1684 1691 1700
832.237 1693 1714 1714 1709 1702 1697 1701 1711
832.257019 1713 1734 1725 1711 1681 1690 1706 1705
832.278015 1696 1721 1724 1739 1697 1689 1704 1721
832.297974 1724 1723 1717 1721 1704 1699 1682 1683
832.317993 1696 1721 1722 1725 1708 1706 1708 1699
832.338989 1708 1734 1736 1728 1699 1704 1686 1710
832.359009 1698 1728 1718 1697 1703 1693 1695 1697
832.379028 1695 1721 1724 1712 1701 1698 1698 1713
832.400024 1714 1727 1730 1725 1706 1691 1683 1695
832.419983 1706 1728 1718 1717 1692 1700 1678 1720
832.440002 1706 1734 1721 1728 1700 1693 1700 1709
832.460999 1711 1730 1720 1711 1705 1703 1700 1695
832.481018 1710 1728 1724 1725 1685 1711 1690 1717
832.500977 1704 1724 1718 1720 1720 1684 1690 1726
832.521973 1713 1706 1714 1723 1700 1708 1678 1726
832.541992 1702 1716 1719 1728 1700 1688 1671 1700
832.562012 1696 1714 1718 1720 1701 1686 1686 1702
832.583008 1697 1704 1734 1719 1699 1701 1687 1712
832.603027 1711 1724 1723 1707 1699 1701 1705 1726
832.622986 1702 1702 1718 1723 1705 1702 1703 1702
832.643982 1726 1724 1713 1726 1710 1702 1706 1695
832.664001 1699 1724 1728 1705 1711 1699 1696 1721
832.684021 1706 1731 1731 1711 1680 1681 1683 1703
832.705017 1720 1721 1727 1713 1707 1692 1705 1713
832.724976 1713 1732 1725 1731 1711 1707 1697 1717
832.744995 1696 1720 1710 1705 1678 1685 1690 1717
832.765991 1705 1713 1717 1715 1693 1702 1700 1709
832.786011 1695 1700 1724 1722 1693 1698 1689 1704
832.80603 1703 1694 1734 1721 1690 1699 1709 1704
832.827026 1690 1706 1725 1724 1699 1684 1680 1697
832.846985 1711 1700 1748 1721 1697 1690 1687 1709
832.867004 1711 1720 1723 1703 1709 1695 1680 1699
832.888 1697 1725 1726 1713 1690 1681 1682 1707
832.90802 1706 1716 1709 1701 1702 1689 1693 1711
832.927979 1705 1731 1721 1726 1694 1692 1706 1713
832.948975 1702 1719 1705 1721 1693 1682 1692 1695
832.968994 1706 1713 1716 1700 1689 1696 1692 1694
832.989014 1689 1706 1723 1715 1696 1706 1677 1695
833.01001 1706 1715 1727 1708 1704 1697 1680 1700
833.030029 1689 1709 1710 1705 1701 1692 1688 1700
833.049988 1698 1710 1711 1705 1710 1705 1690 1695
833.070984 1690 1720 1716 1721 1686 1707 1681 1704
833.091003 1692 1722 1710 1711 1681 1696 1684 1710
833.111023 1700 1726 1709 1702 1691 1693 1673 1708
833.132019 1712 1704 1709 1691 1682 1677 1692 1691
833.151978 1711 1705 1721 1704 1696 1699 1686 1695
833.171997 1714 1712 1722 1717 1697 1679 1672 1703
833.192993 1696 1727 1724 1708 1693 1673 1677 1720
833.213013 1698 1709 1708 1719 1695 1689 1687 1703
833.232971 1698 1718 1711 1698 1688 1694 1677 1697
833.254028 1699 1702 1712 1710 1679 1676 1701 1702
833.273987 1691 1709 1717 1704 1684 1702 1689 1693
833.294006 1707 1714 1711 1722 1681 1683 1680 1704
833.315002 1701 1702 1715 1705 1681 1693 1675 1705
833.335022 1684 1702 1703 1702 1697 1691 1685 1692
833.35498 1687 1702 1723 1706 1700 1676 1685 1686
833.375977 1694 1707 1714 1702 1687 1680 1686 1710
833.395996 1697 1711 1713 1707 1691 1682 1697 1688
833.416016 1683 1713 1709 1702 1693 1661 1674 1695
833.437012 1703 1717 1740 1704 1686 1691 1682 1692
833.45697 1695 1708 1701 1684 1693 1674 1682 1705
833.47699 1698 1700 1700 1698 1679 1679 1682 1696
833.497009 1686 1700 1703 1698 1686 1680 1691 1678
833.518005 1698 1708 1714 1713 1695 1668 1694 1730
833.538025 1696 1691 1724 1709 1696 1692 1679 1693
833.557983 1697 1709 1712 1711 1683 1686 1680 1695
833.578979 1692 1710 1714 1698 1680 1685 1682 1696
833.598999 1693 1716 1708 1700 1697 1666 1674 1690
833.619019 1692 1702 1700 1728 1677 1681 1683 1696
833.640015 1695 1701 1701 1712 1686 1673 1674 1689
833.659973 1716 1721 1707 1716 1680 1676 1677 1692
833.679993 1691 1692 1698 1699 1684 1674 1692 1694
833.700989 1697 1697 1720 1697 1688 1661 1676 1683
833.721008 1671 1723 1715 1692 1691 1691 1674 1699
833.741028 1694 1707 1717 1711 1688 1676 1696 1705
833.762024 1691 1701 1715 1701 1682 1694 1688 1690
833.781982 1691 1707 1702 1721 1661 1671 1685 1682
833.802002 1704 1712 1710 1700 1696 1673 1681 1690
833.822021 1680 1708 1712 1720 1695 1681 1678 1693
833.843018 1700 1715 1703 1713 1689 1664 1680 1706
833.862976 1692 1704 1719 1698 1695 1686 1694 1705
833.882996 1703 1700 1709 1697 1687 1685 1677 1711
833.903992 1698 1715 1714 1696 1685 1694 1684 1680
833.924011 1658 1708 1720 1693 1677 1696 1686 1686
833.94397 1697 1701 1710 1701 1688 1686 1672 1697
833.965027 1704 1706 1718 1707 1692 1673 1691 1702
833.984985 1709 1692 1697 1703 1697 1690 1685 1702
834.005005 1693 1707 1717 1707 1683 1679 1687 1705
834.026001 1678 1706 1707 1703 1687 1688 1683 1697
834.046021 1680 1709 1715 1690 1682 1686 1690 1698
834.065979 1677 1705 1716 1704 1673 1676 1686 1677
834.085999 1700 1707 1717 1705 1674 1682 1702 1695
834.106995 1708 1699 1715 1692 1692 1665 1695 1704
834.127014 1685 1705 1712 1708 1673 1683 1678 1688
834.146973 1697 1710 1723 1699 1693 1668 1680 1689
834.16803 1702 1713 1708 1690 1685 1688 1673 1701
834.187988 1688 1727 1719 1714 1700 1686 1681 1689
834.208008 1695 1707 1708 1714 1686 1689 1676 1696
834.228027 1696 1698 1708 1707 1696 1692 1690 1699
834.249023 1694 1719 1711 1715 1686 1676 1678 1705
834.268982 1690 1720 1710 1701 1689 1683 1691 1696
834.289001 1702 1712 1708 1707 1690 1687 1671 1705
834.309998 1691 1712 1718 1708 1690 1690 1668 1692
834.330017 1707 1707 1701 1703 1680 1681 1694 1705
834.349976 1681 1708 1711 1711 1683 1681 1693 1704
834.369995 1699 1724 1702 1695 1682 1679 1669 1701
834.390991 1697 1709 1719 1701 1685 1685 1662 1692
834.411011 1705 1710 1711 1700 1683 1699 1689 1685
834.43103 1694 1720 1719 1708 1686 1702 1684 1694
834.452026 1702 1729 1718 1693 1677 1693 1691 1692
834.471985 1693 1711 1717 1681 1695 1685 1690 1704
834.492004 1694 1706 1700 1705 1675 1672 1700 1700
834.513 1706 1703 1711 1704 1705 1679 1695 1704
834.53302 1687 1713 1708 1694 1685 1686 1681 1706
834.552979 1708 1701 1711 1723 1695 1676 1703 1697
834.572998 1699 1695 1714 1706 1687 1690 1687 1698
834.593994 1709 1730 1729 1695 1687 1680 1689 1706
834.614014 1697 1711 1729 1706 1712 1689 1688 1705
834.633972 1686 1709 1730 1712 1678 1694 1695 1710
834.653992 1701 1706 1705 1703 1686 1675 1685 1696
834.674988 1718 1721 1727 1706 1684 1708 1689 1713
834.695007 1694 1729 1733 1710 1709 1697 1696 1718
834.715027 1694 1715 1704 1715 1704 1691 1694 1702
834.736023 1695 1710 1728 1716 1694 1700 1692 1710
834.755981 1710 1700 1722 1715 1683 1688 1699 1687
834.776001 1685 1707 1733 1719 1696 1682 1692 1708
834.796021 1702 1708 1728 1706 1684 1690 1708 1702
834.817017 1697 1707 1703 1705 1703 1683 1698 1707
834.836975 1695 1727 1710 1718 1691 1693 1693 1714
834.856995 1709 1724 1703 1724 1692 1689 1698 1710
834.877991 1716 1718 1715 1725 1691 1706 1684 1708
834.89801 1709 1725 1721 1721 1690 1698 1692 1707
834.91803 1713 1713 1708 1720 1688 1703 1704 1707
834.937988 1703 1714 1711 1706 1700 1688 1700 1704
834.958984 1699 1721 1722 1720 1713 1699 1693 1703
834.979004 1714 1724 1727 1709 1712 1710 1691 1696
834.999023 1694 1712 1719 1723 1699 1694 1684 1698
835.018982 1698 1704 1705 1708 1693 1695 1709 1709
835.039978 1692 1706 1706 1707 1699 1695 1688 1726
835.059998 1704 1716 1726 1704 1686 1688 1682 1718
835.080017 1713 1715 1708 1723 1709 1692 1688 1710
835.101013 1697 1704 1719 1708 1698 1696 1714 1714
835.120972 1701 1723 1713 1726 1684 1701 1699 1705
835.140991 1694 1734 1720 1717 1700 1689 1689 1716
835.161011 1704 1709 1717 1702 1690 1683 1680 1709
835.182007 1714 1707 1726 1713 1712 1689 1682 1697
835.202026 1706 1719 1728 1728 1687 1705 1688 1686
835.221985 1704 1710 1710 1721 1706 1692 1687 1695
835.242004 1700 1714 1706 1709 1702 1688 1701 1709
835.263 1710 1705 1709 1701 1709 1689 1711 1699
835.28302 1704 1701 1722 1709 1693 1692 1687 1715
835.302979 1706 1710 1712 1719 1687 1694 1709 1714
835.322998 1712 1707 1718 1718 1710 1695 1696 1715
835.343994 1705 1718 1714 1703 1693 1683 1689 1702
835.364014 1711 1716 1713 1715 1696 1692 1678 1695
835.383972 1701 1706 1725 1706 1706 1671 1669 1707
835.403992 1700 1720 1727 1729 1697 1701 1693 1716
835.424988 1700 1729 1711 1699 1682 1680 1695 1714
835.445007 1714 1725 1713 1716 1695 1688 1685 1705
835.465027 1700 1722 1712 1717 1691 1692 1695 1695
835.486023 1702 1731 1714 1722 1684 1695 1704 1700
835.505981 1705 1716 1715 1720 1693 1699 1698 1717
835.526001 1708 1728 1722 1697 1707 1685 1688 1710
835.546021 1689 1707 1718 1712 1701 1693 1694 1700
835.567017 1694 1707 1721 1707 1708 1695 1703 1700
835.586975 1706 1719 1725 1708 1697 1696 1691 1714
835.606995 1715 1706 1724 1713 1699 1677 1695 1705
835.627014 1693 1716 1723 1713 1714 1694 1697 1695
835.64801 1703 1709 1722 1709 1702 1689 1699 1697
835.66803 1695 1721 1722 1701 1691 1683 1691 1706
835.687988 1680 1728 1709 1711 1689 1689 1688 1718
835.708008 1700 1714 1707 1714 1706 1700 1700 1696
835.729004 1700 1719 1735 1719 1677 1692 1703 1689
835.749023 1701 1726 1724 1711 1709 1683 1700 1688
835.768982 1702 1717 1710 1731 1692 1681 1692 1703
835.789001 1714 1722 1723 1720 1679 1692 1701 1709
835.809998 1706 1711 1721 1716 1712 1691 1690 1714
835.830017 1690 1720 1734 1723 1701 1689 1698 1707
835.849976 1715 1711 1716 1714 1698 1676 1696 1707
835.869995 1716 1707 1721 1712 1714 1687 1697 1715
835.890991 1696 1736 1725 1701 1704 1701 1696 1705
835.911011 1714 1718 1727 1717 1704 1701 1698 1719
835.93103 1704 1718 1738 1729 1697 1689 1691 1695
835.950989 1697 1730 1734 1710 1691 1697 1691 1696
835.971985 1702 1714 1735 1708 1695 1672 1698 1712
835.992004 1715 1716 1712 1713 1697 1702 1684 1702
836.012024 1705 1734 1720 1725 1701 1703 1715 1701
836.031982 1716 1727 1722 1703 1714 1683 1682 1688
836.052002 1700 1721 1721 1716 1698 1693 1691 1719
836.072998 1701 1735 1736 1727 1716 1694 1702 1705
836.093018 1705 1734 1723 1722 1685 1697 1682 1714
836.112976 1706 1711 1737 1703 1676 1698 1710 1703
836.132996 1710 1717 1733 1712 1689 1696 1682 1717
836.153992 1712 1707 1709 1711 1696 1689 1694 1700
836.174011 1696 1699 1729 1717 1704 1695 1705 1706
836.19397 1700 1729 1724 1721 1701 1684 1693 1722
836.213989 1695 1723 1725 1725 1706 1675 1698 1709
836.234985 1712 1723 1707 1713 1700 1696 1695 1697
836.255005 1691 1709 1703 1718 1689 1674 1680 1689
836.275024 1711 1743 1707 1715 1707 1699 1679 1709
836.294983 1699 1713 1732 1714 1694 1710 1672 1715
836.315979 1688 1711 1726 1711 1709 1699 1698 1710
836.335999 1692 1724 1706 1707 1687 1689 1687 1705
836.356018 1688 1719 1725 1700 1694 1690 1684 1704
836.375977 1702 1709 1722 1702 1694 1689 1674 1711
836.395996 1704 1708 1719 1723 1684 1682 1684 1709
836.416992 1706 1717 1728 1706 1686 1686 1701 1715
836.437012 1696 1704 1728 1700 1695 1697 1680 1705
836.45697 1694 1694 1718 1716 1702 1692 1681 1713
836.47699 1710 1717 1721 1707 1698 1703 1678 1707
836.497986 1702 1706 1720 1702 1683 1701 1684 1704
836.518005 1700 1720 1726 1718 1704 1684 1698 1718
836.538025 1703 1724 1713 1702 1689 1692 1701 1694
836.557983 1721 1716 1725 1713 1689 1679 1699 1710
836.578979 1682 1726 1712 1718 1710 1695 1693 1695
836.598999 1711 1726 1718 1701 1704 1694 1679 1696
836.619019 1697 1717 1725 1711 1705 1695 1698 1705
836.638977 1709 1723 1719 1719 1704 1685 1687 1702
836.658997 1703 1711 1716 1708 1710 1689 1700 1686
836.679993 1692 1730 1704 1713 1688 1691 1690 1716
836.700012 1696 1706 1729 1714 1687 1679 1699 1705
836.719971 1721 1712 1706 1714 1694 1686 1699 1701
836.73999 1700 1713 1747 1724 1682 1691 1687 1705
836.760986 1720 1721 1714 1704 1681 1683 1687 1702
836.781006 1704 1721 1719 1717 1681 1692 1704 1691
836.801025 1701 1743 1713 1712 1700 1677 1689 1691
836.820984 1714 1722 1699 1694 1699 1681 1679 1694
836.841003 1709 1721 1727 1717 1701 1690 1689 1706
836.862 1690 1716 1711 1722 1703 1698 1703 1693
836.882019 1695 1708 1720 1722 1690 1677 1697 1711
836.901978 1713 1712 1718 1716 1690 1695 1684 1703
836.921997 1710 1732 1712 1714 1686 1680 1693 1703
836.942993 1696 1709 1722 1700 1699 1694 1687 1713
836.963013 1722 1717 1732 1723 1711 1703 1699 1711
836.982971 1703 1723 1732 1710 1709 1703 1694 1703
837.002991 1701 1728 1733 1712 1696 1703 1698 1719
837.02301 1717 1728 1724 1724 1702 1702 1695 1707
837.044006 1711 1738 1736 1698 1701 1699 1709 1709
837.064026 1725 1737 1745 1721 1720 1700 1718 1710
837.083984 1722 1717 1735 1724 1724 1709 1702 1729
837.104004 1726 1746 1739 1749 1714 1705 1703 1725
837.124023 1702 1745 1735 1718 1712 1708 1716 1721
837.14502 1727 1734 1745 1728 1739 1716 1714 1719
837.164978 1719 1737 1747 1719 1722 1691 1706 1728
837.184998 1720 1737 1760 1725 1728 1721 1725 1728
837.205017 1727 1754 1750 1745 1716 1696 1731 1737
837.224976 1740 1728 1747 1742 1725 1707 1704 1725
837.245972 1735 1738 1753 1735 1731 1707 1720 1727
837.265991 1718 1742 1742 1733 1717 1727 1714 1721
837.286011 1712 1731 1755 1743 1714 1714 1716 1736
837.30603 1722 1755 1743 1744 1713 1696 1727 1748
837.325989 1724 1748 1745 1732 1710 1710 1711 1722
837.346985 1728 1732 1737 1738 1720 1689 1703 1734
837.367004 1717 1730 1709 1722 1727 1720 1705 1727
837.387024 1718 1739 1748 1740 1739 1714 1699 1737
837.406982 1721 1732 1717 1722 1717 1688 1713 1728
837.427002 1726 1738 1726 1721 1725 1707 1699 1726
837.447998 1709 1750 1735 1727 1704 1716 1725 1721
837.468018 1705 1731 1732 1738 1726 1710 1707 1728
837.487976 1719 1744 1753 1746 1724 1711 1711 1744
837.507996 1725 1735 1752 1726 1714 1720 1719 1721
837.528992 1715 1729 1748 1725 1719 1698 1721 1730
837.549011 1728 1730 1751 1747 1721 1710 1710 1711
837.56897 1730 1729 1749 1736 1712 1718 1705 1718
837.588989 1711 1743 1743 1743 1716 1714 1722 1731
837.609009 1720 1744 1745 1725 1718 1695 1701 1722
837.629028 1736 1739 1752 1734 1724 1702 1712 1717
837.650024 1743 1741 1757 1746 1727 1720 1730 1728
837.669983 1730 1751 1749 1727 1715 1719 1706 1724
837.690002 1732 1727 1748 1740 1712 1717 1728 1736
837.710022 1739 1752 1751 1739 1715 1713 1718 1742
837.72998 1722 1741 1745 1735 1717 1711 1705 1729
837.750977 1734 1733 1752 1737 1728 1705 1699 1726
837.770996 1737 1740 1745 1738 1740 1711 1722 1738
837.791016 1742 1740 1745 1739 1724 1703 1725 1735
837.810974 1729 1745 1748 1740 1725 1717 1710 1729
837.830994 1736 1732 1743 1730 1704 1709 1715 1722
837.85199 1732 1750 1739 1740 1719 1706 1712 1739
837.872009 1722 1738 1749 1760 1714 1730 1726 1712
837.892029 1721 1752 1750 1748 1726 1724 1731 1740
837.911987 1727 1738 1739 1731 1723 1711 1722 1743
837.932007 1726 1748 1751 1749 1732 1727 1725 1735
837.953003 1730 1734 1741 1744 1723 1701 1728 1727
837.973022 1722 1752 1752 1745 1728 1707 1726 1730
837.992981 1737 1752 1745 1749 1717 1716 1703 1748
838.013 1729 1754 1759 1749 1739 1725 1724 1737
838.03302 1735 1736 1731 1721 1711 1714 1706 1741
838.052979 1753 1747 1745 1737 1721 1708 1713 1731
838.073975 1738 1761 1741 1744 1728 1714 1712 1721
838.093994 1735 1750 1753 1740 1725 1734 1725 1733
838.114014 1744 1737 1759 1743 1713 1713 1726 1718
838.133972 1728 1747 1758 1730 1725 1718 1704 1720
838.153992 1737 1740 1755 1755 1735 1719 1704 1737
838.174011 1713 1752 1760 1724 1716 1710 1731 1742
838.195007 1740 1728 1744 1728 1729 1719 1724 1730
838.215027 1730 1761 1749 1764 1728 1712 1704 1730
838.234985 1731 1750 1737 1738 1748 1715 1720 1728
838.255005 1735 1756 1756 1747 1715 1715 1732 1726
838.275024 1731 1740 1745 1748 1738 1713 1717 1721
838.296021 1736 1747 1735 1755 1712 1723 1707 1743
838.315979 1737 1726 1750 1753 1708 1717 1715 1722
838.335999 1723 1717 1744 1748 1696 1697 1693 1713
838.356018 1712 1743 1739 1729 1727 1706 1702 1726
838.375977 1712 1742 1737 1740 1706 1694 1713 1706
838.395996 1712 1740 1746 1732 1692 1702 1686 1718
838.416992 1715 1726 1726 1724 1696 1689 1694 1707
838.437012 1723 1719 1731 1726 1696 1696 1705 1715
838.45697 1723 1728 1724 1714 1710 1693 1704 1714
838.47699 1710 1718 1714 1720 1710 1697 1688 1697
838.497009 1693 1724 1746 1714 1706 1691 1681 1693
838.517029 1700 1709 1720 1712 1698 1708 1707 1727
838.538025 1725 1722 1714 1707 1703 1690 1681 1704
838.557983 1712 1717 1723 1716 1693 1698 1702 1714
838.578003 1699 1725 1724 1719 1699 1677 1692 1717
838.598022 1704 1727 1722 1734 1700 1701 1688 1698
838.617981 1707 1722 1713 1718 1708 1701 1694 1714
838.638 1704 1718 1709 1686 1688 1686 1679 1698
838.658997 1699 1713 1718 1715 1684 1690 1681 1705
838.679016 1695 1728 1721 1709 1692 1680 1683 1699
838.698975 1697 1717 1711 1709 1680 1678 1685 1705
838.718994 1695 1727 1713 1699 1694 1676 1686 1713
838.739014 1707 1715 1708 1695 1690 1678 1685 1703
838.758972 1702 1722 1715 1711 1691 1684 1682 1701
838.780029 1685 1710 1720 1694 1699 1687 1690 1688
838.799988 1688 1710 1704 1703 1672 1689 1673 1676
838.820007 1681 1711 1707 1713 1695 1674 1677 1689
838.840027 1697 1711 1715 1704 1681 1687 1699 1685
838.859985 1708 1723 1719 1707 1685 1694 1689 1699
838.880005 1712 1706 1715 1708 1692 1675 1681 1704
838.901001 1702 1694 1728 1713 1684 1683 1682 1719
838.921021 1693 1701 1723 1702 1700 1684 1670 1688
838.940979 1705 1712 1725 1704 1704 1676 1684 1692
838.960999 1692 1707 1690 1711 1693 1680 1688 1693
838.981018 1688 1712 1724 1707 1684 1670 1678 1693
839.000977 1697 1714 1702 1711 1681 1695 1690 1700
839.020996 1698 1707 1715 1696 1686 1687 1678 1681
839.041992 1692 1712 1701 1691 1676 1671 1682 1689
839.062012 1694 1717 1722 1703 1684 1684 1684 1680
839.08197 1691 1705 1696 1711 1675 1686 1680 1697
839.10199 1698 1712 1703 1701 1692 1695 1671 1701
839.122009 1709 1704 1708 1709 1699 1681 1668 1691
839.142029 1674 1703 1717 1703 1696 1681 1689 1684
839.161987 1691 1708 1727 1687 1679 1683 1695 1711
839.182983 1692 1713 1718 1707 1703 1685 1693 1691
839.203003 1708 1700 1711 1702 1689 1683 1686 1700
839.223022 1689 1710 1702 1710 1679 1677 1683 1690
839.242981 1698 1715 1707 1720 1701 1671 1684 1686
839.263 1691 1728 1718 1702 1690 1692 1682 1691
839.28302 1698 1727 1724 1703 1676 1695 1688 1700
839.304016 1686 1709 1700 1695 1688 1686 1683 1712
839.323975 1713 1703 1699 1697 1690 1670 1686 1696
839.343994 1696 1721 1718 1702 1680 1681 1686 1698
839.364014 1706 1712 1709 1709 1706 1676 1690 1686
839.383972 1702 1705 1730 1701 1691 1695 1684 1682
839.403992 1689 1714 1717 1709 1702 1684 1673 1692
839.424011 1690 1720 1712 1700 1712 1685 1673 1717
839.445007 1691 1702 1712 1708 1680 1682 1689 1700
839.465027 1710 1715 1718 1714 1693 1693 1688 1708
839.484985 1707 1725 1705 1706 1699 1704 1678 1703
839.505005 1705 1712 1725 1710 1689 1684 1670 1707
839.525024 1705 1711 1710 1722 1682 1691 1684 1695
839.544983 1696 1701 1725 1703 1693 1693 1696 1703
839.565002 1706 1717 1697 1722 1689 1687 1693 1678
839.585999 1696 1720 1692 1709 1696 1690 1687 1704
839.606018 1710 1706 1738 1712 1689 1694 1683 1714
839.625977 1717 1723 1704 1720 1697 1691 1697 1698
839.645996 1698 1716 1718 1712 1700 1681 1686 1696
839.666016 1707 1711 1716 1699 1705 1689 1685 1712
839.685974 1725 1711 1726 1717 1694 1677 1690 1706
839.705994 1694 1735 1727 1720 1688 1697 1685 1708
839.726013 1700 1720 1716 1715 1693 1692 1706 1711
839.747009 1702 1726 1723 1713 1695 1676 1690 1703
839.767029 1705 1704 1726 1717 1691 1695 1674 1723
839.786987 1694 1704 1717 1730 1690 1692 1694 1700
839.807007 1707 1729 1731 1723 1697 1699 1696 1704
839.827026 1697 1706 1742 1728 1692 1689 1694 1712
839.846985 1707 1701 1720 1714 1713 1662 1708 1678
839.867004 1724 1718 1730 1711 1707 1685 1680 1726
839.887024 1714 1722 1710 1712 1700 1692 1692 1699
839.90802 1725 1717 1738 1717 1697 1682 1691 1709
839.927979 1702 1723 1728 1719 1702 1686 1677 1706
839.947998 1703 1714 1742 1708 1715 1702 1704 1696
839.968018 1717 1718 1718 1719 1693 1689 1681 1702
839.987976 1705 1726 1729 1722 1696 1699 1691 1726
840.007996 1711 1715 1717 1717 1696 1690 1690 1706
840.028015 1704 1706 1731 1729 1691 1701 1687 1715
840.047974 1714 1704 1743 1711 1680 1694 1697 1692
840.06897 1711 1731 1730 1711 1707 1700 1682 1724
840.088989 1729 1731 1730 1734 1717 1697 1695 1698
840.109009 1712 1717 1727 1731 1705 1694 1690 1707
840.129028 1709 1725 1743 1722 1684 1703 1694 1720
840.148987 1695 1721 1707 1726 1704 1703 1691 1716
840.169006 1713 1727 1744 1720 1714 1687 1699 1699
840.189026 1711 1738 1736 1723 1700 1693 1706 1694
840.208984 1704 1729 1731 1712 1693 1690 1703 1709
840.22998 1737 1720 1710 1735 1720 1706 1690 1709
840.25 1691 1729 1730 1716 1704 1687 1688 1695
840.27002 1696 1703 1723 1736 1719 1710 1710 1719
840.289978 1708 1726 1734 1731 1709 1690 1695 1712
840.309998 1726 1710 1736 1718 1702 1704 1680 1711
840.330017 1709 1731 1715 1723 1705 1694 1698 1701
840.349976 1717 1718 1733 1714 1678 1689 1707 1723
840.369995 1705 1724 1727 1712 1702 1701 1693 1717
840.390015 1705 1724 1720 1708 1698 1700 1690 1710
840.411011 1716 1728 1744 1731 1697 1682 1698 1710
840.43103 1688 1728 1714 1706 1685 1688 1711 1714
840.450989 1701 1743 1730 1717 1707 1687 1700 1721
840.471008 1704 1731 1725 1716 1712 1701 1713 1708
840.491028 1703 1729 1723 1718 1709 1693 1687 1709
840.510986 1706 1725 1733 1720 1699 1687 1703 1708
840.531006 1719 1703 1728 1716 1698 1683 1697 1710
840.551025 1712 1718 1734 1712 1709 1688 1691 1704
840.570984 1714 1726 1728 1715 1706 1699 1692 1699
840.59198 1715 1719 1729 1723 1700 1690 1682 1710
840.612 1705 1725 1718 1724 1709 1690 1690 1707
840.632019 1706 1745 1736 1717 1695 1687 1697 1714
840.651978 1712 1732 1731 1727 1703 1690 1699 1717
840.671997 1714 1727 1727 1724 1695 1694 1684 1709
840.692017 1719 1723 1722 1729 1700 1694 1692 1706
840.711975 1706 1726 1717 1714 1704 1692 1691 1698
840.731995 1710 1717 1727 1706 1710 1696 1707 1702
840.752014 1709 1709 1723 1710 1675 1687 1671 1696
840.771973 1698 1718 1715 1719 1689 1690 1686 1693
840.79303 1697 1729 1724 1712 1706 1680 1693 1718
840.812988 1700 1727 1715 1706 1700 1680 1686 1704
840.833008 1706 1711 1712 1718 1695 1690 1688 1685
840.853027 1706 1700 1717 1710 1686 1688 1691 1689
840.872986 1690 1713 1725 1718 1673 1689 1686 1704
840.893005 1700 1704 1723 1706 1685 1690 1678 1702
840.913025 1701 1724 1726 1718 1694 1670 1693 1698
840.932983 1701 1716 1716 1702 1689 1690 1692 1708
840.953003 1693 1700 1712 1706 1684 1666 1678 1712
840.973022 1704 1714 1710 1731 1691 1696 1679 1709
840.994019 1697 1720 1701 1720 1682 1692 1696 1709
841.013977 1694 1694 1705 1699 1682 1680 1689 1689
841.033997 1692 1703 1703 1712 1678 1682 1679 1711
841.054016 1697 1701 1737 1701 1697 1691 1677 1690
841.073975 1694 1712 1714 1699 1703 1676 1666 1695
841.093994 1712 1695 1712 1686 1697 1685 1689 1694
841.114014 1701 1715 1700 1707 1698 1683 1683 1699
841.133972 1687 1701 1729 1700 1690 1667 1686 1692
841.153992 1688 1719 1704 1681 1687 1675 1691 1712
841.174011 1698 1720 1704 1707 1690 1684 1675 1699
841.19397 1692 1707 1713 1700 1693 1693 1692 1690
841.215027 1698 1707 1711 1709 1694 1663 1688 1693
841.234985 1691 1711 1714 1705 1687 1670 1677 1686
841.255005 1698 1711 1718 1714 1702 1686 1686 1676
841.275024 1688 1710 1710 1710 1683 1665 1685 1700
841.294983 1693 1705 1684 1716 1688 1685 1662 1706
841.315002 1697 1703 1715 1715 1694 1692 1695 1695
841.335022 1699 1718 1718 1715 1694 1687 1689 1684
841.35498 1689 1710 1721 1699 1684 1687 1692 1701
841.375 1685 1725 1717 1700 1678 1680 1664 1699
841.39502 1685 1710 1711 1702 1688 1683 1692 1689
841.414978 1695 1721 1715 1701 1705 1684 1689 1701
841.434998 1694 1724 1702 1723 1697 1693 1684 1716
841.455994 1707 1702 1697 1712 1691 1678 1678 1692
841.476013 1712 1712 1711 1712 1693 1687 1692 1701
841.495972 1701 1702 1715 1708 1693 1680 1678 1698
841.515991 1692 1707 1738 1712 1697 1689 1680 1713
841.536011 1693 1699 1730 1727 1699 1698 1700 1697
841.55603 1690 1723 1726 1706 1683 1687 1690 1711
841.575989 1689 1711 1705 1695 1683 1683 1687 1701
841.596008 1703 1716 1722 1700 1705 1676 1694 1707
841.616028 1691 1701 1730 1715 1693 1695 1686 1690
841.635986 1702 1706 1723 1713 1682 1691 1688 1699
841.656006 1711 1718 1712 1713 1700 1679 1703 1691
841.676025 1693 1706 1717 1713 1688 1675 1682 1690
841.695984 1697 1711 1720 1730 1707 1675 1696 1701
841.716003 1695 1724 1705 1711 1710 1678 1689 1704
841.737 1685 1707 1733 1717 1675 1674 1685 1715
841.757019 1695 1721 1702 1709 1695 1686 1691 1698
841.776978 1694 1706 1717 1720 1688 1671 1673 1707
841.796997 1714 1705 1708 1716 1686 1670 1688 1695
841.817017 1691 1712 1718 1720 1685 1685 1688 1705
841.836975 1691 1715 1713 1703 1689 1675 1678 1706
841.856995 1697 1729 1709 1695 1699 1691 1673 1711
841.877014 1698 1708 1715 1699 1709 1688 1680 1701
841.896973 1700 1713 1719 1709 1694 1684 1691 1697
841.916992 1710 1708 1723 1708 1687 1664 1700 1708
841.937012 1688 1717 1707 1706 1691 1684 1683 1714
841.95697 1693 1711 1710 1709 1711 1683 1696 1701
841.97699 1683 1706 1714 1716 1694 1697 1689 1699
841.997009 1720 1722 1711 1704 1691 1690 1689 1689
842.018005 1693 1711 1713 1716 1694 1685 1678 1688
842.038025 1709 1708 1729 1715 1685 1696 1670 1713
842.057983 1697 1707 1705 1699 1701 1689 1681 1700
842.078003 1689 1715 1715 1689 1708 1695 1689 1723
842.098022 1681 1714 1720 1710 1684 1680 1680 1698
842.117981 1709 1720 1704 1712 1690 1681 1691 1687
842.138 1709 1703 1716 1717 1692 1683 1694 1697
842.15802 1695 1730 1701 1709 1684 1691 1704 1710
842.177979 1698 1702 1691 1703 1692 1683 1679 1696
842.197998 1698 1725 1708 1702 1678 1686 1674 1681
842.218018 1685 1702 1704 1702 1681 1687 1659 1706
842.237976 1701 1713 1723 1705 1680 1686 1687 1676
842.257996 1700 1704 1708 1700 1685 1682 1663 1698
842.278015 1711 1710 1714 1714 1690 1686 1689 1695
842.297974 1700 1701 1717 1720 1690 1680 1697 1696
842.317993 1712 1706 1734 1706 1690 1681 1692 1692
842.338013 1692 1727 1715 1718 1679 1686 1694 1700
842.357971 1708 1687 1705 1705 1692 1677 1682 1703
842.379028 1685 1692 1719 1696 1698 1670 1682 1681
842.398987 1689 1711 1707 1714 1700 1677 1681 1700
842.419006 1704 1711 1708 1696 1694 1664 1703 1699
842.439026 1702 1699 1714 1685 1679 1678 1681 1695
842.458984 1684 1722 1717 1708 1686 1676 1690 1694
842.479004 1690 1709 1718 1701 1704 1680 1706 1701
842.499023 1697 1714 1710 1716 1688 1694 1695 1697
842.518982 1713 1709 1713 1735 1683 1685 1676 1690
842.539001 1711 1718 1716 1721 1689 1688 1686 1693
842.559021 1694 1718 1725 1709 1699 1680 1672 1704
842.578979 1699 1701 1710 1699 1698 1687 1687 1701
842.598999 1696 1707 1717 1696 1684 1672 1689 1697
842.619019 1702 1704 1731 1720 1690 1678 1687 1702
842.638977 1700 1715 1727 1709 1679 1681 1681 1680
842.658997 1706 1716 1725 1702 1680 1678 1696 1700
842.679016 1691 1708 1729 1712 1702 1687 1699 1706
842.698975 1711 1725 1715 1723 1677 1671 1696 1698
842.718994 1712 1722 1730 1711 1709 1672 1689 1710
842.739014 1694 1711 1728 1703 1686 1679 1678 1696
842.758972 1697 1716 1720 1712 1682 1689 1695 1705
842.778992 1706 1727 1716 1718 1707 1696 1676 1697
842.799011 1716 1729 1733 1735 1702 1687 1686 1696
842.820007 1702 1720 1732 1697 1702 1701 1677 1713
842.840027 1703 1722 1730 1708 1708 1689 1681 1708
842.859985 1700 1717 1728 1701 1697 1702 1693 1707
842.880005 1713 1712 1707 1726 1698 1683 1693 1695
842.900024 1705 1713 1732 1697 1692 1703 1678 1719
842.919983 1714 1705 1714 1719 1703 1686 1663 1710
842.940002 1717 1725 1720 1718 1709 1683 1702 1702
842.960022 1716 1707 1716 1702 1694 1695 1694 1697
842.97998 1709 1727 1722 1718 1693 1679 1677 1714
843 1699 1716 1698 1711 1691 1688 1695 1711
843.02002 1685 1714 1728 1717 1699 1669 1689 1703
843.039978 1703 1718 1710 1715 1695 1664 1703 1712
843.059998 1699 1718 1717 1705 1682 1692 1694 1709
843.080017 1699 1714 1720 1709 1687 1686 1686 1693
843.099976 1706 1698 1720 1702 1680 1672 1707 1711
843.119995 1693 1714 1718 1720 1677 1701 1682 1698
843.140015 1697 1704 1720 1691 1680 1685 1703 1704
843.159973 1691 1721 1720 1722 1669 1685 1682 1706
843.179993 1708 1719 1727 1705 1695 1682 1684 1702
843.200012 1696 1719 1716 1711 1693 1677 1681 1696
843.219971 1700 1708 1729 1718 1689 1685 1699 1707
843.23999 1703 1731 1708 1696 1681 1685 1694 1701
843.26001 1697 1719 1724 1711 1714 1680 1680 1697
843.280029 1691 1717 1724 1710 1685 1682 1688 1708
843.299988 1699 1719 1714 1723 1693 1694 1695 1699
843.320007 1689 1728 1735 1712 1687 1697 1712 1704
843.340027 1702 1723 1726 1713 1695 1684 1670 1689
843.359985 1705 1731 1736 1725 1700 1685 1694 1680
843.380005 1708 1722 1721 1704 1688 1696 1688 1675
843.400024 1706 1720 1719 1716 1687 1694 1701 1698
843.419983 1705 1706 1732 1707 1714 1677 1696 1700
843.440002 1714 1718 1717 1710 1697 1683 1688 1692
843.460022 1712 1718 1736 1715 1693 1683 1662 1684
843.47998 1721 1714 1736 1703 1702 1687 1691 1696
843.5 1711 1702 1732 1717 1699 1693 1682 1701
843.52002 1699 1725 1715 1714 1683 1690 1692 1689
843.539978 1705 1699 1733 1704 1686 1688 1682 1696
843.559998 1689 1714 1734 1711 1702 1700 1676 1712
843.580994 1714 1716 1728 1711 1699 1681 1677 1718
843.601013 1683 1715 1718 1722 1684 1687 1683 1699
843.620972 1688 1735 1730 1706 1706 1679 1678 1705
843.640991 1699 1716 1735 1707 1703 1693 1697 1708
843.661011 1703 1722 1719 1723 1696 1689 1684 1703
843.68103 1691 1724 1727 1704 1704 1688 1683 1706
843.700989 1694 1718 1707 1711 1695 1694 1688 1706
843.721008 1702 1705 1726 1705 1691 1693 1681 1703
843.741028 1701 1708 1704 1708 1702 1692 1689 1689
843.760986 1721 1709 1717 1692 1696 1693 1686 1696
843.781006 1704 1718 1718 1711 1698 1675 1694 1703
843.801025 1690 1719 1711 1692 1701 1693 1685 1687
843.820984 1692 1722 1727 1714 1696 1682 1687 1698
843.841003 1694 1701 1727 1714 1688 1694 1658 1695
843.861023 1711 1704 1717 1720 1691 1685 1686 1682
843.880981 1721 1716 1709 1717 1687 1690 1671 1700
843.901001 1689 1705 1731 1699 1684 1679 1690 1696
843.921021 1685 1715 1711 1689 1691 1670 1688 1690
843.940979 1699 1717 1712 1719 1679 1680 1675 1695
843.960999 1701 1709 1709 1693 1684 1674 1688 1703
843.981018 1685 1712 1702 1716 1706 1685 1696 1685
844.000977 1690 1714 1709 1701 1677 1673 1683 1698
844.020996 1708 1707 1718 1698 1683 1676 1684 1690
844.041016 1699 1694 1719 1697 1688 1705 1686 1697
844.060974 1692 1708 1721 1716 1694 1690 1672 1697
844.080994 1687 1725 1728 1703 1690 1678 1680 1698
844.101013 1695 1707 1740 1705 1695 1707 1679 1699
844.120972 1696 1700 1711 1704 1693 1673 1694 1697
844.140991 1700 1695 1701 1695 1696 1697 1696 1704
844.161011 1686 1709 1721 1715 1692 1688 1671 1696
844.18103 1695 1717 1715 1707 1674 1683 1676 1691
844.200989 1683 1699 1730 1706 1695 1684 1680 1700
844.221008 1696 1710 1719 1699 1685 1700 1690 1689
844.241028 1688 1707 1728 1711 1713 1684 1686 1703
844.260986 1696 1718 1712 1714 1682 1695 1693 1702
844.281006 1687 1706 1714 1719 1700 1695 1677 1704
844.301025 1691 1700 1704 1713 1694 1683 1689 1684
844.320984 1697 1719 1731 1704 1696 1686 1677 1698
844.341003 1680 1706 1698 1707 1695 1691 1684 1693
844.361023 1691 1721 1708 1715 1681 1684 1690 1695
844.380981 1687 1692 1707 1707 1685 1682 1679 1706
844.401001 1701 1703 1697 1714 1685 1684 1678 1684
844.421021 1715 1706 1707 1690 1683 1694 1679 1703
844.440979 1694 1700 1704 1709 1693 1677 1674 1700
844.460999 1694 1713 1707 1716 1684 1673 1693 1698
844.481018 1707 1715 1724 1697 1693 1678 1673 1690
844.500977 1691 1707 1723 1711 1684 1676 1685 1699
844.520996 1711 1707 1710 1724 1682 1675 1685 1685
844.541016 1711 1703 1717 1693 1681 1681 1682 1697
844.559998 1687 1711 1711 1687 1668 1672 1688 1700
844.580017 1698 1700 1693 1705 1696 1677 1680 1690
844.599976 1677 1695 1709 1707 1693 1679 1672 1706
844.619995 1690 1710 1698 1701 1667 1667 1676 1687
844.640015 1693 1718 1716 1693 1687 1702 1688 1681
844.659973 1685 1707 1699 1698 1700 1673 1664 1682
844.679993 1690 1681 1704 1697 1697 1676 1674 1685
844.700012 1690 1699 1700 1690 1684 1673 1673 1677
844.719971 1686 1698 1710 1688 1692 1678 1694 1698
844.73999 1692 1700 1704 1722 1677 1678 1677 1692
844.76001 1676 1692 1695 1702 1686 1675 1682 1695
844.780029 1680 1685 1690 1692 1683 1678 1672 1698
844.799988 1684 1701 1721 1710 1677 1677 1668 1692
844.820007 1683 1699 1703 1700 1691 1662 1675 1682
844.840027 1687 1712 1703 1700 1680 1665 1677 1700
844.859985 1694 1706 1703 1701 1679 1676 1694 1674
844.880005 1692 1687 1701 1707 1673 1684 1669 1682
844.900024 1686 1705 1704 1704 1680 1665 1681 1687
844.919983 1692 1693 1705 1692 1677 1672 1682 1679
844.940002 1685 1690 1704 1695 1689 1679 1681 1675
844.960022 1670 1697 1690 1695 1678 1676 1677 1688
844.97998 1693 1701 1724 1690 1684 1679 1682 1695
845 1673 1709 1722 1702 1681 1671 1668 1693
845.02002 1689 1704 1708 1693 1677 1686 1661 1684
845.039978 1675 1700 1703 1689 1676 1683 1688 1679
845.059998 1686 1715 1711 1702 1675 1668 1670 1680
845.080017 1694 1700 1697 1691 1694 1686 1691 1687
845.099976 1686 1703 1701 1695 1681 1674 1681 1696
845.119995 1704 1703 1705 1697 1669 1668 1683 1680
845.140015 1683 1707 1714 1693 1692 1680 1673 1694
845.159973 1686 1710 1713 1677 1681 1668 1674 1675
845.179993 1691 1693 1705 1695 1689 1673 1682 1697
845.200012 1696 1704 1697 1706 1670 1688 1673 1704
845.219971 1691 1695 1702 1705 1686 1678 1669 1694
845.23999 1691 1699 1719 1695 1687 1686 1688 1685
845.26001 1682 1715 1721 1701 1658 1680 1687 1702
845.280029 1695 1709 1704 1701 1684 1676 1678 1694
845.299011 1693 1698 1702 1692 1682 1681 1686 1700
845.31897 1689 1703 1706 1706 1702 1672 1691 1694
845.338989 1678 1709 1697 1695 1689 1671 1663 1682
845.359009 1684 1696 1704 1695 1678 1675 1679 1689
845.379028 1707 1691 1704 1692 1683 1677 1685 1692
845.398987 1705 1703 1723 1708 1693 1680 1669 1682
845.419006 1706 1700 1705 1688 1696 1679 1669 1695
845.439026 1684 1702 1714 1702 1690 1696 1687 1686
845.458984 1697 1712 1710 1710 1686 1683 1679 1706
845.479004 1698 1702 1724 1696 1672 1671 1683 1696
845.499023 1684 1714 1702 1706 1687 1683 1692 1700
845.518982 1695 1707 1724 1710 1699 1674 1683 1705
845.539001 1694 1716 1721 1710 1705 1680 1669 1703
845.559021 1689 1706 1711 1713 1684 1680 1674 1705
845.578979 1696 1696 1726 1706 1700 1688 1677 1710
845.598999 1710 1701 1706 1711 1688 1669 1687 1694
845.619019 1698 1719 1718 1739 1705 1694 1665 1709
845.638977 1684 1710 1709 1711 1696 1679 1681 1706
845.658997 1716 1701 1717 1710 1711 1682 1682 1689
845.679016 1705 1706 1705 1703 1699 1677 1684 1699
845.698975 1703 1701 1716 1700 1683 1677 1694 1687
845.718994 1709 1708 1699 1710 1698 1688 1692 1697
845.737976 1710 1717 1718 1718 1703 1695 1687 1700
845.757996 1703 1707 1732 1696 1692 1696 1695 1698
845.778015 1681 1703 1722 1726 1688 1690 1693 1703
845.797974 1705 1699 1720 1736 1692 1674 1696 1701
845.817993 1702 1717 1729 1710 1690 1687 1663 1707
845.838013 1719 1723 1728 1707 1696 1686 1682 1714
845.857971 1699 1720 1708 1699 1688 1686 1666 1678
845.877991 1689 1699 1731 1723 1689 1681 1685 1692
845.89801 1701 1708 1719 1707 1694 1704 1681 1707
845.91803 1711 1726 1728 1731 1687 1670 1707 1706
845.937988 1714 1703 1708 1718 1691 1697 1684 1695
845.958008 1694 1719 1715 1720 1701 1674 1672 1695
845.978027 1709 1719 1700 1706 1705 1680 1687 1685
845.997986 1712 1712 1715 1721 1690 1686 1695 1690
846.018005 1703 1726 1721 1704 1694 1681 1695 1712
846.038025 1691 1719 1736 1700 1702 1677 1681 1690
846.057983 1690 1721 1717 1697 1679 1689 1687 1685
846.078003 1711 1702 1742 1694 1701 1686 1686 1714
846.096985 1692 1706 1725 1715 1688 1677 1682 1681
846.117004 1700 1710 1712 1711 1689 1694 1683 1707
846.137024 1689 1706 1715 1702 1689 1686 1687 1705
846.156982 1697 1723 1712 1691 1708 1688 1681 1690
846.177002 1706 1710 1724 1708 1678 1698 1689 1697
846.197021 1701 1709 1728 1725 1680 1679 1683 1695
846.21698 1696 1705 1732 1709 1694 1680 1681 1698
846.237 1684 1724 1725 1707 1680 1699 1665 1710
846.257019 1683 1708 1716 1706 1686 1683 1679 1697
846.276978 1707 1702 1703 1716 1689 1681 1707 1692
846.296997 1702 1710 1717 1691 1702 1674 1661 1690
846.317017 1702 1717 1706 1703 1694 1691 1674 1698
846.336975 1694 1715 1717 1699 1675 1694 1688 1689
846.356995 1690 1696 1718 1706 1692 1671 1691 1700
846.377014 1701 1717 1718 1701 1688 1678 1675 1707
846.395996 1706 1712 1717 1705 1688 1696 1679 1693
846.416016 1701 1695 1710 1700 1685 1685 1705 1711
846.435974 1703 1718 1716 1707 1691 1690 1688 1710
846.455994 1689 1717 1717 1704 1688 1687 1680 1708
846.476013 1701 1728 1720 1707 1695 1674 1696 1703
846.495972 1702 1702 1715 1702 1682 1689 1683 1701
846.515991 1710 1705 1728 1709 1694 1692 1700 1695
846.536011 1696 1714 1711 1711 1673 1688 1687 1692
846.55603 1693 1718 1719 1685 1691 1678 1692 1684
846.575989 1696 1717 1718 1714 1697 1680 1677 1707
846.596008 1686 1709 1703 1701 1689 1674 1687 1692
846.616028 1700 1704 1706 1712 1691 1684 1681 1694
846.63501 1691 1705 1728 1701 1680 1688 1678 1698
846.655029 1699 1704 1702 1703 1691 1673 1679 1687
846.674988 1698 1703 1716 1704 1689 1665 1676 1686
846.695007 1704 1707 1718 1693 1695 1693 1678 1711
846.715027 1685 1708 1698 1721 1684 1681 1677 1684
846.734985 1693 1725 1698 1720 1679 1673 1685 1682
846.755005 1680 1685 1728 1696 1675 1685 1668 1701
846.775024 1694 1720 1708 1705 1679 1687 1688 1681
846.794983 1684 1695 1714 1715 1680 1659 1671 1674
846.815002 1699 1689 1716 1694 1683 1672 1675 1695
846.835022 1675 1713 1700 1690 1688 1673 1676 1676
846.85498 1678 1707 1720 1683 1695 1683 1671 1688
846.875 1701 1696 1709 1705 1673 1677 1671 1689
846.893982 1696 1712 1719 1705 1706 1701 1694 1699
846.914001 1694 1716 1700 1700 1681 1678 1678 1688
846.934021 1678 1701 1708 1704 1702 1688 1691 1689
846.953979 1709 1703 1730 1713 1688 1691 1681 1686
846.973999 1682 1719 1705 1706 1697 1681 1673 1682
846.994019 1671 1696 1690 1719 1677 1664 1681 1685
847.013977 1701 1709 1717 1710 1690 1679 1686 1691
847.033997 1697 1707 1712 1704 1679 1675 1679 1680
847.054016 1685 1695 1698 1710 1692 1683 1680 1689
847.073975 1671 1723 1702 1700 1690 1687 1676 1704
847.093994 1701 1710 1718 1713 1673 1695 1689 1692
847.112976 1698 1712 1727 1721 1680 1677 1678 1687
847.132996 1699 1700 1714 1713 1695 1677 1680 1687
847.153015 1693 1692 1711 1695 1683 1685 1672 1685
847.172974 1703 1722 1705 1689 1688 1675 1682 1700
847.192993 1697 1706 1700 1692 1691 1675 1678 1704
847.213013 1680 1693 1717 1705 1693 1686 1674 1672
847.232971 1680 1694 1714 1699 1677 1682 1682 1704
847.252991 1702 1712 1696 1698 1673 1686 1677 1690
847.27301 1688 1702 1706 1708 1674 1686 1663 1696
847.29303 1682 1689 1694 1691 1694 1664 1675 1700
847.312012 1687 1700 1702 1710 1677 1680 1687 1673
847.33197 1690 1700 1713 1690 1676 1663 1679 1690
847.35199 1695 1701 1728 1702 1680 1682 1679 1699
847.372009 1693 1691 1715 1687 1675 1678 1684 1681
847.392029 1682 1691 1707 1686 1671 1670 1668 1685
847.411987 1686 1693 1710 1696 1675 1674 1660 1682
847.432007 1696 1705 1696 1693 1667 1671 1684 1692
847.452026 1684 1700 1696 1671 1685 1673 1666 1681
847.471985 1683 1689 1705 1695 1680 1687 1661 1695
847.492004 1692 1694 1691 1707 1687 1675 1670 1688
847.510986 1689 1689 1705 1687 1675 1665 1674 1678
847.531006 1683 1691 1687 1699 1669 1675 1677 1689
847.551025 1691 1685 1693 1699 1673 1661 1690 1688
847.570984 1684 1697 1692 1691 1682 1662 1655 1671
847.591003 1688 1689 1709 1690 1664 1669 1670 1684
847.611023 1695 1691 1701 1706 1675 1671 1663 1692
847.630981 1698 1704 1695 1689 1684 1669 1676 1692
847.651001 1688 1703 1699 1708 1672 1672 1660 1682
847.669983 1693 1707 1682 1690 1696 1672 1659 1689
847.690002 1674 1700 1693 1692 1678 1669 1673 1679
847.710022 1688 1684 1703 1695 1676 1673 1677 1683
847.72998 1682 1699 1700 1707 1673 1661 1665 1682
847.75 1676 1678 1696 1690 1663 1664 1672 1687
847.77002 1688 1702 1695 1688 1690 1660 1688 1700
847.789978 1704 1688 1700 1699 1679 1675 1677 1692
847.809998 1674 1698 1707 1686 1691 1679 1669 1681
847.830017 1702 1708 1697 1692 1686 1683 1671 1692
847.848999 1676 1699 1705 1682 1683 1673 1678 1703
847.869019 1675 1688 1709 1710 1689 1663 1687 1678
847.888977 1688 1714 1700 1695 1672 1662 1671 1706
847.908997 1684 1686 1717 1696 1685 1669 1669 1698
847.929016 1690 1692 1694 1693 1692 1678 1683 1695
847.948975 1682 1690 1715 1696 1674 1689 1669 1679
847.968994 1698 1704 1699 1709 1691 1670 1681 1683
847.989014 1682 1687 1711 1708 1682 1673 1666 1699
848.007996 1699 1707 1700 1697 1681 1672 1670 1700
848.028015 1699 1699 1701 1704 1677 1663 1670 1696
848.047974 1690 1715 1707 1707 1678 1698 1679 1702
848.067993 1692 1694 1688 1699 1684 1678 1692 1694
848.088013 1678 1707 1708 1708 1682 1678 1684 1696
848.107971 1708 1696 1724 1703 1668 1678 1677 1687
848.127991 1689 1711 1693 1708 1677 1667 1675 1698
848.14801 1697 1719 1696 1702 1688 1668 1681 1700
848.166992 1690 1692 1719 1705 1680 1658 1683 1701
848.187012 1672 1705 1710 1702 1683 1673 1684 1672
848.20697 1689 1694 1710 1705 1687 1668 1669 1678
848.22699 1692 1709 1713 1695 1676 1692 1684 1694
848.247009 1695 1715 1710 1710 1693 1684 1683 1689
848.267029 1678 1707 1720 1702 1686 1680 1686 1679
848.286987 1682 1707 1696 1691 1686 1672 1675 1689
848.307007 1683 1707 1699 1707 1688 1682 1698 1679
848.325989 1689 1703 1715 1720 1666 1676 1688 1708
848.346008 1700 1702 1706 1711 1689 1694 1675 1705
848.366028 1701 1697 1708 1707 1686 1684 1681 1704
848.385986 1695 1712 1703 1710 1705 1680 1688 1703
848.406006 1684 1706 1713 1691 1699 1676 1677 1692
848.426025 1702 1686 1709 1711 1689 1674 1681 1689
848.445984 1701 1707 1693 1708 1692 1689 1666 1707
848.466003 1694 1691 1726 1704 1704 1674 1698 1691
848.484985 1698 1701 1715 1701 1699 1679 1668 1702
848.505005 1694 1701 1711 1707 1683 1673 1680 1689
848.525024 1708 1722 1714 1702 1689 1667 1661 1699
848.544983 1687 1708 1725 1704 1680 1675 1695 1704
848.565002 1699 1699 1708 1713 1689 1680 1678 1696
848.585022 1685 1707 1718 1707 1679 1671 1681 1703
848.604004 1702 1716 1713 1700 1693 1695 1682 1697
848.624023 1687 1706 1717 1694 1686 1686 1674 1703
848.643982 1708 1700 1715 1704 1708 1673 1670 1681
848.664001 1705 1706 1708 1701 1699 1688 1684 1697
848.684021 1691 1702 1692 1704 1687 1683 1690 1692
848.703979 1706 1686 1720 1701 1703 1697 1686 1687
848.723999 1690 1689 1710 1697 1686 1679 1677 1692
848.742981 1707 1704 1699 1713 1694 1665 1675 1680
848.763 1690 1707 1722 1708 1692 1682 1665 1672
848.78302 1679 1725 1713 1703 1685 1672 1681 1696
848.802979 1698 1703 1703 1703 1674 1672 1675 1685
848.822998 1694 1697 1696 1708 1678 1681 1676 1679
848.843018 1685 1712 1712 1698 1693 1664 1690 1709
848.862976 1714 1713 1717 1705 1700 1695 1694 1697
848.882019 1707 1717 1732 1707 1710 1683 1689 1694
848.901978 1708 1728 1715 1711 1690 1696 1701 1696
848.921997 1709 1720 1724 1724 1690 1702 1701 1701
848.942017 1717 1713 1724 1713 1703 1688 1700 1714
848.961975 1722 1718 1717 1721 1694 1686 1702 1707
848.981995 1704 1709 1723 1727 1710 1688 1688 1703
849.002014 1710 1718 1715 1720 1701 1685 1700 1707
849.020996 1703 1714 1731 1717 1698 1676 1688 1704
849.041016 1701 1709 1730 1716 1696 1700 1696 1696
849.060974 1699 1732 1718 1698 1700 1675 1696 1693
849.080994 1703 1713 1709 1727 1708 1695 1692 1708
849.101013 1680 1726 1719 1738 1704 1687 1712 1693
849.120972 1697 1733 1724 1721 1701 1697 1695 1692
849.140015 1703 1713 1709 1718 1692 1693 1691 1709
849.159973 1721 1715 1725 1717 1685 1682 1693 1700
849.179993 1696 1719 1717 1717 1690 1691 1681 1709
849.200012 1704 1710 1714 1701 1700 1680 1686 1697
849.219971 1701 1713 1699 1710 1689 1689 1668 1712
849.23999 1713 1711 1708 1721 1700 1702 1681 1701
849.258972 1697 1717 1724 1698 1687 1685 1684 1707
849.278992 1706 1697 1725 1715 1681 1691 1678 1700
849.299011 1706 1719 1712 1716 1696 1691 1687 1694
849.31897 1710 1732 1709 1722 1698 1689 1681 1699
849.338989 1711 1701 1723 1707 1712 1681 1679 1698
849.359009 1702 1704 1716 1709 1709 1676 1677 1697
849.377991 1712 1726 1715 1694 1702 1688 1700 1696
849.39801 1695 1698 1721 1713 1685 1682 1683 1692
849.41803 1706 1709 1726 1706 1694 1702 1682 1690
849.437988 1697 1701 1711 1711 1693 1694 1682 1702
849.458008 1686 1701 1700 1703 1686 1671 1692 1698
849.478027 1699 1704 1715 1711 1696 1683 1680 1687
849.497009 1702 1718 1725 1693 1691 1683 1683 1704
849.517029 1700 1715 1715 1696 1698 1684 1698 1694
849.536987 1688 1700 1715 1713 1688 1689 1694 1701
849.557007 1694 1696 1701 1698 1686 1670 1673 1704
849.577026 1693 1707 1716 1688 1684 1682 1675 1679
849.596985 1690 1708 1708 1686 1665 1691 1688 1687
849.616028 1689 1716 1703 1716 1696 1675 1682 1701
849.635986 1693 1711 1719 1708 1698 1677 1685 1706
849.656006 1698 1719 1710 1688 1683 1665 1684 1690
849.676025 1695 1702 1716 1704 1690 1682 1684 1682
849.695984 1689 1691 1716 1714 1686 1679 1676 1710
849.716003 1699 1695 1712 1699 1686 1686 1674 1686
849.734985 1700 1713 1708 1696 1691 1673 1690 1694
849.755005 1687 1701 1700 1703 1681 1695 1680 1710
849.775024 1685 1702 1697 1701 1688 1688 1681 1689
849.794983 1672 1713 1719 1704 1682 1671 1693 1710
849.815002 1697 1695 1706 1704 1712 1674 1661 1688
849.833984 1691 1705 1715 1700 1684 1681 1673 1706
849.854004 1699 1720 1710 1705 1690 1685 1679 1688
849.874023 1705 1717 1713 1706 1700 1689 1678 1691
849.893982 1683 1711 1704 1701 1686 1682 1685 1706
849.914001 1696 1690 1711 1718 1682 1685 1687 1688
849.934021 1697 1709 1708 1705 1701 1691 1685 1702
849.953003 1696 1698 1704 1698 1705 1673 1676 1680
849.973022 1714 1695 1724 1703 1676 1679 1684 1703
849.992981 1703 1695 1726 1696 1704 1682 1697 1714
850.013 1704 1719 1713 1716 1683 1672 1676 1690
850.03302 1711 1713 1708 1705 1686 1685 1686 1705
850.052002 1713 1719 1718 1699 1695 1686 1692 1703
850.072021 1702 1708 1717 1716 1688 1672 1678 1705
850.09198 1706 1716 1721 1715 1693 1696 1692 1714
850.112 1686 1713 1723 1715 1695 1690 1698 1702
850.132019 1708 1717 1711 1704 1691 1682 1678 1690
850.151001 1691 1695 1715 1711 1711 1681 1669 1699
850.171021 1703 1714 1717 1704 1693 1683 1695 1687
850.190979 1691 1691 1712 1699 1683 1666 1688 1696
850.210999 1691 1695 1695 1703 1679 1679 1669 1695
850.231018 1683 1708 1700 1697 1677 1682 1680 1678
850.250977 1679 1690 1699 1717 1686 1674 1689 1692
850.27002 1697 1707 1698 1692 1677 1678 1673 1685
850.289978 1683 1695 1702 1702 1677 1670 1682 1683
850.309998 1680 1698 1715 1693 1673 1682 1666 1687
850.330017 1695 1695 1701 1696 1693 1669 1682 1690
850.349976 1693 1704 1705 1706 1694 1660 1673 1675
850.369019 1684 1692 1714 1703 1683 1681 1680 1692
850.388977 1699 1697 1708 1695 1677 1665 1674 1679
850.408997 1690 1704 1715 1679 1694 1664 1681 1682
850.429016 1690 1706 1711 1712 1685 1667 1677 1697
850.448975 1691 1714 1701 1695 1677 1674 1682 1688
850.468018 1700 1705 1720 1690 1680 1680 1681 1689
850.487976 1683 1697 1708 1710 1698 1679 1684 1677
850.507996 1682 1703 1697 1704 1688 1689 1679 1701
850.528015 1686 1694 1710 1713 1675 1677 1661 1695
850.547974 1698 1703 1708 1681 1704 1667 1660 1691
850.567017 1685 1712 1699 1707 1668 1673 1667 1698
850.586975 1708 1703 1686 1683 1668 1674 1665 1696
850.606995 1712 1710 1703 1704 1695 1683 1675 1697
850.627014 1691 1697 1694 1708 1674 1679 1676 1695
850.645996 1690 1689 1703 1699 1688 1671 1666 1696
850.666016 1675 1703 1714 1701 1690 1672 1696 1689
850.685974 1672 1693 1704 1689 1679 1680 1666 1685
850.705994 1676 1708 1703 1690 1689 1662 1672 1688
850.726013 1690 1714 1693 1688 1685 1673 1677 1684
850.744995 1680 1715 1698 1714 1670 1679 1670 1681
850.765015 1680 1707 1699 1677 1688 1677 1667 1679
850.784973 1690 1697 1702 1684 1688 1674 1660 1669
850.804993 1689 1694 1691 1709 1686 1671 1671 1688
850.825012 1675 1717 1705 1703 1686 1714 1680 1695
850.843994 1674 1710 1701 1699 1671 1670 1668 1684
850.864014 1688 1688 1704 1682 1662 1673 1690 1685
850.883972 1697 1695 1705 1698 1673 1665 1681 1687
850.903992 1689 1694 1709 1716 1689 1672 1668 1680
850.924011 1686 1710 1701 1692 1686 1700 1678 1678
850.942993 1682 1712 1713 1700 1670 1671 1681 1679
850.963013 1693 1701 1697 1699 1690 1677 1667 1692
850.982971 1690 1711 1699 1709 1686 1682 1671 1690
851.002991 1705 1700 1712 1694 1682 1671 1685 1669
851.021973 1702 1715 1727 1714 1678 1677 1663 1695
851.041992 1678 1704 1694 1698 1688 1670 1688 1700
851.062012 1680 1705 1692 1712 1677 1683 1685 1689
851.08197 1694 1707 1706 1692 1681 1691 1662 1679
851.10199 1686 1699 1727 1695 1680 1694 1672 1698
851.120972 1702 1708 1713 1690 1678 1686 1676 1681
851.140991 1696 1687 1694 1698 1681 1678 1670 1687
851.161011 1688 1691 1722 1697 1675 1672 1689 1693
851.18103 1678 1697 1697 1679 1680 1670 1674 1679
851.200012 1684 1700 1719 1693 1676 1682 1656 1690
851.219971 1662 1710 1704 1697 1692 1662 1669 1675
851.23999 1698 1702 1709 1704 1677 1668 1674 1685
851.26001 1693 1701 1700 1696 1679 1668 1676 1679
851.280029 1673 1702 1697 1686 1679 1679 1695 1667
851.299011 1686 1715 1697 1692 1686 1664 1674 1679
851.31897 1677 1690 1707 1697 1686 1674 1667 1667
851.338989 1678 1704 1685 1690 1667 1667 1677 1688
851.359009 1690 1687 1702 1699 1677 1665 1673 1686
851.377991 1688 1706 1696 1706 1680 1678 1670 1669
851.39801 1679 1696 1706 1691 1671 1656 1669 1671
851.41803 1674 1692 1699 1688 1671 1679 1672 1697
851.437988 1666 1686 1699 1687 1688 1666 1662 1676
851.45697 1671 1689 1697 1677 1685 1678 1683 1670
851.47699 1682 1693 1704 1676 1676 1675 1660 1671
851.497009 1704 1690 1695 1693 1681 1668 1672 1698
851.517029 1664 1683 1701 1683 1674 1675 1675 1667
851.536011 1673 1686 1701 1692 1673 1665 1656 1671
851.55603 1688 1699 1705 1690 1673 1676 1661 1681
851.575989 1689 1692 1707 1684 1662 1658 1675 1684
851.596008 1667 1703 1689 1698 1674 1662 1663 1686
851.616028 1686 1692 1703 1682 1666 1674 1671 1682
851.63501 1691 1707 1689 1690 1674 1671 1659 1676
851.655029 1691 1700 1703 1671 1658 1669 1668 1682
851.674988 1681 1692 1700 1671 1677 1669 1665 1678
851.695007 1662 1692 1699 1678 1656 1670 1662 1672
851.713989 1666 1679 1687 1679 1672 1665 1656 1675
851.734009 1687 1681 1682 1691 1662 1671 1665 1681
851.754028 1685 1680 1698 1673 1673 1649 1666 1697
851.773987 1679 1696 1703 1685 1666 1656 1670 1669
851.79303 1666 1680 1691 1681 1683 1669 1681 1675
851.812988 1666 1692 1687 1685 1675 1666 1664 1672
851.833008 1674 1678 1707 1690 1678 1661 1675 1671
851.853027 1665 1682 1705 1691 1653 1664 1671 1676
851.872009 1672 1680 1697 1674 1658 1672 1657 1672
851.892029 1676 1691 1682 1693 1664 1676 1651 1673
851.911987 1682 1685 1689 1674 1661 1666 1677 1673
851.932007 1676 1689 1688 1682 1665 1670 1679 1687
851.950989 1679 1704 1691 1694 1681 1661 1656 1674
851.971008 1676 1681 1690 1684 1679 1658 1653 1674
851.991028 1687 1676 1703 1671 1670 1680 1675 1677
852.010986 1690 1677 1697 1674 1669 1656 1669 1665
852.030029 1690 1692 1700 1693 1665 1667 1666 1681
852.049988 1673 1691 1689 1687 1678 1666 1649 1676
852.070007 1680 1684 1680 1682 1680 1662 1669 1664
852.090027 1674 1694 1694 1675 1669 1673 1660 1683
852.109009 1680 1687 1691 1685 1678 1680 1668 1693
852.129028 1674 1689 1692 1689 1673 1668 1682 1661
852.148987 1666 1686 1694 1683 1665 1664 1649 1678
852.169006 1677 1693 1698 1673 1668 1652 1661 1679
852.187988 1672 1701 1701 1682 1679 1666 1671 1665
852.208008 1684 1684 1679 1684 1665 1676 1675 1669
852.228027 1678 1678 1674 1698 1676 1672 1668 1669
852.247986 1679 1691 1686 1682 1676 1660 1662 1679
852.267029 1686 1696 1697 1675 1675 1668 1665 1665
852.286987 1680 1685 1705 1694 1672 1675 1654 1692
852.307007 1690 1696 1689 1689 1669 1666 1675 1678
852.327026 1689 1686 1684 1689 1686 1652 1671 1681
852.346008 1674 1683 1694 1674 1684 1662 1667 1673
852.366028 1669 1682 1697 1685 1695 1657 1667 1689
852.385986 1670 1694 1707 1688 1668 1665 1671 1679
852.406006 1696 1696 1674 1700 1673 1662 1663 1677
852.424988 1676 1684 1686 1693 1674 1655 1672 1678
852.445007 1687 1713 1688 1686 1684 1660 1671 1659
852.465027 1666 1697 1695 1691 1678 1657 1664 1692
852.484009 1689 1701 1686 1690 1677 1659 1660 1683
852.504028 1698 1697 1690 1692 1674 1658 1662 1686
852.523987 1680 1699 1697 1689 1673 1667 1666 1659
852.544006 1676 1699 1703 1696 1676 1669 1653 1674
852.562988 1674 1685 1693 1672 1669 1664 1663 1663
852.583008 1664 1674 1698 1698 1671 1658 1663 1672
852.603027 1679 1693 1705 1679 1659 1669 1665 1669
852.622986 1666 1713 1707 1689 1669 1676 1657 1667
852.642029 1678 1688 1704 1684 1687 1665 1657 1684
852.661987 1680 1691 1695 1680 1675 1659 1656 1685
852.682007 1675 1682 1702 1697 1660 1676 1676 1680
852.700989 1662 1682 1681 1681 1671 1666 1658 1675
852.721008 1674 1671 1699 1670 1671 1668 1653 1683
852.741028 1684 1683 1688 1684 1679 1663 1664 1687
852.760986 1669 1692 1689 1672 1674 1665 1669 1675
852.780029 1676 1679 1701 1710 1677 1684 1648 1670
852.799988 1672 1689 1686 1681 1671 1664 1662 1674
852.820007 1674 1678 1707 1691 1667 1677 1661 1684
852.840027 1673 1684 1695 1683 1671 1656 1666 1677
852.859009 1663 1683 1694 1684 1667 1667 1665 1678
852.879028 1680 1682 1701 1668 1673 1652 1659 1671
852.898987 1680 1695 1708 1679 1684 1658 1665 1680
852.91803 1689 1699 1688 1676 1662 1664 1663 1666
852.937988 1677 1686 1694 1677 1683 1675 1672 1673
852.958008 1677 1686 1703 1677 1667 1668 1671 1692
852.978027 1676 1694 1693 1702 1667 1661 1648 1671
852.997009 1659 1688 1686 1685 1678 1661 1657 1686
853.017029 1681 1695 1694 1687 1657 1671 1669 1683
853.036987 1687 1684 1694 1693 1684 1660 1674 1655
853.05603 1675 1694 1707 1689 1672 1675 1649 1685
853.075989 1670 1697 1704 1683 1675 1668 1663 1674
853.096008 1669 1695 1696 1688 1668 1654 1668 1672
853.116028 1688 1687 1685 1680 1677 1660 1664 1686
853.13501 1671 1687 1683 1693 1674 1662 1664 1674
853.155029 1676 1674 1702 1686 1661 1668 1674 1678
853.174988 1679 1693 1693 1681 1671 1670 1683 1676
853.19397 1675 1692 1680 1692 1679 1659 1658 1672
853.213989 1674 1689 1694 1683 1673 1654 1654 1684
853.234009 1689 1695 1683 1687 1674 1665 1675 1679
853.254028 1674 1672 1696 1682 1668 1658 1655 1675
853.27301 1659 1708 1679 1693 1667 1670 1666 1676
853.29303 1679 1688 1701 1693 1655 1663 1666 1663
853.312988 1678 1680 1702 1691 1681 1656 1664 1679
853.33197 1683 1692 1706 1680 1676 1671 1662 1668
853.35199 1681 1691 1700 1674 1662 1655 1663 1683
853.372009 1665 1698 1684 1686 1676 1660 1659 1668
853.390991 1673 1673 1693 1683 1657 1656 1670 1680
853.411011 1668 1689 1679 1685 1670 1664 1660 1680
853.43103 1678 1686 1687 1676 1678 1660 1667 1664
853.450989 1678 1680 1691 1686 1669 1671 1664 1665
853.469971 1690 1689 1706 1687 1684 1659 1664 1675
853.48999 1692 1696 1696 1676 1663 1658 1661 1691
853.51001 1680 1675 1682 1680 1667 1671 1667 1683
853.528992 1657 1675 1686 1690 1672 1659 1656 1687
853.549011 1691 1697 1680 1674 1678 1667 1666 1666
853.56897 1674 1695 1687 1696 1666 1656 1656 1681
853.588989 1680 1689 1694 1672 1660 1662 1657 1667
853.607971 1669 1689 1676 1689 1666 1661 1652 1683
853.627991 1678 1682 1685 1682 1678 1670 1659 1673
853.64801 1674 1693 1708 1689 1671 1666 1659 1668
853.666992 1676 1680 1693 1682 1679 1664 1662 1666
853.687012 1668 1690 1688 1680 1676 1651 1668 1674
853.70697 1655 1681 1690 1699 1666 1661 1669 1672
853.726013 1684 1688 1695 1692 1676 1663 1664 1677
853.745972 1662 1696 1699 1674 1679 1656 1663 1673
853.765991 1670 1689 1697 1674 1676 1657 1657 1672
853.784973 1683 1699 1699 1679 1666 1656 1653 1670
853.804993 1657 1690 1693 1693 1678 1667 1642 1674
853.825012 1672 1693 1697 1695 1680 1664 1670 1683
853.844971 1661 1686 1690 1680 1669 1657 1649 1682
853.864014 1683 1702 1697 1679 1682 1664 1675 1683
853.883972 1682 1693 1688 1679 1667 1666 1669 1686
853.903992 1659 1686 1688 1665 1671 1659 1660 1673
853.922974 1678 1691 1698 1673 1653 1662 1660 1689
853.942993 1677 1683 1694 1684 1666 1671 1675 1670
853.963013 1677 1690 1697 1688 1662 1654 1671 1675
853.981995 1683 1688 1692 1699 1684 1666 1665 1680
854.002014 1679 1699 1688 1698 1661 1662 1667 1676
854.021973 1675 1691 1686 1676 1666 1682 1675 1689
854.041016 1679 1695 1695 1685 1675 1670 1663 1681
854.060974 1681 1686 1685 1690 1665 1673 1679 1679
854.080994 1693 1702 1698 1696 1671 1668 1676 1669
854.099976 1683 1695 1705 1703 1684 1675 1653 1681
854.119995 1681 1690 1696 1698 1677 1666 1675 1685
854.140015 1691 1699 1706 1688 1680 1677 1665 1673
854.158997 1668 1683 1685 1685 1655 1666 1672 1683
854.179016 1677 1709 1689 1695 1688 1663 1675 1687
854.198975 1683 1707 1708 1684 1673 1674 1682 1674
854.218994 1681 1681 1699 1697 1688 1692 1659 1686
854.237976 1688 1705 1710 1700 1670 1660 1656 1681
854.257996 1678 1697 1707 1695 1689 1667 1668 1677
854.278015 1673 1687 1687 1676 1684 1669 1668 1673
854.296997 1683 1695 1690 1673 1674 1660 1674 1678
854.317017 1681 1697 1704 1699 1671 1676 1669 1679
854.336975 1681 1686 1708 1690 1665 1660 1656 1676
854.356018 1686 1685 1696 1683 1675 1663 1685 1667
854.375977 1677 1690 1696 1690 1667 1666 1674 1682
854.395996 1672 1694 1689 1670 1671 1659 1667 1672
854.414978 1682 1694 1687 1685 1672 1664 1678 1653
854.434998 1677 1691 1689 1683 1685 1661 1655 1699
854.455017 1687 1693 1699 1689 1671 1663 1665 1681
854.473999 1690 1693 1697 1678 1663 1662 1662 1670
854.494019 1652 1676 1695 1676 1668 1663 1654 1675
854.513977 1682 1687 1683 1688 1675 1662 1683 1667
854.53302 1674 1681 1680 1694 1673 1668 1659 1680
854.552979 1672 1686 1692 1696 1668 1651 1665 1672
854.572998 1672 1689 1683 1682 1666 1654 1647 1688
854.59198 1676 1703 1683 1672 1668 1645 1663 1666
854.612 1675 1691 1692 1691 1677 1669 1649 1673
854.632019 1669 1683 1687 1682 1676 1668 1665 1668
854.651001 1691 1679 1685 1674 1664 1663 1659 1671
854.671021 1670 1678 1697 1686 1666 1653 1662 1673
854.690979 1663 1694 1685 1657 1670 1670 1673 1682
854.710022 1681 1683 1689 1680 1660 1652 1674 1671
854.72998 1670 1685 1690 1685 1661 1666 1662 1689
854.75 1673 1676 1688 1677 1673 1651 1649 1659
854.768982 1671 1687 1681 1685 1660 1669 1649 1674
854.789001 1682 1688 1690 1702 1664 1664 1658 1671
854.807983 1669 1681 1697 1680 1667 1666 1665 1675
854.828003 1682 1681 1698 1687 1672 1661 1667 1677
854.848022 1665 1706 1692 1678 1672 1643 1660 1675
854.867004 1658 1698 1703 1694 1660 1662 1648 1672
854.887024 1678 1700 1675 1692 1663 1658 1659 1677
854.906982 1666 1688 1678 1668 1663 1667 1675 1676
854.926025 1675 1672 1702 1684 1670 1665 1676 1679
854.945984 1666 1690 1700 1660 1667 1649 1661 1681
854.966003 1668 1683 1695 1678 1678 1659 1657 1678
854.984985 1672 1691 1687 1676 1664 1668 1663 1680
855.005005 1675 1692 1695 1679 1661 1665 1671 1678
855.025024 1667 1674 1687 1689 1680 1675 1687 1670
855.044006 1673 1678 1684 1677 1670 1658 1660 1675
855.064026 1665 1684 1682 1684 1677 1653 1658 1680
855.083984 1670 1689 1686 1686 1679 1659 1673 1680
855.103027 1686 1680 1677 1679 1689 1672 1655 1677
855.122986 1672 1690 1677 1682 1678 1663 1672 1677
855.143005 1674 1690 1687 1685 1669 1662 1666 1674
855.161987 1674 1686 1688 1684 1662 1657 1662 1677
855.182007 1669 1681 1681 1690 1681 1660 1675 1670
855.200989 1667 1692 1697 1683 1662 1664 1653 1672
855.221008 1668 1684 1681 1689 1653 1669 1670 1663
855.241028 1679 1676 1684 1695 1669 1656 1660 1668
855.26001 1688 1675 1702 1699 1668 1665 1676 1657
855.280029 1673 1685 1688 1681 1671 1648 1649 1661
855.299988 1668 1694 1672 1684 1681 1653 1662 1675
855.31897 1680 1672 1705 1699 1673 1678 1664 1683
855.338989 1684 1685 1691 1701 1663 1648 1667 1672
855.359009 1661 1688 1692 1681 1674 1651 1663 1671
855.377991 1672 1677 1696 1680 1679 1658 1658 1674
855.39801 1680 1690 1674 1701 1678 1654 1667 1667
855.41803 1674 1697 1698 1680 1682 1659 1675 1667
855.437012 1659 1675 1697 1682 1667 1656 1658 1659
855.45697 1672 1695 1678 1679 1672 1656 1683 1671
855.476013 1690 1688 1684 1675 1663 1664 1660 1654
855.495972 1663 1676 1684 1690 1671 1658 1663 1668
855.515991 1677 1681 1705 1693 1655 1648 1659 1675
855.534973 1675 1686 1684 1672 1667 1659 1655 1671
855.554993 1660 1697 1678 1683 1664 1664 1659 1666
855.575012 1676 1687 1698 1681 1666 1666 1664 1670
855.593994 1678 1695 1698 1694 1656 1660 1666 1676
855.614014 1668 1695 1687 1694 1661 1651 1660 1670
855.633972 1681 1684 1679 1679 1667 1661 1654 1665
855.653015 1672 1696 1681 1676 1652 1663 1666 1672
855.672974 1655 1697 1693 1672 1680 1654 1659 1686
855.692017 1675 1695 1694 1665 1659 1651 1651 1665
855.711975 1676 1696 1708 1689 1659 1685 1662 1670
855.731995 1664 1683 1696 1692 1668 1665 1655 1675
855.750977 1677 1679 1696 1694 1666 1651 1661 1669
855.770996 1683 1678 1690 1687 1672 1674 1662 1689
855.791016 1691 1683 1701 1695 1671 1659 1694 1667
855.809998 1669 1689 1689 1681 1658 1668 1672 1663
855.830017 1671 1688 1702 1673 1670 1657 1658 1670
855.848999 1673 1684 1679 1671 1673 1651 1651 1665
855.869019 1689 1669 1680 1684 1672 1664 1656 1678
855.888977 1681 1676 1678 1686 1654 1657 1665 1665
855.90802 1675 1688 1681 1673 1660 1662 1677 1663
855.927979 1673 1687 1689 1676 1686 1666 1670 1672
855.947998 1678 1693 1686 1676 1659 1659 1659 1671
855.96698 1687 1698 1687 1692 1675 1682 1654 1689
855.987 1676 1691 1684 1666 1669 1667 1637 1679
856.005981 1684 1684 1684 1693 1681 1671 1662 1659
856.026001 1670 1688 1676 1691 1657 1658 1663 1677
856.046021 1673 1683 1708 1683 1668 1662 1664 1685
856.065002 1667 1681 1682 1688 1669 1664 1652 1672
856.085022 1680 1683 1689 1684 1676 1657 1664 1668
856.104004 1672 1684 1688 1674 1671 1665 1658 1671
856.124023 1681 1686 1694 1673 1689 1665 1673 1673
856.143982 1675 1699 1692 1690 1658 1667 1672 1670
856.163025 1677 1696 1691 1688 1650 1663 1669 1668
856.182983 1680 1706 1705 1676 1671 1660 1667 1671
856.203003 1684 1679 1685 1688 1671 1656 1682 1679
856.221985 1680 1698 1676 1682 1659 1671 1646 1685
856.242004 1664 1691 1702 1683 1669 1669 1654 1676
856.260986 1660 1686 1704 1680 1677 1665 1657 1668
856.281006 1685 1691 1689 1680 1671 1654 1663 1666
856.301025 1672 1690 1701 1682 1665 1671 1654 1671
856.320007 1677 1690 1693 1690 1662 1651 1658 1675
856.340027 1670 1696 1694 1679 1654 1667 1656 1672
856.359009 1673 1689 1689 1682 1662 1661 1666 1688
856.379028 1669 1670 1695 1691 1668 1650 1686 1677
856.398987 1667 1701 1702 1669 1664 1666 1671 1685
856.41803 1678 1675 1675 1680 1664 1651 1657 1674
856.437988 1671 1685 1684 1689 1658 1665 1680 1669
856.45697 1660 1686 1697 1670 1663 1668 1668 1654
856.47699 1666 1687 1692 1679 1667 1663 1669 1688
856.497009 1670 1680 1684 1683 1684 1657 1650 1666
856.515991 1656 1680 1680 1695 1660 1671 1666 1682
856.536011 1669 1682 1681 1668 1675 1661 1666 1673
856.554993 1673 1686 1680 1690 1668 1654 1658 1666
856.575012 1669 1681 1689 1673 1667 1656 1669 1667
856.594971 1677 1692 1677 1666 1660 1650 1672 1678
856.614014 1680 1679 1686 1680 1661 1662 1654 1660
856.633972 1665 1671 1679 1687 1673 1654 1666 1663
856.653015 1683 1691 1683 1669 1655 1672 1655 1666
856.672974 1671 1682 1684 1680 1682 1653 1666 1658
856.692993 1662 1681 1686 1678 1662 1644 1677 1674
856.711975 1660 1695 1680 1689 1659 1638 1641 1669
856.731995 1686 1690 1692 1678 1651 1650 1663 1658
856.750977 1670 1673 1688 1664 1670 1657 1650 1669
856.770996 1670 1679 1684 1671 1664 1657 1659 1685
856.791016 1660 1686 1691 1689 1673 1651 1667 1680
856.809998 1678 1675 1680 1678 1657 1679 1647 1679
856.830017 1691 1680 1685 1667 1668 1661 1647 1669
856.848999 1668 1677 1680 1684 1672 1651 1669 1671
856.869019 1669 1681 1689 1684 1658 1660 1644 1665
856.888 1666 1674 1670 1685 1659 1656 1657 1672
856.90802 1665 1698 1673 1671 1666 1657 1663 1655
856.927979 1675 1684 1681 1672 1672 1664 1656 1669
856.947021 1656 1693 1698 1690 1659 1666 1650 1675
856.96698 1685 1680 1686 1686 1660 1659 1651 1669
856.986023 1664 1689 1681 1668 1666 1660 1671 1678
857.005981 1676 1675 1689 1694 1667 1663 1660 1668
857.026001 1666 1679 1673 1678 1673 1668 1667 1674
857.044983 1667 1679 1681 1672 1660 1655 1652 1672
857.065002 1679 1680 1695 1677 1668 1659 1664 1676
857.083984 1665 1688 1682 1678 1669 1650 1647 1663
857.104004 1682 1681 1694 1684 1661 1664 1654 1675
857.122986 1674 1683 1683 1670 1663 1655 1646 1691
857.143005 1668 1685 1681 1668 1658 1662 1657 1688
857.163025 1657 1673 1686 1680 1657 1661 1663 1666
857.182007 1662 1697 1691 1682 1669 1665 1661 1658
857.202026 1666 1681 1686 1677 1668 1647 1650 1678
857.221008 1666 1681 1689 1682 1650 1655 1668 1681
857.241028 1674 1683 1675 1675 1674 1659 1666 1663
857.260986 1668 1692 1696 1687 1662 1657 1669 1681
857.280029 1675 1681 1692 1679 1672 1666 1657 1677
857.299988 1662 1695 1681 1683 1665 1657 1676 1661
857.31897 1663 1670 1679 1682 1669 1659 1653 1675
857.338989 1668 1684 1678 1688 1658 1668 1652 1674
857.357971 1682 1677 1696 1698 1665 1670 1664 1664
857.377991 1664 1695 1679 1677 1656 1647 1659 1675
857.39801 1661 1689 1687 1683 1661 1667 1650 1662
857.416992 1679 1677 1687 1694 1668 1644 1655 1674
857.437012 1681 1696 1681 1665 1648 1658 1658 1672
857.455994 1686 1690 1687 1684 1668 1672 1663 1662
857.476013 1660 1671 1703 1679 1668 1658 1659 1679
857.494995 1684 1680 1702 1681 1656 1668 1649 1669
857.515015 1663 1671 1681 1677 1662 1656 1666 1680
857.534973 1670 1681 1675 1683 1673 1654 1670 1678
857.554016 1675 1674 1682 1683 1664 1663 1653 1689
857.573975 1665 1688 1682 1666 1678 1673 1671 1682
857.593018 1664 1687 1693 1696 1665 1661 1663 1664
857.612976 1661 1680 1668 1677 1651 1657 1657 1673
857.632019 1666 1681 1686 1682 1663 1660 1662 1682
857.651978 1663 1668 1683 1671 1671 1661 1651 1662
857.671997 1664 1679 1678 1680 1665 1664 1655 1675
857.690979 1683 1698 1683 1675 1660 1660 1664 1677
857.710999 1666 1682 1696 1691 1674 1656 1667 1668
857.72998 1667 1685 1685 1694 1662 1646 1652 1665
857.75 1680 1688 1676 1675 1660 1653 1654 1675
857.768982 1669 1683 1690 1667 1666 1655 1653 1675
857.789001 1670 1671 1681 1675 1665 1668 1665 1680
857.807983 1680 1675 1675 1668 1663 1666 1650 1674
857.828003 1677 1681 1693 1684 1661 1667 1663 1671
857.848022 1673 1681 1690 1675 1672 1656 1658 1691
857.867004 1675 1694 1678 1692 1665 1649 1665 1682
857.887024 1678 1683 1691 1672 1656 1664 1657 1683
857.906006 1679 1696 1672 1683 1663 1650 1666 1671
857.926025 1678 1686 1691 1689 1666 1664 1663 1674
857.945007 1668 1681 1691 1666 1660 1668 1663 1660
857.965027 1659 1667 1690 1691 1670 1665 1652 1676
857.984009 1664 1684 1666 1663 1663 1660 1658 1665
858.004028 1669 1672 1682 1696 1665 1648 1676 1670
858.02301 1673 1688 1682 1675 1669 1663 1656 1673
858.04303 1657 1697 1688 1665 1660 1670 1661 1668
858.062988 1669 1692 1702 1672 1664 1656 1670 1683
858.08197 1667 1705 1690 1674 1662 1671 1658 1680
858.10199 1654 1711 1694 1672 1676 1671 1652 1668
858.120972 1667 1681 1668 1695 1651 1663 1664 1670
858.140991 1671 1673 1689 1680 1659 1657 1663 1677
858.159973 1669 1680 1694 1686 1666 1676 1651 1674
858.179993 1667 1685 1684 1672 1667 1664 1637 1668
858.198975 1669 1674 1698 1690 1652 1655 1668 1665
858.218994 1677 1679 1677 1680 1661 1661 1660 1672
858.239014 1674 1700 1684 1684 1657 1657 1662 1679
858.257996 1678 1682 1683 1673 1667 1645 1646 1671
858.278015 1666 1680 1692 1674 1660 1652 1655 1678
858.296997 1680 1684 1667 1689 1653 1664 1666 1659
858.317017 1662 1685 1695 1697 1663 1655 1662 1680
858.335999 1674 1685 1679 1666 1650 1678 1664 1677
858.356018 1679 1678 1679 1688 1663 1656 1661 1667
858.375 1691 1695 1683 1686 1665 1673 1649 1673
858.39502 1671 1684 1677 1679 1661 1655 1667 1676
858.414001 1677 1672 1682 1691 1663 1643 1663 1678
858.434021 1659 1687 1692 1703 1666 1659 1660 1667
858.453003 1670 1678 1688 1670 1671 1662 1661 1670
858.473022 1677 1687 1679 1678 1662 1647 1661 1655
858.492004 1665 1679 1676 1697 1659 1674 1657 1660
858.512024 1683 1686 1691 1679 1659 1662 1644 1662
858.531982 1665 1702 1685 1676 1662 1653 1664 1665
858.551025 1667 1674 1685 1686 1677 1656 1652 1667
858.570984 1673 1669 1666 1674 1687 1654 1659 1666
858.590027 1671 1674 1686 1686 1657 1665 1663 1674
858.609985 1669 1673 1681 1674 1652 1662 1653 1669
858.629028 1663 1684 1700 1680 1664 1649 1669 1672
858.648987 1680 1696 1694 1683 1666 1652 1664 1673
858.66803 1677 1688 1706 1686 1677 1658 1658 1667
858.687988 1672 1660 1678 1693 1659 1666 1654 1673
858.70697 1679 1692 1693 1689 1679 1648 1669 1682
858.72699 1684 1692 1697 1683 1669 1661 1681 1673
858.745972 1687 1674 1686 1670 1674 1641 1660 1672
858.765991 1690 1690 1686 1675 1670 1657 1673 1681
858.784973 1683 1686 1695 1680 1673 1659 1653 1672
858.804993 1670 1691 1693 1696 1664 1667 1659 1677
858.823975 1664 1682 1694 1674 1667 1669 1656 1687
858.843994 1679 1682 1702 1664 1674 1669 1659 1662
858.864014 1677 1686 1689 1684 1658 1672 1670 1683
858.882996 1683 1674 1682 1682 1670 1654 1670 1670
858.903015 1672 1676 1684 1680 1687 1649 1668 1676
858.921997 1660 1676 1695 1695 1664 1665 1667 1680
858.942017 1671 1690 1674 1678 1671 1664 1657 1664
858.960999 1680 1684 1683 1690 1660 1668 1655 1666
858.981018 1693 1681 1702 1679 1672 1655 1650 1669
859 1678 1679 1683 1681 1686 1660 1666 1663
859.02002 1660 1673 1696 1681 1652 1668 1661 1678
859.039001 1664 1664 1686 1686 1667 1657 1667 1668
859.059021 1684 1682 1686 1679 1671 1666 1653 1676
859.078003 1680 1685 1686 1678 1666 1662 1655 1688
859.098022 1668 1691 1690 1671 1660 1652 1667 1657
859.117004 1683 1697 1685 1677 1668 1670 1664 1678
859.137024 1673 1680 1693 1679 1661 1656 1648 1658
859.156006 1654 1679 1676 1680 1671 1676 1652 1677
859.176025 1676 1689 1681 1692 1677 1669 1672 1681
859.195007 1664 1680 1686 1679 1659 1654 1662 1674
859.215027 1659 1672 1700 1681 1666 1670 1652 1665
859.234009 1663 1686 1681 1674 1669 1662 1659 1661
859.254028 1658 1694 1672 1679 1653 1658 1664 1669
859.27301 1673 1680 1692 1682 1675 1669 1674 1677
859.29303 1665 1678 1681 1688 1663 1661 1670 1658
859.312012 1666 1687 1696 1676 1654 1654 1661 1655
859.33197 1670 1696 1682 1682 1661 1652 1675 1662
859.351013 1666 1681 1686 1693 1673 1657 1657 1673
859.370972 1694 1684 1689 1683 1666 1654 1658 1664
859.390015 1678 1692 1691 1670 1678 1662 1657 1669
859.409973 1667 1688 1702 1672 1662 1666 1662 1692
859.429016 1665 1681 1685 1678 1674 1665 1665 1665
859.448975 1665 1677 1702 1680 1689 1656 1653 1677
859.468018 1693 1684 1686 1678 1676 1655 1660 1660
859.487976 1682 1693 1690 1683 1674 1661 1647 1660
859.507019 1681 1685 1684 1679 1660 1675 1653 1669
859.526978 1663 1695 1700 1661 1682 1664 1658 1676
859.546021 1666 1678 1693 1682 1668 1666 1664 1684
859.565979 1663 1688 1682 1678 1675 1661 1644 1664
859.585022 1668 1671 1687 1681 1669 1664 1675 1692
859.60498 1683 1675 1692 1677 1677 1650 1666 1675
859.624023 1683 1680 1691 1677 1651 1657 1666 1666
859.643982 1675 1696 1710 1674 1678 1665 1664 1681
859.663025 1676 1699 1688 1674 1683 1670 1669 1678
859.682983 1692 1678 1687 1679 1669 1665 1669 1688
859.702026 1684 1689 1700 1674 1662 1673 1675 1667
859.721985 1693 1687 1673 1679 1664 1652 1664 1671
859.741028 1673 1689 1680 1672 1674 1666 1658 1668
859.760986 1660 1688 1691 1682 1665 1655 1663 1697
859.780029 1690 1673 1677 1683 1666 1659 1665 1685
859.799988 1674 1697 1690 1676 1657 1660 1663 1668
859.81897 1676 1678 1690 1686 1676 1660 1659 1656
859.838989 1680 1682 1685 1681 1659 1665 1662 1698
859.857971 1671 1682 1692 1671 1668 1657 1672 1681
859.877991 1672 1663 1695 1690 1659 1654 1659 1681
859.896973 1661 1671 1673 1672 1663 1639 1658 1687
859.916992 1669 1673 1698 1675 1659 1654 1656 1678
859.935974 1690 1683 1666 1676 1654 1658 1644 1655
859.955994 1675 1699 1689 1674 1669 1660 1667 1673
859.974976 1655 1677 1694 1682 1666 1650 1658 1674
859.994995 1670 1681 1692 1677 1653 1658 1645 1665
860.013977 1671 1685 1682 1668 1654 1669 1656 1679
860.033997 1671 1662 1695 1691 1669 1679 1652 1676
860.052979 1665 1695 1690 1674 1669 1657 1656 1668
860.072998 1672 1673 1689 1673 1654 1655 1656 1680
860.09198 1672 1690 1671 1671 1652 1653 1655 1670
860.112 1679 1694 1668 1677 1668 1673 1651 1646
860.130981 1667 1672 1679 1686 1653 1649 1655 1673
860.151001 1678 1671 1685 1682 1672 1644 1657 1676
860.169983 1674 1682 1693 1678 1655 1660 1668 1675
860.189026 1662 1674 1684 1663 1671 1655 1662 1685
860.208984 1666 1680 1683 1674 1668 1659 1659 1650
860.228027 1679 1681 1679 1662 1677 1643 1646 1684
860.247986 1669 1688 1677 1678 1653 1653 1658 1678
860.267029 1654 1676 1677 1672 1658 1651 1640 1670
860.286987 1666 1683 1679 1675 1673 1654 1649 1669
860.30603 1681 1673 1691 1677 1662 1666 1651 1657
860.325989 1662 1683 1694 1675 1658 1661 1664 1661
860.344971 1683 1671 1685 1672 1659 1651 1662 1675
860.36499 1654 1690 1678 1671 1660 1660 1670 1669
860.383972 1674 1672 1688 1681 1663 1646 1655 1646
860.403992 1679 1690 1677 1667 1669 1650 1662 1663
860.422974 1665 1679 1679 1677 1677 1660 1666 1658
860.442993 1674 1693 1668 1665 1659 1662 1654 1663
860.461975 1666 1669 1709 1684 1672 1648 1664 1669
860.481995 1673 1665 1682 1683 1679 1651 1658 1666
860.500977 1673 1679 1682 1678 1652 1652 1659 1677
860.520996 1675 1668 1691 1675 1652 1645 1640 1668
860.539978 1674 1696 1674 1665 1664 1655 1663 1673
860.559021 1678 1666 1679 1673 1641 1652 1658 1669
860.578979 1665 1683 1685 1683 1661 1659 1645 1654
860.598022 1670 1678 1699 1683 1658 1649 1672 1677
860.617981 1667 1679 1672 1672 1646 1654 1654 1664
860.637024 1668 1683 1681 1678 1667 1658 1648 1668
860.656982 1664 1671 1680 1663 1664 1659 1645 1664
860.676025 1665 1679 1692 1688 1678 1649 1670 1670
860.695984 1657 1675 1684 1687 1657 1658 1664 1664
860.715027 1654 1685 1672 1668 1669 1649 1652 1672
860.734985 1660 1680 1680 1675 1664 1661 1663 1671
860.754028 1653 1678 1692 1686 1665 1655 1658 1674
860.77301 1659 1689 1683 1698 1656 1656 1650 1655
